date,region_id,type_id,average,lowest,highest,volume,order_count
2017-12-02,10000001,20,180,180,180,44033,6
2017-12-02,10000001,34,3.11,3.11,3.11,53608606,46
2017-12-02,10000001,35,5.1,5.1,5.1,7937527,28
2017-12-02,10000001,36,67,67,67,2855908,25
2017-12-02,10000001,37,25,25,25,3624532,16
2017-12-02,10000001,38,345,322.99,345,342136,19
2017-12-02,10000001,39,700,700,700,5901,12
2017-12-02,10000001,40,750.11,750.11,750.11,2332,12
2017-12-02,10000001,179,5.3,5.3,5.3,420,2
2017-12-02,10000001,182,1.84,1.84,1.84,100,1
2017-12-02,10000001,184,5.27,5.27,5.27,100,1
2017-12-02,10000001,190,49,49,49,10000,1
2017-12-02,10000001,193,72.01,72.01,72.01,13000,2
2017-12-02,10000001,197,50,50,50,5000,1
2017-12-02,10000001,202,349.09,349.09,349.09,500,1
2017-12-02,10000001,203,234,234,234,5000,1
2017-12-02,10000001,204,200,200,200,10650,4
2017-12-02,10000001,205,200,200,200,4000,1
2017-12-02,10000001,206,39,39,39,5000,1
2017-12-02,10000001,207,55,55,55,2000,1
2017-12-02,10000001,208,75,75,75,2000,1
2017-12-02,10000001,209,69,69,69,3000,1
2017-12-02,10000001,211,10,10,10,800,3
2017-12-02,10000001,212,20.8,16,20.8,2440,4
2017-12-02,10000001,213,0.01,0.01,0.01,100,1
2017-12-02,10000001,215,6,6,6,20000,1
2017-12-02,10000001,220,19,19,19,333,1
2017-12-02,10000001,222,16.7,16.7,16.7,7924,5
2017-12-02,10000001,230,60,0.01,62.06,7925,3
2017-12-02,10000001,239,2180,2180,2180,8,1
2017-12-02,10000001,244,1.02,1.02,1.02,1,1
2017-12-02,10000001,248,7867.78,10,8850,9,2
2017-12-02,10000001,249,6400,6400,6400,10,1
2017-12-02,10000001,251,6500,6500,6500,50,1
2017-12-02,10000001,252,12500,12500,12500,2,1
2017-12-02,10000001,261,100,100,100,1,1
2017-12-02,10000001,380,466999.99,1000,699999.99,3,3
2017-12-02,10000001,399,14999,14999,14999,1,1
2017-12-02,10000001,434,167222.59,125833.86,250000.04,3,3
2017-12-02,10000001,439,9550,9550,9550,1,1
2017-12-02,10000001,440,5783333.34,5750000,5850000.02,3,2
2017-12-02,10000001,462,95000,95000,95000,3,1
2017-12-02,10000001,482,1922200.72,1922200.72,1922200.72,8,2
2017-12-02,10000001,487,50000,50000,50000,2,1
2017-12-02,10000001,488,15000,15000,15000,1,1
2017-12-02,10000001,489,25000,25000,25000,5,2
2017-12-02,10000001,497,1540000,1540000,1540000,1,1
2017-12-02,10000001,519,1300999.99,1267999.99,1400000,4,2
2017-12-02,10000001,582,425000,280000,715000,3,3
2017-12-02,10000001,583,650000,650000,650000,1,1
2017-12-02,10000001,585,439999.5,389999,490000,2,2
2017-12-02,10000001,586,550000,500000,600000,2,2
2017-12-02,10000001,592,250000,250000,250000,1,1
2017-12-02,10000001,593,400334.85,300669.69,500000,2,2
2017-12-02,10000001,594,339898.99,339898.99,339898.99,1,1
2017-12-02,10000001,598,500000,250000,750000,2,2
2017-12-02,10000001,599,319000,319000,319000,1,1
2017-12-02,10000001,602,325000,325000,325000,1,1
2017-12-02,10000001,605,847500,495000,1200000,2,2
2017-12-02,10000001,607,552333.33,418500,820000,3,3
2017-12-02,10000001,608,240000,240000,240000,1,1
2017-12-02,10000001,622,100000.02,100000.02,100000.02,2,1
2017-12-02,10000001,623,7500000,7500000,7500000,1,1
2017-12-02,10000001,626,11500000,11500000,11500000,1,1
2017-12-02,10000001,627,7000000,7000000,7000000,2,1
2017-12-02,10000001,631,9000.01,9000.01,9000.01,2,2
2017-12-02,10000001,634,3000000,3000000,3000000,1,1
2017-12-02,10000001,649,2000000,2000000,2000000,1,1
2017-12-02,10000001,650,750500,1000,1500000,2,2
2017-12-02,10000001,652,1250000,1250000,1250000,1,1
2017-12-02,10000001,654,1999999,1999999,1999999,1,1
2017-12-02,10000001,656,2200000,2200000,2200000,1,1
2017-12-02,10000001,657,933333.33,900000,950000,3,3
2017-12-02,10000001,672,15428.57,10000,19000,7,7
2017-12-02,10000001,955,7000000,7000000,7000000,1,1
2017-12-02,10000001,990,9000000,9000000,9000000,1,1
2017-12-02,10000001,991,9000000,9000000,9000000,1,1
2017-12-02,10000001,1130,900000,900000,900000,1,1
2017-12-02,10000001,1137,900000,900000,900000,1,1
2017-12-02,10000001,1183,991000.04,991000.04,991000.04,1,1
2017-12-02,10000001,1195,116000,116000,116000,3,3
2017-12-02,10000001,1224,38.01,38.01,38.01,85627,4
2017-12-02,10000001,1228,14.11,14.11,14.11,92810,4
2017-12-02,10000001,1230,12.5,12.5,12.5,2691563,20
2017-12-02,10000001,1248,1274999.98,1274999.98,1274999.98,1,1
2017-12-02,10000001,1306,655000,655000,655000,1,1
2017-12-02,10000001,1317,18250,12000,38500,8,5
2017-12-02,10000001,1319,1626434.78,874000,5000000,23,11
2017-12-02,10000001,1403,42980,35000,55100,15,6
2017-12-02,10000001,1405,888603.02,112000,1069887.92,17,8
2017-12-02,10000001,1422,1469999.99,1469999.99,1469999.99,1,1
2017-12-02,10000001,1447,734800.02,112000.03,1150000.02,5,2
2017-12-02,10000001,1541,1609999.99,1609999.99,1609999.99,1,1
2017-12-02,10000001,1808,34699.99,34699.99,34699.99,1,1
2017-12-02,10000001,1944,1980000,1980000,1980000,1,1
2017-12-02,10000001,1952,1834999.99,1834999.99,1834999.99,1,1
2017-12-02,10000001,1977,75000.04,75000.04,75000.04,1,1
2017-12-02,10000001,2006,10850000,10200000,11500000,2,2
2017-12-02,10000001,2020,499999,499999,499999,2,1
2017-12-02,10000001,2032,887999.99,869999.99,942000,4,3
2017-12-02,10000001,2038,1959999.99,1959999.99,1959999.99,1,1
2017-12-02,10000001,2046,12945,11000,14890,2,2
2017-12-02,10000001,2048,796085.35,201008.08,954999.99,12,12
2017-12-02,10000001,2117,2500000,2500000,2500000,1,1
2017-12-02,10000001,2173,55000.01,55000.01,55000.01,10,1
2017-12-02,10000001,2183,30399.6,25499.5,49999.99,25,4
2017-12-02,10000001,2185,1164655.23,1149000.09,1199000,29,3
2017-12-02,10000001,2193,150000,150000,150000,1,1
2017-12-02,10000001,2203,4090.55,3500,16000,91,9
2017-12-02,10000001,2205,747055.55,647500,820000,36,10
2017-12-02,10000001,2254,243000,243000,243000,2,1
2017-12-02,10000001,2281,3435999.61,1299999,4860000.01,5,3
2017-12-02,10000001,2293,225000,225000,225000,1,1
2017-12-02,10000001,2364,442750,112000,1434999.98,4,2
2017-12-02,10000001,2389,349,349,349,40305,2
2017-12-02,10000001,2390,400,400,400,80990,3
2017-12-02,10000001,2397,450,450,450,47374,1
2017-12-02,10000001,2398,350,350,350,25460,1
2017-12-02,10000001,2399,350,350,350,3000,1
2017-12-02,10000001,2400,350,350,350,28700,1
2017-12-02,10000001,2444,145218.76,145218.76,145218.76,1,1
2017-12-02,10000001,2446,2335416.67,1900000,2450000,24,2
2017-12-02,10000001,2454,7000,4500,7000,113,16
2017-12-02,10000001,2456,500233.87,499000,550000,65,12
2017-12-02,10000001,2463,5000,5000,5000,2310,1
2017-12-02,10000001,2464,3356.47,995.27,3800,7,3
2017-12-02,10000001,2486,11222.22,8000,19999.99,36,6
2017-12-02,10000001,2495,780000,780000,780000,1,1
2017-12-02,10000001,2505,799000,799000,799000,1,1
2017-12-02,10000001,2506,2.31,2.31,2.31,100,1
2017-12-02,10000001,2508,700,700,700,500,1
2017-12-02,10000001,2512,1,1,1,200,2
2017-12-02,10000001,2534,243000.08,243000.08,243000.08,1,1
2017-12-02,10000001,2539,1299998.1,1299998.1,1299998.1,1,1
2017-12-02,10000001,2549,243000,243000,243000,2,1
2017-12-02,10000001,2553,958666.69,278000.04,1299000.02,3,3
2017-12-02,10000001,2563,2300000,2300000,2300000,10,1
2017-12-02,10000001,2603,12000,12000,12000,4,2
2017-12-02,10000001,2605,701970.91,670000,750420,11,5
2017-12-02,10000001,2613,355.02,355.02,355.02,400,1
2017-12-02,10000001,2679,420.02,420.02,420.02,9000,1
2017-12-02,10000001,2811,1790.02,1790.02,1790.02,1960,6
2017-12-02,10000001,2872,4000000,4000000,4000000,4,1
2017-12-02,10000001,2889,950000,950000,950000,4,1
2017-12-02,10000001,2905,800000,800000,800000,4,1
2017-12-02,10000001,2998,24000000.48,24000000.48,24000000.48,1,1
2017-12-02,10000001,3033,112000,112000,112000,1,1
2017-12-02,10000001,3098,1065000.04,1065000.04,1065000.04,1,1
2017-12-02,10000001,3162,780000,780000,780000,50,1
2017-12-02,10000001,3184,2999000.09,2999000.09,2999000.09,1,1
2017-12-02,10000001,3244,1590000,1590000,1590000,1,1
2017-12-02,10000001,3301,299000,299000,299000,2,1
2017-12-02,10000001,3302,299000,299000,299000,1,1
2017-12-02,10000001,3303,599000,599000,599000,10,1
2017-12-02,10000001,3304,599000,599000,599000,1,1
2017-12-02,10000001,3305,1699000,1699000,1699000,1,1
2017-12-02,10000001,3306,2263250.07,2199000,2970000.87,12,3
2017-12-02,10000001,3315,2999000,2999000,2999000,2,2
2017-12-02,10000001,3317,1499000,1499000,1499000,1,1
2017-12-02,10000001,3320,270000.88,270000.88,270000.88,1,1
2017-12-02,10000001,3321,370000.88,370000.88,370000.88,1,1
2017-12-02,10000001,3323,399000,399000,399000,1,1
2017-12-02,10000001,3324,2299000,2299000,2299000,1,1
2017-12-02,10000001,3327,30000.05,30000.05,30000.05,4,1
2017-12-02,10000001,3328,599000,599000,599000,10,1
2017-12-02,10000001,3329,382000,65000,699000,2,2
2017-12-02,10000001,3331,550000,550000,550000,1,1
2017-12-02,10000001,3333,1324500.05,1250000,1399000.09,2,2
2017-12-02,10000001,3335,2399000.09,2399000.09,2399000.09,1,1
2017-12-02,10000001,3337,7199000,7199000,7199000,2,2
2017-12-02,10000001,3340,800000,800000,800000,2,1
2017-12-02,10000001,3343,799000.09,799000.09,799000.09,5,2
2017-12-02,10000001,3348,399000,399000,399000,2,2
2017-12-02,10000001,3349,199000,199000,199000,1,1
2017-12-02,10000001,3352,899000,899000,899000,1,1
2017-12-02,10000001,3355,1799000,1799000,1799000,3,2
2017-12-02,10000001,3385,149000.09,149000.09,149000.09,1,1
2017-12-02,10000001,3393,700000,700000,700000,1,1
2017-12-02,10000001,3405,888000,888000,888000,1,1
2017-12-02,10000001,3410,1789333.62,1499000,2370000.87,3,3
2017-12-02,10000001,3420,2299000,2299000,2299000,1,1
2017-12-02,10000001,3428,699000.07,699000.07,699000.07,2,2
2017-12-02,10000001,3429,1000000,1000000,1000000,1,1
2017-12-02,10000001,3433,780000.87,780000.87,780000.87,1,1
2017-12-02,10000001,3434,589500.44,399000,780000.87,2,2
2017-12-02,10000001,3435,199000.06,199000.06,199000.06,1,1
2017-12-02,10000001,3436,399000,399000,399000,1,1
2017-12-02,10000001,3438,6585000.65,6585000.65,6585000.65,1,1
2017-12-02,10000001,3441,2389000.44,1998000,2780000.87,2,2
2017-12-02,10000001,3442,4499000,4499000,4499000,3,1
2017-12-02,10000001,3443,399000,399000,399000,1,1
2017-12-02,10000001,3446,199000.09,199000.09,199000.09,1,1
2017-12-02,10000001,3451,65143.11,65143.11,65143.11,1,1
2017-12-02,10000001,3452,670000.87,670000.87,670000.87,1,1
2017-12-02,10000001,3456,27999000,27999000,27999000,1,1
2017-12-02,10000001,3466,100000,100000,100000,1,1
2017-12-02,10000001,3467,485000,485000,485000,7,2
2017-12-02,10000001,3496,2799999.98,2799999.98,2799999.98,2,1
2017-12-02,10000001,3504,2900000,2900000,2900000,2,2
2017-12-02,10000001,3512,106002.9,106002.9,106002.9,3,3
2017-12-02,10000001,3530,1977100,1977100,1977100,1,1
2017-12-02,10000001,3554,2275,2275,2275,105,2
2017-12-02,10000001,3578,2900000,2900000,2900000,1,1
2017-12-02,10000001,3645,120.1,120.1,120.1,40,4
2017-12-02,10000001,3651,1822.07,1822.07,1822.07,2,1
2017-12-02,10000001,3673,100,100,100,1,1
2017-12-02,10000001,3715,78.96,78.96,78.96,20,2
2017-12-02,10000001,3725,14500,14500,14500,1325,1
2017-12-02,10000001,3777,1294.27,1294.27,1294.27,36,3
2017-12-02,10000001,3779,690,690,690,6274,1
2017-12-02,10000001,3828,10000,10000,10000,3015,1
2017-12-02,10000001,3831,1139334.58,1132003.75,1143000,3,2
2017-12-02,10000001,3841,1622400.63,112003.14,2000000,5,2
2017-12-02,10000001,3894,19000000.07,19000000.07,19000000.07,1,1
2017-12-02,10000001,3895,14000000.08,14000000.08,14000000.08,1,1
2017-12-02,10000001,4025,4299.03,4299.03,4299.03,1,1
2017-12-02,10000001,4051,21658,21658,21658,5000,1
2017-12-02,10000001,4246,21999.99,21999.99,21999.99,3000,3
2017-12-02,10000001,4250,500000,500000,500000,3,1
2017-12-02,10000001,4302,31133333.33,31133333.33,31133333.33,1,1
2017-12-02,10000001,4383,2820000.01,2820000.01,2820000.01,1,1
2017-12-02,10000001,4385,11999000,11999000,11999000,1,1
2017-12-02,10000001,4393,87500.01,60000,115000.02,4,3
2017-12-02,10000001,4403,638666.34,499999,708000.02,3,3
2017-12-02,10000001,4405,308000.74,152000.85,1400000,8,3
2017-12-02,10000001,4435,49668,2,149000,3,3
2017-12-02,10000001,4471,10,10,10,2,2
2017-12-02,10000001,4533,200000,200000,200000,1,1
2017-12-02,10000001,4569,210000,200000,220000,2,2
2017-12-02,10000001,4573,493000.04,493000.04,493000.04,3,2
2017-12-02,10000001,4787,27040,27040,27040,1,1
2017-12-02,10000001,5011,845000.01,845000.01,845000.01,1,1
2017-12-02,10000001,5089,0.01,0.01,0.01,3,2
2017-12-02,10000001,5175,1,1,1,1,1
2017-12-02,10000001,5179,225000,225000,225000,1,1
2017-12-02,10000001,5239,50000,50000,50000,123,1
2017-12-02,10000001,5321,0.01,0.01,0.01,1,1
2017-12-02,10000001,5342,9964,9964,9964,1,1
2017-12-02,10000001,5361,20000,20000,20000,23,1
2017-12-02,10000001,5399,9.96,9.96,9.96,2,2
2017-12-02,10000001,5403,9.97,9.97,9.97,1,1
2017-12-02,10000001,5405,9.95,9.95,9.95,1,1
2017-12-02,10000001,5439,62603.64,9009.1,98000,5,3
2017-12-02,10000001,5533,600000,600000,600000,3,1
2017-12-02,10000001,5631,276999.99,276999.99,276999.99,1,1
2017-12-02,10000001,5743,1,1,1,1,1
2017-12-02,10000001,5839,337103.16,337103.16,337103.16,1,1
2017-12-02,10000001,5849,40000,40000,40000,2,1
2017-12-02,10000001,5971,188252.54,78010,225000.05,4,4
2017-12-02,10000001,5973,674250.01,450000,749000.01,4,4
2017-12-02,10000001,5975,75003.74,4.99,300000,4,4
2017-12-02,10000001,6001,45002.5,5,90000,2,2
2017-12-02,10000001,6073,50000,50000,50000,1,1
2017-12-02,10000001,6131,0.01,0.01,0.01,1,1
2017-12-02,10000001,6863,6350000.02,6350000.02,6350000.02,6,2
2017-12-02,10000001,6921,170000,170000,170000,4,2
2017-12-02,10000001,6923,5000,5000,5000,1,1
2017-12-02,10000001,6963,1350000.06,1350000.06,1350000.06,4,1
2017-12-02,10000001,7085,0.01,0.01,0.01,9,2
2017-12-02,10000001,7249,500000,500000,500000,2,1
2017-12-02,10000001,7535,748000.04,748000.04,748000.04,12,1
2017-12-02,10000001,7579,2191000.04,2191000.04,2191000.04,3,1
2017-12-02,10000001,7709,485000.04,485000.04,485000.04,2,1
2017-12-02,10000001,7783,3200000.03,3200000.03,3200000.03,1,1
2017-12-02,10000001,8025,4224,4224,4224,1,1
2017-12-02,10000001,8089,484185.51,349000.52,900000,27,5
2017-12-02,10000001,8103,14996,14996,14996,1,1
2017-12-02,10000001,8105,281003.55,281003.55,281003.55,1,1
2017-12-02,10000001,8117,735000.05,735000.05,735000.05,3,1
2017-12-02,10000001,8175,350999.98,350999.98,350999.98,2,2
2017-12-02,10000001,8517,5499999.92,5499999.92,5499999.92,1,1
2017-12-02,10000001,8521,399000.02,299000,499000.03,2,2
2017-12-02,10000001,8748,490000,490000,490000,1,1
2017-12-02,10000001,8789,650000.72,650000.72,650000.72,9,1
2017-12-02,10000001,8865,4484,4484,4484,1,1
2017-12-02,10000001,9329,35000,35000,35000,14,1
2017-12-02,10000001,9451,2356987,2356987,2356987,6,1
2017-12-02,10000001,9491,4250000.89,4250000.89,4250000.89,16,1
2017-12-02,10000001,9580,150000,150000,150000,1,1
2017-12-02,10000001,9608,0.01,0.01,0.01,1,1
2017-12-02,10000001,9622,219000.03,219000.03,219000.03,1,1
2017-12-02,10000001,9632,618667.41,469000.02,1420000,6,5
2017-12-02,10000001,9680,50000,50000,50000,1,1
2017-12-02,10000001,9728,5,5,5,1,1
2017-12-02,10000001,9772,5,5,5,1,1
2017-12-02,10000001,9842,600,600,600,5,1
2017-12-02,10000001,9899,14499999.75,9999999,16000000,4,2
2017-12-02,10000001,9942,12584498.7,9999999,13445998.6,4,2
2017-12-02,10000001,9943,13416677.85,12872248.65,15100000.01,7,3
2017-12-02,10000001,10039,10000,10000,10000,2,2
2017-12-02,10000001,10208,21999999,21999999,21999999,1,1
2017-12-02,10000001,10209,140000000,140000000,140000000,1,1
2017-12-02,10000001,10212,21999999.5,21999999,22000000,2,2
2017-12-02,10000001,10213,130000000,130000000,130000000,1,1
2017-12-02,10000001,10216,21999999.5,21999999,22000000,2,2
2017-12-02,10000001,10221,21999999,21999999,21999999,1,1
2017-12-02,10000001,10226,135000000,135000000,135000000,1,1
2017-12-02,10000001,10246,9800,9800,9800,7,2
2017-12-02,10000001,10250,1999999.99,1999999.99,1999999.99,3,1
2017-12-02,10000001,10631,649000,649000,649000,3,1
2017-12-02,10000001,10694,750000,750000,750000,4,1
2017-12-02,10000001,10842,1760000.01,15000.02,3505000,2,2
2017-12-02,10000001,10858,1389999.99,1389999.99,1389999.99,1,1
2017-12-02,10000001,10866,249999.99,249999.99,249999.99,1,1
2017-12-02,10000001,10870,39999,39999,39999,1,1
2017-12-02,10000001,10880,647000.02,647000.02,647000.02,1,1
2017-12-02,10000001,10998,162913.33,89999.98,199950,15,5
2017-12-02,10000001,11082,1999000,1999000,1999000,1,1
2017-12-02,10000001,11084,1499000,1499000,1499000,1,1
2017-12-02,10000001,11129,18032.43,14499.5,20000,21,21
2017-12-02,10000001,11132,18199.6,18000,19999,5,5
2017-12-02,10000001,11134,46449.63,22000,88499,8,8
2017-12-02,10000001,11135,50000,50000,50000,1,1
2017-12-02,10000001,11172,45500000.01,45500000.01,45500000.01,1,1
2017-12-02,10000001,11186,41849949,41699898,42000000,2,2
2017-12-02,10000001,11198,44999999.99,44999999.99,44999999.99,1,1
2017-12-02,10000001,11207,1699000,1699000,1699000,1,1
2017-12-02,10000001,11269,1073668.3,121004.93,1549999.99,3,3
2017-12-02,10000001,11287,5500,5500,5500,100,1
2017-12-02,10000001,11289,4200,4200,4200,6,1
2017-12-02,10000001,11309,851000.04,851000.04,851000.04,1,1
2017-12-02,10000001,11311,0.01,0.01,0.01,1,1
2017-12-02,10000001,11325,257236.92,121546.15,800000,5,4
2017-12-02,10000001,11370,3274971.47,1482800.26,3400000.01,7,7
2017-12-02,10000001,11377,37700000.02,37700000.02,37700000.02,1,1
2017-12-02,10000001,11395,898500,898000,899000,2,2
2017-12-02,10000001,11486,500,500,500,10,1
2017-12-02,10000001,11561,865000.04,865000.04,865000.04,2,2
2017-12-02,10000001,11563,235000,235000,235000,1,1
2017-12-02,10000001,11572,799000,799000,799000,1,1
2017-12-02,10000001,11577,6900000,6900000,6900000,4,3
2017-12-02,10000001,11578,8850000,8849999.99,8850000.01,3,3
2017-12-02,10000001,11584,1999000,1999000,1999000,1,1
2017-12-02,10000001,11640,112000.06,112000.06,112000.06,1,1
2017-12-02,10000001,11993,199000000,199000000,199000000,1,1
2017-12-02,10000001,12034,39200000.02,39200000.02,39200000.02,1,1
2017-12-02,10000001,12052,260000,260000,260000,1,1
2017-12-02,10000001,12056,68333.33,59000,87000,3,3
2017-12-02,10000001,12058,127700.03,127700.03,127700.03,1,1
2017-12-02,10000001,12066,260000,260000,260000,1,1
2017-12-02,10000001,12076,8500000.01,8500000.01,8500000.01,1,1
2017-12-02,10000001,12084,12100000.02,12100000.02,12100000.02,1,1
2017-12-02,10000001,12092,4941600.18,4941600.18,4941600.18,1,1
2017-12-02,10000001,12096,72999000.08,72999000.08,72999000.08,1,1
2017-12-02,10000001,12180,699000,699000,699000,1,1
2017-12-02,10000001,12181,499000,499000,499000,1,1
2017-12-02,10000001,12183,499000,499000,499000,1,1
2017-12-02,10000001,12184,499000,499000,499000,1,1
2017-12-02,10000001,12187,399000,399000,399000,1,1
2017-12-02,10000001,12188,299000,299000,299000,1,1
2017-12-02,10000001,12189,1499000,1499000,1499000,1,1
2017-12-02,10000001,12190,299000.09,299000.09,299000.09,1,1
2017-12-02,10000001,12200,27300000.01,27300000.01,27300000.01,2,1
2017-12-02,10000001,12201,1499000,1499000,1499000,1,1
2017-12-02,10000001,12202,3989000,3989000,3989000,1,1
2017-12-02,10000001,12206,4198000,4198000,4198000,1,1
2017-12-02,10000001,12210,1099000,1099000,1099000,6,2
2017-12-02,10000001,12219,15000000,15000000,15000000,1,1
2017-12-02,10000001,12271,7200000,7200000,7200000,2,1
2017-12-02,10000001,12274,125000,125000,125000,5,3
2017-12-02,10000001,12305,29700000.87,29700000.87,29700000.87,1,1
2017-12-02,10000001,12441,871500.41,799000,944000.82,2,2
2017-12-02,10000001,12442,408000.41,149000,667000.82,2,2
2017-12-02,10000001,12484,5222000,5222000,5222000,1,1
2017-12-02,10000001,12485,4314000.5,4314000.5,4314000.5,1,1
2017-12-02,10000001,12486,4799000,4799000,4799000,1,1
2017-12-02,10000001,12487,4999000,4999000,4999000,1,1
2017-12-02,10000001,12559,451000.02,451000.02,451000.02,20,1
2017-12-02,10000001,12614,162.5,150,175,9000,2
2017-12-02,10000001,12753,279999999.99,279999999.99,279999999.99,1,1
2017-12-02,10000001,13243,6200000,6200000,6200000,1,1
2017-12-02,10000001,13279,699000,699000,699000,1,1
2017-12-02,10000001,13320,92000,92000,92000,1,1
2017-12-02,10000001,14140,22200000,22200000,22200000,1,1
2017-12-02,10000001,14299,6000000,6000000,6000000,1,1
2017-12-02,10000001,15331,950.01,950.01,950.01,623,22
2017-12-02,10000001,15508,35000,35000,35000,5,1
2017-12-02,10000001,15510,40000,40000,40000,20,1
2017-12-02,10000001,15589,15000,15000,15000,2,1
2017-12-02,10000001,15608,4003.13,4003.13,4003.13,2,1
2017-12-02,10000001,15625,4500,4500,4500,6,1
2017-12-02,10000001,15626,8000,8000,8000,1,1
2017-12-02,10000001,15627,15000,15000,15000,2,1
2017-12-02,10000001,15673,865076.92,750000,886000,13,3
2017-12-02,10000001,15997,30000,30000,30000,1,1
2017-12-02,10000001,16124,1000000,1000000,1000000,3916,3
2017-12-02,10000001,16233,49500000,49500000,49500000,1,1
2017-12-02,10000001,16240,1000000,1000000,1000000,1,1
2017-12-02,10000001,16242,1020832.5,999999,1125000,6,2
2017-12-02,10000001,16262,175000,175000,175000,831,3
2017-12-02,10000001,16273,130,130,130,68100,47
2017-12-02,10000001,16274,5000,5000,5000,67001,7
2017-12-02,10000001,16275,2500,2500,2500,1142,5
2017-12-02,10000001,16278,2550000,2550000,2550000,2,1
2017-12-02,10000001,16359,0.01,0.01,0.01,1,1
2017-12-02,10000001,16363,0.01,0.01,0.01,1,1
2017-12-02,10000001,16371,0.01,0.01,0.01,1,1
2017-12-02,10000001,16377,0.01,0.01,0.01,1,1
2017-12-02,10000001,16387,126.15,126.15,126.15,1,1
2017-12-02,10000001,16391,1090000.02,1090000.02,1090000.02,1,1
2017-12-02,10000001,16399,400000,400000,400000,1,1
2017-12-02,10000001,16407,455000.03,455000.03,455000.03,1,1
2017-12-02,10000001,16413,480000,480000,480000,1,1
2017-12-02,10000001,16421,0.01,0.01,0.01,1,1
2017-12-02,10000001,16427,0.01,0.01,0.01,1,1
2017-12-02,10000001,16429,350000,350000,350000,1,1
2017-12-02,10000001,16487,1439990,1439990,1439990,2,1
2017-12-02,10000001,16493,0.01,0.01,0.01,1,1
2017-12-02,10000001,16497,31025.62,31025.62,31025.62,1,1
2017-12-02,10000001,16519,0.01,0.01,0.01,5,1
2017-12-02,10000001,16523,6054.2,1054.22,11054.18,2,2
2017-12-02,10000001,16527,26217.41,26217.41,26217.41,1,1
2017-12-02,10000001,16642,5100,5100,5100,3375,1
2017-12-02,10000001,16644,509.99,509.99,509.99,1573,1
2017-12-02,10000001,16646,9000,9000,9000,11404,4
2017-12-02,10000001,17366,615402,50000,1000420,20,4
2017-12-02,10000001,17367,100000,100000,100000,1,1
2017-12-02,10000001,17452,150.01,150.01,150.01,19443,4
2017-12-02,10000001,17453,155.05,155.05,155.05,44439,7
2017-12-02,10000001,17459,39.01,39.01,39.01,501025,4
2017-12-02,10000001,17460,41.01,41.01,41.01,210544,2
2017-12-02,10000001,17464,18,18,18,12474,1
2017-12-02,10000001,17470,11.08,11.08,11.08,1670841,12
2017-12-02,10000001,17471,11.51,11.51,11.51,283967,5
2017-12-02,10000001,17478,31500000,31000000,32000000,2,2
2017-12-02,10000001,17480,9000000.33,9000000.33,9000000.33,1,1
2017-12-02,10000001,17482,2468341.9,2440000,2700000,10,5
2017-12-02,10000001,17709,109200000.02,109200000.02,109200000.02,1,1
2017-12-02,10000001,17738,450000000,450000000,450000000,1,1
2017-12-02,10000001,17887,900,900,900,632405,8
2017-12-02,10000001,17889,900,900,900,249283,9
2017-12-02,10000001,17918,389000000,389000000,389000000,1,1
2017-12-02,10000001,17938,315856.38,20000,999997,7,7
2017-12-02,10000001,17940,3039666.99,2824500.05,3470000.87,3,3
2017-12-02,10000001,18608,1798989,1798989,1798989,10,1
2017-12-02,10000001,18639,72392.75,30000,114785.5,2,2
2017-12-02,10000001,19400,11000,11000,11000,25,2
2017-12-02,10000001,19401,20000,20000,20000,1,1
2017-12-02,10000001,19404,180000,180000,180000,21,12
2017-12-02,10000001,19405,360000,360000,360000,19,12
2017-12-02,10000001,19406,600000,600000,600000,3,3
2017-12-02,10000001,19407,1200000,1200000,1200000,11,10
2017-12-02,10000001,19408,2100000,2100000,2100000,3,1
2017-12-02,10000001,19409,6300000,6300000,6300000,3,2
2017-12-02,10000001,19410,9900000,9900000,9900000,1,1
2017-12-02,10000001,19411,13200000,13200000,13200000,1,1
2017-12-02,10000001,19412,17160000,17160000,17160000,1,1
2017-12-02,10000001,19416,43200000,43200000,43200000,1,1
2017-12-02,10000001,19417,51680000,51680000,51680000,9,3
2017-12-02,10000001,19419,80000000,80000000,80000000,6,2
2017-12-02,10000001,19421,133837000,133837000,133837000,10,3
2017-12-02,10000001,19500,800000,800000,800000,1,1
2017-12-02,10000001,19739,5750000.02,5750000.02,5750000.02,8,1
2017-12-02,10000001,19759,780000.87,780000.87,780000.87,1,1
2017-12-02,10000001,19760,674000.87,674000.87,674000.87,1,1
2017-12-02,10000001,19761,4970000.87,4970000.87,4970000.87,1,1
2017-12-02,10000001,19766,2780000.87,2780000.87,2780000.87,1,1
2017-12-02,10000001,19806,1840000.01,1840000.01,1840000.01,1,1
2017-12-02,10000001,19810,520000.02,520000.02,520000.02,1,1
2017-12-02,10000001,19812,358000.1,358000.1,358000.1,1,1
2017-12-02,10000001,19935,17000,17000,17000,1,1
2017-12-02,10000001,19946,540000.02,540000.02,540000.02,1,1
2017-12-02,10000001,20209,1939000,1939000,1939000,1,1
2017-12-02,10000001,20213,17999000,17999000,17999000,1,1
2017-12-02,10000001,20306,89.99,89.99,89.99,10000,1
2017-12-02,10000001,20308,70,70,70,10000,1
2017-12-02,10000001,20314,533000.41,399000,667000.82,2,2
2017-12-02,10000001,20315,2777666.95,2674500,2984000.84,3,3
2017-12-02,10000001,20327,27998000,27998000,27998000,1,1
2017-12-02,10000001,20342,64999000,64999000,64999000,1,1
2017-12-02,10000001,20353,203266.73,203266.73,203266.73,1,1
2017-12-02,10000001,20411,165000,165000,165000,5,1
2017-12-02,10000001,20416,16000,16000,16000,1,1
2017-12-02,10000001,20424,30000,30000,30000,1,1
2017-12-02,10000001,20495,399000,399000,399000,1,1
2017-12-02,10000001,20525,189998999,189998999,189998999,1,1
2017-12-02,10000001,20531,159999000,159999000,159999000,1,1
2017-12-02,10000001,20533,499999000,499999000,499999000,1,1
2017-12-02,10000001,20701,49900000,49900000,49900000,1,1
2017-12-02,10000001,21071,921500.41,899000,944000.82,2,2
2017-12-02,10000001,21078,1000,1000,1000,1,1
2017-12-02,10000001,21080,500000,500000,500000,1,1
2017-12-02,10000001,21081,254000,254000,254000,1,1
2017-12-02,10000001,21084,300000,300000,300000,1,1
2017-12-02,10000001,21096,3050260.2,2750000,3499989.98,25,20
2017-12-02,10000001,21592,4,4,4,186,1
2017-12-02,10000001,21603,34700000.87,34700000.87,34700000.87,1,1
2017-12-02,10000001,21610,39700000.87,39700000.87,39700000.87,1,1
2017-12-02,10000001,21611,59700000.87,59700000.87,59700000.87,1,1
2017-12-02,10000001,21803,46999000,46999000,46999000,1,1
2017-12-02,10000001,21815,6927502.26,6713002.51,8000000,6,3
2017-12-02,10000001,22175,56000.2,1.01,60000,5,5
2017-12-02,10000001,22177,160203.61,119999,292021.07,5,5
2017-12-02,10000001,22291,1250000.01,1250000.01,1250000.01,3,2
2017-12-02,10000001,22536,399000,399000,399000,1,1
2017-12-02,10000001,22542,119999.99,119999.99,119999.99,4,1
2017-12-02,10000001,22552,1950000,1950000,1950000,1,1
2017-12-02,10000001,22578,2994000.17,2000000,6970000.87,5,4
2017-12-02,10000001,22807,299000,299000,299000,1,1
2017-12-02,10000001,22808,299000,299000,299000,1,1
2017-12-02,10000001,23025,6.2,6.2,6.2,1736,6
2017-12-02,10000001,23089,806000.02,806000.02,806000.02,20,2
2017-12-02,10000001,23105,84500.23,84500.23,84500.23,8,1
2017-12-02,10000001,23119,85010.29,85010.29,85010.29,15,1
2017-12-02,10000001,23133,800000,800000,800000,1,1
2017-12-02,10000001,23160,49.83,49.83,49.83,14,1
2017-12-02,10000001,23527,398051.21,128,820000.02,5,4
2017-12-02,10000001,23563,55000,55000,55000,376,9
2017-12-02,10000001,23566,799000,799000,799000,1,1
2017-12-02,10000001,23594,1899000,1899000,1899000,1,1
2017-12-02,10000001,23606,398999.99,398999.99,398999.99,1,1
2017-12-02,10000001,23707,5999.99,5999.99,5999.99,5,1
2017-12-02,10000001,24241,3999000,3999000,3999000,1,1
2017-12-02,10000001,24242,6484500.44,5999000,6970000.87,2,2
2017-12-02,10000001,24305,5400000,5400000,5400000,2,1
2017-12-02,10000001,24314,599998999,599998999,599998999,1,1
2017-12-02,10000001,24348,1792750,1425000,2160500,4,4
2017-12-02,10000001,24417,3999989,3999989,3999989,15,1
2017-12-02,10000001,24427,2659988.08,2659988.08,2659988.08,1,1
2017-12-02,10000001,24443,1890000.01,1890000.01,1890000.01,1,1
2017-12-02,10000001,24445,2000000,2000000,2000000,1,1
2017-12-02,10000001,24475,249.96,249.96,249.96,600,1
2017-12-02,10000001,24483,1500000000,1500000000,1500000000,1,1
2017-12-02,10000001,24492,560.02,560.02,560.02,2000,1
2017-12-02,10000001,24499,319.02,319.02,319.02,400,1
2017-12-02,10000001,24511,500.03,500.03,500.03,1970,1
2017-12-02,10000001,24521,3380.02,3380.02,3380.02,1000,1
2017-12-02,10000001,24533,400,400,400,50432,3
2017-12-02,10000001,24702,30000000,30000000,30000000,1,1
2017-12-02,10000001,24764,31999000,31999000,31999000,1,1
2017-12-02,10000001,25235,349000,349000,349000,2,2
2017-12-02,10000001,25266,3350000,3350000,3350000,2,1
2017-12-02,10000001,25530,144999000,144999000,144999000,1,1
2017-12-02,10000001,25538,334999000.09,334999000.09,334999000.09,1,1
2017-12-02,10000001,25544,24000000,24000000,24000000,1,1
2017-12-02,10000001,25545,75000,75000,75000,1,1
2017-12-02,10000001,25588,7109.57,7109.57,7109.57,18,10
2017-12-02,10000001,25589,2760.31,2760.31,2760.31,22,10
2017-12-02,10000001,25590,103353,103353,103353,105,26
2017-12-02,10000001,25591,173145.79,166002.77,176002.99,7,5
2017-12-02,10000001,25592,8206.61,7100.39,8815,50,10
2017-12-02,10000001,25593,3985.76,2007.04,5524.76,16,11
2017-12-02,10000001,25594,23161.84,22502.39,31296.69,40,11
2017-12-02,10000001,25595,12802.44,12802.44,12802.44,20,11
2017-12-02,10000001,25596,34281.92,26507.46,44000,54,7
2017-12-02,10000001,25597,3697.44,3697.44,3697.44,22,5
2017-12-02,10000001,25598,9241.57,8015.39,12000,259,29
2017-12-02,10000001,25599,935.61,935.61,935.61,249,26
2017-12-02,10000001,25600,23003.04,23003.04,23003.04,133,17
2017-12-02,10000001,25601,2533.36,2533.36,2533.36,217,23
2017-12-02,10000001,25602,3500,3500,3500,6,2
2017-12-02,10000001,25603,25701.13,25665.56,25702.28,32,11
2017-12-02,10000001,25604,12311.23,12311.17,12311.24,21,13
2017-12-02,10000001,25605,18739.46,18739.45,18739.47,76,17
2017-12-02,10000001,25617,305001.73,305001.73,305001.73,1,1
2017-12-02,10000001,25618,11826.19,11826.19,11826.19,1,1
2017-12-02,10000001,25619,536003.17,472006.33,600000,2,2
2017-12-02,10000001,25719,499000,499000,499000,1,1
2017-12-02,10000001,25861,162714.3,119000.02,425000,7,5
2017-12-02,10000001,25929,1250000,1250000,1250000,3,2
2017-12-02,10000001,25935,1250000,1250000,1250000,2,2
2017-12-02,10000001,25948,12900000,12900000,12900000,2,1
2017-12-02,10000001,25949,1250000,1250000,1250000,1,1
2017-12-02,10000001,25953,1250000,1250000,1250000,1,1
2017-12-02,10000001,25955,1250000,1250000,1250000,1,1
2017-12-02,10000001,25957,1250000,1250000,1250000,1,1
2017-12-02,10000001,26039,1250000,1250000,1250000,1,1
2017-12-02,10000001,26041,1250000,1250000,1250000,1,1
2017-12-02,10000001,26043,1250000,1250000,1250000,1,1
2017-12-02,10000001,26047,1250000,1250000,1250000,1,1
2017-12-02,10000001,26049,1250000,1250000,1250000,1,1
2017-12-02,10000001,26057,1250000,1250000,1250000,1,1
2017-12-02,10000001,26059,1250000,1250000,1250000,2,1
2017-12-02,10000001,26061,1250000,1250000,1250000,1,1
2017-12-02,10000001,26063,1250000,1250000,1250000,1,1
2017-12-02,10000001,26067,1250000,1250000,1250000,1,1
2017-12-02,10000001,26069,1250000,1250000,1250000,1,1
2017-12-02,10000001,26071,1250000,1250000,1250000,2,1
2017-12-02,10000001,26073,1250000,1250000,1250000,1,1
2017-12-02,10000001,26086,9449982.43,9449982.43,9449982.43,1,1
2017-12-02,10000001,26252,235000.44,200000,270000.88,2,2
2017-12-02,10000001,26254,639500.44,499000,780000.87,2,2
2017-12-02,10000001,26255,2399000,2399000,2399000,1,1
2017-12-02,10000001,26256,799000,799000,799000,1,1
2017-12-02,10000001,26257,499000,499000,499000,1,1
2017-12-02,10000001,26260,470000.88,470000.88,470000.88,1,1
2017-12-02,10000001,26261,384500.44,299000,470000.88,2,2
2017-12-02,10000001,26288,160000000,160000000,160000000,1,1
2017-12-02,10000001,26929,260000.05,260000.05,260000.05,2,2
2017-12-02,10000001,27084,375000,375000,375000,1,1
2017-12-02,10000001,27087,537000,537000,537000,1,1
2017-12-02,10000001,27098,199000,199000,199000,1,1
2017-12-02,10000001,27115,8000000,8000000,8000000,1,1
2017-12-02,10000001,27345,3400.01,3400.01,3400.01,2000,1
2017-12-02,10000001,27361,1750,1750,1750,2564,3
2017-12-02,10000001,27381,1200,1200,1200,2000,1
2017-12-02,10000001,27413,1826.03,1826.03,1826.03,4000,1
2017-12-02,10000001,27435,1200.89,1200.89,1200.89,15934,1
2017-12-02,10000001,27912,1994000.01,1994000.01,1994000.01,1,1
2017-12-02,10000001,27924,1690000.02,1690000.02,1690000.02,1,1
2017-12-02,10000001,28209,1100000,1100000,1100000,20,1
2017-12-02,10000001,28363,12008.01,12008.01,12008.01,12,1
2017-12-02,10000001,28429,2100,2100,2100,307,1
2017-12-02,10000001,28576,2884444.44,2740000,3000000,9,4
2017-12-02,10000001,28578,795000,795000,795000,3,1
2017-12-02,10000001,28606,730000000,730000000,730000000,1,1
2017-12-02,10000001,28615,7499000,7499000,7499000,1,1
2017-12-02,10000001,28646,6500000,6500000,6500000,1,1
2017-12-02,10000001,28656,119999000,119999000,119999000,1,1
2017-12-02,10000001,28668,25000,25000,25000,1006,2
2017-12-02,10000001,28698,100.01,100.01,100.01,551,1
2017-12-02,10000001,28758,42100000,42100000,42100000,1,1
2017-12-02,10000001,28999,18100,18100,18100,4,1
2017-12-02,10000001,29637,97999000,97999000,97999000,1,1
2017-12-02,10000001,30013,9355.56,7450,11000,68,6
2017-12-02,10000001,30028,73200,70000,74000,40,2
2017-12-02,10000001,30488,895198.66,618998.79,1999998,40,4
2017-12-02,10000001,30497,20.99,20.99,20.99,7,3
2017-12-02,10000001,30540,7980000.87,7980000.87,7980000.87,1,1
2017-12-02,10000001,30546,8900000.87,8900000.87,8900000.87,1,1
2017-12-02,10000001,30550,9780000.88,9780000.88,9780000.88,1,1
2017-12-02,10000001,30553,8700000.9,8700000.9,8700000.9,1,1
2017-12-02,10000001,30652,6270000.87,6270000.87,6270000.87,1,1
2017-12-02,10000001,30744,200000,200000,200000,3144,12
2017-12-02,10000001,30745,500000,500000,500000,3185,14
2017-12-02,10000001,30746,1500000,1500000,1500000,1289,10
2017-12-02,10000001,30747,5000000,5000000,5000000,615,9
2017-12-02,10000001,30836,1970000.02,1970000.02,1970000.02,1,1
2017-12-02,10000001,31011,2857500,2857500,2857500,1,1
2017-12-02,10000001,31023,2500000,2500000,2500000,1,1
2017-12-02,10000001,31033,880000.03,880000.03,880000.03,1,1
2017-12-02,10000001,31035,3200000,3200000,3200000,1,1
2017-12-02,10000001,31083,841666.67,725000,900000,6,2
2017-12-02,10000001,31106,125000,125000,125000,4,2
2017-12-02,10000001,31108,750000,750000,750000,2,1
2017-12-02,10000001,31118,125000,125000,125000,2,1
2017-12-02,10000001,31119,2600000,2600000,2600000,3,1
2017-12-02,10000001,31120,750000,750000,750000,2,1
2017-12-02,10000001,31130,125000,125000,125000,2,1
2017-12-02,10000001,31132,750000,750000,750000,2,1
2017-12-02,10000001,31142,125000,125000,125000,2,1
2017-12-02,10000001,31144,750000,750000,750000,2,1
2017-12-02,10000001,31153,346000,275000,488000,3,2
2017-12-02,10000001,31154,125000,125000,125000,2,1
2017-12-02,10000001,31156,750000,750000,750000,2,1
2017-12-02,10000001,31159,590000,590000,590000,2,1
2017-12-02,10000001,31160,125000,125000,125000,4,2
2017-12-02,10000001,31162,750000,750000,750000,2,1
2017-12-02,10000001,31167,26000000.01,26000000.01,26000000.01,3,2
2017-12-02,10000001,31178,125000,125000,125000,2,1
2017-12-02,10000001,31180,750000,750000,750000,2,1
2017-12-02,10000001,31192,750000,750000,750000,2,1
2017-12-02,10000001,31213,200000,200000,200000,2,1
2017-12-02,10000001,31220,9973666.67,1000,14960000,3,2
2017-12-02,10000001,31226,280000.01,280000.01,280000.01,2,2
2017-12-02,10000001,31227,125000,125000,125000,2,1
2017-12-02,10000001,31229,750000,750000,750000,2,1
2017-12-02,10000001,31251,125000,125000,125000,2,1
2017-12-02,10000001,31253,750000,750000,750000,2,1
2017-12-02,10000001,31274,750000.02,750000.02,750000.02,1,1
2017-12-02,10000001,31280,6999999,6999999,6999999,1,1
2017-12-02,10000001,31358,2150999,2150999,2150999,2,2
2017-12-02,10000001,31359,125000,125000,125000,2,1
2017-12-02,10000001,31360,3240000,3240000,3240000,1,1
2017-12-02,10000001,31361,750000,750000,750000,2,1
2017-12-02,10000001,31370,400000,400000,400000,1,1
2017-12-02,10000001,31371,125000,125000,125000,2,1
2017-12-02,10000001,31372,3596250,3475000,3960000,4,2
2017-12-02,10000001,31373,750000,750000,750000,2,1
2017-12-02,10000001,31378,19000000,19000000,19000000,2,1
2017-12-02,10000001,31382,1050000.01,1050000.01,1050000.01,1,1
2017-12-02,10000001,31383,125000,125000,125000,2,1
2017-12-02,10000001,31385,750000,750000,750000,2,1
2017-12-02,10000001,31394,992000.03,992000.03,992000.03,2,2
2017-12-02,10000001,31395,125000,125000,125000,2,1
2017-12-02,10000001,31397,750000,750000,750000,2,1
2017-12-02,10000001,31407,125000,125000,125000,2,1
2017-12-02,10000001,31409,750000,750000,750000,2,1
2017-12-02,10000001,31412,9500000,9500000,9500000,1,1
2017-12-02,10000001,31418,253000.03,253000.03,253000.03,4,4
2017-12-02,10000001,31424,3750000,3750000,3750000,2,1
2017-12-02,10000001,31444,785000.01,785000.01,785000.01,2,2
2017-12-02,10000001,31460,4949999.99,4949999.99,4949999.99,1,1
2017-12-02,10000001,31620,1209999.75,999999,1280000,4,3
2017-12-02,10000001,31657,125000,125000,125000,2,1
2017-12-02,10000001,31659,750000,750000,750000,2,1
2017-12-02,10000001,31671,750000,750000,750000,2,1
2017-12-02,10000001,31683,750000,750000,750000,2,1
2017-12-02,10000001,31693,125000,125000,125000,2,1
2017-12-02,10000001,31695,750000,750000,750000,2,1
2017-12-02,10000001,31705,125000,125000,125000,2,1
2017-12-02,10000001,31707,750000,750000,750000,2,1
2017-12-02,10000001,31716,352000.03,352000.03,352000.03,1,1
2017-12-02,10000001,31752,312000,275000,349000,2,2
2017-12-02,10000001,31758,4997999.99,4997999.99,4997999.99,2,1
2017-12-02,10000001,31788,650000,650000,650000,2,2
2017-12-02,10000001,31790,3304600,3301000,3309999.99,5,3
2017-12-02,10000001,31802,4100000,4100000,4100000,1,1
2017-12-02,10000001,31886,140002.74,140002.74,140002.74,5,1
2017-12-02,10000001,31888,2200000,2200000,2200000,5,1
2017-12-02,10000001,31894,140012.13,140012.13,140012.13,7,1
2017-12-02,10000001,32006,128666.73,15000.17,170000.02,15,2
2017-12-02,10000001,32014,259000,259000,259000,10,3
2017-12-02,10000001,32780,1500000,1500000,1500000,1,1
2017-12-02,10000001,32787,33966.67,29950,42000,9,3
2017-12-02,10000001,32872,1249999,1249999,1249999,1,1
2017-12-02,10000001,32878,1339999,1339999,1339999,1,1
2017-12-02,10000001,32880,322000,224000,419999.99,2,2
2017-12-02,10000001,32918,256666.96,150000,470000.87,3,3
2017-12-02,10000001,33000,399000,399000,399000,2,2
2017-12-02,10000001,33001,599000,599000,599000,1,1
2017-12-02,10000001,33002,899000,899000,899000,1,1
2017-12-02,10000001,33003,300000,300000,300000,10,1
2017-12-02,10000001,33076,152549.51,100.01,304999,2,2
2017-12-02,10000001,33078,2899000,2899000,2899000,2,2
2017-12-02,10000001,33093,899000.09,899000.09,899000.09,10,1
2017-12-02,10000001,33094,399000.08,399000.08,399000.08,1,1
2017-12-02,10000001,33098,1699000,1699000,1699000,2,2
2017-12-02,10000001,33140,29886997.1,29886997.1,29886997.1,1,1
2017-12-02,10000001,33141,23997797,23997797,23997797,4,1
2017-12-02,10000001,33176,100000,100000,100000,2,1
2017-12-02,10000001,33180,125000,125000,125000,1,1
2017-12-02,10000001,33440,175000,175000,175000,4,1
2017-12-02,10000001,33468,58000000,58000000,58000000,1,1
2017-12-02,10000001,33474,2190000,2150000,2230000,2,2
2017-12-02,10000001,33475,6847925,6000000,9000000,16,5
2017-12-02,10000001,33539,1250000,1250000,1250000,10,1
2017-12-02,10000001,33577,300001,300001,300001,5,2
2017-12-02,10000001,34202,2590000,2590000,2590000,1,1
2017-12-02,10000001,34203,385007.23,385007.23,385007.23,2,1
2017-12-02,10000001,34204,831947.58,663895.16,1000000,2,2
2017-12-02,10000001,34205,175005.64,175005.64,175005.64,2,2
2017-12-02,10000001,34206,195005.24,195005.24,195005.24,7,4
2017-12-02,10000001,34207,1252002.49,1252002.49,1252002.49,1,1
2017-12-02,10000001,34267,125000,125000,125000,2,1
2017-12-02,10000001,34269,750000,750000,750000,2,1
2017-12-02,10000001,34307,1250000,1250000,1250000,1,1
2017-12-02,10000001,34562,29600000,29600000,29600000,2,1
2017-12-02,10000001,34593,22000000,22000000,22000000,1,1
2017-12-02,10000001,35656,150000,150000,150000,3,3
2017-12-02,10000001,35657,4.99,4.99,4.99,1,1
2017-12-02,10000001,35658,80000,80000,80000,1,1
2017-12-02,10000001,35660,200000,200000,200000,1,1
2017-12-02,10000001,35774,250000,250000,250000,1,1
2017-12-02,10000001,35788,18000,18000,18000,1,1
2017-12-02,10000001,35790,2277777.78,2100000,2700000,27,2
2017-12-02,10000001,35795,217000.01,217000.01,217000.01,1,1
2017-12-02,10000001,35899,40000000,40000000,40000000,1,1
2017-12-02,10000001,37450,370000,370000,370000,14,1
2017-12-02,10000001,37610,1200000,1200000,1200000,1,1
2017-12-02,10000001,37611,1200000,1200000,1200000,2,2
2017-12-02,10000001,37615,37999000.09,37999000.09,37999000.09,1,1
2017-12-02,10000001,40346,7000000,7000000,7000000,3,1
2017-12-02,10000001,40361,2500000,2500000,2500000,8,1
2017-12-02,10000001,40519,366500000,326000000,407000000,4,2
2017-12-02,10000001,40520,819536187.5,813800000,825000000,16,6
2017-12-02,10000001,40559,8999999.99,8999999.99,8999999.99,14,1
2017-12-02,10000001,41057,4857915.6,4857915.6,4857915.6,1,1
2017-12-02,10000001,41415,128885000,125000000,130000000,9,3
2017-12-02,10000001,41489,12998.98,12998.98,12998.98,25,1
2017-12-02,10000001,41490,999994.99,999994.99,999994.99,137,5
2017-12-02,10000001,41598,20000000,20000000,20000000,1,1
2017-12-02,10000001,42145,10000000,10000000,10000000,1,1
2017-12-02,10000001,42202,20000000,20000000,20000000,1,1
2017-12-02,10000001,42205,35000000,35000000,35000000,1,1
2017-12-02,10000001,42701,200000,200000,200000,1,1
2017-12-02,10000001,42707,350000,350000,350000,1,1
2017-12-02,10000001,43699,75000,75000,75000,5,1
2017-12-02,10000001,43702,175000.09,175000.09,175000.09,1,1
2017-12-02,10000001,43728,314999000,314999000,314999000,1,1
2017-12-02,10000001,43902,125000,125000,125000,2,1
2017-12-02,10000001,43904,750000,750000,750000,2,1
2017-12-02,10000001,43906,1250000,1250000,1250000,2,1
2017-12-02,10000001,44111,8000000,8000000,8000000,1,1
2017-12-02,10000001,44992,3142070.3,3142070.14,3142080.5,6382,14
2017-12-02,10000001,45635,173299999.99,173299999.99,173299999.99,1,1
2017-12-02,10000001,46008,2000000,2000000,2000000,10,1
2017-12-02,10000001,46350,10000000,10000000,10000000,2,1
2017-12-02,10000001,46352,10000000,10000000,10000000,2,1
2017-12-02,10000001,46357,10000000,10000000,10000000,2,1
2017-12-02,10000001,46359,10000000,10000000,10000000,2,1
2017-12-02,10000001,46361,10000000,10000000,10000000,2,1
2017-12-02,10000002,18,57.02,57.01,61.94,16397037,222
2017-12-02,10000002,19,3230.02,3230.02,3230.02,1561,6
2017-12-02,10000002,20,262.82,226.81,262.86,2791760,138
2017-12-02,10000002,21,474.77,474.77,474.77,57188,11
2017-12-02,10000002,22,2839.1,2839.1,2840,9210,28
2017-12-02,10000002,34,4.6,4.18,4.7,21850277378,2366
2017-12-02,10000002,35,4.65,4.46,4.71,4676131533,1917
2017-12-02,10000002,36,63.83,63.41,64.42,1813597795,1658
2017-12-02,10000002,37,41.66,39.11,41.91,285891678,1376
2017-12-02,10000002,38,323.04,322.85,323.08,72554845,1293
2017-12-02,10000002,39,941.01,886.69,941.32,45329328,1367
2017-12-02,10000002,40,1040.99,1025.86,1045.91,24280910,1386
2017-12-02,10000002,41,14.12,14.12,14.12,10260,16
2017-12-02,10000002,42,879,879,879,539,34
2017-12-02,10000002,43,310.23,310.15,310.4,761461,66
2017-12-02,10000002,44,12299.99,11807.65,12690.96,574419,96
2017-12-02,10000002,45,44.01,44.01,44.01,965,65
2017-12-02,10000002,178,1.98,1.98,1.98,3321900,127
2017-12-02,10000002,179,5.28,5.28,5.28,629014,116
2017-12-02,10000002,180,2.64,2.64,2.64,62646,115
2017-12-02,10000002,181,1.12,1.12,1.12,111176,119
2017-12-02,10000002,182,7.17,7.17,7.17,505053,141
2017-12-02,10000002,183,11.86,11.86,11.86,508299,161
2017-12-02,10000002,184,17,16.93,17.8,1623240,159
2017-12-02,10000002,185,16.16,16.15,17,578459,197
2017-12-02,10000002,186,5.11,5.11,5.11,99301,72
2017-12-02,10000002,187,17.13,17.13,17.13,337584,78
2017-12-02,10000002,188,15.45,15.45,15.45,80331,82
2017-12-02,10000002,189,44.97,44.97,44.97,1860530,97
2017-12-02,10000002,190,32.96,1.71,32.99,161790,91
2017-12-02,10000002,191,33.42,33.42,33.42,299185,113
2017-12-02,10000002,192,57.81,57.8,57.92,251072,108
2017-12-02,10000002,193,55,55,59.88,499214,128
2017-12-02,10000002,194,14.68,14.68,14.68,72795,80
2017-12-02,10000002,195,17.33,17.33,17.33,94160,70
2017-12-02,10000002,196,27.59,27.59,27.59,84996,77
2017-12-02,10000002,197,120.99,120.99,129.98,940231,82
2017-12-02,10000002,198,79.59,79.58,135,121129,78
2017-12-02,10000002,199,169.02,169.02,169.02,830599,86
2017-12-02,10000002,200,214.14,214.14,214.14,974324,94
2017-12-02,10000002,201,216.87,177.81,220,2415053,120
2017-12-02,10000002,202,289.99,222.06,308.79,997414,181
2017-12-02,10000002,203,185.99,185.99,185.99,1959065,199
2017-12-02,10000002,204,184.49,184.49,184.49,1336278,186
2017-12-02,10000002,205,155.16,155.14,155.19,467982,166
2017-12-02,10000002,206,25.37,25.35,25.39,2216850,279
2017-12-02,10000002,207,49.97,49.85,49.97,1124805,280
2017-12-02,10000002,208,75.99,61.15,82,749075,291
2017-12-02,10000002,209,50,48.5,50.44,2734120,416
2017-12-02,10000002,210,12.4,12.11,14.1,5586425,535
2017-12-02,10000002,211,17.86,17.86,17.86,3640019,424
2017-12-02,10000002,212,21.99,20.55,23.99,567042,325
2017-12-02,10000002,213,16.02,16.02,16.42,3584293,328
2017-12-02,10000002,215,3.8,3.71,3.8,2472421,329
2017-12-02,10000002,216,5.89,2.6,5.99,480311,273
2017-12-02,10000002,217,8.34,8.34,8.34,671354,264
2017-12-02,10000002,218,5.04,5.04,5.04,287264,272
2017-12-02,10000002,219,1.51,1.5,6.7,531272,288
2017-12-02,10000002,220,7.13,5.98,7.14,380570,271
2017-12-02,10000002,221,8,7.87,12.99,178124,271
2017-12-02,10000002,222,18.65,18.63,20,6933289,732
2017-12-02,10000002,223,18.67,18.66,18.67,1426388,228
2017-12-02,10000002,224,21.23,21.22,21.23,488911,200
2017-12-02,10000002,225,27.56,27.56,27.56,245865,201
2017-12-02,10000002,226,35,21.02,35.48,241969,202
2017-12-02,10000002,227,54.21,54.2,54.21,815822,208
2017-12-02,10000002,228,40.04,38.92,49.99,484711,189
2017-12-02,10000002,229,25.36,25.36,25.36,163542,185
2017-12-02,10000002,230,65.2,65.2,65.21,3365978,406
2017-12-02,10000002,231,10.19,10.18,17.99,202130,120
2017-12-02,10000002,232,34,29,34.94,519576,105
2017-12-02,10000002,233,28.44,21.77,30.96,216321,105
2017-12-02,10000002,234,22.68,22.68,22.68,158914,107
2017-12-02,10000002,235,77.55,46.77,77.57,714944,115
2017-12-02,10000002,236,51.35,51.33,51.44,130285,107
2017-12-02,10000002,237,83.39,82.44,83.39,223442,105
2017-12-02,10000002,238,146.4,146.4,157.34,1343109,164
2017-12-02,10000002,239,2795.99,661.83,2799.89,705,133
2017-12-02,10000002,240,369.2,369.2,369.2,346,111
2017-12-02,10000002,241,231.83,231.83,231.83,522,105
2017-12-02,10000002,242,850,850,850,1995,129
2017-12-02,10000002,243,287.24,287.24,287.24,346,121
2017-12-02,10000002,244,718.15,718.15,718.15,405,115
2017-12-02,10000002,245,1088,521.01,1149.98,1013,151
2017-12-02,10000002,246,4199.99,4198.99,4225.51,4416,199
2017-12-02,10000002,247,3202.18,3202.16,3203.14,550,112
2017-12-02,10000002,248,420.44,420.44,420.44,547,107
2017-12-02,10000002,249,2097.2,2097.2,2097.2,521,103
2017-12-02,10000002,250,5298,5298,5298,1978,111
2017-12-02,10000002,251,887.1,887.04,1554.86,901,92
2017-12-02,10000002,252,1903.17,1903.16,1903.25,544,119
2017-12-02,10000002,253,9998,9998,9998,1204,94
2017-12-02,10000002,254,11409.99,11409.99,11409.99,6163,149
2017-12-02,10000002,255,16707.19,16707.12,16707.22,606,83
2017-12-02,10000002,256,17000.31,17000.28,17000.38,1175,97
2017-12-02,10000002,257,4950.27,4950.14,4950.34,625,70
2017-12-02,10000002,258,4000.39,4000.38,4000.5,927,78
2017-12-02,10000002,259,10616.66,10616.6,10616.66,716,83
2017-12-02,10000002,260,21528.12,21528,21530.99,577,74
2017-12-02,10000002,261,27503.55,27503.51,38435,792,82
2017-12-02,10000002,262,71999.76,65250.02,78996.96,3600,123
2017-12-02,10000002,263,35.56,35.56,35.56,2873,39
2017-12-02,10000002,264,639.95,639.95,639.95,52203,58
2017-12-02,10000002,266,6.05,6.05,6.05,1118156,265
2017-12-02,10000002,267,80,69.16,80.01,179047,110
2017-12-02,10000002,269,10.19,10.19,10.19,86430,151
2017-12-02,10000002,377,7999,7999,7999,701,146
2017-12-02,10000002,380,467996.98,467996.97,467997.91,625,279
2017-12-02,10000002,393,15007.48,6000,76000,80,33
2017-12-02,10000002,394,183967.14,183967.14,183967.14,162,76
2017-12-02,10000002,399,7619.33,7619.32,16999,189,132
2017-12-02,10000002,400,258065.39,160000.18,288986.97,97,71
2017-12-02,10000002,421,2400000,2400000,2400000,1,1
2017-12-02,10000002,434,58000,42136.32,59997.99,634,313
2017-12-02,10000002,438,2800000,2800000,2800000,1893,415
2017-12-02,10000002,439,13398.87,7132.5,13496.99,803,328
2017-12-02,10000002,440,4592999.85,4592999.77,4592999.85,637,319
2017-12-02,10000002,442,14000,14000,14000,311,98
2017-12-02,10000002,443,31055.41,2500.18,48498.01,79,20
2017-12-02,10000002,444,4759.93,4500,4759.95,299,102
2017-12-02,10000002,447,58997.99,47897.89,58998.8,1193,74
2017-12-02,10000002,448,1779257.96,1777777,1779268.99,2488,1226
2017-12-02,10000002,450,8275.13,1250.1,8877.79,21,12
2017-12-02,10000002,451,3990.55,577.54,12187.99,45,20
2017-12-02,10000002,452,14997,14990,14997.93,115,36
2017-12-02,10000002,453,19999.99,19999.99,19999.99,103,10
2017-12-02,10000002,454,13293.29,9270.05,59996,8,5
2017-12-02,10000002,456,68387.96,65001.21,115000,31,8
2017-12-02,10000002,457,130571.43,99000,150000,21,8
2017-12-02,10000002,458,143019.26,105020.71,175020.71,15,10
2017-12-02,10000002,459,121468.03,50004.17,183998.92,30,13
2017-12-02,10000002,461,292001,292001,292001,4,1
2017-12-02,10000002,462,799311.42,152590,1099999.98,7,3
2017-12-02,10000002,463,526001.86,526001.86,526001.86,1,1
2017-12-02,10000002,464,1137666.95,451009.01,1171999.82,21,5
2017-12-02,10000002,482,999996.96,999994,999997,873,191
2017-12-02,10000002,483,17870,10774.01,18000,1695,204
2017-12-02,10000002,484,7778.98,7778.98,7778.98,740,34
2017-12-02,10000002,485,5843.75,3250,24000,8,6
2017-12-02,10000002,486,11512.66,11512.66,11512.66,375,21
2017-12-02,10000002,487,18423.77,4033.45,26984.89,55,20
2017-12-02,10000002,488,39699,39699,39699,185,14
2017-12-02,10000002,489,7777.06,7777.06,7777.06,10,2
2017-12-02,10000002,490,90999.99,90999.99,90999.99,109,9
2017-12-02,10000002,491,122771.19,100016.03,208479,67,10
2017-12-02,10000002,492,136250.31,86001.25,153000,8,4
2017-12-02,10000002,493,205930.27,175000.62,287893.87,73,10
2017-12-02,10000002,496,1185000.1,1185000.1,1185000.1,126,11
2017-12-02,10000002,498,1784440.37,1000000,1879994.93,18,5
2017-12-02,10000002,499,8499.01,8499.01,8499.01,1027,192
2017-12-02,10000002,501,30010.19,30010.19,30010.19,145,36
2017-12-02,10000002,503,51400,50000,57999.99,40,8
2017-12-02,10000002,506,2182667.03,550001.1,2999000,3,3
2017-12-02,10000002,508,125000,125000,125000,2,2
2017-12-02,10000002,509,6121025.89,2020123.36,6545587.1,9,4
2017-12-02,10000002,518,2774995.06,1300000.11,4249990,2,2
2017-12-02,10000002,519,1148998.66,920011.54,1149995,3253,668
2017-12-02,10000002,520,49898.58,49898.57,49898.67,1743,40
2017-12-02,10000002,521,2167016.32,1400526.38,3699999.99,9,5
2017-12-02,10000002,522,7489999.99,7489999.99,7489999.99,3,3
2017-12-02,10000002,523,9885.97,9885.97,9885.97,478,92
2017-12-02,10000002,524,12619.48,5001.01,44998,21,11
2017-12-02,10000002,526,33400.82,33300.98,47366.62,399,132
2017-12-02,10000002,527,1000189.98,949998.89,1000190.67,1578,708
2017-12-02,10000002,529,16947.77,16947.77,16947.77,52,11
2017-12-02,10000002,530,7940.81,2575.02,19999,71,24
2017-12-02,10000002,533,49999.98,49999.98,49999.98,244,24
2017-12-02,10000002,561,1783.9,1783.9,7499.99,268,112
2017-12-02,10000002,562,11799,5000,11882.06,166,71
2017-12-02,10000002,563,24777.76,24777.76,24777.76,216,32
2017-12-02,10000002,564,30144.99,30144.99,30149,3637,129
2017-12-02,10000002,565,29950,29950,29950,289,97
2017-12-02,10000002,566,88500.8,52651.67,119999,39,14
2017-12-02,10000002,567,25532.49,11070,39998.99,34,14
2017-12-02,10000002,568,216973.14,102023.39,325000,26,9
2017-12-02,10000002,569,126444.8,92120,236998.96,28,6
2017-12-02,10000002,570,298999.88,298999.88,298999.88,411,54
2017-12-02,10000002,571,562499.33,375001,599998.99,6,2
2017-12-02,10000002,572,165029.2,165029.2,165029.2,5,1
2017-12-02,10000002,573,1492711.41,1489801.82,1579998.99,62,4
2017-12-02,10000002,574,1199971,1199971,1199971,147,16
2017-12-02,10000002,577,27023.93,2602.42,47999.96,42,22
2017-12-02,10000002,578,79014.81,69007.44,96493.78,1007,418
2017-12-02,10000002,580,25001.94,19302.12,43998.73,87,19
2017-12-02,10000002,581,24730.26,21011.05,33998.9,25,13
2017-12-02,10000002,582,201000,201000,201000,161,54
2017-12-02,10000002,583,374999,364999.99,384999.87,902,127
2017-12-02,10000002,584,398999.85,398999.73,398999.86,122,42
2017-12-02,10000002,585,318000.03,317999.99,415000,260,48
2017-12-02,10000002,586,434097.96,355999.99,454000,65,48
2017-12-02,10000002,587,361489.85,361489.83,361489.85,127,50
2017-12-02,10000002,588,45715.43,39001.79,68995,76,32
2017-12-02,10000002,589,384997.88,384997.84,399000,206,53
2017-12-02,10000002,590,396251.31,385000.97,399999.88,56,8
2017-12-02,10000002,591,440102.85,440102.85,440102.85,289,34
2017-12-02,10000002,592,253737.33,211005.4,255000,42,18
2017-12-02,10000002,593,486999.95,486999.87,486999.97,386,135
2017-12-02,10000002,594,473899.96,385014.41,479999.98,126,77
2017-12-02,10000002,596,33263.46,28000,63975,50,36
2017-12-02,10000002,597,474999.28,464999.89,474999.87,272,68
2017-12-02,10000002,598,423669.69,423669.69,423669.69,150,20
2017-12-02,10000002,599,365168.01,364998.98,377000,71,10
2017-12-02,10000002,601,35000.1,35000.07,84997.98,249,129
2017-12-02,10000002,602,386999.98,386999.96,390000,246,115
2017-12-02,10000002,603,363749.49,320021.48,364999,366,163
2017-12-02,10000002,605,444881.98,443999.92,444881.99,359,233
2017-12-02,10000002,606,39001,39001,39001,148,76
2017-12-02,10000002,607,567499.43,567499.41,567499.49,198,120
2017-12-02,10000002,608,394879.88,394879.88,394879.88,259,112
2017-12-02,10000002,609,336575.99,304032.09,364997.71,43,26
2017-12-02,10000002,615,502700001.09,502700001.09,502700001.09,1,1
2017-12-02,10000002,617,512147999.89,510000000,514295999.78,4,4
2017-12-02,10000002,620,7790195.77,7750554.07,7899806.87,97,32
2017-12-02,10000002,621,9100000,9100000,9100000,228,172
2017-12-02,10000002,622,9691152.77,8725000.12,9724998.91,52,29
2017-12-02,10000002,623,9199999.98,8800000,9200000,121,68
2017-12-02,10000002,624,9611500.51,8659690.51,9874845.22,29,17
2017-12-02,10000002,625,6707503.66,6500008.83,7390001.46,20,16
2017-12-02,10000002,626,9299995.05,8800000.01,9300000,295,164
2017-12-02,10000002,627,9299999.98,9289999.98,9299999.99,113,66
2017-12-02,10000002,628,7790916.52,7700300.1,7899897.98,41,34
2017-12-02,10000002,629,8982824.23,8600000.01,9299999.98,37,32
2017-12-02,10000002,630,7711487.19,7100002.1,7798822.42,16,12
2017-12-02,10000002,631,7250000,7250000,7250000,117,27
2017-12-02,10000002,632,8029655.36,7750000,8099999.98,59,31
2017-12-02,10000002,633,7350000.02,7000000.03,7899999.99,18,6
2017-12-02,10000002,634,6875929.95,6600008,7399806.7,67,26
2017-12-02,10000002,638,145772551.45,136600110,146997775.5,74,73
2017-12-02,10000002,639,160476133.36,135000001.93,160999984.63,21,13
2017-12-02,10000002,640,135769212.69,125000000.05,138999978,13,12
2017-12-02,10000002,641,147034046.1,144999999.95,149399964.97,44,36
2017-12-02,10000002,642,155690601.23,148001006.28,162444335.58,19,13
2017-12-02,10000002,643,169006957.86,159000041.55,172118968.09,27,24
2017-12-02,10000002,644,140141195.1,130210000.03,143399994.74,15,15
2017-12-02,10000002,645,159455742.48,152000000.04,162999999,99,82
2017-12-02,10000002,648,611830.32,511010.01,902999.96,81,75
2017-12-02,10000002,649,1050991.1,1050991.1,1050991.1,205,104
2017-12-02,10000002,650,1097724.96,900000.03,1294998.01,81,58
2017-12-02,10000002,651,1328890.96,830000,1599999.9,9,9
2017-12-02,10000002,652,1692849.81,1599998,1768998.49,20,20
2017-12-02,10000002,653,991653.52,538015.89,1158899,28,27
2017-12-02,10000002,654,1303391.59,1243999.88,5000000,28,24
2017-12-02,10000002,655,1131917.29,850005.01,1199989,83,56
2017-12-02,10000002,656,1397923.03,1309996.98,1500000,51,42
2017-12-02,10000002,657,1559986.48,1503000,1559987.49,119,106
2017-12-02,10000002,672,12494.71,10750.12,12494.72,522,186
2017-12-02,10000002,683,2550000,2550000,2550000,4,4
2017-12-02,10000002,684,2150000,2150000,2150000,7,7
2017-12-02,10000002,685,2350000,2350000,2350000,5,5
2017-12-02,10000002,686,80500000,80499999.99,80500000,7,7
2017-12-02,10000002,687,82500000,82500000,82500000,8,8
2017-12-02,10000002,688,1135000000,1135000000,1135000000,2,2
2017-12-02,10000002,689,2263384.61,2100000,2289000,13,9
2017-12-02,10000002,690,2999000,2999000,2999000,3,3
2017-12-02,10000002,691,2900000,2900000,2900000,3,3
2017-12-02,10000002,692,89999951.74,89999951.11,89999953,3,3
2017-12-02,10000002,785,92720,92720,92720,4,4
2017-12-02,10000002,786,60000,60000,60000,6,6
2017-12-02,10000002,788,324458.24,320000,355665.9,8,8
2017-12-02,10000002,790,999960,999960,999960,4,4
2017-12-02,10000002,803,5000000,5000000,5000000,7,7
2017-12-02,10000002,804,3000000,3000000,3000000,8,8
2017-12-02,10000002,805,3660000.13,600001.32,4000000,10,10
2017-12-02,10000002,806,2500000,2500000,2500000,10,10
2017-12-02,10000002,807,700000,700000,700000,9,9
2017-12-02,10000002,808,900000,900000,900000,7,7
2017-12-02,10000002,809,800000,800000,800000,11,11
2017-12-02,10000002,810,703571.43,100000.01,750000,14,14
2017-12-02,10000002,811,150000,150000,150000,20,20
2017-12-02,10000002,812,151631.58,1000,160000,19,19
2017-12-02,10000002,813,167857.07,9999,180000,14,14
2017-12-02,10000002,814,140000,140000,140000,28,28
2017-12-02,10000002,819,50666.67,20000,66000,3,3
2017-12-02,10000002,820,71250,60000,75000,4,4
2017-12-02,10000002,821,163500,90000,188000,4,4
2017-12-02,10000002,822,139122.5,139122,139123,4,4
2017-12-02,10000002,823,169999.25,169999,170000,4,4
2017-12-02,10000002,824,696000,600000,888000,3,3
2017-12-02,10000002,825,899999.25,600000,999999,4,4
2017-12-02,10000002,826,931000,931000,931000,3,3
2017-12-02,10000002,827,1248493.5,1246987,1249999.99,2,2
2017-12-02,10000002,828,1658500,1658000,1660000,4,4
2017-12-02,10000002,829,2089999.99,2089999.99,2089999.99,1,1
2017-12-02,10000002,830,7200000,7200000,7200000,1,1
2017-12-02,10000002,831,9299555,9299555,9299555,1,1
2017-12-02,10000002,832,12799888,12799888,12799888,1,1
2017-12-02,10000002,833,16450000,16000000,16900000,4,3
2017-12-02,10000002,834,19999.33,19999,20000,3,3
2017-12-02,10000002,835,120000,60000,140000,4,4
2017-12-02,10000002,836,111333.33,90000,122000,3,3
2017-12-02,10000002,837,159555,159555,159555,4,4
2017-12-02,10000002,838,158554.6,158554,158555,5,5
2017-12-02,10000002,839,777000,777000,777000,3,3
2017-12-02,10000002,840,990000,990000,990000,3,3
2017-12-02,10000002,841,2500000,2500000,2500000,3,3
2017-12-02,10000002,842,1553725,1238300,2500000,4,4
2017-12-02,10000002,843,2189898,2189898,2189898,4,4
2017-12-02,10000002,844,2280000,2280000,2280000,1,1
2017-12-02,10000002,845,6198998,6198998,6198998,1,1
2017-12-02,10000002,846,9298555,9298555,9298555,2,2
2017-12-02,10000002,847,14350000,14350000,14350000,2,2
2017-12-02,10000002,848,15920000,15920000,15920000,2,2
2017-12-02,10000002,879,20000,20000,20000,1,1
2017-12-02,10000002,880,264999.5,30000,499998.99,2,2
2017-12-02,10000002,881,149999.73,40000,499998.9,4,4
2017-12-02,10000002,882,87747.5,50000,249990,4,4
2017-12-02,10000002,883,279999.49,60000,499998.97,2,2
2017-12-02,10000002,884,89333.33,70000,99000,3,3
2017-12-02,10000002,885,693332.67,80000,999999,3,3
2017-12-02,10000002,886,100000,100000,100000,2,2
2017-12-02,10000002,887,80000,80000,80000,1,1
2017-12-02,10000002,888,179999,179999,179999,1,1
2017-12-02,10000002,889,165000,165000,165000,1,1
2017-12-02,10000002,890,899989.96,899989.95,899989.97,3,3
2017-12-02,10000002,891,235000,235000,235000,2,2
2017-12-02,10000002,892,286155,286155,286155,4,3
2017-12-02,10000002,893,325000,325000,325000,4,4
2017-12-02,10000002,894,3498997.79,3498997.78,3498997.8,2,2
2017-12-02,10000002,895,856632.69,856632.68,856632.7,2,2
2017-12-02,10000002,896,987943.68,987943.66,987943.68,4,3
2017-12-02,10000002,897,737976.77,737976.76,737976.78,2,2
2017-12-02,10000002,898,1145387.64,1145387.63,1145387.65,2,2
2017-12-02,10000002,899,1379971.36,1379971.35,1379971.37,4,4
2017-12-02,10000002,900,723000,723000,723000,5,4
2017-12-02,10000002,901,1399972.47,1399972.47,1399972.48,6,6
2017-12-02,10000002,902,2983780.98,2983780.98,2983780.98,5,5
2017-12-02,10000002,936,3200000,3200000,3200000,9,5
2017-12-02,10000002,937,2999400,2799000,3300000,5,5
2017-12-02,10000002,938,2988000,2988000,2988000,3,3
2017-12-02,10000002,939,2399999.98,2399999.98,2399999.98,6,6
2017-12-02,10000002,940,2926285.72,804000.01,3280000,7,7
2017-12-02,10000002,941,3200000,3200000,3200000,5,5
2017-12-02,10000002,944,2974991,2974991,2974991,5,5
2017-12-02,10000002,945,2870000,2800000,2890000,4,4
2017-12-02,10000002,946,2399999,2399999,2399999,3,3
2017-12-02,10000002,949,2850000,2850000,2850000,9,9
2017-12-02,10000002,950,2835000,2700000,2850000,10,10
2017-12-02,10000002,952,2750000,2750000,2750000,11,11
2017-12-02,10000002,954,3250000,3000000,3300000,6,6
2017-12-02,10000002,955,2280000,2280000,2280000,8,8
2017-12-02,10000002,956,3200000,3200000,3200000,6,6
2017-12-02,10000002,967,50000,50000,50000,10,10
2017-12-02,10000002,968,83500000,83500000,83500000,5,5
2017-12-02,10000002,969,99998499,99998000,99998998,2,2
2017-12-02,10000002,970,87992632,87992632,87992632,3,3
2017-12-02,10000002,971,88999963,88999963,88999963,2,2
2017-12-02,10000002,972,89999870.07,89999869.6,89999871,3,3
2017-12-02,10000002,973,87891999,87891999,87891999,2,2
2017-12-02,10000002,975,84992440.93,84989939.9,84999944,4,4
2017-12-02,10000002,976,99998967.14,99998960.35,99998993.01,5,5
2017-12-02,10000002,977,81500000,81500000,81500000,3,3
2017-12-02,10000002,978,81950660.41,75112320.83,88788999.98,2,2
2017-12-02,10000002,979,84353455.49,79708001,88998909.97,2,2
2017-12-02,10000002,983,3486000,3480000,3487500,5,5
2017-12-02,10000002,984,7425000,7425000,7425000,4,4
2017-12-02,10000002,985,3380000,3380000,3380000,5,5
2017-12-02,10000002,986,4800000,4800000,4800000,2,2
2017-12-02,10000002,988,3500000,3500000,3500000,4,4
2017-12-02,10000002,989,4650000,4600000,4700000,6,6
2017-12-02,10000002,990,7000000,7000000,7000000,12,12
2017-12-02,10000002,991,6575000,6500000,6600000,8,8
2017-12-02,10000002,992,11650000,11650000,11650000,4,4
2017-12-02,10000002,995,1297999999.99,1297999999.99,1297999999.99,1,1
2017-12-02,10000002,1010,49788.43,48999,49920,7,7
2017-12-02,10000002,1026,87359.5,87359,87360,2,2
2017-12-02,10000002,1032,91160,91160,91160,2,2
2017-12-02,10000002,1067,500200,316360,730000,9,9
2017-12-02,10000002,1072,109500,64500,222000,7,7
2017-12-02,10000002,1074,22499.98,22499.98,22499.98,4,2
2017-12-02,10000002,1075,19839,19839,19839,1,1
2017-12-02,10000002,1076,65250,30000,77000,4,4
2017-12-02,10000002,1079,418470.4,394240,1000000,25,9
2017-12-02,10000002,1096,463000,463000,463000,2,2
2017-12-02,10000002,1099,300000,300000,300000,6,6
2017-12-02,10000002,1102,424704,224880,1224000,5,5
2017-12-02,10000002,1105,125000,125000,125000,1,1
2017-12-02,10000002,1106,503360,395040,720000,3,3
2017-12-02,10000002,1109,199680,199680,199680,4,4
2017-12-02,10000002,1112,20000,20000,20000,4,4
2017-12-02,10000002,1113,132000,60000,150000,5,5
2017-12-02,10000002,1114,149400,90000,189000,5,5
2017-12-02,10000002,1115,216000,120000,240000,5,5
2017-12-02,10000002,1116,150000,150000,150000,8,8
2017-12-02,10000002,1117,600000,600000,600000,4,4
2017-12-02,10000002,1118,200000,200000,200000,4,4
2017-12-02,10000002,1119,1200000,1200000,1200000,5,5
2017-12-02,10000002,1120,900000,900000,900000,4,4
2017-12-02,10000002,1121,1500000,1500000,1500000,6,6
2017-12-02,10000002,1122,6000000,6000000,6000000,2,2
2017-12-02,10000002,1123,2000000,2000000,2000000,2,2
2017-12-02,10000002,1124,12000000,12000000,12000000,4,4
2017-12-02,10000002,1125,15000000,15000000,15000000,2,2
2017-12-02,10000002,1126,9000000,9000000,9000000,2,2
2017-12-02,10000002,1128,1024579.95,281240,3997939.75,5,4
2017-12-02,10000002,1129,973181,852500,999999,11,11
2017-12-02,10000002,1130,20000,20000,20000,7,7
2017-12-02,10000002,1131,30000,30000,30000,4,4
2017-12-02,10000002,1132,40000,40000,40000,4,4
2017-12-02,10000002,1133,50000,50000,50000,2,2
2017-12-02,10000002,1134,60000,60000,60000,3,3
2017-12-02,10000002,1135,70000,70000,70000,4,4
2017-12-02,10000002,1136,80000,80000,80000,2,2
2017-12-02,10000002,1137,162142.87,100000,1000000,14,13
2017-12-02,10000002,1138,80000,80000,80000,6,6
2017-12-02,10000002,1139,110000,110000,110000,5,5
2017-12-02,10000002,1140,150000,150000,150000,6,6
2017-12-02,10000002,1141,175000,175000,175000,3,3
2017-12-02,10000002,1142,225000,225000,225000,3,3
2017-12-02,10000002,1143,237500,50000,275000,6,6
2017-12-02,10000002,1144,325000,325000,325000,7,7
2017-12-02,10000002,1145,400000,400000,400000,23,23
2017-12-02,10000002,1146,200000,200000,200000,3,3
2017-12-02,10000002,1147,300000,300000,300000,3,3
2017-12-02,10000002,1148,400000,400000,400000,2,2
2017-12-02,10000002,1149,500000,500000,500000,2,2
2017-12-02,10000002,1150,600000,600000,600000,2,2
2017-12-02,10000002,1151,700000,700000,700000,2,2
2017-12-02,10000002,1152,800000,800000,800000,5,5
2017-12-02,10000002,1153,1000000,1000000,1000000,11,11
2017-12-02,10000002,1154,49000,49000,49000,2,2
2017-12-02,10000002,1155,25000,25000,25000,1,1
2017-12-02,10000002,1156,11333,9999,12000,3,3
2017-12-02,10000002,1157,12500,12500,12500,1,1
2017-12-02,10000002,1158,55000,55000,55000,3,3
2017-12-02,10000002,1159,220000,220000,220000,1,1
2017-12-02,10000002,1160,37999.99,37999.99,37999.99,1,1
2017-12-02,10000002,1161,270000,270000,270000,3,3
2017-12-02,10000002,1162,320000,320000,320000,2,2
2017-12-02,10000002,1163,213000,213000,213000,1,1
2017-12-02,10000002,1164,180000,180000,180000,1,1
2017-12-02,10000002,1166,190000,190000,190000,1,1
2017-12-02,10000002,1167,444000,444000,444000,1,1
2017-12-02,10000002,1168,444000,444000,444000,1,1
2017-12-02,10000002,1169,524499.5,490000,558999,2,2
2017-12-02,10000002,1170,3333000,3333000,3333000,2,2
2017-12-02,10000002,1171,2100000,2100000,2100000,1,1
2017-12-02,10000002,1172,1200000,1200000,1200000,1,1
2017-12-02,10000002,1174,1630000,1630000,1630000,1,1
2017-12-02,10000002,1175,2980000,2980000,2980000,1,1
2017-12-02,10000002,1176,3700000,3700000,3700000,1,1
2017-12-02,10000002,1177,4300000,4300000,4300000,1,1
2017-12-02,10000002,1178,130908.99,100000,269999.47,11,5
2017-12-02,10000002,1179,295257.4,250000,974118.4,32,9
2017-12-02,10000002,1182,16993,15998.99,16998,1309,118
2017-12-02,10000002,1183,537069.79,482023,537069.97,452,255
2017-12-02,10000002,1185,13725.45,8006,17199.96,74,36
2017-12-02,10000002,1186,100000,100000,100000,2,2
2017-12-02,10000002,1190,1699999.95,1699999.95,1699999.95,4,2
2017-12-02,10000002,1192,1149999.99,1149999.99,1149999.99,1,1
2017-12-02,10000002,1195,32984.05,32984.05,32984.05,267,86
2017-12-02,10000002,1196,424000,400000,440000,5,5
2017-12-02,10000002,1197,1800,0.02,12599.9,7,5
2017-12-02,10000002,1198,248999.74,248999.74,248999.74,160,8
2017-12-02,10000002,1201,45000.02,44981.85,56999.57,2461,180
2017-12-02,10000002,1202,2649.88,2649.84,2650,27,3
2017-12-02,10000002,1208,74110,29440,89000,4,4
2017-12-02,10000002,1210,416640,416640,416640,1,1
2017-12-02,10000002,1212,7731864.11,7731864.11,7731864.11,1,1
2017-12-02,10000002,1214,5000000,5000000,5000000,9,9
2017-12-02,10000002,1216,180000,180000,180000,1,1
2017-12-02,10000002,1220,45000,45000,45000,4,4
2017-12-02,10000002,1221,9000000,9000000,9000000,1,1
2017-12-02,10000002,1223,4651.2,4651.2,4651.2,21516,18
2017-12-02,10000002,1224,45.21,45.2,47.75,9634476,136
2017-12-02,10000002,1225,3545.1,3545.1,3545.1,6556,9
2017-12-02,10000002,1226,313.58,277.11,350.9,142674,31
2017-12-02,10000002,1227,86.11,86.09,114.6,1525274,87
2017-12-02,10000002,1228,16.81,16.65,18.51,9467126,166
2017-12-02,10000002,1229,1505.06,1505.06,1505.06,20465,21
2017-12-02,10000002,1230,14.04,14.04,14.77,28699731,327
2017-12-02,10000002,1231,615,615,615,172891,29
2017-12-02,10000002,1232,1850,1850,1850,245,7
2017-12-02,10000002,1236,737993.98,730000,737994.73,1078,397
2017-12-02,10000002,1242,250000.05,250000.05,250000.05,64,4
2017-12-02,10000002,1244,8130,8130,8130,270,117
2017-12-02,10000002,1245,249980,249980,249980,1,1
2017-12-02,10000002,1246,9793.28,9793.28,9793.28,145,25
2017-12-02,10000002,1247,41600,41600,41600,3,3
2017-12-02,10000002,1248,733984.99,733984.98,733985.98,645,222
2017-12-02,10000002,1254,3946.66,577.5,15738.72,9,6
2017-12-02,10000002,1255,41300,41000,41600,2,2
2017-12-02,10000002,1256,556790.21,450000,613999.66,58,26
2017-12-02,10000002,1262,100,100,100,1,1
2017-12-02,10000002,1264,1066.68,552.01,24998.99,95,7
2017-12-02,10000002,1265,50580,49740,51420,2,2
2017-12-02,10000002,1266,100004.8,100004.8,100004.8,469,22
2017-12-02,10000002,1274,308.12,308.12,308.12,2,2
2017-12-02,10000002,1275,800000,800000,800000,1,1
2017-12-02,10000002,1276,597239.29,100006.1,899992.52,29,13
2017-12-02,10000002,1284,106.52,106.52,106.52,1,1
2017-12-02,10000002,1285,1175555,1175555,1175555,1,1
2017-12-02,10000002,1286,63513.26,50026.79,74999.94,10,8
2017-12-02,10000002,1294,166.67,100,200,3,3
2017-12-02,10000002,1295,893998.17,893998.17,893998.17,1,1
2017-12-02,10000002,1296,66874.44,15008.77,97994.49,8,6
2017-12-02,10000002,1304,14999.55,14999.55,14999.55,670,28
2017-12-02,10000002,1305,137339.5,74680,199999,2,2
2017-12-02,10000002,1306,278998.92,278998.9,279996,1042,335
2017-12-02,10000002,1315,1000000,1000000,1000000,5,1
2017-12-02,10000002,1317,1107.18,1107.18,1107.18,1318,243
2017-12-02,10000002,1318,16640,16640,16640,5,5
2017-12-02,10000002,1319,522972.97,485000.45,522973.76,3331,897
2017-12-02,10000002,1333,18756.21,18756.21,18756.21,241,12
2017-12-02,10000002,1334,1262500,125000,2400000,2,2
2017-12-02,10000002,1335,322632.73,322632.73,322632.73,1706,289
2017-12-02,10000002,1351,2479999.05,2479999.05,2479999.05,2,2
2017-12-02,10000002,1353,7261.9,6300,36000,75,47
2017-12-02,10000002,1354,99200,99200,99200,2,2
2017-12-02,10000002,1355,702915,702909.98,702915.91,530,207
2017-12-02,10000002,1403,20999.99,20995,21000,1103,150
2017-12-02,10000002,1404,54380,54380,54380,5,5
2017-12-02,10000002,1405,580978.95,500400.09,580986.3,6607,1406
2017-12-02,10000002,1419,417274.21,417274.21,417274.21,1,1
2017-12-02,10000002,1422,709896.11,709800,709896.18,585,183
2017-12-02,10000002,1436,1343500,1343500,1343500,102,53
2017-12-02,10000002,1445,8999.61,8999.61,8999.61,102,33
2017-12-02,10000002,1446,97440,97440,97440,4,4
2017-12-02,10000002,1447,639998.97,639998.97,639998.97,1352,288
2017-12-02,10000002,1537,253010.43,253007.59,253011.37,4,2
2017-12-02,10000002,1539,8842.82,8842.82,8842.82,220,51
2017-12-02,10000002,1540,99200,99200,99200,5,5
2017-12-02,10000002,1541,1160800.99,1150000,1160801,1193,448
2017-12-02,10000002,1547,20102.89,20102.89,20102.89,111,6
2017-12-02,10000002,1548,1000000,1000000,1000000,1,1
2017-12-02,10000002,1549,423332.35,90000.02,429999,51,5
2017-12-02,10000002,1551,22500.01,22500.01,22500.01,109,4
2017-12-02,10000002,1553,333665.39,1000.2,499997.99,3,2
2017-12-02,10000002,1557,2000.06,2000.06,2000.06,132,5
2017-12-02,10000002,1558,600000,600000,600000,1,1
2017-12-02,10000002,1559,1924648.04,1327500.06,1974895.03,78,16
2017-12-02,10000002,1563,10000.28,10000.28,10000.28,122,4
2017-12-02,10000002,1565,926360.59,250000.96,993996.69,33,10
2017-12-02,10000002,1808,49500,37000.12,64995.03,149,84
2017-12-02,10000002,1809,293140,187210,505000,3,3
2017-12-02,10000002,1810,12.96,10,12.98,729000,211
2017-12-02,10000002,1811,150000,150000,150000,4,4
2017-12-02,10000002,1814,1.76,1.73,1.76,83077,139
2017-12-02,10000002,1815,140000,140000,140000,1,1
2017-12-02,10000002,1816,25,25,25,510149,175
2017-12-02,10000002,1817,160000,160000,160000,1,1
2017-12-02,10000002,1818,73.01,73.01,73.01,4992924,182
2017-12-02,10000002,1819,633333.33,50000,750000,6,6
2017-12-02,10000002,1820,22.53,22.53,22.53,159209,172
2017-12-02,10000002,1821,900000,900000,900000,2,2
2017-12-02,10000002,1822,6.65,6.65,6.65,102558,140
2017-12-02,10000002,1823,700000,700000,700000,3,3
2017-12-02,10000002,1824,58.96,52,60,1158371,200
2017-12-02,10000002,1825,800000,800000,800000,3,3
2017-12-02,10000002,1826,160.17,160.16,251.97,142813,110
2017-12-02,10000002,1827,3000000,3000000,3000000,1,1
2017-12-02,10000002,1828,224.97,224.97,224.97,1208581,116
2017-12-02,10000002,1830,124.28,124.28,124.28,85506,95
2017-12-02,10000002,1831,2500000,2500000,2500000,1,1
2017-12-02,10000002,1832,226.98,187.99,227.98,376590,116
2017-12-02,10000002,1855,1010972.67,411000.16,1159998.97,72,60
2017-12-02,10000002,1875,22899.98,22899.98,22899.98,480,42
2017-12-02,10000002,1876,91428.57,90000,100000,7,7
2017-12-02,10000002,1877,1344000.87,1344000.85,1398999.98,2372,343
2017-12-02,10000002,1893,3300032.96,3300032.96,3300032.96,2,1
2017-12-02,10000002,1944,1494174.04,845530.02,1799999.97,42,41
2017-12-02,10000002,1945,6022000,6022000,6022000,2,2
2017-12-02,10000002,1948,86581.98,86581.98,86581.98,155,10
2017-12-02,10000002,1949,18357.34,18357.34,18357.34,3,2
2017-12-02,10000002,1951,1494999.88,1494999.88,1494999.88,3,1
2017-12-02,10000002,1952,1299661.97,1299661.96,1299665.99,2092,589
2017-12-02,10000002,1955,52109.9,52109.9,52109.9,134,17
2017-12-02,10000002,1956,80618.51,5900.4,84847.84,56,8
2017-12-02,10000002,1957,19075.4,19000,20881,19,11
2017-12-02,10000002,1958,26999.74,26999.74,26999.74,474,12
2017-12-02,10000002,1963,14260.64,8002.26,98748.86,29,7
2017-12-02,10000002,1964,1632000.45,1632000.45,1632000.45,149,44
2017-12-02,10000002,1968,2001,2001,2001,104,15
2017-12-02,10000002,1969,1777996.7,1777988.32,1777997.9,216,80
2017-12-02,10000002,1973,24521.08,14521.08,30965.01,365,66
2017-12-02,10000002,1977,12989.99,12989.99,12989.99,164,98
2017-12-02,10000002,1978,1279989.98,1279989,1279990,1729,331
2017-12-02,10000002,1986,33120.54,10012.32,48799.98,82,26
2017-12-02,10000002,1987,982998.95,982998.95,982998.95,870,120
2017-12-02,10000002,1998,32903.36,28980,67000,67,25
2017-12-02,10000002,1999,1096997.92,1096996.99,1096997.94,1139,370
2017-12-02,10000002,2006,9826062.74,9599999.99,10798778,86,39
2017-12-02,10000002,2007,85999910.5,85999910,85999911,2,2
2017-12-02,10000002,2018,62092.27,37112.06,95999.92,90,43
2017-12-02,10000002,2019,250000,250000,250000,4,4
2017-12-02,10000002,2020,112005,112005,112005,122,22
2017-12-02,10000002,2021,1200000,1200000,1200000,3,3
2017-12-02,10000002,2024,1210988,1209999.99,1210989.18,452,223
2017-12-02,10000002,2026,119999999.47,119999999.46,119999999.47,3,2
2017-12-02,10000002,2027,219999999.98,219999999.98,219999999.98,1,1
2017-12-02,10000002,2028,439998989.48,439998989.48,439998989.49,3,3
2017-12-02,10000002,2029,411898757.24,399999999.01,420000010.48,10,9
2017-12-02,10000002,2030,519999999.01,519999999.01,519999999.01,2,1
2017-12-02,10000002,2032,495198,452000,495198.91,1602,559
2017-12-02,10000002,2035,510000000,509999999.99,510000000,2,2
2017-12-02,10000002,2038,1230898.02,1230898.02,1230898.02,208,159
2017-12-02,10000002,2040,111749998.2,111749998.12,111749998.26,5,5
2017-12-02,10000002,2041,189999996.33,189999994.94,189999997.02,3,3
2017-12-02,10000002,2042,216594979.49,216594979.31,216594979.58,3,3
2017-12-02,10000002,2043,268999998.96,268999998.96,268999998.96,2,2
2017-12-02,10000002,2044,419999999.93,419999999.93,419999999.93,1,1
2017-12-02,10000002,2046,8725.08,8725.08,8725.08,11089,388
2017-12-02,10000002,2047,95409.09,50000,550000,11,9
2017-12-02,10000002,2048,498869.88,498866,498874,8557,3409
2017-12-02,10000002,2050,294322984.19,267651121.52,314150000,20,20
2017-12-02,10000002,2053,140999999.39,140999999.39,140999999.39,1,1
2017-12-02,10000002,2073,1.51,1.51,1.51,12609892,7
2017-12-02,10000002,2078,45629365.95,42000005.49,52888084.9,6,6
2017-12-02,10000002,2082,202884450.16,180258155.6,209499999.9,49,47
2017-12-02,10000002,2103,5525,2000,16100,8,8
2017-12-02,10000002,2104,504358.04,400000.02,539981.8,16,8
2017-12-02,10000002,2108,14992.29,200.04,15015.19,93,18
2017-12-02,10000002,2109,1579300,1579300,1579300,528,63
2017-12-02,10000002,2117,1987442.01,1732671.5,2032399.98,91,62
2017-12-02,10000002,2161,423394.98,423394.98,423394.98,176,28
2017-12-02,10000002,2162,2462999.5,2460000,2465999,4,4
2017-12-02,10000002,2173,18027.06,18027.02,23283.72,4787,302
2017-12-02,10000002,2174,1765708.57,1760000,1769989.99,7,7
2017-12-02,10000002,2175,1049667.4,1000000,1049667.79,3180,304
2017-12-02,10000002,2178,5206.2,5206.2,5206.2,1000,1
2017-12-02,10000002,2180,59997,59997,59997,16000,8
2017-12-02,10000002,2182,18998.96,17999,18998.96,16000,7
2017-12-02,10000002,2183,20063.1,20063.1,23799.77,8791,464
2017-12-02,10000002,2184,1999999.91,1999999.89,1999999.92,10,9
2017-12-02,10000002,2185,997441,997440.6,997443.94,6843,717
2017-12-02,10000002,2188,9090.01,9090.01,9090.01,1000,1
2017-12-02,10000002,2193,87228.4,75005.87,87228.41,3331,168
2017-12-02,10000002,2194,6000000,6000000,6000000,7,6
2017-12-02,10000002,2195,2049889,2049858.36,2049894.99,2081,177
2017-12-02,10000002,2203,2483,2483,2483,5654,366
2017-12-02,10000002,2204,210399.99,209000,210999.99,10,10
2017-12-02,10000002,2205,444999.99,444994.99,445000,10545,682
2017-12-02,10000002,2254,108950,90105.36,108950,367,78
2017-12-02,10000002,2267,3.33,2.99,3.34,30340478,27
2017-12-02,10000002,2268,2.27,2.27,2.27,8904634,15
2017-12-02,10000002,2270,7.71,6.04,7.74,34114169,36
2017-12-02,10000002,2272,3.02,3.02,3.02,29420055,21
2017-12-02,10000002,2281,2745495.5,2745486.24,2745496.89,4808,1790
2017-12-02,10000002,2286,5.7,5.7,5.7,6262920,8
2017-12-02,10000002,2287,4.24,4.24,4.24,9181031,10
2017-12-02,10000002,2288,1.42,1.33,1.45,10158992,10
2017-12-02,10000002,2289,43719.87,23105.21,83864.49,28,18
2017-12-02,10000002,2290,902000,902000,902000,3,3
2017-12-02,10000002,2291,58038.75,30000.13,64999.95,31,27
2017-12-02,10000002,2292,790000,790000,790000,2,2
2017-12-02,10000002,2293,94338.42,75080.33,108927,73,35
2017-12-02,10000002,2294,925833.33,920000,955000,6,6
2017-12-02,10000002,2295,74848.97,21003.47,119999.95,40,31
2017-12-02,10000002,2296,999888,999888,999888,2,2
2017-12-02,10000002,2297,1396775.88,1310108,1396775.89,146,72
2017-12-02,10000002,2299,2000000,1680000.25,2049999.99,243,122
2017-12-02,10000002,2301,2033000,2032099.41,2200000,2325,424
2017-12-02,10000002,2303,1879993,1879993,1879993,617,176
2017-12-02,10000002,2305,5.77,5.76,7.39,5108921,9
2017-12-02,10000002,2306,6.66,6.3,6.67,37523225,30
2017-12-02,10000002,2307,5.87,5.87,5.87,17671973,11
2017-12-02,10000002,2308,2.22,2.22,2.41,7393181,18
2017-12-02,10000002,2309,4.58,4.58,4.58,10227351,8
2017-12-02,10000002,2310,1.91,1.91,1.91,12338540,14
2017-12-02,10000002,2311,4.43,4.43,5.99,13726782,13
2017-12-02,10000002,2312,12915.27,12915.26,13748,192761,37
2017-12-02,10000002,2317,10008,9999.99,10009.41,200908,32
2017-12-02,10000002,2319,8304.01,8303.29,9218.37,301412,94
2017-12-02,10000002,2321,17601.99,17601.98,17999.96,100938,21
2017-12-02,10000002,2327,19196,17500.21,19197.36,196050,31
2017-12-02,10000002,2328,9399.99,8920.1,9682.73,500058,68
2017-12-02,10000002,2329,9060.41,9024.29,9104.03,303235,70
2017-12-02,10000002,2331,14672.14,2751.33,17999.62,63,34
2017-12-02,10000002,2332,97440,97440,97440,2,2
2017-12-02,10000002,2333,1389934.78,1063720.6,1389934.89,305,183
2017-12-02,10000002,2341,800407.93,669956.06,844327.85,18,17
2017-12-02,10000002,2344,70004.7,70004.7,70010.16,14699,27
2017-12-02,10000002,2345,92066,92065.2,92066.3,6747,7
2017-12-02,10000002,2346,87999.74,77527.16,87999.79,22372,64
2017-12-02,10000002,2348,128010,128007.06,138899.99,58664,85
2017-12-02,10000002,2349,117290,117290,117290,8531,25
2017-12-02,10000002,2351,115896.8,115896.8,115896.8,1830,65
2017-12-02,10000002,2352,88930,88923.04,89589.5,10475,68
2017-12-02,10000002,2354,95000,95000,95000,11138,9
2017-12-02,10000002,2355,282600,101500.01,400000,5,5
2017-12-02,10000002,2358,108000,107999.95,108999.7,9582,16
2017-12-02,10000002,2360,70014.04,70014.04,70014.04,2356,4
2017-12-02,10000002,2361,112001.19,110001,119999.94,22747,28
2017-12-02,10000002,2363,35900.59,19001.03,40475.99,80,18
2017-12-02,10000002,2364,1137094.97,1137094.91,1137098.98,1674,490
2017-12-02,10000002,2366,141001,141000.06,159499.99,15604,23
2017-12-02,10000002,2367,168990,152000.21,169427.86,30175,68
2017-12-02,10000002,2389,485.32,484.32,518.87,2312981,76
2017-12-02,10000002,2390,490.01,484.99,500.05,4242711,68
2017-12-02,10000002,2392,598,571.12,615,3712029,81
2017-12-02,10000002,2393,340,340,340,466346,44
2017-12-02,10000002,2395,856.46,856.4,856.48,3229708,48
2017-12-02,10000002,2396,316.72,316,346.96,1031098,50
2017-12-02,10000002,2397,818.99,794.28,829.76,3124896,60
2017-12-02,10000002,2398,472.65,462.07,591.93,1902777,81
2017-12-02,10000002,2399,612,581.38,661,3275890,78
2017-12-02,10000002,2400,419.96,394.17,424.4,2853179,90
2017-12-02,10000002,2401,860.03,781.2,868.79,2734011,79
2017-12-02,10000002,2403,7500000,7500000,7500000,146,57
2017-12-02,10000002,2404,1068000.09,1067999.81,1068000.18,2356,296
2017-12-02,10000002,2406,1275346.24,1000000,1275404.09,135,82
2017-12-02,10000002,2410,1092993.03,999998.95,1092993.04,1455,248
2017-12-02,10000002,2420,5000000,4995000.51,5094994.66,445,85
2017-12-02,10000002,2436,1949940.99,1850000.07,1949942,3334,119
2017-12-02,10000002,2444,44348,37151.07,44986.69,2290,198
2017-12-02,10000002,2445,7000000,7000000,7000000,7,7
2017-12-02,10000002,2446,1795971,1795929.95,1795999.99,2365,326
2017-12-02,10000002,2454,3110.97,3110.96,3110.99,14052,806
2017-12-02,10000002,2455,186713.1,53500,257979.99,29,18
2017-12-02,10000002,2456,396667.99,394999.99,396670.34,11745,1215
2017-12-02,10000002,2463,6214.25,6214,6399.99,314899,77
2017-12-02,10000002,2464,3186.24,2401.11,3186.28,4256,393
2017-12-02,10000002,2465,412499.96,300000,569999.88,8,8
2017-12-02,10000002,2466,449981.98,449979.89,449983.98,2777,278
2017-12-02,10000002,2476,28530.34,28530.34,28530.34,1924,157
2017-12-02,10000002,2477,4000000,4000000,4000000,6,6
2017-12-02,10000002,2478,1648999.98,1648999.88,1648999.99,1215,126
2017-12-02,10000002,2486,6656.65,6200,6656.66,12694,402
2017-12-02,10000002,2487,411501.99,400000,412779.99,10,10
2017-12-02,10000002,2488,419168.9,393213.18,419170.95,18611,1163
2017-12-02,10000002,2495,638802.27,500000,638807.7,126,74
2017-12-02,10000002,2505,599999.99,500000,608318.36,133,80
2017-12-02,10000002,2506,170,170,170.01,246411,144
2017-12-02,10000002,2507,7000000,7000000,7000000,4,4
2017-12-02,10000002,2508,140.05,140.02,287.99,329460,106
2017-12-02,10000002,2509,10000000,10000000,10000000,2,2
2017-12-02,10000002,2510,175.11,175.1,175.31,263333,119
2017-12-02,10000002,2511,8000000,8000000,8000000,1,1
2017-12-02,10000002,2512,7.16,7.16,7.16,399500,217
2017-12-02,10000002,2513,35000,35000,35000,4,4
2017-12-02,10000002,2514,4.64,4.64,4.64,305132,228
2017-12-02,10000002,2515,40000,40000,40000,5,5
2017-12-02,10000002,2516,6.04,6.04,6.04,924418,181
2017-12-02,10000002,2517,50000,50000,50000,5,5
2017-12-02,10000002,2524,105000.02,88421.1,105000.08,2781,120
2017-12-02,10000002,2525,99000,81215.3,99999.95,181,39
2017-12-02,10000002,2529,10279.16,7100.01,17999.96,24,13
2017-12-02,10000002,2530,288710,187420,390000,2,2
2017-12-02,10000002,2531,494226.84,418646.08,524993.79,73,43
2017-12-02,10000002,2533,98499.75,98499.72,98499.75,194,47
2017-12-02,10000002,2534,221000,86093.41,222219.88,372,82
2017-12-02,10000002,2537,16372.05,2778.1,21659.48,57,52
2017-12-02,10000002,2538,254946.67,187420,390000,3,3
2017-12-02,10000002,2539,1244999.99,1095999.95,1245000,400,169
2017-12-02,10000002,2545,20297.44,19498.56,50000,29,25
2017-12-02,10000002,2546,218946.67,187420,282000,3,3
2017-12-02,10000002,2547,668885.95,668885.94,668885.95,116,68
2017-12-02,10000002,2549,95764.93,82355.82,95764.93,916,83
2017-12-02,10000002,2550,106999.83,106999.83,106999.83,256,53
2017-12-02,10000002,2551,115000,81584.75,130000,153,37
2017-12-02,10000002,2553,1063999.53,1049907.16,1072988.99,893,419
2017-12-02,10000002,2559,1796969.35,1749997.99,1796980.93,146,62
2017-12-02,10000002,2563,2999899.85,2500000,2999899.9,236,73
2017-12-02,10000002,2567,1899999.9,1899999.9,1900000,350,87
2017-12-02,10000002,2571,1699993.95,1500007.52,1699993.97,265,60
2017-12-02,10000002,2575,1849999.83,1750238.3,1849999.85,265,59
2017-12-02,10000002,2589,194092642.28,178000173.88,199999999.99,54,48
2017-12-02,10000002,2603,8834.86,8834.86,8834.86,1438,148
2017-12-02,10000002,2604,195429.08,16640,999999.92,11,10
2017-12-02,10000002,2605,314498.96,309509.99,314984.5,4433,1412
2017-12-02,10000002,2613,153.54,153.28,153.63,700559,201
2017-12-02,10000002,2621,585.48,585.41,585.57,1182320,100
2017-12-02,10000002,2629,440.12,437.04,509.95,7151524,262
2017-12-02,10000002,2637,519.32,519.27,519.34,97192,38
2017-12-02,10000002,2647,103.99,99.98,104,75735,24
2017-12-02,10000002,2655,358.96,309.13,358.97,35882,21
2017-12-02,10000002,2679,127.92,127.55,140.22,3309673,197
2017-12-02,10000002,2739,46500000.02,37000000.07,50000000,4,4
2017-12-02,10000002,2787,100000000,100000000,100000000,1,1
2017-12-02,10000002,2801,1346.94,1346.94,1346.94,38775,12
2017-12-02,10000002,2811,1418.8,1418.78,1418.8,246820,38
2017-12-02,10000002,2817,52.81,52.76,52.83,446596,101
2017-12-02,10000002,2833,153500007.82,120000020.02,186999995.61,2,2
2017-12-02,10000002,2863,8722518.98,6500002.13,10000666.11,9,9
2017-12-02,10000002,2865,3756200.24,3500235.78,3799898.83,49,10
2017-12-02,10000002,2867,2220000,2218999.9,2222999.99,11506,121
2017-12-02,10000002,2868,2645989.77,2500005.45,2654112.86,6080,105
2017-12-02,10000002,2869,1106105,1106102.01,1135003.01,16493,118
2017-12-02,10000002,2870,1050003,1050003,1050003,16357,147
2017-12-02,10000002,2871,1674949.61,1571003.01,1674975,10986,137
2017-12-02,10000002,2872,2349003,2200005,2354915.9,14239,146
2017-12-02,10000002,2873,649998.69,649998.59,658996.89,1583,167
2017-12-02,10000002,2875,1574444.19,1567646.97,1574444.44,20893,167
2017-12-02,10000002,2876,2369475.59,2250005,2379944.44,16829,245
2017-12-02,10000002,2881,488794.86,488794.83,488794.98,841,119
2017-12-02,10000002,2889,678009.96,675012.05,678012,1776,236
2017-12-02,10000002,2897,1563000,1361225,1566959,557,103
2017-12-02,10000002,2905,653997.87,653997.87,653997.88,301,38
2017-12-02,10000002,2913,1599984.94,1508114.96,1599984.99,1135,128
2017-12-02,10000002,2921,1347999.97,1000001,1348876.62,198,47
2017-12-02,10000002,2929,3789993.96,3789992.61,3789994,933,107
2017-12-02,10000002,2937,1496999,1496998.99,1550000,302,58
2017-12-02,10000002,2945,3128426.53,1882699.33,3396900,15,6
2017-12-02,10000002,2948,649365471.47,649365471.47,649365471.47,3,1
2017-12-02,10000002,2953,3462431.19,3156456.14,3473296.78,29,8
2017-12-02,10000002,2961,4999996,4998997.95,5189999.67,2040,92
2017-12-02,10000002,2969,1918994.93,1764371.2,1918994.99,875,134
2017-12-02,10000002,2977,1152899.98,1059999.97,1152900,1242,162
2017-12-02,10000002,2985,2117822.56,1910121.65,2766887.9,33,2
2017-12-02,10000002,2993,597984.99,597984.99,597986,262,37
2017-12-02,10000002,2998,62297953.39,59176009.14,63698988.72,51,44
2017-12-02,10000002,3001,358975.25,358975.24,358975.58,379,56
2017-12-02,10000002,3009,2455576.47,1404449.51,2899998.81,60,18
2017-12-02,10000002,3017,692701.53,510048.01,895698.81,85,26
2017-12-02,10000002,3025,1638981,1638980.98,1638982,363,65
2017-12-02,10000002,3033,949999,949998.99,949999,863,151
2017-12-02,10000002,3039,520833299.93,520799999.95,520899899.89,3,3
2017-12-02,10000002,3041,644998.74,644998,644998.74,544,118
2017-12-02,10000002,3049,2659996.92,2659996.92,2659996.92,4,1
2017-12-02,10000002,3057,5385000,4944457.97,5389998.98,1010,124
2017-12-02,10000002,3065,4699988.98,4699985.79,4699988.99,104,32
2017-12-02,10000002,3074,1009996.94,1009996.94,1009996.94,2335,126
2017-12-02,10000002,3080,6399993.89,6399993.89,6399993.89,1,1
2017-12-02,10000002,3081,114500008,110000016,119000000,2,2
2017-12-02,10000002,3082,2277997.79,2277996.88,2277998.97,2483,165
2017-12-02,10000002,3084,733999923.78,733999921.46,733999926.1,2,2
2017-12-02,10000002,3086,115000000,115000000,115000000,1,1
2017-12-02,10000002,3089,116999997.85,116999997.83,116999997.86,2,2
2017-12-02,10000002,3090,5499999.98,5480102,6099994.94,423,53
2017-12-02,10000002,3092,593899996.99,593899996.99,593899996.99,1,1
2017-12-02,10000002,3093,14900000,14900000,14900000,7,7
2017-12-02,10000002,3094,174998887.98,174998887.98,174998887.98,1,1
2017-12-02,10000002,3095,767488756.59,507400319.26,799999795.64,9,9
2017-12-02,10000002,3098,497780,497780,497780,382,53
2017-12-02,10000002,3106,1615566.45,1550769.84,1654000,72,20
2017-12-02,10000002,3114,2374247.98,2374247.98,2374247.98,13,2
2017-12-02,10000002,3117,13379999.37,13300000,13399998.96,5,5
2017-12-02,10000002,3118,99999996,99999996,99999996,2,2
2017-12-02,10000002,3119,529999995.64,529999994.94,529999996.68,5,5
2017-12-02,10000002,3120,8139987.53,8139987.53,8139987.53,2,2
2017-12-02,10000002,3122,3412062.93,3268105.4,3636996.92,41,7
2017-12-02,10000002,3125,13395889.87,13395889.87,13395889.87,3,3
2017-12-02,10000002,3126,119999999.99,119999999.99,119999999.99,1,1
2017-12-02,10000002,3127,914298998,914298998,914298998,1,1
2017-12-02,10000002,3128,8999998.77,8999998.77,8999998.77,5,5
2017-12-02,10000002,3129,129999999.99,129999999.99,129999999.99,1,1
2017-12-02,10000002,3130,1689996.99,1689996.99,1689996.99,549,106
2017-12-02,10000002,3133,5887500,4200000.01,6450000,4,4
2017-12-02,10000002,3134,134999999.99,134999999.99,134999999.99,1,1
2017-12-02,10000002,3136,8998991.95,8998991.95,8998991.95,10,8
2017-12-02,10000002,3138,1999998.99,1765013.02,2099996.28,642,90
2017-12-02,10000002,3140,594999929.44,594999929.44,594999929.44,1,1
2017-12-02,10000002,3141,7998899.98,7998899.98,7998899.98,5,3
2017-12-02,10000002,3142,129999999.98,129999999.98,129999999.98,2,2
2017-12-02,10000002,3143,970000000,970000000,970000000,1,1
2017-12-02,10000002,3144,7399992.99,7399992.99,7399992.99,2,2
2017-12-02,10000002,3146,1733867.99,1733867.9,1734979.99,904,150
2017-12-02,10000002,3151,699999999.98,699999999.98,699999999.98,1,1
2017-12-02,10000002,3154,4491999,4491999,4499999.98,139,28
2017-12-02,10000002,3162,541014.56,541014.56,541014.56,442,57
2017-12-02,10000002,3165,7999998.92,7999998.92,7999998.92,1,1
2017-12-02,10000002,3168,9999999.99,9999999.99,9999999.99,2,2
2017-12-02,10000002,3169,119999999.99,119999999.99,119999999.99,1,1
2017-12-02,10000002,3170,712997.99,699999.99,712998.97,760,125
2017-12-02,10000002,3173,11999999.79,11999999.79,11999999.79,1,1
2017-12-02,10000002,3177,121949999.66,121949999.66,121949999.66,1,1
2017-12-02,10000002,3178,721000,700000.21,793470,11706,360
2017-12-02,10000002,3181,8999998.93,8999998.93,8999998.93,1,1
2017-12-02,10000002,3182,100000000,100000000,100000000,1,1
2017-12-02,10000002,3184,1600000,1600000,1600000,186,93
2017-12-02,10000002,3186,4584992.98,4584992.87,4584993.71,484,107
2017-12-02,10000002,3190,8499998.86,8499997.99,8499998.95,11,11
2017-12-02,10000002,3192,889780999.99,889780999.99,889780999.99,1,1
2017-12-02,10000002,3193,11999998.75,11999998.74,11999998.75,8,4
2017-12-02,10000002,3194,122999000,122999000,122999000,1,1
2017-12-02,10000002,3195,591666635.36,589999978.8,594999948.5,3,3
2017-12-02,10000002,3196,8499999.95,8499999.95,8499999.95,2,2
2017-12-02,10000002,3198,540000000,540000000,540000000,1,1
2017-12-02,10000002,3199,6899999.88,6899999.88,6899999.88,5,1
2017-12-02,10000002,3204,7498996.23,7498996.23,7498996.23,7,7
2017-12-02,10000002,3206,4000000,4000000,4000000,1,1
2017-12-02,10000002,3213,542444427.42,542444420.69,542444430.78,3,3
2017-12-02,10000002,3215,649999999.7,649999999.7,649999999.7,1,1
2017-12-02,10000002,3218,343467627.06,327301000,369994994,52,45
2017-12-02,10000002,3222,6999895.98,6999895.98,6999895.98,1,1
2017-12-02,10000002,3223,99999989.78,99999989.78,99999989.78,3,2
2017-12-02,10000002,3231,5739000,5739000,5739000,3,3
2017-12-02,10000002,3237,7577880.05,7577880.05,7577880.06,13,10
2017-12-02,10000002,3238,104999999.2,104999999.19,104999999.2,3,3
2017-12-02,10000002,3239,598166407.98,588999999.99,599999670.42,6,6
2017-12-02,10000002,3240,7194736.68,7100000,7199999.82,19,7
2017-12-02,10000002,3241,115999999.18,115999999.18,115999999.18,1,1
2017-12-02,10000002,3242,21000.06,21000.06,21000.06,730,57
2017-12-02,10000002,3243,970826.65,394240,2123999.95,6,6
2017-12-02,10000002,3244,1609998.15,1440377,1622616.7,1967,986
2017-12-02,10000002,3247,6917931.19,6299997.49,9389665.99,5,3
2017-12-02,10000002,3249,799999991.35,799999991.35,799999991.35,1,1
2017-12-02,10000002,3253,8196886.99,8196886.97,8196887,3,2
2017-12-02,10000002,3256,6199996.95,6199996.41,6199998.01,346,88
2017-12-02,10000002,3257,89700888.17,89700885,89700889.17,7,7
2017-12-02,10000002,3265,6949990.86,6794535.9,6949990.87,202,62
2017-12-02,10000002,3266,95249986.97,95249982.33,95249994.52,6,6
2017-12-02,10000002,3267,643159112.11,643159112.1,643159112.11,3,2
2017-12-02,10000002,3274,9179883.99,9179883.98,9179884,11,4
2017-12-02,10000002,3285,1270896.42,1101208.5,1497146.99,7,4
2017-12-02,10000002,3288,9999999.66,9999999.66,9999999.66,3,1
2017-12-02,10000002,3291,2899998.79,2899998.79,2899998.79,1,1
2017-12-02,10000002,3293,11994.93,11994.93,11994.93,126,56
2017-12-02,10000002,3296,27969,27969,27969,145,47
2017-12-02,10000002,3297,560.11,560.11,560.11,1304,85
2017-12-02,10000002,3300,14000.01,8000.01,20000,2,2
2017-12-02,10000002,3301,20000,20000,20000,483,50
2017-12-02,10000002,3302,20000,14000.03,20000,198,90
2017-12-02,10000002,3303,18573.03,5000,20000,89,60
2017-12-02,10000002,3304,100000,100000,100000,392,117
2017-12-02,10000002,3305,100000,100000,100000,228,96
2017-12-02,10000002,3306,100000,100000,100000,345,71
2017-12-02,10000002,3307,2000000,2000000,2000000,227,56
2017-12-02,10000002,3308,2000000,2000000,2000000,129,78
2017-12-02,10000002,3309,2226660.12,2000000,2399999.96,66,54
2017-12-02,10000002,3310,38606.99,21101.13,55000,46,30
2017-12-02,10000002,3311,42381.1,0.02,85000,42,26
2017-12-02,10000002,3312,37250.01,6000.12,60000,52,31
2017-12-02,10000002,3315,1009777.75,1000000,1040000,45,44
2017-12-02,10000002,3316,75043.01,70000,134999.92,93,39
2017-12-02,10000002,3317,95127.91,65000,103500,43,39
2017-12-02,10000002,3318,59052.37,25000.01,99799.96,42,26
2017-12-02,10000002,3319,17455.85,3012.05,23012.05,44,28
2017-12-02,10000002,3320,10000,10000,10000,135,121
2017-12-02,10000002,3321,20000,20000,20000,223,186
2017-12-02,10000002,3322,30594.18,25000,39989.74,57,49
2017-12-02,10000002,3323,45000,45000,45000,190,69
2017-12-02,10000002,3324,100000,100000,100000,143,118
2017-12-02,10000002,3325,400000,400000,400000,106,67
2017-12-02,10000002,3326,350000,350000,350000,198,63
2017-12-02,10000002,3327,1725.46,102.27,11899.97,34,6
2017-12-02,10000002,3328,49984.17,49984.17,49984.17,132,128
2017-12-02,10000002,3329,47999.97,40000,47999.99,106,93
2017-12-02,10000002,3330,40020,40000,69898.84,176,142
2017-12-02,10000002,3331,44997,44997,44997,115,103
2017-12-02,10000002,3332,500000,500000,500000,254,142
2017-12-02,10000002,3333,500000,500000,500000,160,95
2017-12-02,10000002,3334,500000,500000,500000,384,165
2017-12-02,10000002,3335,500000,500000,500000,129,84
2017-12-02,10000002,3336,4000000,4000000,4000000,176,105
2017-12-02,10000002,3337,4000000,4000000,4000000,237,83
2017-12-02,10000002,3338,4000000,4000000,4000000,252,91
2017-12-02,10000002,3339,4388492.1,4000000,4786994.8,87,65
2017-12-02,10000002,3340,300000,300000,449435.24,118,85
2017-12-02,10000002,3341,300000,300000,300000,159,30
2017-12-02,10000002,3342,325830.85,300000,349889,44,33
2017-12-02,10000002,3343,350306.02,300000,463997.43,88,33
2017-12-02,10000002,3344,5599999999.92,5500000000,5799999999.77,3,3
2017-12-02,10000002,3345,5575000000,5500000000,5799999999.98,4,4
2017-12-02,10000002,3347,5500000000,5500000000,5500000000,1,1
2017-12-02,10000002,3348,20000,20000,20000,246,169
2017-12-02,10000002,3349,37474.74,5000,99999.99,99,34
2017-12-02,10000002,3350,122499.62,120000,549986.02,72,67
2017-12-02,10000002,3351,576916.03,400000,799947.95,65,45
2017-12-02,10000002,3352,471554.68,400000,529988.94,32,28
2017-12-02,10000002,3354,2659035.96,2500000,2919997.99,98,49
2017-12-02,10000002,3355,20000,20000,20000,161,157
2017-12-02,10000002,3356,60000,60000,60000,182,114
2017-12-02,10000002,3357,180000,180000,180000,120,99
2017-12-02,10000002,3358,141282.41,100000,218931.5,47,39
2017-12-02,10000002,3359,200000,200000,200000,128,123
2017-12-02,10000002,3361,200000,200000,200000,169,88
2017-12-02,10000002,3363,20000,20000,20000,104,104
2017-12-02,10000002,3368,47213.46,40000,58498.53,7,7
2017-12-02,10000002,3373,1325365.51,666666.67,1555445.94,14,12
2017-12-02,10000002,3380,14801.72,10003.13,20000,40,19
2017-12-02,10000002,3385,50000,50000,50000,185,119
2017-12-02,10000002,3386,6247.32,4997.08,20000,24,5
2017-12-02,10000002,3387,150000,150000,207889.98,179,144
2017-12-02,10000002,3388,200683.81,80000.01,239965.1,84,68
2017-12-02,10000002,3389,280000,82512.19,370000,130,61
2017-12-02,10000002,3392,16751.83,8008.44,20000,4,4
2017-12-02,10000002,3393,32931.09,30000,40000,100,92
2017-12-02,10000002,3394,46050.73,44999.93,60000,26,26
2017-12-02,10000002,3395,96621.11,80000,109999.62,29,29
2017-12-02,10000002,3396,2318178.08,2000000,2499993.93,11,11
2017-12-02,10000002,3397,1095454.79,1000000,1200000,22,22
2017-12-02,10000002,3398,26269180.22,25000000,26649934.28,13,13
2017-12-02,10000002,3400,102499999.5,100000000,104999998.99,6,6
2017-12-02,10000002,3402,12415.63,289.21,20999.86,10,7
2017-12-02,10000002,3403,323555.03,300000,340022.88,48,41
2017-12-02,10000002,3405,25000,25000,25000,133,110
2017-12-02,10000002,3406,391532.21,300000,399961.98,63,46
2017-12-02,10000002,3408,15749973.97,15000000,16499994.97,14,10
2017-12-02,10000002,3409,350000,198000,499988.95,140,72
2017-12-02,10000002,3410,450000,450000,574428,179,98
2017-12-02,10000002,3411,52529.12,10000,109999,34,18
2017-12-02,10000002,3412,321705.85,177000,500000,35,20
2017-12-02,10000002,3413,3889.46,2000.7,20000,27,6
2017-12-02,10000002,3416,35000,35000,35000,305,75
2017-12-02,10000002,3417,39237.19,5000.08,55000,67,37
2017-12-02,10000002,3418,133647.5,60000.22,189981.83,52,36
2017-12-02,10000002,3419,159012.21,171.49,184860.06,37,36
2017-12-02,10000002,3420,201225,132213,267522.89,41,27
2017-12-02,10000002,3421,130000,130000,130000,254,144
2017-12-02,10000002,3422,80000,80000,80000,123,113
2017-12-02,10000002,3423,75000,75000,75000,245,183
2017-12-02,10000002,3424,77029.24,16380.1,79000,39,25
2017-12-02,10000002,3425,85432.35,84000,108998,48,39
2017-12-02,10000002,3426,5053.58,2500.01,15999.99,28,10
2017-12-02,10000002,3427,104264.64,50001,140000,49,33
2017-12-02,10000002,3428,102913.86,25000,179995.98,59,43
2017-12-02,10000002,3429,94061.86,63428.24,119201.96,55,37
2017-12-02,10000002,3430,500000,500000,500000,175,91
2017-12-02,10000002,3431,80866.21,75000,103997.7,52,44
2017-12-02,10000002,3432,60818.25,11500.17,101999.97,44,27
2017-12-02,10000002,3433,100000,100000,100000,110,93
2017-12-02,10000002,3434,80000,80000,80000,321,114
2017-12-02,10000002,3435,61803.4,12001.03,84979.89,53,29
2017-12-02,10000002,3436,20894.04,19974.97,24000,25,25
2017-12-02,10000002,3437,23420.16,1750.03,44926.66,46,24
2017-12-02,10000002,3438,40000.1,40000.1,40000.1,121,96
2017-12-02,10000002,3439,200000,200000,200000,154,72
2017-12-02,10000002,3440,220000,220000,220000,139,80
2017-12-02,10000002,3441,380000,380000,380000,230,145
2017-12-02,10000002,3442,500000,500000,500000,218,147
2017-12-02,10000002,3443,23690.33,20000,26999.98,35,35
2017-12-02,10000002,3444,100000,100000,100000,147,45
2017-12-02,10000002,3446,100000,100000,100000,244,144
2017-12-02,10000002,3447,7946929.44,7500000,9488826.96,49,23
2017-12-02,10000002,3449,1902.83,1116,20000,24,3
2017-12-02,10000002,3450,8476.25,113.44,22500,46,21
2017-12-02,10000002,3451,49898.97,30000,59898.98,145,102
2017-12-02,10000002,3452,40000,40000,93494.96,183,148
2017-12-02,10000002,3453,27853.45,3000.93,48976.93,58,42
2017-12-02,10000002,3454,247621.44,157000.91,399985,56,27
2017-12-02,10000002,3455,23589.34,1150.36,35000,54,37
2017-12-02,10000002,3456,10750000,10000000,10798999.98,119,106
2017-12-02,10000002,3465,129212.5,27137.42,156998.88,27,18
2017-12-02,10000002,3466,97468.94,74848,999999,29,26
2017-12-02,10000002,3467,11073.12,1757.33,11381.95,82,47
2017-12-02,10000002,3469,300018.82,300018.82,300018.82,1,1
2017-12-02,10000002,3475,648309956.79,648309956.79,648309956.79,1,1
2017-12-02,10000002,3477,191379999.99,191379999.99,191379999.99,1,1
2017-12-02,10000002,3478,689979939.64,689979939.64,689979939.64,1,1
2017-12-02,10000002,3479,10999999.9,10999999.9,10999999.9,2,2
2017-12-02,10000002,3481,114999990.98,114999990.98,114999990.98,1,1
2017-12-02,10000002,3482,594990740.18,594990714.31,594990761.25,15,15
2017-12-02,10000002,3488,848368.99,848368.99,848369.94,104,83
2017-12-02,10000002,3496,1649998.98,1600666.94,1688887.9,225,136
2017-12-02,10000002,3504,3094639.47,3094630.33,3697998,322,155
2017-12-02,10000002,3512,1342998.96,1341498.5,1342998.97,304,63
2017-12-02,10000002,3520,1699499.94,1599998.99,1699972.98,653,140
2017-12-02,10000002,3528,41238.85,9000.21,69997,64,46
2017-12-02,10000002,3529,400000,400000,400000,3,3
2017-12-02,10000002,3530,1199993,1199992.99,1199994.94,898,407
2017-12-02,10000002,3532,14660999.96,12322000.15,16999999.77,8,8
2017-12-02,10000002,3534,595600336.1,580900504.98,624999998.32,6,5
2017-12-02,10000002,3536,192666646.62,180000000,198999969.94,9,5
2017-12-02,10000002,3538,56366.35,51110.15,78891.88,37,16
2017-12-02,10000002,3539,800000,800000,800000,2,2
2017-12-02,10000002,3540,1599896.98,1599798.9,1599898,211,95
2017-12-02,10000002,3542,353812357.35,335002606.75,361898996.15,61,50
2017-12-02,10000002,3544,308999999.85,291000000.01,319899999.69,16,12
2017-12-02,10000002,3546,224500006.61,219000013.26,229999999.96,6,4
2017-12-02,10000002,3550,405105852.75,405105852.75,405105852.75,6,1
2017-12-02,10000002,3551,31381.1,6003.09,36000,26,24
2017-12-02,10000002,3552,440.25,440.25,440.25,708,20
2017-12-02,10000002,3554,930,930,930,10872,66
2017-12-02,10000002,3555,1494298.49,1000000,1988596.97,2,2
2017-12-02,10000002,3556,9404934.04,5800100.48,13009767.6,2,2
2017-12-02,10000002,3559,559990999.99,559990999.99,559990999.99,9,3
2017-12-02,10000002,3563,279000677.67,279000677.67,279000677.67,1,1
2017-12-02,10000002,3565,313000000,313000000,313000000,3,2
2017-12-02,10000002,3566,17725.24,2028.28,17725.27,242,37
2017-12-02,10000002,3567,334375,112500,999999.99,4,4
2017-12-02,10000002,3568,974998.98,974997.96,978987.98,964,387
2017-12-02,10000002,3573,254985707.6,239999992.21,344900000,7,3
2017-12-02,10000002,3575,185274909.06,177422768.99,189380149.98,14,9
2017-12-02,10000002,3576,78051.04,75000.26,86999.99,59,11
2017-12-02,10000002,3577,1601719.72,702580,3399999.15,3,3
2017-12-02,10000002,3578,2325231.77,2324999.97,2325231.77,710,177
2017-12-02,10000002,3581,10282015.2,9814821.55,11449999.41,14,13
2017-12-02,10000002,3586,4553.63,3509,14999.9,11,5
2017-12-02,10000002,3588,386392.63,206129.75,496117.99,37,12
2017-12-02,10000002,3596,40764.28,10109.99,44979.78,65,10
2017-12-02,10000002,3597,124700,124700,124700,3,3
2017-12-02,10000002,3598,884555.74,800000,918499,80,30
2017-12-02,10000002,3606,19796.26,8194.4,42999.98,3,2
2017-12-02,10000002,3607,312440,312440,312440,1,1
2017-12-02,10000002,3608,1199999.75,1161101,1199999.89,190,73
2017-12-02,10000002,3616,27136509.45,25500458.1,29099786.99,22,15
2017-12-02,10000002,3617,24659510,24659510,24659510,1,1
2017-12-02,10000002,3618,132409092.05,121000007.26,141999995,22,19
2017-12-02,10000002,3643,111.18,110.4,111.18,238344,57
2017-12-02,10000002,3645,446.44,443.15,469.99,2492927,234
2017-12-02,10000002,3647,235,235,235,9940,42
2017-12-02,10000002,3651,11.78,11.78,11.78,494,238
2017-12-02,10000002,3653,18375,500.01,70000,20,9
2017-12-02,10000002,3654,2399999.99,2399999.99,2399999.99,1,1
2017-12-02,10000002,3655,1477469.81,798560.51,1649977.1,10,9
2017-12-02,10000002,3663,75833.86,3501.64,111999.97,6,3
2017-12-02,10000002,3665,460012.15,460012.15,460012.15,6,2
2017-12-02,10000002,3673,99.88,93.75,120.69,47536,46
2017-12-02,10000002,3683,400.01,400,422,3291832,151
2017-12-02,10000002,3685,530,530,530,425492,46
2017-12-02,10000002,3687,837.26,830.41,849,425038,95
2017-12-02,10000002,3689,9987.93,9316.01,9998.98,1059978,184
2017-12-02,10000002,3691,11000,10001.67,11309.99,161798,64
2017-12-02,10000002,3693,12894.95,12499.99,12930,237739,62
2017-12-02,10000002,3695,9087,9067,9995,256206,45
2017-12-02,10000002,3697,11003.07,11003.07,11003.07,134051,18
2017-12-02,10000002,3699,55,55,55,2018103,17
2017-12-02,10000002,3703,1000.2,1000.2,1000.2,460,31
2017-12-02,10000002,3705,1000.59,1000.59,1000.59,1187,59
2017-12-02,10000002,3707,2908.11,2908.11,2908.11,413,31
2017-12-02,10000002,3709,1060.26,1060.26,1060.26,922,61
2017-12-02,10000002,3711,5020.6,5020.6,5020.6,130,10
2017-12-02,10000002,3713,10330,10330,10330,1730,21
2017-12-02,10000002,3715,91.09,91.04,115.78,72076,71
2017-12-02,10000002,3717,202.74,202.74,202.9,28286,68
2017-12-02,10000002,3719,2989.93,2989.93,2989.93,2067,42
2017-12-02,10000002,3721,304.23,146.01,6000,74,2
2017-12-02,10000002,3723,2603,2603,2603,352,11
2017-12-02,10000002,3725,15300.13,15300.07,16003,199969,48
2017-12-02,10000002,3729,184,184,184,100,1
2017-12-02,10000002,3731,530998.38,400000,699997.17,7,7
2017-12-02,10000002,3732,8265999.33,8000000,8797998,6,5
2017-12-02,10000002,3756,56593978.74,53993978.73,57399998.57,163,137
2017-12-02,10000002,3766,381917.46,301000.07,399898.99,11,7
2017-12-02,10000002,3767,2699000,2699000,2699000,4,4
2017-12-02,10000002,3771,505.83,505.83,505.83,374,41
2017-12-02,10000002,3773,663.88,657.04,670.55,274632,4
2017-12-02,10000002,3775,14525,13500,14539.93,120679,34
2017-12-02,10000002,3777,2859.99,2859.97,2860.03,122563,73
2017-12-02,10000002,3779,922.04,921.69,968,2061264,54
2017-12-02,10000002,3806,1500.05,1500.05,1500.05,71,1
2017-12-02,10000002,3810,5649,5649,5649,8276,65
2017-12-02,10000002,3812,170.75,170.75,170.75,8076,37
2017-12-02,10000002,3814,34.42,34.42,34.43,865068,54
2017-12-02,10000002,3818,1007.99,1007.99,1007.99,170,9
2017-12-02,10000002,3820,2002.57,2002.57,2002.57,206,14
2017-12-02,10000002,3822,1009.02,1009.02,1009.02,480,34
2017-12-02,10000002,3824,1000.23,1000.23,1000.25,370,31
2017-12-02,10000002,3826,1003.08,1003.07,1003.11,700,42
2017-12-02,10000002,3828,11937.16,11237.17,11937.18,423185,206
2017-12-02,10000002,3829,31794.99,24000.53,31799,912,270
2017-12-02,10000002,3830,124666,124000,124740,10,10
2017-12-02,10000002,3831,688999,688998.98,688999.96,2114,643
2017-12-02,10000002,3839,59990,59990,59990,769,83
2017-12-02,10000002,3840,312420,312420,312420,7,7
2017-12-02,10000002,3841,1206816,1206808.72,1206819.28,4293,1088
2017-12-02,10000002,3887,34749.99,34749.99,34749.99,178,70
2017-12-02,10000002,3888,1249994.99,1249994.89,1249995,857,357
2017-12-02,10000002,3893,25104666.06,22500000,27800000,65,36
2017-12-02,10000002,3894,26090806.57,23504160.9,27000002.58,69,39
2017-12-02,10000002,3895,22983999.95,20551200.05,22985000,155,76
2017-12-02,10000002,3898,15849999.95,15449991,15870000,555,143
2017-12-02,10000002,3937,80000.39,80000.38,80000.39,12,3
2017-12-02,10000002,3938,2690000,2690000,2690000,3,3
2017-12-02,10000002,3939,798567.55,798567.55,798567.55,2,1
2017-12-02,10000002,3941,65663.18,57403.53,140000,20,8
2017-12-02,10000002,3942,2989898,2989898,2989898,2,2
2017-12-02,10000002,3943,1499998.38,1499998.34,1499998.42,2,2
2017-12-02,10000002,3947,153036.9,153036.89,153036.91,5,5
2017-12-02,10000002,3948,3020000,3020000,3020000,2,2
2017-12-02,10000002,3949,1095322.27,716181.54,1979983.88,10,10
2017-12-02,10000002,3953,333000,333000,333000,199,10
2017-12-02,10000002,3954,3118977.78,3118977.78,3118977.78,2,2
2017-12-02,10000002,3955,894977.63,100000.05,1159970.86,12,8
2017-12-02,10000002,3958,58750000.03,55000000,60000000.05,4,4
2017-12-02,10000002,3962,101937503.44,80000095.25,102999999,48,17
2017-12-02,10000002,3977,110667.07,41000.6,250000,3,3
2017-12-02,10000002,3978,3000000,3000000,3000000,2,2
2017-12-02,10000002,3979,1486525.8,1130007.99,1949999,23,10
2017-12-02,10000002,3981,55320.6,53501.01,230000,97,4
2017-12-02,10000002,3982,3200000,3200000,3200000,2,2
2017-12-02,10000002,3983,2852725.5,1508019.77,2919973.88,63,15
2017-12-02,10000002,3987,185999.99,185999.99,185999.99,104,9
2017-12-02,10000002,3988,3400000,3400000,3400000,2,2
2017-12-02,10000002,3989,2373653.05,2100000.03,2600087,91,21
2017-12-02,10000002,3993,462704.94,462704.94,462704.94,186,20
2017-12-02,10000002,3994,3600000,3600000,3600000,2,2
2017-12-02,10000002,3995,3351000,2300704.57,4350699.95,115,46
2017-12-02,10000002,4020,25883.18,20002.02,30000,17,11
2017-12-02,10000002,4025,28050.25,28050.13,32799.89,2832,653
2017-12-02,10000002,4027,78752,78751.01,95300,2568,721
2017-12-02,10000002,4028,500000,500000,500000,1,1
2017-12-02,10000002,4051,19799.46,19799.36,19799.49,2250780,228
2017-12-02,10000002,4058,5500765.25,5500765.25,5500765.25,1,1
2017-12-02,10000002,4065,91100000,91100000,91100000,1,1
2017-12-02,10000002,4068,2398006999.99,2398006999.99,2398006999.99,1,1
2017-12-02,10000002,4106,5999999.99,5999999.99,5999999.99,1,1
2017-12-02,10000002,4136,5000.01,5000.01,5000.01,2,1
2017-12-02,10000002,4137,10000.01,10000.01,10000.01,1,1
2017-12-02,10000002,4138,10000.01,10000.01,10000.01,1,1
2017-12-02,10000002,4141,25002.96,25002.96,25002.96,1,1
2017-12-02,10000002,4142,3260.08,3260.08,3260.08,1,1
2017-12-02,10000002,4144,400009.38,100010.05,1000008.04,3,3
2017-12-02,10000002,4147,3744605.96,2999999.99,3967987.96,26,5
2017-12-02,10000002,4165,9801004.04,1602009.07,17999999,2,2
2017-12-02,10000002,4169,7100000,7100000,7100000,1,1
2017-12-02,10000002,4170,2249999.99,2249999.99,2249999.99,3,1
2017-12-02,10000002,4171,32514.82,25000,133116.6,16,14
2017-12-02,10000002,4172,15500200.14,15500200,15500200.28,2,2
2017-12-02,10000002,4180,45000000,45000000,45000000,1,1
2017-12-02,10000002,4188,8888887.99,8888887.99,8888887.99,1,1
2017-12-02,10000002,4196,4999990,4999989.99,4999990,2,2
2017-12-02,10000002,4198,3748.34,1500.01,11999.99,30,22
2017-12-02,10000002,4200,2079994.91,2079994.91,2079994.91,1,1
2017-12-02,10000002,4225,65538.64,50000,350000,13,12
2017-12-02,10000002,4233,300000,300000,300000,3,2
2017-12-02,10000002,4234,483332.99,300000,849998.98,3,3
2017-12-02,10000002,4235,50000,50000,50000,2,2
2017-12-02,10000002,4238,198876.4,10000.21,294419,6,5
2017-12-02,10000002,4239,50000,50000,50000,1,1
2017-12-02,10000002,4242,409090.73,300000,599999.5,11,10
2017-12-02,10000002,4246,20058.11,20038.91,20059.99,347282,89
2017-12-02,10000002,4247,19896.99,19827.18,19897.06,1589283,236
2017-12-02,10000002,4248,4924757.27,4500103.98,5079998.99,93,28
2017-12-02,10000002,4250,3199988.83,3199988.69,3199988.99,221,127
2017-12-02,10000002,4252,229989985.91,229989985.91,229989985.91,1,1
2017-12-02,10000002,4254,1089987.91,1089981.98,1089987.96,300,169
2017-12-02,10000002,4256,3842719.9,2750006.75,3997990.51,40,14
2017-12-02,10000002,4258,1619999,1600532.86,1620531.52,295,166
2017-12-02,10000002,4260,1419998.97,981011,1419998.98,109,96
2017-12-02,10000002,4292,93999899.99,92000000,93999899.99,138,60
2017-12-02,10000002,4294,95066808.68,82000124.05,98000000,59,27
2017-12-02,10000002,4296,1922899.98,1922899.98,1922899.98,1,1
2017-12-02,10000002,4299,100006.9,100006.9,100006.9,1,1
2017-12-02,10000002,4302,65359096.59,60705449.57,66709965.02,45,34
2017-12-02,10000002,4306,60035426.52,57025002.37,63497965.97,25,20
2017-12-02,10000002,4308,66050995.61,61000200.29,66588998,38,26
2017-12-02,10000002,4310,58899997.94,55000060.11,58999994.99,102,56
2017-12-02,10000002,4312,20846.73,20843.92,20847.72,372249,94
2017-12-02,10000002,4313,10372061.56,10370000,10388554,9,6
2017-12-02,10000002,4314,10379991.64,10379990,10379999.01,11,11
2017-12-02,10000002,4315,10362499.75,10360000,10379998,8,8
2017-12-02,10000002,4316,10397999.71,10331000,10799998,7,7
2017-12-02,10000002,4345,368291752.05,360026102.63,379999999.5,22,21
2017-12-02,10000002,4346,670500277.43,602001115.02,699999996.83,12,10
2017-12-02,10000002,4347,1020811083.18,954205632.44,1053999995.27,56,52
2017-12-02,10000002,4348,515711159.79,505725111.11,537495926.43,33,25
2017-12-02,10000002,4349,317700224,299409224.82,317701336.57,201,164
2017-12-02,10000002,4358,49014,49014,49014,579,34
2017-12-02,10000002,4366,147999999,147999999,147999999,1,1
2017-12-02,10000002,4383,1649999.8,1500072.03,1667999.97,658,340
2017-12-02,10000002,4385,4500000,4500000,4500000,229,92
2017-12-02,10000002,4391,100243.99,85775.11,109998.89,210,73
2017-12-02,10000002,4393,48005.56,48005.56,48005.56,1881,168
2017-12-02,10000002,4394,1992439.9,1950000,1998502.75,8,8
2017-12-02,10000002,4395,409894.99,409894.98,409896.91,576,182
2017-12-02,10000002,4396,974999.5,750000,1199999,4,4
2017-12-02,10000002,4397,4699942.52,1000007.05,4990129.94,55,30
2017-12-02,10000002,4398,1875000,1250000,2500000,4,4
2017-12-02,10000002,4399,5984297.23,3886797.14,6089993.95,72,49
2017-12-02,10000002,4401,21799999.99,21799999.99,21799999.99,2,2
2017-12-02,10000002,4403,544798.84,380001.62,544799.99,732,358
2017-12-02,10000002,4405,1359522,1357998,1359555.99,4673,1276
2017-12-02,10000002,4409,100000,99999.99,126989.99,192,20
2017-12-02,10000002,4411,703988.95,600000,799996,26,26
2017-12-02,10000002,4435,3150,3150,3150,1490,259
2017-12-02,10000002,4471,4001.03,4001.03,4001.03,1191,287
2017-12-02,10000002,4477,9900,9900,9900,1374,349
2017-12-02,10000002,4529,1700,1700,1700,489,171
2017-12-02,10000002,4531,2529.01,2529.01,2529.01,332,129
2017-12-02,10000002,4533,67750.08,67750.05,67750.08,195,106
2017-12-02,10000002,4535,3526.01,3526.01,3526.01,135,62
2017-12-02,10000002,4569,14255.01,14255.01,14255.01,388,109
2017-12-02,10000002,4571,8505.04,8505.04,8505.05,243,75
2017-12-02,10000002,4573,77700.26,77700.2,146796.99,263,125
2017-12-02,10000002,4575,10006.48,10006.48,10006.48,146,44
2017-12-02,10000002,4609,21012.05,21012.05,21012.05,690,99
2017-12-02,10000002,4611,25173.25,25173.25,25173.25,641,109
2017-12-02,10000002,4613,22015.07,22015.06,22015.13,664,104
2017-12-02,10000002,4615,23279,23279,23279,678,107
2017-12-02,10000002,4787,7001.03,7001.02,7002,1155,299
2017-12-02,10000002,4829,3501,3501,3501,202,53
2017-12-02,10000002,4831,1801.01,1801.01,1801.01,1010,186
2017-12-02,10000002,4833,191999,110000.34,214999.92,756,308
2017-12-02,10000002,4835,2278,2278,2278,565,141
2017-12-02,10000002,4871,26710.23,26710.18,26720,1458,241
2017-12-02,10000002,5007,9161.64,1181.04,49999,97,47
2017-12-02,10000002,5009,3060,3060,3060,669,204
2017-12-02,10000002,5011,279983.82,250555.4,279983.87,645,228
2017-12-02,10000002,5013,1195.03,1195.01,1960.01,520,143
2017-12-02,10000002,5047,22184.99,22184.69,22190.01,581,93
2017-12-02,10000002,5049,52021.43,52021.43,52021.43,840,121
2017-12-02,10000002,5051,45766.05,45756.31,45766.22,843,198
2017-12-02,10000002,5053,58713.83,58713.83,58713.83,760,101
2017-12-02,10000002,5087,2507,2507,2507,169,69
2017-12-02,10000002,5089,2103,2103,2103,1078,236
2017-12-02,10000002,5091,1651.01,1651.01,1651.01,120,43
2017-12-02,10000002,5093,1753.1,1753.1,1753.11,1573,344
2017-12-02,10000002,5137,3126.01,3126.01,3126.01,1487,362
2017-12-02,10000002,5141,4899.02,4899.02,4899.03,1529,374
2017-12-02,10000002,5175,94815.92,2855.95,244855.86,50,28
2017-12-02,10000002,5177,2629.52,0.01,2850.05,39,23
2017-12-02,10000002,5179,142839.68,95080.03,209999.98,77,35
2017-12-02,10000002,5181,12934.41,1250.05,39999.5,39,25
2017-12-02,10000002,5215,5206.05,5206.05,5206.05,72,41
2017-12-02,10000002,5217,2833.5,7.77,3113,99,64
2017-12-02,10000002,5219,85011.11,85011.11,85011.11,101,53
2017-12-02,10000002,5221,249999.99,249999.99,249999.99,271,58
2017-12-02,10000002,5239,5251.06,5251,5255.45,1333,287
2017-12-02,10000002,5245,4979.97,4979.97,4979.97,3496,236
2017-12-02,10000002,5279,2507.11,2507.07,2507.13,1063,218
2017-12-02,10000002,5281,5051.04,5051.04,5051.04,822,198
2017-12-02,10000002,5282,5022.03,5022.03,5022.03,1360,216
2017-12-02,10000002,5299,8727,8727,8727,1113,144
2017-12-02,10000002,5301,5083.05,5083.05,5086,855,199
2017-12-02,10000002,5302,23111.1,23111.1,23111.1,1237,241
2017-12-02,10000002,5319,6126.06,6126.06,6126.06,884,164
2017-12-02,10000002,5320,4016,4010.02,5000.01,726,197
2017-12-02,10000002,5321,6211.02,6211.02,6211.02,818,174
2017-12-02,10000002,5322,6531.22,6531.18,6535,719,188
2017-12-02,10000002,5339,7072.06,7072.06,7072.06,734,180
2017-12-02,10000002,5340,7602.07,7602.07,7602.07,375,82
2017-12-02,10000002,5342,8003.82,8003.82,8003.82,283,76
2017-12-02,10000002,5361,7820,7816.04,7820,532,167
2017-12-02,10000002,5363,1283.16,1283.16,1283.16,461,156
2017-12-02,10000002,5365,11000.12,11000.12,11000.12,178,92
2017-12-02,10000002,5399,12701,3036.01,14700,2167,371
2017-12-02,10000002,5403,20668.01,20668,21050,928,240
2017-12-02,10000002,5405,20550,18022.01,22050,1674,372
2017-12-02,10000002,5439,14000.13,14000.12,15400,2211,513
2017-12-02,10000002,5443,105999.99,92004.05,106999.7,1717,500
2017-12-02,10000002,5445,20550,18200,25499.99,2317,473
2017-12-02,10000002,5493,35503.73,15735.08,49997.8,564,143
2017-12-02,10000002,5533,32001.25,32001.23,49999.86,1021,269
2017-12-02,10000002,5599,17001.21,17001.18,17001.21,705,190
2017-12-02,10000002,5631,7750,7750,7750,622,141
2017-12-02,10000002,5647,7001.15,7001.13,7001.18,166,58
2017-12-02,10000002,5649,3202.02,3202.02,3202.02,390,70
2017-12-02,10000002,5683,122104,122104,122104,164,40
2017-12-02,10000002,5693,4487.12,702.08,35000,83,47
2017-12-02,10000002,5697,122037.04,122037.04,122037.04,871,113
2017-12-02,10000002,5719,72079.03,72079.03,72079.03,123,43
2017-12-02,10000002,5721,120050.32,120050.32,120050.32,656,138
2017-12-02,10000002,5723,118131.02,118131.02,118131.02,378,91
2017-12-02,10000002,5743,2125.01,2125.01,2125.01,106,45
2017-12-02,10000002,5745,3002,3002,3002,338,123
2017-12-02,10000002,5747,2619.02,2619.02,2619.02,203,94
2017-12-02,10000002,5755,111325.06,111325.06,111325.06,881,123
2017-12-02,10000002,5757,60118.2,60117.26,113498.9,1346,130
2017-12-02,10000002,5759,85139.52,85139.45,104999.99,1036,117
2017-12-02,10000002,5839,1419994.94,1330010.99,1419999.09,1508,667
2017-12-02,10000002,5849,110000.02,110000.01,110000.03,756,196
2017-12-02,10000002,5865,1200.05,1200.05,1200.05,409,87
2017-12-02,10000002,5867,3203.15,3203.15,3203.15,516,101
2017-12-02,10000002,5869,870.01,870.01,870.01,692,149
2017-12-02,10000002,5871,753.85,753.85,753.85,324,75
2017-12-02,10000002,5933,88888,70001.14,88899.7,1348,185
2017-12-02,10000002,5945,367524.73,367521.92,367526.01,2848,344
2017-12-02,10000002,5955,95005,75001.13,99999.9,3889,321
2017-12-02,10000002,5971,29000,27017.91,33999.89,4136,834
2017-12-02,10000002,5973,466999.99,427803,472990,5562,1718
2017-12-02,10000002,5975,22506.01,22505.96,22997,5548,708
2017-12-02,10000002,6001,21096.2,21096.2,21096.2,3104,775
2017-12-02,10000002,6003,4055,4051.01,10099,1682,518
2017-12-02,10000002,6005,14256.15,14256.15,14256.15,2323,470
2017-12-02,10000002,6073,11010,11001.02,11010,1297,229
2017-12-02,10000002,6131,2405.4,2405.4,2405.4,1036,299
2017-12-02,10000002,6135,2225.05,2225.02,2225.1,247,96
2017-12-02,10000002,6159,4592,4592,4592,2957,348
2017-12-02,10000002,6160,16005.4,16005.37,17827.46,4573,555
2017-12-02,10000002,6173,9999.01,9999,9999.01,1490,214
2017-12-02,10000002,6176,2124.7,2124.7,2124.7,1032,218
2017-12-02,10000002,6296,5043.46,5043.44,5043.47,2811,316
2017-12-02,10000002,6325,6905.02,6905.02,6905.02,589,100
2017-12-02,10000002,6437,9040.11,9040.11,9040.11,388,164
2017-12-02,10000002,6439,3657.11,3657.11,3657.11,478,145
2017-12-02,10000002,6441,3780,3780,3780,311,101
2017-12-02,10000002,6443,3062.02,3062.02,3062.02,573,160
2017-12-02,10000002,6485,2521.55,2521.55,2521.55,1770,300
2017-12-02,10000002,6527,1604,1604,1604,1428,266
2017-12-02,10000002,6569,6246.2,6246.2,6246.2,1304,317
2017-12-02,10000002,6631,1989.97,1000,2002.5,80,52
2017-12-02,10000002,6633,3007.51,3007.51,3007.51,111,75
2017-12-02,10000002,6635,356999.9,275848.65,356999.97,174,83
2017-12-02,10000002,6637,6712.96,3000,56850,87,49
2017-12-02,10000002,6671,11257.01,11257.01,11257.01,120,51
2017-12-02,10000002,6673,2510.05,2510.05,2510.05,109,47
2017-12-02,10000002,6675,482643.05,482599.97,511988.96,570,90
2017-12-02,10000002,6677,15131.87,15131.87,15131.87,219,42
2017-12-02,10000002,6715,12128.09,5255,89000,85,49
2017-12-02,10000002,6717,6077.05,6077.05,6077.05,131,60
2017-12-02,10000002,6719,818400.06,818400.06,818400.06,237,80
2017-12-02,10000002,6721,35021.61,35021.61,35021.62,126,46
2017-12-02,10000002,6757,84604.43,25068.37,170000,19,17
2017-12-02,10000002,6759,2760.14,0.01,3000.15,25,14
2017-12-02,10000002,6761,1703951.21,1611230.78,2198726.89,19,14
2017-12-02,10000002,6763,179972.08,166800.09,449997.98,43,17
2017-12-02,10000002,6805,359033.35,70003.78,500000,31,16
2017-12-02,10000002,6807,66719.14,23082.1,97988,29,20
2017-12-02,10000002,6809,9894128.6,8002137.59,10499590.92,33,19
2017-12-02,10000002,6811,1000126.31,905692.69,1149887.95,22,15
2017-12-02,10000002,6859,59117.59,45001.91,140000,44,26
2017-12-02,10000002,6861,36870.24,21011,59000,58,40
2017-12-02,10000002,6863,3514786.83,2606358.27,5111110.99,64,31
2017-12-02,10000002,6865,350001.09,350001.09,350001.09,102,40
2017-12-02,10000002,6919,39113.48,39113.48,39113.48,139,53
2017-12-02,10000002,6921,42500.02,42500.02,42500.02,202,69
2017-12-02,10000002,6923,350013.03,350013.03,350017.34,236,77
2017-12-02,10000002,6925,52396.83,51040.49,62040.55,98,43
2017-12-02,10000002,6959,57001.31,57001.31,57001.31,190,64
2017-12-02,10000002,6961,63001.1,63001.1,63001.1,349,69
2017-12-02,10000002,6963,231011.38,231011.37,289997.99,366,102
2017-12-02,10000002,6965,25504.37,25504.37,25504.37,150,49
2017-12-02,10000002,6999,56014,56014,56014,186,49
2017-12-02,10000002,7001,69970.35,69970.35,69970.35,354,58
2017-12-02,10000002,7003,78200.99,78200.99,78200.99,185,49
2017-12-02,10000002,7005,70001.57,70001.57,70001.57,191,52
2017-12-02,10000002,7043,170131.31,170131.31,170131.31,266,60
2017-12-02,10000002,7045,151006.02,151006.02,151006.02,323,74
2017-12-02,10000002,7047,101000.13,101000.13,101000.13,195,46
2017-12-02,10000002,7049,178021,178021,178021,250,57
2017-12-02,10000002,7085,207501.2,207501.2,207501.2,332,77
2017-12-02,10000002,7087,221006.21,221006.2,289989.71,523,78
2017-12-02,10000002,7089,368589.14,368589.14,368589.14,1,1
2017-12-02,10000002,7123,290003.06,290003.06,290003.06,245,65
2017-12-02,10000002,7125,289999.96,203006.9,299999.92,1212,115
2017-12-02,10000002,7127,330011.15,330011.15,330011.15,256,53
2017-12-02,10000002,7131,252019.54,252019.5,304999.99,716,113
2017-12-02,10000002,7167,320005.99,320005.92,320006.04,279,59
2017-12-02,10000002,7169,357031.09,357031.09,357031.09,480,55
2017-12-02,10000002,7171,434998.95,358008.91,434998.97,482,68
2017-12-02,10000002,7173,352000,305008.15,355008.05,422,61
2017-12-02,10000002,7247,862600.04,862599.47,1056261.13,144,65
2017-12-02,10000002,7249,10127.52,10127.51,10127.52,126,88
2017-12-02,10000002,7251,1707.54,1707.54,1707.54,144,81
2017-12-02,10000002,7253,86427.94,80000.01,133029.95,73,49
2017-12-02,10000002,7287,445014.93,445013.9,588998.89,802,214
2017-12-02,10000002,7289,10014.26,10014.02,10014.27,565,186
2017-12-02,10000002,7291,6255.25,6255.25,6255.25,1433,173
2017-12-02,10000002,7293,57999.89,25000.01,69897.85,729,151
2017-12-02,10000002,7327,339999.99,305021.97,354989.9,321,91
2017-12-02,10000002,7329,34999.98,34999.98,34999.98,101,43
2017-12-02,10000002,7331,8349.37,7701.15,21800,87,66
2017-12-02,10000002,7333,62352.26,11994.08,385994.99,60,39
2017-12-02,10000002,7367,1111103.57,1111103.45,1199999.99,1195,295
2017-12-02,10000002,7369,82000.22,65012.21,83999.86,1496,180
2017-12-02,10000002,7371,57511.81,57511.81,57511.81,989,206
2017-12-02,10000002,7373,30008.57,30000.39,149997.98,880,133
2017-12-02,10000002,7407,95279.79,68104.35,447994.4,67,39
2017-12-02,10000002,7409,82120.02,82120.02,82120.02,104,44
2017-12-02,10000002,7411,51004.27,51004.27,51004.27,120,47
2017-12-02,10000002,7413,49975.07,42901.03,55555.57,73,31
2017-12-02,10000002,7447,360032.03,360023.41,488899.69,655,109
2017-12-02,10000002,7449,360322.58,360322.55,360322.59,972,102
2017-12-02,10000002,7451,301007.66,301007.48,302001.02,804,105
2017-12-02,10000002,7453,374889.41,374889.41,374889.41,1229,89
2017-12-02,10000002,7487,429538.63,429538.55,667499.92,193,75
2017-12-02,10000002,7489,30365.04,3564.55,334947,91,55
2017-12-02,10000002,7491,4550.51,3150,21999.95,94,57
2017-12-02,10000002,7493,60950.01,60950.01,60950.01,102,46
2017-12-02,10000002,7535,420000,390000.59,472500,365,94
2017-12-02,10000002,7537,10011.17,10011.17,10011.17,147,85
2017-12-02,10000002,7539,3130.02,3130.02,3130.02,187,83
2017-12-02,10000002,7541,30011.32,30011.3,30011.32,134,66
2017-12-02,10000002,7579,1349989.81,1200058.05,1349989.88,507,136
2017-12-02,10000002,7581,139998.91,97500.12,139998.96,481,103
2017-12-02,10000002,7583,30000.16,30000.05,30000.17,195,89
2017-12-02,10000002,7585,360009.73,360009.71,360009.81,302,99
2017-12-02,10000002,7619,1798996.95,1675064.78,1798996.98,135,53
2017-12-02,10000002,7621,82143.11,75000.26,325000,35,23
2017-12-02,10000002,7623,25475.95,25000.01,25501,40,30
2017-12-02,10000002,7625,135045.14,111119.52,229119.27,74,29
2017-12-02,10000002,7663,999447,999447,999447,439,97
2017-12-02,10000002,7665,23937.44,23935.29,23940.01,59,35
2017-12-02,10000002,7667,39920.18,35127.01,125000,75,42
2017-12-02,10000002,7669,44086.01,44086,44086.01,38,26
2017-12-02,10000002,7703,425005.26,425005.25,462981.95,245,83
2017-12-02,10000002,7705,58600.02,58600.02,58600.02,116,55
2017-12-02,10000002,7707,20001.16,20001.12,20001.19,112,58
2017-12-02,10000002,7709,95764.18,60000.34,218800,78,35
2017-12-02,10000002,7743,180030.11,180030.11,180030.11,131,55
2017-12-02,10000002,7745,180000.01,180000.01,180000.01,132,62
2017-12-02,10000002,7747,151001.21,151001.21,151001.21,156,50
2017-12-02,10000002,7749,93099.14,93099.13,93099.18,112,44
2017-12-02,10000002,7783,448099.98,267627.54,672615.98,281,75
2017-12-02,10000002,7785,251035,251035,251035,189,65
2017-12-02,10000002,7787,251009.43,251009.41,251009.43,328,81
2017-12-02,10000002,7789,235022.17,235022.16,235022.27,192,61
2017-12-02,10000002,7827,206508.09,206508.06,206508.6,152,64
2017-12-02,10000002,7829,212157.95,212157.95,212157.96,109,48
2017-12-02,10000002,7831,204038.42,204038.4,204038.44,142,60
2017-12-02,10000002,7833,542552.37,542552.37,542552.37,2,2
2017-12-02,10000002,7997,13750.15,13750,13750.17,389,130
2017-12-02,10000002,8001,9999.88,9999.88,9999.88,666,82
2017-12-02,10000002,8007,143005.76,143005.75,154995.96,953,162
2017-12-02,10000002,8023,3008.12,3008.12,3008.12,673,128
2017-12-02,10000002,8025,2015.03,2015.03,2015.03,507,122
2017-12-02,10000002,8027,1210894.82,1110160,1210897,1331,294
2017-12-02,10000002,8089,374000.15,374000.14,406998.99,2126,431
2017-12-02,10000002,8091,73200,69800,80600,1054,285
2017-12-02,10000002,8101,6004,6004,6004,715,143
2017-12-02,10000002,8103,7501.49,7501.49,7501.49,578,120
2017-12-02,10000002,8105,1399899.77,1250033.35,1440032.96,847,232
2017-12-02,10000002,8113,11501.02,11501.02,11501.02,561,75
2017-12-02,10000002,8115,11001,11001,11001,671,67
2017-12-02,10000002,8117,120110,120108.01,135999.98,1873,268
2017-12-02,10000002,8133,2301.02,2301.02,2301.02,475,83
2017-12-02,10000002,8135,6800,6800,6800,376,90
2017-12-02,10000002,8175,2750,2646.45,14999,1418,171
2017-12-02,10000002,8177,2200,2200,2200,1723,173
2017-12-02,10000002,8225,18028.03,18028.03,18028.03,1443,209
2017-12-02,10000002,8263,24999.77,23998.98,24999.92,6557,262
2017-12-02,10000002,8295,1875,1875,1875,343,92
2017-12-02,10000002,8297,1951,1951,1951,489,114
2017-12-02,10000002,8335,9256.03,9256.02,9256.06,451,164
2017-12-02,10000002,8337,3301,3301,3301,384,117
2017-12-02,10000002,8419,23004.01,23004,23007,667,142
2017-12-02,10000002,8427,51001.09,51001.08,77989.89,780,212
2017-12-02,10000002,8433,576505.01,576505,618505.87,1170,409
2017-12-02,10000002,8517,3249999.99,2991111.52,3258895.99,1418,500
2017-12-02,10000002,8521,121013.1,121013.05,121013.12,770,316
2017-12-02,10000002,8529,66700.06,66700.02,78198.01,2282,452
2017-12-02,10000002,8531,12999.64,12999.59,12999.74,592,161
2017-12-02,10000002,8535,12152.15,12152.15,12152.15,719,182
2017-12-02,10000002,8537,16210.51,16210.51,16210.51,639,176
2017-12-02,10000002,8579,39999.98,11006.04,73949.2,2114,183
2017-12-02,10000002,8583,5690.1,5690.01,5691.02,841,146
2017-12-02,10000002,8585,19003.09,19003.08,19003.1,836,175
2017-12-02,10000002,8635,156019.12,156019.12,156019.12,1155,136
2017-12-02,10000002,8639,153059.18,153059.13,215000,1429,141
2017-12-02,10000002,8641,175520.17,175520.02,195000,1375,180
2017-12-02,10000002,8748,7003.2,7003.17,10998.2,1288,239
2017-12-02,10000002,8759,5337497.3,4550000.01,5999994.75,40,23
2017-12-02,10000002,8785,313920.23,83163.41,899999.88,35,27
2017-12-02,10000002,8787,1450848.27,106006.98,1899979.98,65,27
2017-12-02,10000002,8789,787343.99,741390.55,880000,61,21
2017-12-02,10000002,8815,101000.05,101000.05,101000.05,203,74
2017-12-02,10000002,8817,7250.06,7250.06,7250.06,222,55
2017-12-02,10000002,8819,3252.46,3252.45,3252.46,155,55
2017-12-02,10000002,8821,21502.51,21502.51,21502.51,125,51
2017-12-02,10000002,8863,689921.89,597216.76,689922.06,547,118
2017-12-02,10000002,8865,150000,150000,150000,473,74
2017-12-02,10000002,8867,26000.06,26000.05,26000.06,319,82
2017-12-02,10000002,8869,105092.08,105092.05,105125.01,229,81
2017-12-02,10000002,8903,310000.06,310000.05,310000.06,200,56
2017-12-02,10000002,8905,20003,20003,20003,135,48
2017-12-02,10000002,8907,18060.34,18060.34,18060.34,181,60
2017-12-02,10000002,8909,187999.98,187999.98,187999.98,339,51
2017-12-02,10000002,9071,169762.94,160489,549999.99,42,15
2017-12-02,10000002,9073,2203.44,2203.43,2203.44,53,8
2017-12-02,10000002,9091,6036,6036,6036,52,13
2017-12-02,10000002,9093,23841.42,2801.91,369999.99,35,8
2017-12-02,10000002,9127,3528444.1,3274798.19,3649979.67,71,28
2017-12-02,10000002,9129,19352.72,19352.36,19352.76,72,19
2017-12-02,10000002,9131,15556.58,15556.47,15556.6,33,21
2017-12-02,10000002,9133,323707.06,143000,497799.99,92,32
2017-12-02,10000002,9135,399037.91,355040.01,399432.74,527,87
2017-12-02,10000002,9137,42127.01,42127.01,42127.01,194,44
2017-12-02,10000002,9139,28501.38,28501.38,28501.38,144,40
2017-12-02,10000002,9141,37002.29,37002.25,37002.29,135,34
2017-12-02,10000002,9207,101219.06,101219.06,101219.06,206,65
2017-12-02,10000002,9209,50034,50034,50034,160,36
2017-12-02,10000002,9211,51145.3,51145.3,51145.3,122,30
2017-12-02,10000002,9213,50005.9,50005.9,50005.9,104,32
2017-12-02,10000002,9247,104945.38,75210.09,499999.97,100,25
2017-12-02,10000002,9249,76287.47,76287.3,76287.71,63,31
2017-12-02,10000002,9251,75412,75412,75412,110,39
2017-12-02,10000002,9253,75686.62,75000,75694.79,85,29
2017-12-02,10000002,9287,171689.81,170231.06,300000,89,37
2017-12-02,10000002,9289,165057.01,165056.19,165057.01,122,48
2017-12-02,10000002,9291,151041.15,151041.15,151041.15,117,44
2017-12-02,10000002,9293,136133.88,136126.09,136139.01,74,26
2017-12-02,10000002,9327,1849999.55,405333.62,1899999.44,337,77
2017-12-02,10000002,9329,235029.44,235029.44,235029.44,160,42
2017-12-02,10000002,9331,235001.2,235001.2,235001.2,120,39
2017-12-02,10000002,9333,225520.05,225520.03,225520.08,134,40
2017-12-02,10000002,9367,351344.95,344235.55,449999.99,89,32
2017-12-02,10000002,9369,275042.03,275042.03,275042.03,134,32
2017-12-02,10000002,9371,291008.1,291008.1,291008.1,135,40
2017-12-02,10000002,9377,178042.63,178042.61,178042.65,95,30
2017-12-02,10000002,9411,1817075.9,1801102.58,1899143.8,98,44
2017-12-02,10000002,9413,367999.99,119997.87,368000,549,76
2017-12-02,10000002,9415,182999.9,115000,182999.92,154,39
2017-12-02,10000002,9417,769999.89,699999.99,790624.52,318,72
2017-12-02,10000002,9451,1800036.06,1800036,2078998.57,381,64
2017-12-02,10000002,9453,69500,69500,69500,176,36
2017-12-02,10000002,9455,66512.7,66512.68,66512.7,142,36
2017-12-02,10000002,9457,296000,155001.03,379999.64,507,67
2017-12-02,10000002,9491,5000999.62,4834204.55,5999999.77,1095,160
2017-12-02,10000002,9493,350555.45,350555.44,350555.45,883,80
2017-12-02,10000002,9495,260009.12,260009.06,260009.12,520,54
2017-12-02,10000002,9497,1205020.11,675050.38,1990000,924,109
2017-12-02,10000002,9521,4054.1,4054.1,4054.11,636,179
2017-12-02,10000002,9556,1655,1655,1655,502,142
2017-12-02,10000002,9562,42720000.74,38400004.09,43400004.05,5,5
2017-12-02,10000002,9566,15300133.18,15300132.44,15300133.92,2,2
2017-12-02,10000002,9568,7505.1,7505.08,7505.11,419,163
2017-12-02,10000002,9570,14666674.4,8000023.25,17999999.98,3,2
2017-12-02,10000002,9574,5223627.93,890888.46,7389997.67,3,3
2017-12-02,10000002,9580,31005.27,31005.26,43999.94,611,236
2017-12-02,10000002,9582,4009.02,4009.02,4009.02,466,166
2017-12-02,10000002,9608,5002,5002,5002.01,1023,248
2017-12-02,10000002,9622,18007.01,18007.01,18014.46,2244,340
2017-12-02,10000002,9632,209008.07,209008.04,247999.95,1847,625
2017-12-02,10000002,9646,16509.07,16509.07,16509.07,1737,270
2017-12-02,10000002,9660,16515.07,16515.07,16515.07,1043,292
2017-12-02,10000002,9668,223001,223001,223001,2034,149
2017-12-02,10000002,9670,4529.89,4529.88,4530.09,580,195
2017-12-02,10000002,9678,242501.03,242501.03,242501.03,867,148
2017-12-02,10000002,9680,17036.02,17036.01,117036,219,68
2017-12-02,10000002,9728,210017,210016.72,210018,961,235
2017-12-02,10000002,9734,250003,250003,250003,229,81
2017-12-02,10000002,9744,5004.42,5004.42,5004.42,172,61
2017-12-02,10000002,9762,210007.01,210007.01,210007.01,333,83
2017-12-02,10000002,9772,170014.03,170013.55,170016.3,1958,159
2017-12-02,10000002,9784,5603.01,5603.01,5603.01,451,158
2017-12-02,10000002,9800,203073.06,203073.06,203073.06,701,182
2017-12-02,10000002,9808,245202.06,245202.06,245202.06,1346,137
2017-12-02,10000002,9826,215.07,215.07,215.07,21560,781
2017-12-02,10000002,9828,912.4,912.37,960,3612701,60
2017-12-02,10000002,9830,12299.02,12299.02,12454.02,206281,65
2017-12-02,10000002,9832,9749,9300.04,9829,866944,122
2017-12-02,10000002,9834,92344.4,92199.99,92400,108290,195
2017-12-02,10000002,9836,11499.99,10539,11994.84,354583,83
2017-12-02,10000002,9838,11317.07,11314.77,11318.16,309729,98
2017-12-02,10000002,9840,12307.06,12306.51,13000,388571,104
2017-12-02,10000002,9842,17098.98,16149.27,17099.87,408548,142
2017-12-02,10000002,9844,99799.93,99799.93,99799.93,120,2
2017-12-02,10000002,9846,126900.1,126900.1,139880,9837,13
2017-12-02,10000002,9848,89000,88300.37,91596.89,493472,326
2017-12-02,10000002,9850,521.14,521.14,521.3,121946,15
2017-12-02,10000002,9852,44.41,44.41,44.41,114314,41
2017-12-02,10000002,9899,9692999,9000000.83,9747999.9,522,193
2017-12-02,10000002,9941,10219994.93,9008743,10220985.65,314,170
2017-12-02,10000002,9942,9000000.99,9000000.89,9885998.97,675,186
2017-12-02,10000002,9943,9948997.53,9948989.17,9949998,296,192
2017-12-02,10000002,9944,72998.72,72998.72,72998.72,1147,148
2017-12-02,10000002,9945,249940,249940,249940,6,6
2017-12-02,10000002,9947,2500000,2500000,2599994.98,126,23
2017-12-02,10000002,9950,2379999.98,2200926.61,2399999.99,313,94
2017-12-02,10000002,9956,7910000.11,7750003.97,8998998.9,363,152
2017-12-02,10000002,9957,17717602.34,13780023.29,17949148.44,36,36
2017-12-02,10000002,10039,7499.92,255.8,9944.99,103,78
2017-12-02,10000002,10040,3360,3360,3360,5,5
2017-12-02,10000002,10151,8891445.42,7625000.07,8999997.9,38,8
2017-12-02,10000002,10152,21598990.14,21598989.98,21598990.68,9,4
2017-12-02,10000002,10155,8397872.57,8397856.86,8397950.91,172,64
2017-12-02,10000002,10156,23389966.74,23389966.42,23389966.9,129,41
2017-12-02,10000002,10164,1714285.23,999998.42,1999999.96,7,2
2017-12-02,10000002,10190,1110000,1109775,1149999.96,7047,837
2017-12-02,10000002,10204,700016.95,600019.51,700018,137,19
2017-12-02,10000002,10208,19999999.91,19998999.99,20111111,543,275
2017-12-02,10000002,10209,118686953.6,118682998.99,118687000,126,102
2017-12-02,10000002,10212,20999998.95,20999000,21499999.99,425,246
2017-12-02,10000002,10213,117425494.5,108123924.45,117431975.13,170,111
2017-12-02,10000002,10216,20608998.58,20200002.32,22997999.37,799,268
2017-12-02,10000002,10217,117986999.99,117929998.94,117988994.05,133,108
2017-12-02,10000002,10221,22487999.56,22486999.86,22487999.86,436,263
2017-12-02,10000002,10222,110002003.47,110000000,126999995.56,201,133
2017-12-02,10000002,10225,20982998.98,19999999.86,20999998.5,325,186
2017-12-02,10000002,10226,110457588.51,103636000.02,110999998.95,73,62
2017-12-02,10000002,10228,18633786.05,17518003.75,19349997.7,56,42
2017-12-02,10000002,10244,26199978.97,26199978.96,26199978.98,16,7
2017-12-02,10000002,10246,5100.36,5000.36,9999.94,3296,184
2017-12-02,10000002,10247,24152665.69,19986000,29985997.75,12,12
2017-12-02,10000002,10250,1083999.94,1083999.34,1094989.81,1820,170
2017-12-02,10000002,10629,4354.64,4354.64,4354.64,887,49
2017-12-02,10000002,10631,439997.99,439997.9,440000,1692,270
2017-12-02,10000002,10678,29991.99,9018.42,29992.95,369,128
2017-12-02,10000002,10679,90000,90000,90000,5,5
2017-12-02,10000002,10680,590000,582000.43,627689.9,300,70
2017-12-02,10000002,10688,9998.96,9998.96,9998.96,995,145
2017-12-02,10000002,10690,3700.72,3700.72,3700.72,598,188
2017-12-02,10000002,10692,4018,4018,17499.98,407,120
2017-12-02,10000002,10694,172418.37,172418.37,172418.37,506,162
2017-12-02,10000002,10836,16000.5,16000.46,58878.98,107,58
2017-12-02,10000002,10837,364640,364639.99,364640,5,5
2017-12-02,10000002,10838,63290.5,40000.84,89999,55,14
2017-12-02,10000002,10839,1458560,1458560,1458560,4,4
2017-12-02,10000002,10840,89002.2,89002.01,89010,41,4
2017-12-02,10000002,10841,5854720,5854720,5854720,2,2
2017-12-02,10000002,10842,2036358.75,2028040.98,2889998.97,78,45
2017-12-02,10000002,10850,567497.65,535008.86,567497.67,227,137
2017-12-02,10000002,10858,1330120.9,1330120.89,1330120.94,117,78
2017-12-02,10000002,10866,7023.45,7023.45,7023.45,503,111
2017-12-02,10000002,10868,10044.02,10044.02,10044.02,344,82
2017-12-02,10000002,10870,8407.04,8407.04,8407.04,550,102
2017-12-02,10000002,10872,7504.56,7504.56,7504.56,499,137
2017-12-02,10000002,10874,9007.09,9007.09,9007.09,773,76
2017-12-02,10000002,10876,31000,31000,31000,1502,100
2017-12-02,10000002,10878,9802.07,9802.07,9802.07,529,89
2017-12-02,10000002,10880,30511.14,30511.13,30511.14,663,96
2017-12-02,10000002,10882,50019.14,50019.14,50019.14,735,81
2017-12-02,10000002,10884,50005.08,50005.08,50005.08,688,78
2017-12-02,10000002,10886,60035.06,60035.06,60035.06,751,79
2017-12-02,10000002,10888,51007,51006.01,51007,835,92
2017-12-02,10000002,10998,27999.89,17200.02,34759.97,3601,548
2017-12-02,10000002,11082,809692.35,797990.98,890059.11,99,40
2017-12-02,10000002,11083,1809407.55,399997.07,1879878.59,42,32
2017-12-02,10000002,11084,1195957.44,1190000,1199999.99,47,33
2017-12-02,10000002,11105,539999.99,268841.94,546999.98,1043,278
2017-12-02,10000002,11129,15558,13650.01,15650,161,111
2017-12-02,10000002,11130,140321.2,26000.01,197481.79,6,6
2017-12-02,10000002,11132,99969.99,20000.01,99980,153,51
2017-12-02,10000002,11133,269531,50000,489061.99,6,5
2017-12-02,10000002,11134,15050,15050,15050,224,133
2017-12-02,10000002,11135,31274.79,0.01,50000,14,4
2017-12-02,10000002,11172,32300000.6,32300000,42050939.75,104,61
2017-12-02,10000002,11174,39287134.45,33225000.05,39999995.89,42,22
2017-12-02,10000002,11176,33784697.58,29000008.1,34848998.94,96,63
2017-12-02,10000002,11178,33605684.86,33100006.7,34506998.99,95,72
2017-12-02,10000002,11182,32432192.81,32409496.95,42999999.99,36,31
2017-12-02,10000002,11184,32113941.01,32113941.01,32114470.5,101,55
2017-12-02,10000002,11186,39014999.48,36110200,39049989.99,223,103
2017-12-02,10000002,11188,27927754.94,26236100.92,30000000,99,45
2017-12-02,10000002,11190,27915002.01,24010003.02,34999999.57,22,16
2017-12-02,10000002,11192,35171390.93,34820948.49,37224997.92,60,55
2017-12-02,10000002,11194,28625349.9,24047833.02,31221999.97,20,14
2017-12-02,10000002,11196,30599078.93,30199994.95,30599079,266,96
2017-12-02,10000002,11198,34799995.88,33999999.92,34799997.88,266,134
2017-12-02,10000002,11200,33582832.13,30601001.03,33800000,84,49
2017-12-02,10000002,11202,36000000,36000000,39499996.7,220,100
2017-12-02,10000002,11207,500000,500000,500000,199,142
2017-12-02,10000002,11217,64499.99,37500,77999.99,3,2
2017-12-02,10000002,11218,750000,750000,750000,1,1
2017-12-02,10000002,11219,443960.74,340000,499998.9,66,26
2017-12-02,10000002,11225,10000.01,10000.01,10000.01,2,2
2017-12-02,10000002,11227,90166.67,44000,98500,33,11
2017-12-02,10000002,11228,750000,750000,750000,1,1
2017-12-02,10000002,11229,839995.95,839992.89,839995.96,138,81
2017-12-02,10000002,11235,199999.99,199999.99,199999.99,1,1
2017-12-02,10000002,11237,13000,13000,13000,1,1
2017-12-02,10000002,11238,750000,750000,750000,1,1
2017-12-02,10000002,11239,450697.5,361125.03,499997.91,32,17
2017-12-02,10000002,11245,10000.05,10000.05,10000.05,3,2
2017-12-02,10000002,11247,53200,22000.01,74000,5,3
2017-12-02,10000002,11248,750000,750000,750000,1,1
2017-12-02,10000002,11249,879449.1,686003.02,977997,80,29
2017-12-02,10000002,11255,10000,10000,10000,3,2
2017-12-02,10000002,11257,32000,32000,32000,1,1
2017-12-02,10000002,11258,750000,750000,750000,1,1
2017-12-02,10000002,11259,770228.05,600102.84,848999.95,86,38
2017-12-02,10000002,11265,7999999.84,7999999.84,7999999.84,1,1
2017-12-02,10000002,11267,161000.02,161000.01,199569.82,291,73
2017-12-02,10000002,11268,1500000,1500000,1500000,4,4
2017-12-02,10000002,11269,849883.33,849499.92,849884.52,3032,1007
2017-12-02,10000002,11277,67424.83,28000.01,90979.71,8,6
2017-12-02,10000002,11278,2655555,2655555,2655555,2,2
2017-12-02,10000002,11279,1200002.12,1110002.13,1204182.98,422,19
2017-12-02,10000002,11280,7152707.66,7000000,7229061.49,3,3
2017-12-02,10000002,11283,3269.89,3269.89,3269.89,18972,51
2017-12-02,10000002,11284,1750000,1750000,1750000,3,3
2017-12-02,10000002,11285,3099.93,3099.93,3157.7,13423,97
2017-12-02,10000002,11286,3249500,2500000,3998999.99,2,2
2017-12-02,10000002,11287,7996.95,7996.95,7996.95,13370,91
2017-12-02,10000002,11288,4062454.5,3750000,4999818,8,8
2017-12-02,10000002,11289,4500,4200.04,4697.98,27928,157
2017-12-02,10000002,11290,5953000,5000000,7858999.99,9,9
2017-12-02,10000002,11293,16511.48,4019.99,24000,8,8
2017-12-02,10000002,11294,206666.67,200000,210000,3,3
2017-12-02,10000002,11295,77976.95,70004.04,169999.99,75,19
2017-12-02,10000002,11296,999999,999999,999999,3,3
2017-12-02,10000002,11297,220869.59,130000.15,240000,69,22
2017-12-02,10000002,11298,1725000,1600000,1850000,2,2
2017-12-02,10000002,11299,388461.17,350000.08,449998.93,13,7
2017-12-02,10000002,11300,4096500,4000000,4192999.99,2,2
2017-12-02,10000002,11301,56684.33,51500.14,84000,38,16
2017-12-02,10000002,11302,2100000,2100000,2100000,2,2
2017-12-02,10000002,11303,50735.32,30000.08,73999.97,51,11
2017-12-02,10000002,11304,3650000,3650000,3650000,3,3
2017-12-02,10000002,11305,116561.96,52000.14,248997.99,16,11
2017-12-02,10000002,11306,3200000,3200000,3200000,2,2
2017-12-02,10000002,11309,120994.97,106407.5,121000.03,1694,367
2017-12-02,10000002,11311,110003.04,110003.04,110003.04,1103,227
2017-12-02,10000002,11317,300002.49,300002.49,300002.49,1284,227
2017-12-02,10000002,11319,300101.03,300101.02,300101.04,1234,164
2017-12-02,10000002,11325,475002.57,475002.57,500000,2022,357
2017-12-02,10000002,11327,466008.28,466008.21,466008.3,1510,209
2017-12-02,10000002,11341,12004.05,12004.05,12004.05,523,170
2017-12-02,10000002,11343,12000.4,12000.4,12000.4,651,185
2017-12-02,10000002,11349,44403.01,44403.01,44403.01,1311,220
2017-12-02,10000002,11351,21004.12,21004.12,21005.13,757,159
2017-12-02,10000002,11355,3397.06,1801.08,12899.96,26,13
2017-12-02,10000002,11356,2589997.36,2589997.36,2589997.36,1,1
2017-12-02,10000002,11357,14536.45,5604.15,60000,12,9
2017-12-02,10000002,11358,4435312.02,4370165.14,4500458.9,2,2
2017-12-02,10000002,11359,57892.97,57892.95,57892.97,5,2
2017-12-02,10000002,11360,2959996.66,2919993.32,2999999.99,2,2
2017-12-02,10000002,11365,38819982.67,36709990,39709978.95,21,7
2017-12-02,10000002,11370,1310339,1310339,1473999.95,2222,542
2017-12-02,10000002,11371,33334661.02,27962919.53,34398789,26,17
2017-12-02,10000002,11377,35999999.99,35949999.84,36399999.48,155,82
2017-12-02,10000002,11379,33936145.78,30150000.03,34998299.62,48,39
2017-12-02,10000002,11381,37634875.91,35009000.13,37996995.95,33,16
2017-12-02,10000002,11387,33898322.5,29088262.27,34699998.98,21,16
2017-12-02,10000002,11393,29669663.2,25110000.05,30698888.94,17,15
2017-12-02,10000002,11395,565140.11,500000,645869,38,27
2017-12-02,10000002,11399,8348,8149.29,8376.76,4727564,663
2017-12-02,10000002,11400,28365731.87,25900001,29100977.38,19,13
2017-12-02,10000002,11433,8827373.55,6111111.2,10000000,30,29
2017-12-02,10000002,11441,7686231.78,5900101.14,9036999.98,41,38
2017-12-02,10000002,11442,10982580.63,10000000,16989999.96,62,31
2017-12-02,10000002,11443,9654511.82,7237995.38,10000000,29,29
2017-12-02,10000002,11444,5972965.87,4007775.57,8219654.97,28,27
2017-12-02,10000002,11445,2826638.28,2100008.81,3498985,44,38
2017-12-02,10000002,11446,10000000,10000000,10000000,185,87
2017-12-02,10000002,11447,9018337.49,7050119,9999499.5,33,33
2017-12-02,10000002,11448,10355288.99,10000000,11189999.83,39,27
2017-12-02,10000002,11449,10486076.87,8599990.09,11499989.97,23,21
2017-12-02,10000002,11450,4996063.23,3069894,5499978.66,26,25
2017-12-02,10000002,11451,7861210.63,6467750.33,8888887.5,30,28
2017-12-02,10000002,11452,9839641.51,7121210.62,10499999.99,24,24
2017-12-02,10000002,11453,10094335.18,10000000,11999990,66,31
2017-12-02,10000002,11454,5296779.61,4132372.01,6132364.99,28,28
2017-12-02,10000002,11455,9803625.36,7963010.01,10000000,28,25
2017-12-02,10000002,11457,231.05,231.05,231.05,201,3
2017-12-02,10000002,11458,200.86,200.86,200.86,100,1
2017-12-02,10000002,11459,999.99,999.99,999.99,1000,1
2017-12-02,10000002,11461,361.06,361.06,361.06,300,2
2017-12-02,10000002,11462,210.03,210.03,210.03,400,4
2017-12-02,10000002,11463,633.56,633.56,633.56,10,1
2017-12-02,10000002,11464,200,200,200,400,4
2017-12-02,10000002,11465,259.21,259.21,259.21,100,1
2017-12-02,10000002,11466,128.02,128.02,128.02,510,7
2017-12-02,10000002,11467,162.51,162.51,162.51,200,2
2017-12-02,10000002,11475,277.83,277.83,277.83,42678,85
2017-12-02,10000002,11476,182,182,182,5223,41
2017-12-02,10000002,11478,220,220,220,20918,93
2017-12-02,10000002,11481,395,395,395,23884,113
2017-12-02,10000002,11482,167.64,167.64,167.64,48682,65
2017-12-02,10000002,11483,320.4,320.4,320.4,72034,78
2017-12-02,10000002,11484,469,469,469,79659,59
2017-12-02,10000002,11486,330,330,330,4450,154
2017-12-02,10000002,11488,158141.42,27000.01,179998.33,7,6
2017-12-02,10000002,11489,295998,295997.96,295998,259,56
2017-12-02,10000002,11496,14999.89,14999.89,14999.89,2439,29
2017-12-02,10000002,11529,10133805.95,10000000,11049994.27,34,29
2017-12-02,10000002,11530,59299.96,59299.95,59299.96,25995,63
2017-12-02,10000002,11531,57874.8,57873.91,57874.99,25518,100
2017-12-02,10000002,11532,58999.86,58999.86,58999.86,8548,15
2017-12-02,10000002,11533,57869.12,57865.68,57899.98,9752,38
2017-12-02,10000002,11534,40285.91,40285.78,40289.67,42790,78
2017-12-02,10000002,11535,39699.79,39699.77,39699.94,22427,96
2017-12-02,10000002,11536,39503.15,39503.15,39536.17,15896,34
2017-12-02,10000002,11537,41197.96,41197.96,41197.96,6551,16
2017-12-02,10000002,11538,64892.2,61405.66,64892.96,134571,67
2017-12-02,10000002,11539,84898,80002.29,84988.5,144426,74
2017-12-02,10000002,11540,87798.3,87798.1,87798.74,109029,107
2017-12-02,10000002,11541,62947.85,62942,62948.99,344036,178
2017-12-02,10000002,11542,22000,22000,22000,179623,40
2017-12-02,10000002,11543,16684.96,16684.94,16685.32,117526,34
2017-12-02,10000002,11544,14990.6,14990.6,14990.6,115876,51
2017-12-02,10000002,11545,17308.55,16497.99,17313.97,324458,127
2017-12-02,10000002,11547,187650.66,187650.62,187650.75,9238,108
2017-12-02,10000002,11548,176988.7,176988.64,176988.7,9464,29
2017-12-02,10000002,11549,199990,199990,199990,13857,32
2017-12-02,10000002,11550,181999.78,181999.78,181999.78,9943,45
2017-12-02,10000002,11551,64998.9,64998.9,64998.9,30115,30
2017-12-02,10000002,11552,76499.91,76499.91,76499.92,14235,27
2017-12-02,10000002,11553,74997.88,70354.92,74998.56,84356,148
2017-12-02,10000002,11554,80101.12,80010.15,99883.62,42225,48
2017-12-02,10000002,11555,56950.83,56950.83,56950.83,10056,31
2017-12-02,10000002,11556,60998.57,60998.54,60998.77,34366,112
2017-12-02,10000002,11557,63699.96,63699.96,63699.96,33326,26
2017-12-02,10000002,11558,58494.58,58494.35,58494.9,21855,79
2017-12-02,10000002,11561,78951.01,78909.55,106000,103,51
2017-12-02,10000002,11562,3500000,3500000,3500000,1,1
2017-12-02,10000002,11563,206990.41,206990.39,206990.45,1048,356
2017-12-02,10000002,11564,1710000,1500000,1920000,6,6
2017-12-02,10000002,11566,120000,120000,120000,216,136
2017-12-02,10000002,11569,636697.88,400000,789988.91,44,32
2017-12-02,10000002,11572,453235.93,400000,479999.97,34,31
2017-12-02,10000002,11574,2358735.5,2000000,2476951.72,38,33
2017-12-02,10000002,11577,3879999,3828143.99,3899999.97,794,480
2017-12-02,10000002,11578,6278969.45,6199999.96,6278969.93,1787,1085
2017-12-02,10000002,11579,3500000,3500000,3500000,216,131
2017-12-02,10000002,11584,75000,75000,75000,199,132
2017-12-02,10000002,11585,3328,3328,3328,113,8
2017-12-02,10000002,11588,505.77,505.77,505.77,2,1
2017-12-02,10000002,11612,599999,599999,599999,6,5
2017-12-02,10000002,11613,99940,99940,99940,6,5
2017-12-02,10000002,11614,298240,298240,298240,1,1
2017-12-02,10000002,11616,180500,144000,290000,4,4
2017-12-02,10000002,11617,299940,299940,299940,1,1
2017-12-02,10000002,11619,499980,149960,850000,6,6
2017-12-02,10000002,11620,160350,98700,222000,2,2
2017-12-02,10000002,11621,99000,99000,99000,2,2
2017-12-02,10000002,11628,1389799,1389799,1389799,1,1
2017-12-02,10000002,11629,313408.87,296960,444999.87,9,3
2017-12-02,10000002,11630,358749.99,200000,1469999.95,8,2
2017-12-02,10000002,11631,1234000,1234000,1234000,1,1
2017-12-02,10000002,11632,722499.86,200000,1244999.72,2,2
2017-12-02,10000002,11634,154200,118400,190000,2,2
2017-12-02,10000002,11640,727995.04,727989,727995.08,1089,365
2017-12-02,10000002,11642,1429999.99,1429999.99,1429999.99,230,102
2017-12-02,10000002,11644,2487999,2250010.39,2499999.97,621,157
2017-12-02,10000002,11646,2147788.94,2147000,2147788.99,621,227
2017-12-02,10000002,11648,1879995.97,1879995.96,1879998.84,613,160
2017-12-02,10000002,11688,37696.7,37696.7,37696.7,25415,66
2017-12-02,10000002,11689,42993.4,42990.89,42993.4,94499,93
2017-12-02,10000002,11690,38100,38100,38100,43726,46
2017-12-02,10000002,11691,40892.92,34003.5,40893.33,51956,56
2017-12-02,10000002,11692,34972.04,34972.04,34972.04,740,2
2017-12-02,10000002,11693,31294.89,31294.89,31294.89,32847,39
2017-12-02,10000002,11694,30999.99,30999.99,30999.99,5920,10
2017-12-02,10000002,11695,37996.1,37979.63,37996.12,2787,15
2017-12-02,10000002,11724,16000.46,16000.46,16000.46,294,13
2017-12-02,10000002,11725,13706.33,13706.33,13706.33,602,15
2017-12-02,10000002,11732,2151.67,1981.28,3600,19,8
2017-12-02,10000002,11733,1651.48,1651,2900,1176,18
2017-12-02,10000002,11734,8402.44,8402.44,8402.44,1,1
2017-12-02,10000002,11735,1001.22,1001.22,1001.22,800,14
2017-12-02,10000002,11736,7971.52,7971.52,7971.52,718,13
2017-12-02,10000002,11737,600,600,600,429,9
2017-12-02,10000002,11738,3400.17,3400.17,3400.17,14,9
2017-12-02,10000002,11739,771.29,710.64,800.17,62,9
2017-12-02,10000002,11740,4130.11,4130.11,4130.11,178,15
2017-12-02,10000002,11741,766.67,0.01,2300,30,7
2017-12-02,10000002,11746,100.02,100.02,100.02,100,1
2017-12-02,10000002,11798,1099799.31,399680,1799918.61,2,2
2017-12-02,10000002,11855,200,200,200,1261936,39
2017-12-02,10000002,11857,1189999.89,1189999.89,1189999.89,1,1
2017-12-02,10000002,11859,53708528,420000,267000000.01,5,5
2017-12-02,10000002,11870,371323.64,282640,422000,11,10
2017-12-02,10000002,11872,478824,364560,555000,5,5
2017-12-02,10000002,11873,374186.67,364560,379000,9,9
2017-12-02,10000002,11876,1459998.99,1459998.99,1459998.99,1,1
2017-12-02,10000002,11877,1198997.99,1198997.99,1198997.99,1,1
2017-12-02,10000002,11878,4499998,4499998,4499998,1,1
2017-12-02,10000002,11879,1097999.99,1097999.99,1097999.99,1,1
2017-12-02,10000002,11881,1586256.99,1586256.99,1586256.99,1,1
2017-12-02,10000002,11882,959000,959000,959000,1,1
2017-12-02,10000002,11883,2400000,2400000,2400000,1,1
2017-12-02,10000002,11884,1088999.99,1088999.99,1088999.99,1,1
2017-12-02,10000002,11885,994998.99,994998.99,994998.99,1,1
2017-12-02,10000002,11886,1799999.99,1799999.99,1799999.99,1,1
2017-12-02,10000002,11887,288657.77,282640,291999.99,9,9
2017-12-02,10000002,11889,310892,282640,323000,10,9
2017-12-02,10000002,11890,361292,282640,395000,10,10
2017-12-02,10000002,11891,295107,282640,296888,8,8
2017-12-02,10000002,11944,88998.96,88998.96,88998.96,123,13
2017-12-02,10000002,11957,265391578.74,249249249.05,268833333,29,28
2017-12-02,10000002,11959,260736116.79,242000011.64,279472221.94,4,4
2017-12-02,10000002,11961,262054378.13,262000032.88,263931997.71,24,18
2017-12-02,10000002,11963,256178470.7,239000109.19,258927776.87,25,24
2017-12-02,10000002,11965,268199725.42,247500069.52,269644444,24,22
2017-12-02,10000002,11969,267928572.84,251000006.36,273999999.83,14,14
2017-12-02,10000002,11971,290962194.53,236312932.69,294904442,31,24
2017-12-02,10000002,11978,232556048.09,220002543.16,236000062.9,57,43
2017-12-02,10000002,11985,258004723.44,242000000,259842998,62,41
2017-12-02,10000002,11987,234784750.66,233000000,235999999,65,37
2017-12-02,10000002,11989,200375555.23,199998999.98,202644444,30,19
2017-12-02,10000002,11993,262875949.71,250323352.81,269400444,49,43
2017-12-02,10000002,11995,402568093.07,343190001.13,407003444,29,17
2017-12-02,10000002,11999,307861259.63,266540000,316944443,11,11
2017-12-02,10000002,12003,186546151.72,156027001.18,199998995.96,13,11
2017-12-02,10000002,12005,271590773.95,255000023.14,277999999.92,44,42
2017-12-02,10000002,12011,234285714.9,210000003.09,243999999.64,7,7
2017-12-02,10000002,12013,365292819.87,363989995.98,365301000,31,26
2017-12-02,10000002,12015,221699992.35,221699984.91,221699999.79,2,2
2017-12-02,10000002,12017,385672391.81,374010038.03,388944444,17,17
2017-12-02,10000002,12019,248415890.5,225008005.75,251844444,16,15
2017-12-02,10000002,12021,462602754.7,462544443.99,462640442.99,5,5
2017-12-02,10000002,12023,271254969.43,252393008.04,274939999,18,17
2017-12-02,10000002,12032,40000000,39999999.97,40999997.53,131,68
2017-12-02,10000002,12034,34200000,34199997.95,34248995.99,158,70
2017-12-02,10000002,12038,39074644.79,35625000.01,39074646.65,170,75
2017-12-02,10000002,12042,32391361.8,29450014.38,49999999.99,7,7
2017-12-02,10000002,12044,36394388.27,33000000,36818998.99,18,17
2017-12-02,10000002,12049,14000.01,14000.01,14000.01,133,10
2017-12-02,10000002,12052,72016.68,72016.68,72016.7,220,103
2017-12-02,10000002,12053,1718440,1581880,1855000,4,4
2017-12-02,10000002,12054,755868.34,705070.2,829995.98,37,32
2017-12-02,10000002,12055,8084700,7909400,8260000,2,2
2017-12-02,10000002,12056,36001.2,36001.2,36001.2,648,128
2017-12-02,10000002,12057,573536,322560,950000,5,5
2017-12-02,10000002,12058,3048985,2999999.98,3048987.98,732,447
2017-12-02,10000002,12066,277508.71,250250.13,289999.99,80,33
2017-12-02,10000002,12067,1801400,1612800,1990000,4,4
2017-12-02,10000002,12068,4300099.93,4300099.93,4300099.93,438,127
2017-12-02,10000002,12076,5799999.96,5799999.95,5799999.96,397,252
2017-12-02,10000002,12084,12023999.97,9025671.96,12025661.71,137,108
2017-12-02,10000002,12092,1199999,1000000,1299998,123,101
2017-12-02,10000002,12093,4000000,4000000,4000000,149,69
2017-12-02,10000002,12095,4875497.89,4000000,4988972.99,32,27
2017-12-02,10000002,12096,30162052.2,28000000,31499698.95,37,34
2017-12-02,10000002,12098,20759535.25,20000000,21991105,89,51
2017-12-02,10000002,12102,4439999,4399999.99,4440000,224,77
2017-12-02,10000002,12108,305011.84,305011.84,305011.84,1,1
2017-12-02,10000002,12109,3500000,3500000,3500000,1,1
2017-12-02,10000002,12110,13005.01,13005.01,13005.01,60,5
2017-12-02,10000002,12179,40999999.99,40000000,43999999.99,12,8
2017-12-02,10000002,12180,393790.15,222000,538435.99,93,51
2017-12-02,10000002,12181,319854.89,155545.02,466988.78,79,45
2017-12-02,10000002,12182,324999.95,150000.5,496999,74,43
2017-12-02,10000002,12183,322677.26,275000,549880.48,91,39
2017-12-02,10000002,12184,276269.71,100000.31,499985,78,41
2017-12-02,10000002,12185,260585.11,225000,351098.25,34,24
2017-12-02,10000002,12186,258636.83,200000,334315.46,30,25
2017-12-02,10000002,12187,202090,175000,268542.83,26,21
2017-12-02,10000002,12188,188189.99,150000,229886.94,36,28
2017-12-02,10000002,12189,559895.47,400000,649665.99,32,27
2017-12-02,10000002,12190,135764.42,125000,219983.99,32,22
2017-12-02,10000002,12191,101767.61,75000,159964.34,46,33
2017-12-02,10000002,12192,146537.01,52092.8,200000,37,27
2017-12-02,10000002,12193,55152.26,50000,99987.15,41,27
2017-12-02,10000002,12194,292052.21,100001.2,300000,94,41
2017-12-02,10000002,12195,51224.62,5010.01,144442.06,66,33
2017-12-02,10000002,12196,308498.4,300000,329996.42,26,23
2017-12-02,10000002,12198,989004.77,800007.05,989005,225,34
2017-12-02,10000002,12199,3358094.25,2804453.29,3448990.69,78,23
2017-12-02,10000002,12200,14918995,14918995,14918995,141,30
2017-12-02,10000002,12201,2489996.71,2489989.94,2489999.97,23,23
2017-12-02,10000002,12202,3057236.52,3043000.05,3780000,75,36
2017-12-02,10000002,12203,7157193.48,7100000,7238987.97,43,30
2017-12-02,10000002,12204,2702500.23,2502461.54,2702500.29,131,34
2017-12-02,10000002,12205,17225009.51,6000102.03,18989995.99,30,30
2017-12-02,10000002,12206,2770688.92,2303009.1,2778909.76,59,46
2017-12-02,10000002,12207,5301000,5301000,5301000,231,40
2017-12-02,10000002,12208,5164926.33,2003006,5355200.96,35,33
2017-12-02,10000002,12209,6829249.01,6829249.01,6829249.01,137,40
2017-12-02,10000002,12210,789176.13,606024.02,797994.41,82,42
2017-12-02,10000002,12211,3094228.86,1900012.88,3099775.87,54,44
2017-12-02,10000002,12212,10833389.09,6002000.88,10999988.87,60,33
2017-12-02,10000002,12213,1226388.33,400000.03,1249999,36,26
2017-12-02,10000002,12214,2539817.4,2539817.4,2539817.4,198,31
2017-12-02,10000002,12215,18074384.52,6000521.08,19000309,27,25
2017-12-02,10000002,12217,46154.32,10008.63,82300,4,4
2017-12-02,10000002,12218,555000,555000,555000,1,1
2017-12-02,10000002,12219,22239915.81,21999997,24999996.98,29,19
2017-12-02,10000002,12221,2366941.72,2107396.9,2449995.98,33,22
2017-12-02,10000002,12223,44219996.97,44219996.97,44219996.97,2,2
2017-12-02,10000002,12225,64012.81,64012.8,64012.82,37,3
2017-12-02,10000002,12226,799999.99,799999.99,799999.99,1,1
2017-12-02,10000002,12235,229999984.97,229999983.64,229999986.31,4,4
2017-12-02,10000002,12236,227949958.88,216000002.37,239899915.39,2,2
2017-12-02,10000002,12237,26100002.56,10000008.76,32999999.89,10,9
2017-12-02,10000002,12238,13002050.14,12003075.22,14999999.99,3,3
2017-12-02,10000002,12239,28351566.26,25932012.52,31980896.94,5,5
2017-12-02,10000002,12243,1499999.98,1499999.98,1499999.98,1,1
2017-12-02,10000002,12257,38926.94,12600.09,82028,18,13
2017-12-02,10000002,12258,1975200,1975200,1975200,2,2
2017-12-02,10000002,12259,3988121.16,3573011,4089099.96,98,62
2017-12-02,10000002,12261,196667.07,90001.21,250000,6,4
2017-12-02,10000002,12262,9876000,9876000,9876000,1,1
2017-12-02,10000002,12263,6749805.21,5841039.95,7179995.9,31,22
2017-12-02,10000002,12265,54531.68,49999.97,75000,71,13
2017-12-02,10000002,12266,998400,998400,998400,3,3
2017-12-02,10000002,12267,3999999.45,3999999,3999999.93,402,185
2017-12-02,10000002,12269,166758.39,121001.02,349787.97,5,5
2017-12-02,10000002,12270,4996740,4996740,4996740,2,2
2017-12-02,10000002,12271,7074000,7030001,7074999.88,295,126
2017-12-02,10000002,12274,81077.85,58012.49,81077.91,924,169
2017-12-02,10000002,12275,499200,499200,499200,5,5
2017-12-02,10000002,12297,25739685,25739685,25739685,2,2
2017-12-02,10000002,12304,188050.82,100416.14,284448.97,42,6
2017-12-02,10000002,12305,117999,100000,117999,156,142
2017-12-02,10000002,12344,102109.18,88250,128989.19,90,29
2017-12-02,10000002,12345,1000000,1000000,1000000,4,4
2017-12-02,10000002,12346,1488896.85,1301600.98,1488896.99,506,48
2017-12-02,10000002,12354,977830.43,471101.43,1195000,10,4
2017-12-02,10000002,12355,10000000,10000000,10000000,3,3
2017-12-02,10000002,12356,2770619.47,2616136.58,3000136.49,16,4
2017-12-02,10000002,12365,120000,120000,120000,775,153
2017-12-02,10000002,12366,120000,120000,120000,821,148
2017-12-02,10000002,12367,120000,120000,120000,171,140
2017-12-02,10000002,12441,80000,80000,80000,257,135
2017-12-02,10000002,12442,100000,100000,100000,218,127
2017-12-02,10000002,12478,899999.98,899999.98,899999.98,1,1
2017-12-02,10000002,12484,2500000,2120017.42,2500000.07,508,107
2017-12-02,10000002,12485,2300000.53,2300000.53,2300000.53,631,113
2017-12-02,10000002,12486,1749001.09,1749001.09,1749001.09,241,110
2017-12-02,10000002,12487,3048946,2599988.99,3048979.94,161,102
2017-12-02,10000002,12528,25432.57,25014.41,26979.78,94,26
2017-12-02,10000002,12529,1445333.63,1251000.33,3000000,9,8
2017-12-02,10000002,12530,5013.83,5013.83,5013.83,264,45
2017-12-02,10000002,12531,37761.24,5004,100000,58,16
2017-12-02,10000002,12532,1500003.84,1500003,1500004,59,11
2017-12-02,10000002,12533,280539.35,140020.66,599900,36,21
2017-12-02,10000002,12535,9100,9100,9100,280,15
2017-12-02,10000002,12536,257038.96,257038.96,257038.96,19,8
2017-12-02,10000002,12537,500123.21,500041.9,500248,24,11
2017-12-02,10000002,12538,17100.06,17100.06,17100.06,374,27
2017-12-02,10000002,12539,351000.68,250001,639000,41,21
2017-12-02,10000002,12540,6001.21,6001.21,6001.21,115,20
2017-12-02,10000002,12541,21572.01,10102,97999.98,65,26
2017-12-02,10000002,12542,3035512.93,1660780,3949999.96,83,50
2017-12-02,10000002,12543,200011.03,117011.03,289995.77,261,89
2017-12-02,10000002,12544,220000.03,220000.03,519999.99,203,41
2017-12-02,10000002,12545,10222,10222,10222,146,27
2017-12-02,10000002,12546,50000,50000,50000,106,27
2017-12-02,10000002,12547,2994373.04,1752003.05,7342668.03,9,9
2017-12-02,10000002,12548,156685.05,115026.34,289992.93,84,28
2017-12-02,10000002,12549,396305.39,237999.99,464904.41,43,12
2017-12-02,10000002,12550,22775.38,7010,48000,52,12
2017-12-02,10000002,12551,141000.02,11500.04,399999.99,60,20
2017-12-02,10000002,12557,88895.92,88895.92,88895.93,2011,107
2017-12-02,10000002,12559,141178.38,141178.37,141178.38,2108,111
2017-12-02,10000002,12563,64899.97,64899.97,64899.99,1018,107
2017-12-02,10000002,12565,74980.91,74980.9,74980.91,1109,102
2017-12-02,10000002,12608,55.75,55.75,55.75,1672665,192
2017-12-02,10000002,12612,50.66,50.65,50.67,2957855,395
2017-12-02,10000002,12614,36.93,34.98,36.94,1669970,253
2017-12-02,10000002,12618,36.09,36.09,36.09,2831496,123
2017-12-02,10000002,12620,44.87,44.87,44.89,447894,99
2017-12-02,10000002,12625,45.38,45.38,45.38,1322064,206
2017-12-02,10000002,12631,47.38,47.38,47.38,247030,69
2017-12-02,10000002,12633,40.13,37.87,40.16,241782,75
2017-12-02,10000002,12709,22454.42,6400.93,45996.78,55,40
2017-12-02,10000002,12710,1494999.99,1494999.99,1495000,3,3
2017-12-02,10000002,12729,185308405.59,170506021.96,187700962,44,37
2017-12-02,10000002,12731,276937318.45,260781025.93,282999997.91,28,27
2017-12-02,10000002,12733,171043729.25,162600909.63,176015086.99,18,18
2017-12-02,10000002,12735,185554887.08,174501000.04,189997995.99,15,15
2017-12-02,10000002,12743,196399601.45,181000270.44,202791995.2,34,34
2017-12-02,10000002,12745,295318719.79,289999999,305000000.21,45,43
2017-12-02,10000002,12747,244553534.57,226362020.03,248301000,14,13
2017-12-02,10000002,12753,291103786.4,290000000,292944443.99,11,11
2017-12-02,10000002,12761,699.89,699.89,699.89,484836,41
2017-12-02,10000002,12765,571.85,571.85,571.85,176018,32
2017-12-02,10000002,12767,314.78,314.78,314.79,271884,74
2017-12-02,10000002,12771,278.01,278,278.01,228705,75
2017-12-02,10000002,12773,138.65,138.1,158,671512,130
2017-12-02,10000002,12775,771.97,566.09,772.38,724438,73
2017-12-02,10000002,12777,138.59,138.59,138.59,1146925,132
2017-12-02,10000002,12779,589.17,505.09,589.96,706095,74
2017-12-02,10000002,12785,77.97,77.92,77.97,2522893,161
2017-12-02,10000002,12787,308.82,308.62,310.86,854864,92
2017-12-02,10000002,12789,102.4,102.15,102.53,2293421,271
2017-12-02,10000002,12791,229.4,229.39,229.42,1655771,105
2017-12-02,10000002,12801,221.96,221.94,221.97,1054751,118
2017-12-02,10000002,12803,191.8,191.8,191.8,243496,29
2017-12-02,10000002,12805,188.49,188.49,188.49,1779959,133
2017-12-02,10000002,12807,408,408,408.99,116204,24
2017-12-02,10000002,12814,230031.12,230031.07,299990.51,1894,113
2017-12-02,10000002,12816,399994.99,399994.84,399996.94,1341,84
2017-12-02,10000002,12818,293995.45,235037.24,293995.59,2234,131
2017-12-02,10000002,12820,357264.8,357264.75,386785.86,2568,82
2017-12-02,10000002,12822,488991.42,241000.27,488996.11,702,63
2017-12-02,10000002,12824,472000.19,417497.47,509999.66,169,12
2017-12-02,10000002,12826,188462,188461.99,188462.78,325,33
2017-12-02,10000002,12828,371999.99,371001.05,371999.99,265,28
2017-12-02,10000002,12836,77499.96,77499.93,81497.76,26687,61
2017-12-02,10000002,12865,2899.99,2899.99,2899.99,6210,5
2017-12-02,10000002,13000,129999998.89,129999998.89,129999998.89,1,1
2017-12-02,10000002,13001,3599988.83,2528013.27,3599988.86,422,162
2017-12-02,10000002,13003,2319995.59,2319995.59,2319995.59,513,229
2017-12-02,10000002,13119,106.75,106.75,106.75,806343,35
2017-12-02,10000002,13166,26186707.22,20001386.5,29897899.75,16,14
2017-12-02,10000002,13209,41264899.99,39347720.05,41999999.99,14,14
2017-12-02,10000002,13216,19680999.99,19680999.99,19681000,182,85
2017-12-02,10000002,13217,24689313.41,16023520.81,29888797.84,8,8
2017-12-02,10000002,13218,23999986.13,23999985,23999989.45,7,6
2017-12-02,10000002,13219,21825000.91,17700004.99,23474998.48,7,7
2017-12-02,10000002,13220,534445.58,300001.36,1355000.34,9,7
2017-12-02,10000002,13221,20615987.88,17256125.75,23135884.47,7,7
2017-12-02,10000002,13222,19999998.68,19999998.5,19999998.82,5,5
2017-12-02,10000002,13223,449719.91,301005.45,499999.5,7,7
2017-12-02,10000002,13224,2068671.37,1222524.53,2489940.36,44,23
2017-12-02,10000002,13225,1716209.04,1500715.15,1798981,12,9
2017-12-02,10000002,13226,22199990.69,22199990.68,22199990.7,8,7
2017-12-02,10000002,13227,14999999.99,14999999.99,14999999.99,1,1
2017-12-02,10000002,13229,24989776.96,24989776.95,24989776.97,11,9
2017-12-02,10000002,13230,23999997.92,23999997.88,23999997.99,3,3
2017-12-02,10000002,13231,23999989.84,23999989.82,23999989.86,2,2
2017-12-02,10000002,13233,20513576.61,20513576.61,20513576.62,7,6
2017-12-02,10000002,13236,16910000.1,16910000.1,16910000.1,3,3
2017-12-02,10000002,13237,18992857.54,18000001.14,19499999.98,35,29
2017-12-02,10000002,13238,171150.38,82000.11,209997.95,33,19
2017-12-02,10000002,13239,17700000,17700000,17700000,4,1
2017-12-02,10000002,13240,19636540.63,18032644.54,20042998.98,94,56
2017-12-02,10000002,13242,22738370.44,21000000,22999066.21,46,24
2017-12-02,10000002,13243,1906428.86,1821001.03,2004999.9,28,20
2017-12-02,10000002,13244,20353895.56,18479906.22,20485998.06,61,52
2017-12-02,10000002,13245,8000000,7000000,10000000,9,7
2017-12-02,10000002,13246,6592452.55,6000565.72,8959999.88,5,4
2017-12-02,10000002,13247,25366663.33,25300000,25399995,3,3
2017-12-02,10000002,13248,24990194.79,24989994.38,24990999.26,5,5
2017-12-02,10000002,13249,19755932.05,19749999.85,20100000,59,39
2017-12-02,10000002,13250,19894968.23,19894965.73,19894969.21,19,18
2017-12-02,10000002,13252,3818404.04,3640000.01,4198999.99,47,26
2017-12-02,10000002,13253,40364.57,8001.37,139001.41,11,9
2017-12-02,10000002,13255,25999999.8,25999999,26000000,5,5
2017-12-02,10000002,13256,19393755.31,17680000.21,20573999.68,49,35
2017-12-02,10000002,13257,3692745.77,3004094.94,3980025,65,38
2017-12-02,10000002,13258,1946614.86,983280.82,1990000.93,23,20
2017-12-02,10000002,13259,20803208.96,18500019.71,21299976.8,62,42
2017-12-02,10000002,13260,22037094.93,19000000.04,22747769,58,36
2017-12-02,10000002,13261,19950999.67,19919998.99,19950999.77,232,89
2017-12-02,10000002,13262,438320.33,103.58,998999,26,18
2017-12-02,10000002,13263,17808814.62,17002057.95,19799997.96,31,25
2017-12-02,10000002,13265,17216000.03,17216000.03,17216000.03,80,4
2017-12-02,10000002,13267,16100.08,16100.08,16100.08,3424,60
2017-12-02,10000002,13278,101157.89,89999.99,109000,57,42
2017-12-02,10000002,13279,328180.95,250000,328192.37,139,75
2017-12-02,10000002,13283,40466.48,15000.22,59399.27,90,48
2017-12-02,10000002,13284,728115.88,520000.31,923999.97,43,28
2017-12-02,10000002,13285,467441.21,237000.07,664999.97,34,22
2017-12-02,10000002,13286,19996.99,8003.05,19998.99,101,47
2017-12-02,10000002,13287,702787.24,560000.05,828999.97,47,30
2017-12-02,10000002,13320,75000,75000,75000,674,14
2017-12-02,10000002,13321,749970,749970,749970,5,5
2017-12-02,10000002,13774,1763914.23,1386812.71,1977500,9,8
2017-12-02,10000002,13775,20432326.74,20430613.14,20432612.34,7,6
2017-12-02,10000002,13777,10451536.51,7306189.06,11499982,4,4
2017-12-02,10000002,13784,64449993.94,63899987.88,65000000,10,7
2017-12-02,10000002,13785,42000003.95,42000003.83,42000004.06,2,2
2017-12-02,10000002,13786,16499859.71,16499859.71,16499859.71,2,1
2017-12-02,10000002,13791,19799998.96,19799998.96,19799998.96,3,1
2017-12-02,10000002,13793,790011.98,790011.98,790011.98,3,3
2017-12-02,10000002,13799,31752665.2,29005330.4,34999999.99,6,4
2017-12-02,10000002,13805,30500002.06,30500002,30500002.11,2,2
2017-12-02,10000002,13809,33333333,33333333,33333333,2,2
2017-12-02,10000002,13811,2658064.38,2499999.99,2699999.73,31,5
2017-12-02,10000002,13813,3435590.9,1600000.03,3498999.99,22,7
2017-12-02,10000002,13815,47000000,47000000,47000000,8,6
2017-12-02,10000002,13820,700019.68,700019.68,700019.68,1,1
2017-12-02,10000002,13823,1181182,1181182,1181182,1,1
2017-12-02,10000002,13824,11006948.95,11006948.95,11006948.95,1,1
2017-12-02,10000002,13825,15625288.49,11501156.04,16999999,4,4
2017-12-02,10000002,13827,23751798.91,11255764.3,29999999.75,9,9
2017-12-02,10000002,13828,41375084.9,32000340.03,44499999.86,4,3
2017-12-02,10000002,13829,24653015.65,4588121,27996998.45,7,4
2017-12-02,10000002,13830,6890000.28,6890000.28,6890000.28,1,1
2017-12-02,10000002,13831,3999999.99,3999999.98,3999999.99,7,2
2017-12-02,10000002,13832,25394435.57,14972586.21,27999897.92,35,7
2017-12-02,10000002,13834,60613551.37,39990328.05,62126078.9,11,7
2017-12-02,10000002,13856,86.95,86.95,86.95,122805,29
2017-12-02,10000002,13865,1387007.29,261021.88,1950000,6,5
2017-12-02,10000002,13866,4011783.77,4011783.77,4011783.77,1,1
2017-12-02,10000002,13870,2999997.88,2999997.88,2999997.88,5,3
2017-12-02,10000002,13872,19115293.99,19115293.98,19115293.99,10,4
2017-12-02,10000002,13873,20615896.23,19408408.47,23978999.8,11,6
2017-12-02,10000002,13876,1569634.85,1569606.28,1569706.29,7,3
2017-12-02,10000002,13878,10005391.48,10005391.48,10005391.48,1,1
2017-12-02,10000002,13879,34122548,30000000,36998999.99,9,5
2017-12-02,10000002,13881,2000061.96,2000061.96,2000061.96,2,2
2017-12-02,10000002,13883,2001263.5,2001213,2001314,2,2
2017-12-02,10000002,13884,6324727.34,2798909.39,7499999.99,4,2
2017-12-02,10000002,13885,13938650,8001229.02,14899999,13,9
2017-12-02,10000002,13886,1136288.84,1136288.84,1136288.84,1,1
2017-12-02,10000002,13887,1282014.05,1282014.05,1282014.05,1,1
2017-12-02,10000002,13888,24999995.49,24999994.99,24999995.99,4,4
2017-12-02,10000002,13890,9999986.92,9999984.76,9999987.5,17,8
2017-12-02,10000002,13891,45467345.17,45467345.17,45467345.18,3,2
2017-12-02,10000002,13892,26517865.92,26517865.92,26517865.92,4,3
2017-12-02,10000002,13893,400368,400368,400368,1,1
2017-12-02,10000002,13918,4000.01,4000.01,4000.01,2,2
2017-12-02,10000002,13919,24765486.72,18375001,26895648.61,4,4
2017-12-02,10000002,13920,49000000.02,49000000.02,49000000.02,4,4
2017-12-02,10000002,13922,75333641.59,60000888.08,82999999.78,9,9
2017-12-02,10000002,13923,6989593.81,5803507,7977999.5,11,6
2017-12-02,10000002,13924,7214009.96,3788206.65,8240205.93,26,15
2017-12-02,10000002,13926,37092431.33,32051890.67,45490000,8,8
2017-12-02,10000002,13927,13557486.11,13557470.52,13557491.31,8,4
2017-12-02,10000002,13929,43285828.63,42200160.52,45999999.94,14,12
2017-12-02,10000002,13931,10999992.97,10999992.97,10999992.98,3,2
2017-12-02,10000002,13933,11854514.22,10999887.98,11899998.91,11,10
2017-12-02,10000002,13935,93633200.48,85000008.43,99289919.98,17,17
2017-12-02,10000002,13937,95850028.36,87000008.07,97400000,38,37
2017-12-02,10000002,13939,97761870,92000000,97999999.47,21,18
2017-12-02,10000002,13941,63462619.01,56668126.01,68996746.93,26,24
2017-12-02,10000002,13943,65496431.61,62229044.89,68218881,33,28
2017-12-02,10000002,13945,83664008.18,80009559.27,87597106.75,30,23
2017-12-02,10000002,13947,6046156.52,3295908.14,14389999.41,16,15
2017-12-02,10000002,13948,4646667.02,3199999.62,5680000.92,12,12
2017-12-02,10000002,13949,9458360.3,8916720.76,9999999.85,4,4
2017-12-02,10000002,13950,24374999.63,23499999.47,25249999.78,4,4
2017-12-02,10000002,13951,4407145.26,3001003.16,4799999.99,13,11
2017-12-02,10000002,13952,6699999.98,6699999.98,6699999.98,1,1
2017-12-02,10000002,13953,6691831.11,5000049.49,8879986.2,11,10
2017-12-02,10000002,13954,8349998,8349998,8349998,1,1
2017-12-02,10000002,13955,2885799.22,1460999.01,7160999.01,4,4
2017-12-02,10000002,13956,28435318.46,21761701.26,30139999,16,14
2017-12-02,10000002,13957,22355453.21,17720900.44,26989989.37,12,10
2017-12-02,10000002,13958,24000008,24000008,24000008,1,1
2017-12-02,10000002,13959,102676353.19,89906651.05,117999999.92,11,11
2017-12-02,10000002,13960,96576825.12,75068600.44,107330937.47,3,3
2017-12-02,10000002,13963,21073004.02,10642023.27,24549997.6,4,4
2017-12-02,10000002,13965,14524994.01,13650028.57,14999989.94,48,34
2017-12-02,10000002,13966,2974295.12,2957371.04,3298999.97,58,38
2017-12-02,10000002,13967,1431651.81,1269883.86,1920868.03,12,12
2017-12-02,10000002,13968,3366599.48,2621712.07,3500004,31,24
2017-12-02,10000002,13969,230845541.57,221387530.16,238948185.98,62,60
2017-12-02,10000002,13970,3899994.96,1860406.6,3899997.87,112,49
2017-12-02,10000002,13972,3038430,2800951.58,3728996.81,26,19
2017-12-02,10000002,13974,3236195.4,2901999.96,3901998.44,67,40
2017-12-02,10000002,13976,2939922.12,2850028.01,3299495.88,40,31
2017-12-02,10000002,13978,3555061.11,2765700.08,3800000,63,38
2017-12-02,10000002,13980,2746747.82,2651356.9,3418673.99,24,18
2017-12-02,10000002,13982,3550000,2999349,3999999.99,139,70
2017-12-02,10000002,13984,2048707.16,1250001,2329999.45,60,36
2017-12-02,10000002,13986,2475028.06,2475028.06,2475028.06,4,4
2017-12-02,10000002,13988,2008307.42,1660025.33,4097999.96,7,5
2017-12-02,10000002,13990,1686926.08,1680003.43,3349999.98,13,10
2017-12-02,10000002,13992,2528580.34,2220012.88,3299999,7,5
2017-12-02,10000002,13994,2376366.28,2000005.05,2625002.49,11,11
2017-12-02,10000002,13995,1565999.81,1410000.01,2194999,10,9
2017-12-02,10000002,13996,875223.01,450334.53,1724999.98,6,6
2017-12-02,10000002,13997,1327350.38,1211111,1499999.96,13,11
2017-12-02,10000002,13998,40968901.74,30022112.32,46999999.84,22,22
2017-12-02,10000002,13999,551585.52,291003.04,1333332.98,8,8
2017-12-02,10000002,14001,5417720.3,4601203.46,5780000.65,48,38
2017-12-02,10000002,14003,4779570.43,4520604.79,5000000,57,39
2017-12-02,10000002,14005,304765.99,203000,349992.98,13,10
2017-12-02,10000002,14007,61264.28,60125.03,99998.96,35,11
2017-12-02,10000002,14009,53281.1,0.03,100000,32,21
2017-12-02,10000002,14011,231000.01,231000.01,231000.01,2,1
2017-12-02,10000002,14013,68113.82,56237.58,174999.97,10,7
2017-12-02,10000002,14015,65551.92,58088.47,97999,54,26
2017-12-02,10000002,14017,126019.08,126019.08,126019.08,5,5
2017-12-02,10000002,14019,78030.68,78030.67,78030.68,11,11
2017-12-02,10000002,14021,77343.09,77343.08,77343.09,20,10
2017-12-02,10000002,14025,86000,86000,86000,10,7
2017-12-02,10000002,14027,136000.01,136000.01,136000.01,15,9
2017-12-02,10000002,14029,2777843.87,2244474.89,3449985.53,59,26
2017-12-02,10000002,14031,230000,230000,230000,8,8
2017-12-02,10000002,14033,19363964.13,16700000,24749999.71,28,26
2017-12-02,10000002,14035,541860.8,355603.06,800000,17,17
2017-12-02,10000002,14037,4654841.29,2500013.63,5299999.92,31,14
2017-12-02,10000002,14039,2369375.51,269999.01,2790000,58,19
2017-12-02,10000002,14041,35642518.6,20000065.26,41899499.93,14,14
2017-12-02,10000002,14043,5785830.34,5160006.71,7349983.07,57,31
2017-12-02,10000002,14045,45455000.98,42400000.08,49999999.01,20,20
2017-12-02,10000002,14047,39117550.4,34954528.73,39750000,52,49
2017-12-02,10000002,14049,457576.75,198000,500000,52,21
2017-12-02,10000002,14051,100000,100000,100000,15,12
2017-12-02,10000002,14053,100000,100000,100000,13,9
2017-12-02,10000002,14055,100000.01,100000,100000.01,17,14
2017-12-02,10000002,14057,200000,200000,200000,14,12
2017-12-02,10000002,14059,2622043.89,2001628.92,3252500.48,24,22
2017-12-02,10000002,14061,1865455.29,1600001.03,2180000.86,22,17
2017-12-02,10000002,14063,2895222.61,1601000.84,4699999.03,33,30
2017-12-02,10000002,14065,2796442.6,2500785.98,2888854.92,29,24
2017-12-02,10000002,14067,9821842.33,7000999.12,11790000.94,22,21
2017-12-02,10000002,14068,43252576.66,40003701.11,49750327.77,6,5
2017-12-02,10000002,14069,6254131.78,3670679.08,6899994.95,5,5
2017-12-02,10000002,14070,31556549.64,28334653.4,33969994.25,55,48
2017-12-02,10000002,14072,42999999.95,40005003.57,43003002.5,114,78
2017-12-02,10000002,14074,14628605.06,12701383.1,15746999.95,48,39
2017-12-02,10000002,14076,367713.75,177027.56,474999.99,40,25
2017-12-02,10000002,14078,1190000,1190000,1190000,168,25
2017-12-02,10000002,14080,261055.36,261041.96,261057.03,9,7
2017-12-02,10000002,14082,699999.95,699999.93,699999.97,144,46
2017-12-02,10000002,14084,2424900,2424900,2424900,192,44
2017-12-02,10000002,14086,254136.26,254104.88,254199.01,9,8
2017-12-02,10000002,14088,219838.71,155006.86,543997.98,12,8
2017-12-02,10000002,14090,312146,312145.99,312146.01,28,12
2017-12-02,10000002,14092,290916.82,283178.77,318000,9,8
2017-12-02,10000002,14094,411653.63,382024,582023.99,27,17
2017-12-02,10000002,14096,433037.92,383001.01,899999.8,27,15
2017-12-02,10000002,14098,230026.54,230026.54,230026.54,6,6
2017-12-02,10000002,14100,65064855.9,57100005.32,72999989.74,14,13
2017-12-02,10000002,14102,16232839.55,15555700.06,17000000,25,22
2017-12-02,10000002,14104,43150059.98,40000092.57,48999999.97,20,18
2017-12-02,10000002,14106,48007999.82,39012001.01,52505999.23,3,3
2017-12-02,10000002,14108,36186743.97,29653606.47,37999999.98,7,7
2017-12-02,10000002,14110,17981657.52,16636096.3,19999999,5,5
2017-12-02,10000002,14112,24402257.61,15011289.04,26750000,5,5
2017-12-02,10000002,14114,76494745.06,45690000.6,94799989.82,8,8
2017-12-02,10000002,14116,91780133.29,88661191.7,96999954.72,15,14
2017-12-02,10000002,14118,97401261.2,95004153.01,98999000,5,5
2017-12-02,10000002,14120,93490179.49,86003900.22,99498979.93,9,9
2017-12-02,10000002,14122,37000000,37000000,37000000,1,1
2017-12-02,10000002,14124,22476802.52,21276802.62,23276802.45,10,9
2017-12-02,10000002,14126,13960112.65,8713666.14,16400009.04,9,9
2017-12-02,10000002,14127,27740585.68,25597095.07,31799995.97,15,14
2017-12-02,10000002,14128,6080509.76,4829999.12,7999000,46,35
2017-12-02,10000002,14130,7703370.09,7087550.24,7967989.29,57,40
2017-12-02,10000002,14132,63999999.79,63999999.79,63999999.79,1,1
2017-12-02,10000002,14134,41086298.49,39167471.51,42500300.21,33,28
2017-12-02,10000002,14136,48349985.19,45170903.8,51999998.98,31,28
2017-12-02,10000002,14138,87999999.96,87999999.96,87999999.96,1,1
2017-12-02,10000002,14140,19848837.95,19000695.16,20999952.49,33,28
2017-12-02,10000002,14142,18475841.51,15604166.61,21602246.76,33,13
2017-12-02,10000002,14144,34586011.69,30008828.7,35008824.54,87,53
2017-12-02,10000002,14146,35968041.36,33818491.97,37848928.97,30,26
2017-12-02,10000002,14148,24750562.02,14501129.04,34999994.99,2,2
2017-12-02,10000002,14150,19000000.18,19000000.18,19000000.18,1,1
2017-12-02,10000002,14152,3178134.18,2951408.07,3387653.97,25,15
2017-12-02,10000002,14154,4173833.17,3753045.64,4524489.4,22,14
2017-12-02,10000002,14156,19234440.81,15456700,19989988.96,6,6
2017-12-02,10000002,14158,15498642.98,8000500.17,16499999.95,7,7
2017-12-02,10000002,14162,32047999.67,26048000.73,35047999.14,3,3
2017-12-02,10000002,14164,71939992.15,63000002.38,77899984.99,5,5
2017-12-02,10000002,14166,55451219.54,53000815.12,56666665.92,17,16
2017-12-02,10000002,14168,35328065.63,32890584.34,36890502.77,66,48
2017-12-02,10000002,14170,40070588.86,38047062.7,40999999.62,37,29
2017-12-02,10000002,14172,8659722.18,6513474.68,10499999.93,26,25
2017-12-02,10000002,14174,14167519.66,12556101.39,15247899.88,45,31
2017-12-02,10000002,14176,24394466.82,19900053.74,28888879.9,4,4
2017-12-02,10000002,14178,22314562.4,18829127.54,25799999.89,8,8
2017-12-02,10000002,14184,10776673.25,8685010.88,14959997.99,3,3
2017-12-02,10000002,14186,21200218.98,21200218.98,21200218.98,1,1
2017-12-02,10000002,14188,145541198.14,124999969.57,154115214.99,34,24
2017-12-02,10000002,14190,132800764.1,127902500.02,136999997.62,13,12
2017-12-02,10000002,14192,44500000.43,42500002.24,44999999.98,10,9
2017-12-02,10000002,14194,43633472.12,40000000,46499999.97,8,8
2017-12-02,10000002,14200,15253721.28,9900011,16567777,20,17
2017-12-02,10000002,14202,16271422,16000000,17989729.96,20,12
2017-12-02,10000002,14204,44862909.97,44305671.96,47633711.69,14,7
2017-12-02,10000002,14206,76100009.91,71000023.21,86999994.59,30,18
2017-12-02,10000002,14208,89533380.52,85400049.25,95400059.06,15,15
2017-12-02,10000002,14210,24759271.01,18443614.23,33441807.88,19,16
2017-12-02,10000002,14214,2192495.48,510000.95,3874990,2,2
2017-12-02,10000002,14220,22880003.66,14400018.36,24999999.99,5,4
2017-12-02,10000002,14222,14768941.17,10000049.01,16999789.79,26,17
2017-12-02,10000002,14228,675000.93,500001.24,1199999.99,4,4
2017-12-02,10000002,14230,37990871.05,35101015.27,40999994.8,52,44
2017-12-02,10000002,14232,60070096.62,50210290.86,64999999.5,3,3
2017-12-02,10000002,14234,18137296.02,17301002.85,19749999.99,25,24
2017-12-02,10000002,14236,34361279.61,33000000.02,35979998.21,46,39
2017-12-02,10000002,14238,153624601.59,146750749.45,162947685.8,28,28
2017-12-02,10000002,14240,5544734.87,1520009.01,6999998.89,21,15
2017-12-02,10000002,14242,114695123.4,107600000.05,120999999.82,40,38
2017-12-02,10000002,14246,54676125.49,49854379.88,55823000,28,25
2017-12-02,10000002,14248,118509793.32,110000401.04,120456776.98,35,34
2017-12-02,10000002,14250,86096097.4,80006292.55,89999979.84,32,29
2017-12-02,10000002,14252,92529411,87200000.79,94250000,34,34
2017-12-02,10000002,14254,93765154.03,90783888.52,97999999.97,18,18
2017-12-02,10000002,14256,46218909.28,44054100.28,47999979.91,40,39
2017-12-02,10000002,14258,100179376.11,94989488.92,101999999.83,34,34
2017-12-02,10000002,14260,62318410.12,58100654.2,66999999.8,30,28
2017-12-02,10000002,14262,80246851.01,76351966.26,83999993.39,85,69
2017-12-02,10000002,14264,71700650.93,68315750.02,72999999.94,19,18
2017-12-02,10000002,14266,43871418.38,37252656.53,46092000.01,29,29
2017-12-02,10000002,14268,102561551.68,92110022.07,107878999.59,30,29
2017-12-02,10000002,14270,64308622.17,58925166.32,66888970.89,27,22
2017-12-02,10000002,14272,50250.68,16250.62,53250.68,264,79
2017-12-02,10000002,14274,230000,230000,230000,1014,98
2017-12-02,10000002,14276,58250,58250,58250,169,66
2017-12-02,10000002,14278,925000,880000.35,949998.81,488,166
2017-12-02,10000002,14280,360002.62,360002.53,499976.79,169,52
2017-12-02,10000002,14282,261012.04,261010.11,527999.98,108,42
2017-12-02,10000002,14284,462004.27,462004.26,462004.31,60,25
2017-12-02,10000002,14286,568753.96,517115.6,894096.39,59,27
2017-12-02,10000002,14292,206.45,206.45,206.45,189,93
2017-12-02,10000002,14295,4244473.86,3900039.29,4399000,54,28
2017-12-02,10000002,14296,4551818.37,4246000,4750000,49,39
2017-12-02,10000002,14297,4400000,4400000,4400000,125,39
2017-12-02,10000002,14298,4187080.82,3901011.09,5300936.95,75,44
2017-12-02,10000002,14299,4800476.32,4360000.04,4800866.44,203,53
2017-12-02,10000002,14343,2843373.11,2800049.44,3450000.64,15,6
2017-12-02,10000002,14358,371,101,506,75,3
2017-12-02,10000002,14383,275000000,275000000,275000000,1,1
2017-12-02,10000002,14516,250000000,250000000,250000000,1,1
2017-12-02,10000002,14544,1140000000,1140000000,1140000000,1,1
2017-12-02,10000002,14626,4337500000,3325000000,5350000000,4,4
2017-12-02,10000002,14664,2740989659.5,2225009035.51,2998979971.49,3,3
2017-12-02,10000002,14666,3999999999.99,3999999999.99,3999999999.99,1,1
2017-12-02,10000002,14688,2200015051,2200015051,2200015051,1,1
2017-12-02,10000002,14694,1357142553.81,1299999899.25,1399999359.56,7,7
2017-12-02,10000002,14746,2000000000,2000000000,2000000000,1,1
2017-12-02,10000002,14788,4930000000.01,4930000000.01,4930000000.01,1,1
2017-12-02,10000002,14842,1799990000,1799990000,1799990000,1,1
2017-12-02,10000002,14850,230000000.1,230000000.1,230000000.1,1,1
2017-12-02,10000002,15008,1999999999,1999999999,1999999999,1,1
2017-12-02,10000002,15040,260000000.01,260000000.01,260000000.01,1,1
2017-12-02,10000002,15096,1199000000,1199000000,1199000000,1,1
2017-12-02,10000002,15106,3099997000,3099997000,3099997000,1,1
2017-12-02,10000002,15146,2800000000,2800000000,2800000000,1,1
2017-12-02,10000002,15148,2000000000,2000000000,2000000000,1,1
2017-12-02,10000002,15154,1991991950,1991991950,1991991950,1,1
2017-12-02,10000002,15276,1052001000,1052001000,1052001000,1,1
2017-12-02,10000002,15280,3801002000,3801002000,3801002000,1,1
2017-12-02,10000002,15286,2700000000,2700000000,2700000000,1,1
2017-12-02,10000002,15308,500000000,500000000,500000000,1,1
2017-12-02,10000002,15316,505.77,505.77,505.77,50,2
2017-12-02,10000002,15317,14399,12740.01,14427.76,62160,23
2017-12-02,10000002,15331,1416,1415.99,1416,203988,1910
2017-12-02,10000002,15457,1571816,1494892.96,1594892.91,13,3
2017-12-02,10000002,15458,6500000,6500000,6500000,1,1
2017-12-02,10000002,15460,1950001.12,1400002.23,2500000,20,2
2017-12-02,10000002,15462,23999995.09,23999995.09,23999995.09,1,1
2017-12-02,10000002,15463,1887999.97,1879999,1887999.97,115,21
2017-12-02,10000002,15464,9777522.79,9599960.26,9777522.84,116,24
2017-12-02,10000002,15465,22000000,20000100.06,23970989.8,135,24
2017-12-02,10000002,15466,2900000,2900000,2900000,562,40
2017-12-02,10000002,15477,8130295.67,6510000.39,8978937.27,61,16
2017-12-02,10000002,15478,16230065.37,15998998.68,24849999.94,89,16
2017-12-02,10000002,15479,3442041.86,3442000,3442041.87,742,100
2017-12-02,10000002,15480,12599999,12299998.93,13797886.76,204,56
2017-12-02,10000002,15508,30980.68,30980.68,30980.68,3144,143
2017-12-02,10000002,15509,1999994.93,1999994.93,1999994.93,5,5
2017-12-02,10000002,15510,30000,30000,30000,776,89
2017-12-02,10000002,15511,1579996.67,1579996,1579999.99,6,6
2017-12-02,10000002,15587,4500.01,4500.01,4500.01,1356,133
2017-12-02,10000002,15588,8000,8000,8000,490,93
2017-12-02,10000002,15589,15000,15000,15000,855,105
2017-12-02,10000002,15590,20002,20002,20002,1115,113
2017-12-02,10000002,15591,30000,30000,30000,136,45
2017-12-02,10000002,15592,953220,953020,1169999.99,2797,105
2017-12-02,10000002,15593,109000,109000,109000,11827,127
2017-12-02,10000002,15594,1999999,1854112.86,2108998.23,3166,131
2017-12-02,10000002,15596,2333.3,2333.3,2333.3,238,32
2017-12-02,10000002,15597,4905.23,4905.23,4905.23,190,66
2017-12-02,10000002,15598,7881.05,5.01,8209.22,100,25
2017-12-02,10000002,15599,34993.92,34993.92,34993.92,1316,67
2017-12-02,10000002,15600,588997.51,401175.27,588997.63,1618,35
2017-12-02,10000002,15601,889938.86,705094.73,893917.99,1984,59
2017-12-02,10000002,15602,115200,115158.59,115200.09,1681,60
2017-12-02,10000002,15604,2600000,2370000,2779997.92,2986,49
2017-12-02,10000002,15605,2000000,1600777.01,2418875.01,1402,41
2017-12-02,10000002,15607,2410.01,2410.01,2410.01,268,34
2017-12-02,10000002,15608,4999.99,406.33,4999.99,711,55
2017-12-02,10000002,15609,6281.56,6281.56,6281.56,110,16
2017-12-02,10000002,15610,321042.54,321042.16,321042.54,132,31
2017-12-02,10000002,15611,27979.99,27979.99,27979.99,159,29
2017-12-02,10000002,15612,19503.45,19503.45,19503.45,322,35
2017-12-02,10000002,15613,397003.65,397000,397100,574,42
2017-12-02,10000002,15614,127700.02,127700.02,127702.14,1161,52
2017-12-02,10000002,15615,2150000,2100073.02,2449990,875,58
2017-12-02,10000002,15617,200.08,200.08,200.08,26,2
2017-12-02,10000002,15618,12000.01,12000.01,12000.01,9,2
2017-12-02,10000002,15619,19500.01,19500.01,19500.01,12,2
2017-12-02,10000002,15620,7500.01,7500.01,7500.01,73,5
2017-12-02,10000002,15621,24500.01,24500.01,24500.01,1,1
2017-12-02,10000002,15622,34500.02,34500.02,34500.02,6,1
2017-12-02,10000002,15623,24501.01,24501.01,24501.01,40,5
2017-12-02,10000002,15625,4500,4500,4500,900,66
2017-12-02,10000002,15626,8000,8000,8000,996,88
2017-12-02,10000002,15627,15000,15000,15000,200,55
2017-12-02,10000002,15628,20000,20000,20000,616,74
2017-12-02,10000002,15629,25000,25000,25000,936,74
2017-12-02,10000002,15630,500280.03,489980,559998.93,2896,115
2017-12-02,10000002,15631,331001.01,327600,424215.85,5894,114
2017-12-02,10000002,15632,1673262.99,1673006.06,1932960.07,2388,78
2017-12-02,10000002,15634,5000,5000,5000,2,1
2017-12-02,10000002,15637,30000,30000,30000,2,1
2017-12-02,10000002,15640,21003,21000.01,21005,5,3
2017-12-02,10000002,15641,65500,65500,65500,4,2
2017-12-02,10000002,15642,19000,19000,19000,3,2
2017-12-02,10000002,15643,605401.28,605401.26,605401.28,5,4
2017-12-02,10000002,15646,50000,50000,50000,841,89
2017-12-02,10000002,15647,50000.04,50000.04,50000.04,2,2
2017-12-02,10000002,15648,100000.03,100000.03,100000.03,2,2
2017-12-02,10000002,15650,2000000,2000000,2000000,4,2
2017-12-02,10000002,15653,14100.09,14100.09,14100.09,10,3
2017-12-02,10000002,15654,2001.07,2001.06,2001.08,10,3
2017-12-02,10000002,15656,96016.48,9616.5,99999.99,2773,45
2017-12-02,10000002,15657,100007.01,100007.01,100007.01,8,2
2017-12-02,10000002,15659,20000,20000,20000,7,2
2017-12-02,10000002,15660,30000,30000,30000,2276,107
2017-12-02,10000002,15661,1723120.08,1717000.05,1723275.34,5564,84
2017-12-02,10000002,15664,2000000,2000000,2000000,1,1
2017-12-02,10000002,15666,60000,60000,60000,1,1
2017-12-02,10000002,15669,2200000,2181060,2200001,3796,43
2017-12-02,10000002,15670,1040001.22,1040001.02,1040001.62,6,2
2017-12-02,10000002,15671,550000.15,550000.15,550000.15,52,8
2017-12-02,10000002,15673,1097974.01,1094999,1097974.02,8585,134
2017-12-02,10000002,15674,20000,20000,20000,24,4
2017-12-02,10000002,15675,57002494.58,55003328.29,62999993.47,8,8
2017-12-02,10000002,15677,46500022.15,43000044.59,49999999.72,4,4
2017-12-02,10000002,15681,95090000,88001429.74,96580568.47,565,232
2017-12-02,10000002,15683,93675129.97,88115000.04,99497997.91,23,21
2017-12-02,10000002,15685,56000,56000,56000,1,1
2017-12-02,10000002,15689,1827773.82,115513.13,1998999.89,11,4
2017-12-02,10000002,15693,9487647.02,5283906.09,12640452.72,7,7
2017-12-02,10000002,15705,7999999.61,7999999.6,7999999.62,2,2
2017-12-02,10000002,15707,4893999.99,2288000.01,7499999.97,4,4
2017-12-02,10000002,15709,9512387.67,8005041.03,9888999.45,10,10
2017-12-02,10000002,15711,16008987.31,6513481.05,34999999.82,3,3
2017-12-02,10000002,15715,2001106.87,2001105.66,2001108.08,2,2
2017-12-02,10000002,15719,1314900,1314900,1314900,1,1
2017-12-02,10000002,15721,2050500.78,1101001.68,2999999.88,4,4
2017-12-02,10000002,15723,3750024.73,1500049.46,6000000,2,2
2017-12-02,10000002,15725,23699098.37,21000000.01,23998998,10,7
2017-12-02,10000002,15727,450680.04,450680.04,450680.04,3,2
2017-12-02,10000002,15729,31500000,30989999.57,31991996.75,776,297
2017-12-02,10000002,15731,500000.03,500000.03,500000.03,1,1
2017-12-02,10000002,15733,226000.33,226000.33,226000.33,1,1
2017-12-02,10000002,15735,12000666.12,12000666.12,12000666.12,1,1
2017-12-02,10000002,15739,16530090.1,10599874.93,19002324.01,28,22
2017-12-02,10000002,15746,22776641.62,10553283.24,34999999.99,2,2
2017-12-02,10000002,15749,20001475.46,20001475.46,20001475.46,1,1
2017-12-02,10000002,15751,195999999,195999999,195999999,1,1
2017-12-02,10000002,15753,47922877.02,36564522.48,49988000,52,32
2017-12-02,10000002,15755,150332938.74,121000907.15,164998954.54,3,3
2017-12-02,10000002,15757,29995995.74,29989999.52,29999989.85,5,5
2017-12-02,10000002,15759,28999994.96,27999989.92,30000000,2,2
2017-12-02,10000002,15761,35991995.9,35991995.9,35991995.9,1,1
2017-12-02,10000002,15764,80600549.66,74001000.1,82000700.11,20,20
2017-12-02,10000002,15766,27712418.39,27712418.39,27713438.48,138,86
2017-12-02,10000002,15770,40099997.83,32929355.49,50298986.99,18,15
2017-12-02,10000002,15780,9350390.62,6201598.59,10399982,4,4
2017-12-02,10000002,15784,24671772.18,24005105.52,26005105.51,3,3
2017-12-02,10000002,15786,34437517.38,29999999.92,42400023.23,8,8
2017-12-02,10000002,15788,18843999,12689000.02,24998997.99,4,4
2017-12-02,10000002,15790,17133583.59,15000065.17,17499319.86,41,36
2017-12-02,10000002,15792,157200220.85,141000010.86,159999897.58,28,22
2017-12-02,10000002,15796,10300014,10300014,10300014,1,1
2017-12-02,10000002,15798,25000131.64,25000131.28,25000132,2,2
2017-12-02,10000002,15800,49999994.06,49999991.43,49999996.69,2,2
2017-12-02,10000002,15804,71792221.14,50070090.07,89845999.97,11,9
2017-12-02,10000002,15806,94112581.78,84002261.67,99899978.39,96,57
2017-12-02,10000002,15808,79999975.03,40000000,89999968.79,5,5
2017-12-02,10000002,15810,71489997,67481013.68,72000000,107,60
2017-12-02,10000002,15812,67999999,67999999,67999999,1,1
2017-12-02,10000002,15813,57988993.28,57988992.33,57988996.11,4,4
2017-12-02,10000002,15823,7066766.33,3200299.01,9000000,3,3
2017-12-02,10000002,15824,2952739.73,2900000,3549053.99,15,10
2017-12-02,10000002,15825,101963358.13,48140205.56,119904408.99,4,3
2017-12-02,10000002,15827,6199998,6199998,6199998,1,1
2017-12-02,10000002,15829,7420000,7420000,7420000,1,1
2017-12-02,10000002,15831,13101212.01,13101212.01,13101212.01,1,1
2017-12-02,10000002,15834,1000050.42,1000050.42,1000050.42,2,2
2017-12-02,10000002,15837,73136366.53,19027307.73,79899998.88,9,3
2017-12-02,10000002,15843,3105150,3105150,3105150,2,2
2017-12-02,10000002,15844,3299999.47,2700000,3899998.89,6,6
2017-12-02,10000002,15845,94999999.19,94999998.88,95000000,4,4
2017-12-02,10000002,15847,17004997.01,11014992.04,19999999.49,3,2
2017-12-02,10000002,15850,3000001,3000001,3000001,1,1
2017-12-02,10000002,15860,56304998.5,45219994,60000000,4,3
2017-12-02,10000002,15868,350045.65,350045.65,350045.65,2,1
2017-12-02,10000002,15872,2557507.75,1016026,4098989.5,4,3
2017-12-02,10000002,15879,3500000.01,3500000.01,3500000.01,2,2
2017-12-02,10000002,15881,14139648.28,12505163.01,16999997.99,11,11
2017-12-02,10000002,15885,89999998.99,89999998.99,89999998.99,1,1
2017-12-02,10000002,15887,50989870.94,49999994.35,50989898.66,166,117
2017-12-02,10000002,15889,46798678.2,46798667.41,46798693,116,85
2017-12-02,10000002,15891,117084347.58,108000608.55,119143948.06,78,73
2017-12-02,10000002,15893,118843527.44,112112152.64,125000620.28,15,14
2017-12-02,10000002,15895,80529947.57,76664554.41,81999990.56,85,56
2017-12-02,10000002,15897,140999993.56,135000000,144999988.99,5,4
2017-12-02,10000002,15898,6900006.54,5200013.1,8599999.98,6,6
2017-12-02,10000002,15899,140000000,139999999.99,140000000,2,2
2017-12-02,10000002,15900,62505074.49,50010150,74999998.98,2,2
2017-12-02,10000002,15902,6994665.84,3000001.76,14983994,3,3
2017-12-02,10000002,15904,38131968.08,32497952.25,49399999.75,3,3
2017-12-02,10000002,15905,96000003.25,90000030.35,99999997.53,15,12
2017-12-02,10000002,15907,50000599.91,50000599.91,50000599.91,1,1
2017-12-02,10000002,15909,31665999.66,29999500,34998999,3,3
2017-12-02,10000002,15911,1736452.56,529373.4,2339992.15,6,6
2017-12-02,10000002,15913,6501148.73,2004613.92,7999993.7,4,4
2017-12-02,10000002,15915,4999999.99,4999999.99,4999999.99,1,1
2017-12-02,10000002,15917,13000000,13000000,13000000,2,2
2017-12-02,10000002,15921,9999996,9999995.99,9999996,2,2
2017-12-02,10000002,15923,90000.33,90000.33,90000.33,1,1
2017-12-02,10000002,15925,429997.12,50000.21,999992.5,10,6
2017-12-02,10000002,15931,21780003.26,9099988.95,72500060.49,10,6
2017-12-02,10000002,15939,74566590.07,69918774,79057882,13,11
2017-12-02,10000002,15947,167999090.16,167999090.13,167999090.18,4,3
2017-12-02,10000002,15957,11424999.5,6850000.01,15999999,4,4
2017-12-02,10000002,15963,119835995,119473930.5,124000000,184,82
2017-12-02,10000002,15965,62156849.78,58000001.91,65999999.8,40,32
2017-12-02,10000002,15980,685000,685000,685000,1,1
2017-12-02,10000002,15992,18560.08,18560.08,18560.08,408,39
2017-12-02,10000002,15993,18000.02,18000.02,18000.02,24,4
2017-12-02,10000002,15994,25000.01,25000.01,25000.01,1554,121
2017-12-02,10000002,15996,10005.9,10005.9,10005.9,102,29
2017-12-02,10000002,15997,29533.6,150.48,30000,64,35
2017-12-02,10000002,15998,50000,50000,50000,879,50
2017-12-02,10000002,15999,17600.1,17600.1,17600.1,165,17
2017-12-02,10000002,16000,10000.13,10000.13,10000.13,213,18
2017-12-02,10000002,16001,18000,18000,18000,40,7
2017-12-02,10000002,16002,52010,52010,52010,860,95
2017-12-02,10000002,16003,144332181.48,136998985,158998555.71,15,10
2017-12-02,10000002,16004,152507254.13,150000000.16,169999983.81,97,67
2017-12-02,10000002,16006,164909763.21,164909759.8,164909764.92,3,3
2017-12-02,10000002,16008,7316845.1,6995799.99,8199557,48,34
2017-12-02,10000002,16009,161499939,161499939,161499939,1,1
2017-12-02,10000002,16046,1150005,1150005,1150005,1,1
2017-12-02,10000002,16062,44756513.56,41943430.66,46499977.73,42,19
2017-12-02,10000002,16064,99999946.91,99999946.37,99999947.26,19,11
2017-12-02,10000002,16065,5125000,5000000,6000000,8,8
2017-12-02,10000002,16068,33904849.72,33904849.72,33904849.72,1,1
2017-12-02,10000002,16069,85000,85000,85000,142,98
2017-12-02,10000002,16118,45001.56,45001.56,45001.56,191,29
2017-12-02,10000002,16119,151.06,151.06,151.06,110,25
2017-12-02,10000002,16120,33017.66,33017.64,33017.67,55,9
2017-12-02,10000002,16121,60001.76,60001.76,60001.76,70,7
2017-12-02,10000002,16122,145008.18,145008.18,145008.18,32,6
2017-12-02,10000002,16123,190012.2,190012.17,190012.21,23,7
2017-12-02,10000002,16124,758400.04,758400.04,758400.04,120,6
2017-12-02,10000002,16125,1500005.09,1500005.07,1500005.12,33,7
2017-12-02,10000002,16126,949600010.02,940000000,959200020.03,2,2
2017-12-02,10000002,16181,36000,36000,36000,18,3
2017-12-02,10000002,16182,8000.01,8000.01,8000.01,19,2
2017-12-02,10000002,16183,29000.01,29000.01,29000.01,2,1
2017-12-02,10000002,16184,16000,16000,16000,5,2
2017-12-02,10000002,16185,20000.01,20000.01,20000.01,1,1
2017-12-02,10000002,16186,24800.01,24800.01,24800.01,6,1
2017-12-02,10000002,16187,29000.06,29000.06,29000.06,10,1
2017-12-02,10000002,16189,751001.33,751001.32,751001.36,8,4
2017-12-02,10000002,16213,206018677.59,199199996.99,220999996.93,28,22
2017-12-02,10000002,16214,450076831.16,297999995.75,499999881.02,13,10
2017-12-02,10000002,16216,47200039.32,47200039.32,47200039.32,2,2
2017-12-02,10000002,16221,11003217.53,11003217.27,11003217.55,33,12
2017-12-02,10000002,16227,47788192.65,47500000,49399999,127,58
2017-12-02,10000002,16228,540000000,540000000,540000000,2,2
2017-12-02,10000002,16229,45450476.24,45269999.9,45700000,84,63
2017-12-02,10000002,16231,41999995.17,41999991.98,41999999.98,5,5
2017-12-02,10000002,16233,46833332.29,42500001.01,47499999.97,36,29
2017-12-02,10000002,16236,1070850,990000.11,1090000,80,51
2017-12-02,10000002,16237,9040000,8980000,9100000,6,6
2017-12-02,10000002,16238,1124999.98,1000094.01,1130018.87,214,121
2017-12-02,10000002,16239,8416400,8416400,8416400,24,21
2017-12-02,10000002,16240,1249999.84,1249999.84,1990207.98,688,124
2017-12-02,10000002,16241,7449219.66,4000018.01,8138999.99,6,6
2017-12-02,10000002,16242,1046000.98,936000.14,1046000.99,306,90
2017-12-02,10000002,16243,8807230.77,8600000,9540000,13,11
2017-12-02,10000002,16245,24997990.65,24997990.64,24997990.68,3,3
2017-12-02,10000002,16246,144637821.06,130000227.01,151990969.15,18,18
2017-12-02,10000002,16247,59999999.44,59999999.44,59999999.44,1,1
2017-12-02,10000002,16248,146645527.98,145549989.92,166995398.71,19,19
2017-12-02,10000002,16249,87999992.99,87999992.99,87999992.99,1,1
2017-12-02,10000002,16262,239999.98,239999.98,239999.98,1553,5
2017-12-02,10000002,16265,194999,194999,194999,212566,94
2017-12-02,10000002,16266,649000.01,649000,649000.04,83,5
2017-12-02,10000002,16267,170500.12,170500.12,170500.12,26,3
2017-12-02,10000002,16272,559.98,543.69,585.96,43600692,235
2017-12-02,10000002,16273,116.35,110,116.72,48191240,452
2017-12-02,10000002,16274,821.71,718.83,822.72,43130546,238
2017-12-02,10000002,16275,3679.83,3607.99,3679.91,2408708,227
2017-12-02,10000002,16278,1738233.85,1400026.19,1790097.84,487,95
2017-12-02,10000002,16279,15003680,15003680,15003680,4,4
2017-12-02,10000002,16281,458493.99,375000,458494,250,75
2017-12-02,10000002,16297,7505.01,7505.01,7505.01,292,89
2017-12-02,10000002,16299,16000.05,2501.09,16000.1,597,110
2017-12-02,10000002,16301,11512.71,11512.55,27990.32,577,189
2017-12-02,10000002,16303,201005.61,201005.25,234439.9,1342,303
2017-12-02,10000002,16305,2602.3,2602.3,2602.3,149,49
2017-12-02,10000002,16309,4405.28,4405.28,4405.28,132,43
2017-12-02,10000002,16311,165792.64,165792.63,239989.23,360,104
2017-12-02,10000002,16313,1011.04,1011.04,1011.04,134,31
2017-12-02,10000002,16315,1206.01,1206.01,1206.01,119,39
2017-12-02,10000002,16317,1501,1501,1501,118,24
2017-12-02,10000002,16319,998000,320000,1450000,5,4
2017-12-02,10000002,16321,832,832,832,146,44
2017-12-02,10000002,16323,405.02,405.02,405.02,134,36
2017-12-02,10000002,16325,2526.01,2526.01,2526.01,109,35
2017-12-02,10000002,16327,2153.07,2153.07,2153.07,154,37
2017-12-02,10000002,16329,352.52,352.5,352.53,126,33
2017-12-02,10000002,16331,3142.64,3142.64,3142.64,132,39
2017-12-02,10000002,16333,2219.14,2219.14,2219.14,144,38
2017-12-02,10000002,16335,2180.01,2180.01,2180.01,133,39
2017-12-02,10000002,16337,1155,1155,1155,140,39
2017-12-02,10000002,16339,1412,1412,1412,102,34
2017-12-02,10000002,16341,500,500,500,120,36
2017-12-02,10000002,16343,2112,2112,2112,112,34
2017-12-02,10000002,16345,1669,1669,1669,145,46
2017-12-02,10000002,16347,2009,2009,2009,110,27
2017-12-02,10000002,16349,1199.24,1199.24,1199.24,122,33
2017-12-02,10000002,16351,3007.11,3007.11,3007.11,133,40
2017-12-02,10000002,16353,95652.25,95652.25,95652.25,704,116
2017-12-02,10000002,16355,80014.59,80014.55,80014.59,734,114
2017-12-02,10000002,16357,103408.04,103408.04,103408.04,675,120
2017-12-02,10000002,16359,103312.84,103312.84,103312.84,755,126
2017-12-02,10000002,16361,120904.53,120904.5,163999.98,1149,144
2017-12-02,10000002,16363,168995.29,168995.29,168995.29,857,134
2017-12-02,10000002,16365,160127.55,160127.55,160127.55,687,124
2017-12-02,10000002,16367,148729.5,148729.5,148729.5,762,151
2017-12-02,10000002,16369,148308.16,148308.16,148308.16,970,140
2017-12-02,10000002,16371,139020.15,128020.16,139020.15,1431,131
2017-12-02,10000002,16373,150256.02,150256.02,150256.02,746,125
2017-12-02,10000002,16375,141085,141085,141085,649,124
2017-12-02,10000002,16377,123028.02,123028.02,123028.02,912,143
2017-12-02,10000002,16379,110121.61,110121.6,130121.69,1033,125
2017-12-02,10000002,16381,120052.24,106037.02,140000,1422,136
2017-12-02,10000002,16383,125160.76,125160.38,125161.25,673,128
2017-12-02,10000002,16385,78013,78012.41,78013,220,87
2017-12-02,10000002,16387,31002.09,31002.05,31002.19,174,56
2017-12-02,10000002,16389,40001.18,40001.15,40001.28,157,49
2017-12-02,10000002,16391,252008.03,252008.01,301994.61,490,157
2017-12-02,10000002,16393,31853.86,31853.86,31853.86,150,37
2017-12-02,10000002,16395,31358.05,31358.05,31358.05,163,43
2017-12-02,10000002,16397,21717.82,21717.73,21718.82,151,47
2017-12-02,10000002,16399,35024.4,35024.4,35024.4,199,60
2017-12-02,10000002,16401,32615,32615,32615,170,46
2017-12-02,10000002,16403,19309.02,19309.01,19309.19,139,36
2017-12-02,10000002,16405,17112.59,17112.59,17112.59,149,43
2017-12-02,10000002,16407,35593.99,35593.9,35594.09,190,55
2017-12-02,10000002,16409,10011.11,10011.03,10901.11,162,51
2017-12-02,10000002,16411,23013.02,23013.02,23013.02,144,43
2017-12-02,10000002,16413,32256.32,32256.32,32256.32,151,39
2017-12-02,10000002,16415,35999.03,35999.03,35999.03,183,51
2017-12-02,10000002,16417,37600.57,37600.57,37600.57,155,52
2017-12-02,10000002,16419,26117.27,26117.24,29999.99,202,42
2017-12-02,10000002,16421,35945.13,35945.13,35945.13,150,40
2017-12-02,10000002,16423,11815.56,11815.5,11815.63,149,43
2017-12-02,10000002,16425,19989.03,19989.03,19989.03,147,39
2017-12-02,10000002,16427,17821.09,17821.03,17899.12,150,39
2017-12-02,10000002,16429,24999.27,24999.23,24999.5,138,39
2017-12-02,10000002,16431,22210.3,22210.3,22210.32,171,48
2017-12-02,10000002,16433,452.11,452.09,452.12,219,95
2017-12-02,10000002,16435,7007,7006.09,7007,272,121
2017-12-02,10000002,16439,2506.04,2506.04,2506.05,320,119
2017-12-02,10000002,16441,2558,2557.93,2558,286,90
2017-12-02,10000002,16443,8029.32,8029.31,20000,330,77
2017-12-02,10000002,16447,7601.02,7600.04,62473.76,426,119
2017-12-02,10000002,16449,14508.06,14508.06,14508.06,229,51
2017-12-02,10000002,16451,77991.92,77991.92,77991.92,852,68
2017-12-02,10000002,16455,14225.01,14220.01,14225.02,467,96
2017-12-02,10000002,16457,2479661.19,2225119.94,2480342.74,418,227
2017-12-02,10000002,16467,56250,56070.03,99885.55,495,170
2017-12-02,10000002,16469,39750.1,39501.09,86893.95,365,135
2017-12-02,10000002,16475,100003.14,100003.14,100003.14,1088,129
2017-12-02,10000002,16477,111017.54,111017.5,158997,728,130
2017-12-02,10000002,16481,45103.03,45103.01,45103.03,685,50
2017-12-02,10000002,16483,46103,46103,46103,552,54
2017-12-02,10000002,16485,43252.02,43252.01,43252.04,621,55
2017-12-02,10000002,16487,176994.91,63205.09,176996.62,782,136
2017-12-02,10000002,16489,17503.04,17503.04,17503.04,240,68
2017-12-02,10000002,16491,15007,15007,15007,239,63
2017-12-02,10000002,16493,1305.01,1305.01,1305.01,193,51
2017-12-02,10000002,16495,102295.91,99998,102295.94,983,117
2017-12-02,10000002,16497,156044.02,156044.02,156044.02,501,84
2017-12-02,10000002,16499,158038.18,158038.18,158038.18,498,82
2017-12-02,10000002,16505,50001,50001,50001,499,127
2017-12-02,10000002,16507,44212,44212,44212,298,101
2017-12-02,10000002,16513,7991,7991,7991,696,82
2017-12-02,10000002,16515,6714,6714,6714,694,77
2017-12-02,10000002,16517,7115.43,7115.43,7115.43,558,73
2017-12-02,10000002,16519,30003.06,30003.01,30006.02,1207,176
2017-12-02,10000002,16521,3500.19,3500.19,3500.19,1223,195
2017-12-02,10000002,16523,3003.15,3003.15,3003.17,755,144
2017-12-02,10000002,16525,5000.13,5000.13,5000.13,558,125
2017-12-02,10000002,16527,348496.98,320037.09,350037.13,970,231
2017-12-02,10000002,16529,71436.18,31251.04,109999.67,78,44
2017-12-02,10000002,16531,373772.01,275000,439984.92,54,41
2017-12-02,10000002,16533,1723621.38,1560827.85,1988550.82,59,48
2017-12-02,10000002,16535,12721697.69,11250000.07,13999998.87,53,50
2017-12-02,10000002,16537,14190635.43,11200013.59,15699994.79,42,36
2017-12-02,10000002,16591,33870659.79,31514001.71,33999998,54,39
2017-12-02,10000002,16594,1723787.26,1500000,2098984,58,32
2017-12-02,10000002,16595,13146153.85,12500000,13400000.01,39,37
2017-12-02,10000002,16596,36171985.22,35000000,37000000,22,19
2017-12-02,10000002,16597,20698502.13,20000000,21999964.98,68,38
2017-12-02,10000002,16598,3500000,3500000,3500000,219,96
2017-12-02,10000002,16622,5000000,5000000,5000000,252,84
2017-12-02,10000002,16631,1566670.42,1300019.53,1699995.87,18,7
2017-12-02,10000002,16633,3544.44,3544.44,3585.9,891347,75
2017-12-02,10000002,16634,3899.91,3894.4,3989.42,697281,59
2017-12-02,10000002,16635,7193.9,7193.86,7193.91,1817092,103
2017-12-02,10000002,16636,8848.95,8848.63,9199.83,1920734,118
2017-12-02,10000002,16637,8300,8224.99,8337.91,725149,64
2017-12-02,10000002,16638,5144.98,5100,5237.4,5475290,92
2017-12-02,10000002,16639,4500.06,4493.96,4500.08,2858542,68
2017-12-02,10000002,16640,6998.47,6800,6998.95,750081,62
2017-12-02,10000002,16641,8994.65,8848.97,8999,1981116,108
2017-12-02,10000002,16642,7210.78,7207.86,7444.44,3694930,86
2017-12-02,10000002,16643,10997.94,10600.15,11993.78,1589839,103
2017-12-02,10000002,16644,5953.06,5951,6987.04,3034297,111
2017-12-02,10000002,16646,13409.9,12000.15,13410,719747,51
2017-12-02,10000002,16647,15444.01,15443.93,15444.4,553921,43
2017-12-02,10000002,16648,10884,9503.21,10885.83,1282376,61
2017-12-02,10000002,16649,13555.55,13049,13999.99,1082091,73
2017-12-02,10000002,16650,84010.11,83444.44,86998.99,477490,69
2017-12-02,10000002,16651,47998.8,39501,49444.42,348460,53
2017-12-02,10000002,16652,69000.33,68446.08,78493.37,415985,61
2017-12-02,10000002,16653,49913.96,47000.1,49915,302833,48
2017-12-02,10000002,16654,12241,12241,12241,341954,28
2017-12-02,10000002,16655,14299.99,14298.95,14390,409243,22
2017-12-02,10000002,16656,7249.61,7249.61,7249.61,62289,10
2017-12-02,10000002,16657,8989.32,8985,9000,628807,18
2017-12-02,10000002,16658,9200,9200,9200,1250949,39
2017-12-02,10000002,16659,7298.65,5806.7,7374.52,611929,31
2017-12-02,10000002,16660,4634.13,4634.13,4634.13,1111965,26
2017-12-02,10000002,16661,8199.93,8199.93,8199.93,147173,17
2017-12-02,10000002,16662,12531.04,12530.92,13000,554226,41
2017-12-02,10000002,16663,16390,16389.99,16390,200618,22
2017-12-02,10000002,16664,10010.12,10010.12,10010.12,57820,9
2017-12-02,10000002,16665,10075.91,9502.98,10100,153999,11
2017-12-02,10000002,16666,32000,32000,32000,140760,14
2017-12-02,10000002,16667,31394.97,31200,31394.97,181945,19
2017-12-02,10000002,16668,48002.36,48002.36,48002.53,149747,22
2017-12-02,10000002,16669,54966.69,48229.13,54966.7,123593,21
2017-12-02,10000002,16670,337.39,335.04,378,85318632,152
2017-12-02,10000002,16671,388.99,324,410,38880205,98
2017-12-02,10000002,16672,236.97,236.77,249.96,80991391,128
2017-12-02,10000002,16673,217.23,205.19,220.53,108595015,142
2017-12-02,10000002,16678,429,415.21,429.43,60641903,149
2017-12-02,10000002,16679,996.76,920.19,1068.91,30810647,216
2017-12-02,10000002,16680,1858.94,1660,1911.82,15454889,236
2017-12-02,10000002,16681,4747.91,4747,4748.62,3975800,178
2017-12-02,10000002,16682,10601,9961.05,11037.8,2096169,191
2017-12-02,10000002,16683,41408.4,41408.07,41408.41,1286718,139
2017-12-02,10000002,16688,2536545.79,2300338.26,4189998.48,8,4
2017-12-02,10000002,16689,14099774.72,14099774.72,14099774.72,1,1
2017-12-02,10000002,16690,973220.36,900000.06,1379999.79,59,3
2017-12-02,10000002,16691,2000000.06,2000000.06,2000000.06,13,2
2017-12-02,10000002,16692,7995000,7995000,7995000,3,2
2017-12-02,10000002,16694,7999999.82,7999999.81,7999999.82,6,4
2017-12-02,10000002,16696,1749999.99,1700000.01,1799999.96,12,2
2017-12-02,10000002,16697,6450000.03,6450000.03,6450000.03,1,1
2017-12-02,10000002,16869,8666290.79,8666290.79,8666290.79,10,3
2017-12-02,10000002,17136,74999.99,74999.99,74999.99,20759,86
2017-12-02,10000002,17167,1094999.29,800000.02,1299998.71,20,7
2017-12-02,10000002,17168,2766018.77,2200207.56,2998999.89,24,7
2017-12-02,10000002,17174,1895250,1800000.01,2498499.91,22,6
2017-12-02,10000002,17175,2099999.97,1800000.01,2899999.86,22,6
2017-12-02,10000002,17176,1845675.06,1500000,2388878.72,18,9
2017-12-02,10000002,17177,1774994.65,1700000.04,2199964.08,20,10
2017-12-02,10000002,17178,2379238.93,2000000.03,2884890.8,14,7
2017-12-02,10000002,17180,2081333.33,1800000,2222000,6,3
2017-12-02,10000002,17181,2182351.43,1900000,2899994.84,17,10
2017-12-02,10000002,17182,3649998.97,3649998.96,3649999,5,3
2017-12-02,10000002,17184,3367461.57,2400000.04,3689948.74,4,2
2017-12-02,10000002,17185,2795832.35,2500099.83,3288719.85,8,5
2017-12-02,10000002,17186,2660764.27,2500100,2999999.92,28,9
2017-12-02,10000002,17187,10090910.4,2400003.18,16499999.75,11,4
2017-12-02,10000002,17190,28502.98,25006.13,31999.82,40,10
2017-12-02,10000002,17192,4013.06,4013.05,4013.1,603,34
2017-12-02,10000002,17194,10894.89,7595.4,16998.94,57,17
2017-12-02,10000002,17196,7001.49,7001.49,7001.49,190,26
2017-12-02,10000002,17199,3000.83,3000.83,3000.83,719,71
2017-12-02,10000002,17200,161529.13,109999.52,273000,17,12
2017-12-02,10000002,17201,8600,8600,8600,1377,21
2017-12-02,10000002,17202,9200,9200,9200,329,26
2017-12-02,10000002,17203,120105.82,120105,120106,62,12
2017-12-02,10000002,17204,242053.89,202091.06,299999.99,49,13
2017-12-02,10000002,17205,469786.31,260209.01,799998.82,81,53
2017-12-02,10000002,17206,301.04,301.04,301.04,624,37
2017-12-02,10000002,17207,9559112.81,8016929.44,10989670,67,30
2017-12-02,10000002,17208,5020.15,5020.15,5020.15,374,61
2017-12-02,10000002,17209,6075,6075,6075,621,58
2017-12-02,10000002,17210,587714.8,333100.01,999985.99,53,17
2017-12-02,10000002,17211,5000.04,5000.04,5000.04,474,22
2017-12-02,10000002,17212,2348563.56,2302033,3000000,15,10
2017-12-02,10000002,17213,12561.8,10015,21985,94,21
2017-12-02,10000002,17214,5001.81,5001.81,5001.81,108,29
2017-12-02,10000002,17215,11050.11,11050.11,11050.11,140,14
2017-12-02,10000002,17216,5508,5508,5508,290,25
2017-12-02,10000002,17217,3838843.42,3838842.81,3838844.1,15,11
2017-12-02,10000002,17218,5000.62,5000.62,5000.62,193,33
2017-12-02,10000002,17219,4550,4550,4550,103,31
2017-12-02,10000002,17220,5217,5217,5217,14,8
2017-12-02,10000002,17222,6663,6663,6663,32,15
2017-12-02,10000002,17223,5017,5017,5017,72,16
2017-12-02,10000002,17224,11089,11089,11089,7,4
2017-12-02,10000002,17226,1220000,1220000,1220000,4,2
2017-12-02,10000002,17230,7754,7754,7754,6,5
2017-12-02,10000002,17231,9301,9301,9301,48,11
2017-12-02,10000002,17232,200000,200000,200000,2,1
2017-12-02,10000002,17233,6105.37,5931,14997.99,52,14
2017-12-02,10000002,17234,9240,9240,9240,165,13
2017-12-02,10000002,17235,15031,15031,15031,27,3
2017-12-02,10000002,17238,70013,70013,70013,1,1
2017-12-02,10000002,17239,10592,10592,10592,66,5
2017-12-02,10000002,17241,6079,6079,6079,118,47
2017-12-02,10000002,17243,5100,5100,5100,251,107
2017-12-02,10000002,17244,22980,22980,22980,123,30
2017-12-02,10000002,17245,54400.5,50001,134996.99,10,7
2017-12-02,10000002,17251,9874,9874,9874,124,61
2017-12-02,10000002,17252,26601.45,25506,34999.93,26,18
2017-12-02,10000002,17254,11530.48,11500,11532,63,20
2017-12-02,10000002,17255,5001,5001,5001,33,11
2017-12-02,10000002,17256,21681.9,17266,110000,21,7
2017-12-02,10000002,17258,234203,234203,234203,9,3
2017-12-02,10000002,17261,7300.42,7270,7999.99,24,11
2017-12-02,10000002,17262,10759,10759,10759,65,17
2017-12-02,10000002,17264,7323,7323,7323,241,31
2017-12-02,10000002,17266,3504427.81,3361105,3980000,95,25
2017-12-02,10000002,17267,9411.85,7029,150000,60,11
2017-12-02,10000002,17270,581345.86,581345.01,581346,7,4
2017-12-02,10000002,17272,10369,10369,10369,85,17
2017-12-02,10000002,17288,180000.08,180000.08,180000.08,1,1
2017-12-02,10000002,17293,200000.35,200000.35,200000.35,1,1
2017-12-02,10000002,17317,91098,91097.98,91098,397192,83
2017-12-02,10000002,17322,5576923.08,5000000,7500000,13,11
2017-12-02,10000002,17323,6422142.86,5000000,6810000,14,12
2017-12-02,10000002,17324,5500000,5000000,7500000,5,5
2017-12-02,10000002,17325,5286260.4,5000000,6001911.39,7,7
2017-12-02,10000002,17326,5000000,5000000,5000000,6,6
2017-12-02,10000002,17327,5999555.51,5000000,7248999.89,9,8
2017-12-02,10000002,17328,6157692.24,5000000,7149999.87,13,12
2017-12-02,10000002,17329,5000434.5,5000000,5499996.16,9,9
2017-12-02,10000002,17330,7499996.27,7499996.22,7499996.42,4,4
2017-12-02,10000002,17331,4937493.45,2500000,5499986.89,8,8
2017-12-02,10000002,17332,5000000,5000000,5000000,6,6
2017-12-02,10000002,17333,5000000,5000000,5000000,3,3
2017-12-02,10000002,17334,7500000,7500000,7500000,8,5
2017-12-02,10000002,17335,5498986.2,5498986.2,5498986.2,2,2
2017-12-02,10000002,17336,7499999.15,7499999.15,7499999.15,2,2
2017-12-02,10000002,17337,5285713.19,5000000,5499998.09,7,7
2017-12-02,10000002,17338,5498983,5498983,5498983,3,2
2017-12-02,10000002,17339,5000000,5000000,5000000,4,4
2017-12-02,10000002,17340,5166333.24,5000000,5498999.71,9,8
2017-12-02,10000002,17341,5781249.99,5000000,6249999.99,8,8
2017-12-02,10000002,17342,5000000,5000000,5000000,4,4
2017-12-02,10000002,17344,4531800,2500000,5000000,5,5
2017-12-02,10000002,17345,5249494.91,5000000,5498989.82,6,6
2017-12-02,10000002,17346,5625000,5000000,7500000.01,4,4
2017-12-02,10000002,17347,5000000,5000000,5000000,6,5
2017-12-02,10000002,17348,5299999,5299999,5299999,6,2
2017-12-02,10000002,17350,7500000,7500000,7500000,8,4
2017-12-02,10000002,17351,5176444.44,5000000,5397000,9,9
2017-12-02,10000002,17352,5937500,5000000,7500000,8,8
2017-12-02,10000002,17353,5749250,5000000,6997999.99,8,7
2017-12-02,10000002,17354,5312500,5000000,7500000,8,7
2017-12-02,10000002,17355,5166333.25,5000000,5498999.75,6,6
2017-12-02,10000002,17356,5187123.41,5000000,5498995.75,8,7
2017-12-02,10000002,17357,6192307.69,5000000,6999999.99,13,11
2017-12-02,10000002,17359,7499997.79,7499997.78,7499997.8,2,2
2017-12-02,10000002,17363,77779.75,20016.36,80001.42,27,14
2017-12-02,10000002,17364,397899,397899,397899,2,2
2017-12-02,10000002,17365,404999.66,225000.01,494999.49,3,3
2017-12-02,10000002,17366,27999.96,17550.04,28796.85,555,171
2017-12-02,10000002,17367,116613,29000.21,199000,31,16
2017-12-02,10000002,17368,1534383.58,1520000,1534383.6,107,46
2017-12-02,10000002,17392,100000,99000,102263.2,28634,20
2017-12-02,10000002,17402,11799987.4,11799987.4,11799987.4,1,1
2017-12-02,10000002,17403,2216028.27,2000000.05,2598232.97,36,9
2017-12-02,10000002,17404,1527342.43,1301013.65,1979999.99,9,2
2017-12-02,10000002,17406,5138733.01,3558101.47,8299996.09,3,2
2017-12-02,10000002,17407,2328000.05,2328000.05,2328000.05,108,11
2017-12-02,10000002,17408,1177646.24,1101012.23,1498115.71,57,7
2017-12-02,10000002,17425,5500,5500,5500,305,1
2017-12-02,10000002,17426,4800.35,4800.35,4800.35,356,2
2017-12-02,10000002,17428,4264.52,4264.52,4264.52,527,2
2017-12-02,10000002,17429,3246,3246,3246,1684,2
2017-12-02,10000002,17432,2483.15,2483.15,2483.15,6726,3
2017-12-02,10000002,17436,800.08,800.08,800.08,99,2
2017-12-02,10000002,17437,955.82,955.82,955.82,31,1
2017-12-02,10000002,17440,410.52,410.52,410.52,3599,6
2017-12-02,10000002,17441,500,500,500,11618,6
2017-12-02,10000002,17444,446.01,446.01,446.01,3470,12
2017-12-02,10000002,17445,475.82,475.82,475.82,19390,8
2017-12-02,10000002,17448,450.26,450.26,450.26,45176,15
2017-12-02,10000002,17449,445.4,445.4,445.4,58088,13
2017-12-02,10000002,17452,173.11,173.11,173.11,163348,35
2017-12-02,10000002,17453,181.28,181.28,181.28,72655,28
2017-12-02,10000002,17455,55.52,55.52,62,13265608,228
2017-12-02,10000002,17456,66.5,60.96,66.51,13430927,220
2017-12-02,10000002,17459,46.79,46.47,47.5,10950323,190
2017-12-02,10000002,17460,48.35,48.35,48.35,7358695,126
2017-12-02,10000002,17463,17.97,17.66,17.99,5721992,156
2017-12-02,10000002,17464,19.24,18.46,19.28,3107874,103
2017-12-02,10000002,17466,3050.47,3050.47,3050.47,559,3
2017-12-02,10000002,17467,3108.29,3108.29,3108.29,79,1
2017-12-02,10000002,17470,14.93,14.9,14.94,25238719,221
2017-12-02,10000002,17471,15.97,15.97,15.97,11759958,142
2017-12-02,10000002,17476,23004021.01,23004020.83,25588886.8,165,88
2017-12-02,10000002,17477,2218233339.99,2217750010.01,2219199999.95,3,3
2017-12-02,10000002,17478,24939997.98,21999999.99,25107911.2,131,83
2017-12-02,10000002,17480,19099999.99,18899999.8,19299999.97,259,125
2017-12-02,10000002,17481,1756169999.99,1756169999.99,1756169999.99,1,1
2017-12-02,10000002,17482,1798942.98,1611039.02,1798946.9,1153,265
2017-12-02,10000002,17483,19825876.88,16130080,24999990,12,12
2017-12-02,10000002,17487,29449900,29449900,29449900,2,1
2017-12-02,10000002,17491,30275498.2,30275498.2,30275498.2,1,1
2017-12-02,10000002,17495,10000097.25,10000096.9,10000097.42,3,2
2017-12-02,10000002,17496,8887476.99,8874953.97,8900000,2,2
2017-12-02,10000002,17497,20494999.98,18999999.97,21989999.99,2,2
2017-12-02,10000002,17498,456549244.03,386200001.17,479998988,4,4
2017-12-02,10000002,17499,26628028.37,26621858.56,26630868.1,13,12
2017-12-02,10000002,17500,45008320.61,45008320.61,54999979.92,162,73
2017-12-02,10000002,17510,395000000,395000000,395000000,1,1
2017-12-02,10000002,17520,127208828.61,90287734.85,154899648.97,7,7
2017-12-02,10000002,17526,18137508.21,14302380.12,19149985.76,91,46
2017-12-02,10000002,17528,44479305.9,34017680.63,48999998.08,21,12
2017-12-02,10000002,17546,43051799,11103600,74999998,2,2
2017-12-02,10000002,17549,10000000,10000000,10000000,1,1
2017-12-02,10000002,17555,136133.13,136133.13,136133.13,1,1
2017-12-02,10000002,17557,100000,100000,100000,1,1
2017-12-02,10000002,17559,64492998.87,57678027.25,64999998.19,292,195
2017-12-02,10000002,17619,23542142.78,20000004.16,24999999.95,89,56
2017-12-02,10000002,17621,2599999.27,1000000.01,2999998.95,10,5
2017-12-02,10000002,17623,129200,129200,129200,6,2
2017-12-02,10000002,17624,1201.33,1201.33,1201.33,22,16
2017-12-02,10000002,17634,93618750.65,90000002.11,98999999.95,16,16
2017-12-02,10000002,17636,509406817.37,490740000.01,529999999.99,11,11
2017-12-02,10000002,17643,5554167.55,4725001.09,9699999.87,6,4
2017-12-02,10000002,17646,3755133.42,1209095,3999993.89,46,8
2017-12-02,10000002,17647,388888.45,388888.45,388888.45,3,3
2017-12-02,10000002,17648,1472.16,1472.16,1472.16,11000,2
2017-12-02,10000002,17652,84.28,84.28,84.28,2020,2
2017-12-02,10000002,17654,99.01,99.01,99.01,952,1
2017-12-02,10000002,17656,650,650,650,2000,1
2017-12-02,10000002,17664,3.59,3.59,3.59,3000,2
2017-12-02,10000002,17666,1183,1183,1183,113500,12
2017-12-02,10000002,17668,1782.4,1782.4,1782.4,23873,7
2017-12-02,10000002,17669,10499996,10499996,10499996,2,2
2017-12-02,10000002,17670,1794.96,1794.96,1794.96,104110,10
2017-12-02,10000002,17671,15000000.01,15000000.01,15000000.01,1,1
2017-12-02,10000002,17674,2279,2279,2279,11147,3
2017-12-02,10000002,17675,14999999,14999999,14999999,2,2
2017-12-02,10000002,17676,2.33,2.33,2.33,2500,1
2017-12-02,10000002,17678,1449.21,1449.21,1449.21,8000,1
2017-12-02,10000002,17680,420000,420000,420000,3,1
2017-12-02,10000002,17686,699333.33,450000,824000,9,3
2017-12-02,10000002,17688,546358.21,490000,549000,67,5
2017-12-02,10000002,17690,439000,439000,439000,6,2
2017-12-02,10000002,17694,300000,300000,300000,1,1
2017-12-02,10000002,17703,20000000,20000000,20000000,176,52
2017-12-02,10000002,17709,114819677.1,106096013.46,120999999.97,44,40
2017-12-02,10000002,17713,56859377.1,56474999.99,59499000,20,15
2017-12-02,10000002,17715,195000000,194989998.7,197464990,181,153
2017-12-02,10000002,17718,111343767.89,102001111.03,111999995,54,53
2017-12-02,10000002,17720,151366526.78,140042223.33,155025775.97,72,57
2017-12-02,10000002,17722,206193664.88,195501222.4,209000000,20,19
2017-12-02,10000002,17726,398626127.78,378378383.46,408999999.91,6,6
2017-12-02,10000002,17728,416281823.23,411999996.93,422990923.96,7,7
2017-12-02,10000002,17732,330000006.71,295000020.14,347499999.99,3,3
2017-12-02,10000002,17736,413069824.75,403000000,424999999.97,33,29
2017-12-02,10000002,17738,557819258.1,509206174.57,567992998.78,66,63
2017-12-02,10000002,17740,455776156.57,435224667.34,478996663.88,32,25
2017-12-02,10000002,17765,87777.77,87777.76,119999.98,9802,64
2017-12-02,10000002,17767,1149999.98,1149999.98,1149999.98,2,1
2017-12-02,10000002,17769,49900,49900,49900,28453,7
2017-12-02,10000002,17770,6199999.99,5999999.98,6400000,6,2
2017-12-02,10000002,17771,2371564.48,2201000.05,2399991.88,14,7
2017-12-02,10000002,17772,1175112.33,1175112.05,1175114.01,14,2
2017-12-02,10000002,17773,3512023.09,3512023.09,3512023.09,2,1
2017-12-02,10000002,17791,3000.01,3000.01,3000.01,321,17
2017-12-02,10000002,17793,1900980,1900980,1900980,2,1
2017-12-02,10000002,17794,2000001.78,2000001,2000002,4,4
2017-12-02,10000002,17795,687784.51,316001.22,703949,24,3
2017-12-02,10000002,17812,12008907.18,10190000.01,12198583.9,51,33
2017-12-02,10000002,17815,300000.11,300000.11,300000.11,1,1
2017-12-02,10000002,17832,13860000,13860000,13860000,1,1
2017-12-02,10000002,17838,5515000,5515000,5515000,2,2
2017-12-02,10000002,17840,3932.36,0.01,4001.35,58,27
2017-12-02,10000002,17841,15174430.13,11780001.91,15598999.56,79,58
2017-12-02,10000002,17843,64195816,64194299.99,64422999,589,240
2017-12-02,10000002,17848,450026.08,450026.08,450026.11,251,10
2017-12-02,10000002,17849,2407002.09,2400705.54,2980703.99,92,11
2017-12-02,10000002,17857,207.02,207.02,207.02,35991,3
2017-12-02,10000002,17859,1000.38,1000.38,1000.38,7735,4
2017-12-02,10000002,17861,3198.94,3198.94,3198.94,8133,4
2017-12-02,10000002,17862,90000000,90000000,90000000,1,1
2017-12-02,10000002,17863,1802.5,1802.5,1802.5,1358,3
2017-12-02,10000002,17864,70000000,70000000,70000000,1,1
2017-12-02,10000002,17865,945.49,945.49,945.49,3764,3
2017-12-02,10000002,17866,1214.36,1214.35,1214.36,71,2
2017-12-02,10000002,17867,68.85,68.85,68.85,271898,38
2017-12-02,10000002,17868,75.53,75.53,75.53,69654,28
2017-12-02,10000002,17871,712979.31,634000,768000,29,16
2017-12-02,10000002,17887,929.02,928.91,929.52,25561275,213
2017-12-02,10000002,17888,698.15,697.95,698.29,50348852,212
2017-12-02,10000002,17889,818.47,761.38,840.31,50619997,189
2017-12-02,10000002,17893,198000,135000,199000.95,4055,284
2017-12-02,10000002,17894,235495.97,235495.97,235495.98,3461,261
2017-12-02,10000002,17895,600019.08,600019.08,750000,4036,294
2017-12-02,10000002,17897,12001.32,12001.32,12001.32,5693,13
2017-12-02,10000002,17898,110000,110000,117747.99,20210,71
2017-12-02,10000002,17912,4499940.97,4151002.21,4499996.54,809,234
2017-12-02,10000002,17918,473999998.54,447201119.12,477100001.51,108,95
2017-12-02,10000002,17920,269423674.82,255000001.12,289999997.93,57,51
2017-12-02,10000002,17922,86357684.14,72008912.1,87999999.99,23,19
2017-12-02,10000002,17924,45323529.12,42000001.61,46999998.96,34,29
2017-12-02,10000002,17926,45815731.27,40000007.51,47249988.69,38,29
2017-12-02,10000002,17928,62567403.4,60524000.03,62569999.86,118,89
2017-12-02,10000002,17930,52876477.6,49500000,53500000,72,56
2017-12-02,10000002,17932,44840000,44499997.7,44999998,127,69
2017-12-02,10000002,17938,10633.99,10000,10634.02,1472,866
2017-12-02,10000002,17939,172000,172000,172000,5,5
2017-12-02,10000002,17940,500000,500000,500000,229,97
2017-12-02,10000002,17959,10252.26,10252.25,10500.26,348974,19
2017-12-02,10000002,17960,44162.99,44162.55,44170.93,59554,11
2017-12-02,10000002,17982,1400000,1400000,1400000,1,1
2017-12-02,10000002,17999,301000.29,301000.29,301000.29,54,7
2017-12-02,10000002,18025,458946.16,255500,598400.81,30,30
2017-12-02,10000002,18029,3099.02,3099.02,9099.01,753,21
2017-12-02,10000002,18036,119787.09,119787.08,119789.8,364,27
2017-12-02,10000002,18037,800000,800000,800000,8,7
2017-12-02,10000002,18038,94896.99,94896.95,94897,445,27
2017-12-02,10000002,18039,764285.43,750000,799999,7,6
2017-12-02,10000002,18040,62992,62992,62992,448,18
2017-12-02,10000002,18041,700000,700000,700000,6,5
2017-12-02,10000002,18042,59999.96,59999.96,59999.96,586,18
2017-12-02,10000002,18043,666666.67,600000,999999.99,6,5
2017-12-02,10000002,18044,89998.99,89998.99,89998.99,321,13
2017-12-02,10000002,18045,550000,550000,550000,2,2
2017-12-02,10000002,18046,99999.95,99999.95,99999.95,244,6
2017-12-02,10000002,18047,500000,500000,500000,3,3
2017-12-02,10000002,18048,89975.47,89975.47,89975.47,285,14
2017-12-02,10000002,18049,450000,450000,450000,2,2
2017-12-02,10000002,18050,48999,48999,48999,189,15
2017-12-02,10000002,18051,400000,400000,400000,1,1
2017-12-02,10000002,18052,46449.44,46449.44,46449.44,376,20
2017-12-02,10000002,18053,350000,350000,350000,2,2
2017-12-02,10000002,18054,323969.69,323969.69,323969.69,1662,13
2017-12-02,10000002,18055,1400000,1000000,1800000,6,5
2017-12-02,10000002,18056,38999.82,38990,38999.95,289,20
2017-12-02,10000002,18057,300000,300000,300000,2,2
2017-12-02,10000002,18058,33989.9,33497,36000,6817,41
2017-12-02,10000002,18059,250000,250000,250000,4,4
2017-12-02,10000002,18060,16740,16740,16740,413,23
2017-12-02,10000002,18061,200000,200000,200000,4,4
2017-12-02,10000002,18062,9999.94,9999.94,9999.94,724,22
2017-12-02,10000002,18063,150000,150000,150000,2,2
2017-12-02,10000002,18064,125492.44,125492.44,125492.44,156,17
2017-12-02,10000002,18065,866666.66,650000,1299999.98,3,3
2017-12-02,10000002,18066,6999.95,6999.95,6999.95,1067,19
2017-12-02,10000002,18067,100000.25,100000,100001.01,4,4
2017-12-02,10000002,18068,1651224.42,1399996.82,1699996.91,41,15
2017-12-02,10000002,18580,101128549.84,100000000,107999948.85,14,11
2017-12-02,10000002,18590,649989,649989,649989,387,35
2017-12-02,10000002,18592,484998.61,484998.58,485000,1297,40
2017-12-02,10000002,18594,698957,698957,698957.77,891,29
2017-12-02,10000002,18596,250000,250000,250000,265,12
2017-12-02,10000002,18598,698999.25,698999.25,698999.25,492,25
2017-12-02,10000002,18600,424000,423989.97,424999,118,22
2017-12-02,10000002,18602,339993.92,166017.5,339996.93,146,21
2017-12-02,10000002,18604,237999.68,237999.68,237999.68,245,21
2017-12-02,10000002,18606,391997.65,391997.65,391997.65,555,25
2017-12-02,10000002,18608,795236.92,795236.92,795236.92,791,20
2017-12-02,10000002,18610,110020.51,110020.17,110020.76,110,18
2017-12-02,10000002,18612,210003.79,210003.79,210003.8,2060,52
2017-12-02,10000002,18614,159999.73,159999.7,159999.9,1164,57
2017-12-02,10000002,18616,99970.99,99970.99,99970.99,525,40
2017-12-02,10000002,18618,89998.97,82350.36,89998.98,775,55
2017-12-02,10000002,18624,737670.55,737670.32,737671.66,467,32
2017-12-02,10000002,18626,69996.96,69996.96,69996.96,190,6
2017-12-02,10000002,18635,100038.98,75011.54,100039,4021,34
2017-12-02,10000002,18637,103000.69,103000.69,103000.69,2329,12
2017-12-02,10000002,18639,11100.9,5000,11101.16,1031,272
2017-12-02,10000002,18640,420000,60000,600000,3,3
2017-12-02,10000002,18655,1203.13,1203.13,1203.13,21,18
2017-12-02,10000002,18660,58040157.33,56500002.48,58998899.55,20,20
2017-12-02,10000002,18662,48501023.62,45001023.11,52001024.13,4,4
2017-12-02,10000002,18664,19421296.62,16508001.08,21508000.99,6,6
2017-12-02,10000002,18666,102941331.18,83055763.64,107999999,19,19
2017-12-02,10000002,18670,30449238.11,30000300.09,31999999.9,31,25
2017-12-02,10000002,18672,273509877.58,261104644.55,288102250.81,11,11
2017-12-02,10000002,18674,48157281.01,48157281.01,48157281.01,1,1
2017-12-02,10000002,18676,46721107.31,44761451.26,48899996.97,51,49
2017-12-02,10000002,18680,19339167.05,14117501.15,21950000,3,3
2017-12-02,10000002,18682,62068577.6,59600019.84,64699999.87,35,31
2017-12-02,10000002,18684,140742253.28,121340588.82,146999999.88,9,9
2017-12-02,10000002,18686,38999999.81,38999999.8,38999999.81,2,2
2017-12-02,10000002,18688,144000000,144000000,144000000,1,1
2017-12-02,10000002,18690,178999989.94,178999989.94,178999989.94,1,1
2017-12-02,10000002,18692,28000056.48,25000058.58,28199999.93,122,98
2017-12-02,10000002,18694,464725678,464725678,464725678,1,1
2017-12-02,10000002,18698,168971258.78,156759878.51,173999894.83,24,23
2017-12-02,10000002,18700,37428572.65,31000004.33,39999999.98,7,7
2017-12-02,10000002,18702,48000294.5,48000000,48000589,4,3
2017-12-02,10000002,18704,55699994.99,55699994.99,55699995,4,3
2017-12-02,10000002,18708,66190240.32,62051478.94,67799999.56,45,42
2017-12-02,10000002,18710,72721121.51,68000000,81050998.97,75,47
2017-12-02,10000002,18714,211103.08,211103.08,211103.08,3,1
2017-12-02,10000002,18722,1747506.48,120052.1,1979999.96,8,5
2017-12-02,10000002,18726,938284.08,153136.34,1199999.99,4,3
2017-12-02,10000002,18730,250001.1,250001.1,250001.1,5,3
2017-12-02,10000002,18742,110133.13,110133.13,110133.13,1,1
2017-12-02,10000002,18746,500000.61,500000.61,500000.61,1,1
2017-12-02,10000002,18750,110003.13,110003.13,110003.13,2,2
2017-12-02,10000002,18752,355104.53,355104.53,355104.53,14,7
2017-12-02,10000002,18754,414759.79,251033.11,699999.9,57,20
2017-12-02,10000002,18756,1871176.3,500000,2999999,17,12
2017-12-02,10000002,18758,804944.37,232056.93,1139999,27,23
2017-12-02,10000002,18760,1002445.45,500000,1589999.72,26,11
2017-12-02,10000002,18762,384809.41,366003.06,949000,31,9
2017-12-02,10000002,18764,1290457.87,482254.53,1937974.94,16,12
2017-12-02,10000002,18766,469373.3,370409.11,844999.88,47,14
2017-12-02,10000002,18768,38715392.95,33002600.29,42999999.98,14,13
2017-12-02,10000002,18775,1445998.99,1445998.99,1445998.99,10,5
2017-12-02,10000002,18777,1999966.83,1999966.83,1999966.83,10,3
2017-12-02,10000002,18779,60000000,60000000,60000000,1,1
2017-12-02,10000002,18789,57999999.94,54010206.69,60419727.16,131,112
2017-12-02,10000002,18791,271151.67,260067.62,349066.5,34,16
2017-12-02,10000002,18793,997625.78,450122.05,1149999.98,48,34
2017-12-02,10000002,18795,306011.95,285012.41,579000.87,28,13
2017-12-02,10000002,18797,451204.27,303008.07,644998,25,21
2017-12-02,10000002,18799,102490499.78,92310190.1,106310176.82,40,35
2017-12-02,10000002,18801,3273278.46,3155762.95,4000000,56,17
2017-12-02,10000002,18803,9184507.63,8276227.83,9399978,58,35
2017-12-02,10000002,18805,623385.42,560078.16,799999.91,9,8
2017-12-02,10000002,18807,3151033.24,2701707.03,3999882.99,8,8
2017-12-02,10000002,18809,256050783.15,255102679.73,256998886.57,4,4
2017-12-02,10000002,18811,30350806.42,27001955.9,30908989.9,7,6
2017-12-02,10000002,18813,32199797.3,27000000.48,37399594.13,4,4
2017-12-02,10000002,18815,2200130.84,2200130.78,2200131,4,3
2017-12-02,10000002,18817,12006007.75,5012015.52,18999999.97,2,2
2017-12-02,10000002,18819,1457589102.79,1457589097.73,1457589107.84,2,2
2017-12-02,10000002,18823,82966704.87,82966704.87,82966704.87,1,1
2017-12-02,10000002,18829,106218924.14,100006801.15,111110999.95,45,42
2017-12-02,10000002,18831,110062581.8,100614437.45,115612576.7,30,28
2017-12-02,10000002,18833,4357769.93,3000079.81,4799999.95,24,20
2017-12-02,10000002,18835,3329724.41,2000734.06,4989998.94,15,13
2017-12-02,10000002,18837,12740034.32,11600085.22,12999999.99,30,25
2017-12-02,10000002,18839,14220478.46,11362258.09,14899743.88,30,18
2017-12-02,10000002,18841,1124882.9,612150.34,1499999,24,17
2017-12-02,10000002,18843,844846.78,300032.88,1340032.88,12,10
2017-12-02,10000002,18845,7483743.41,3561005.08,8679999.97,27,22
2017-12-02,10000002,18847,3422352.02,3000294.55,3950000,27,24
2017-12-02,10000002,18849,251601258.28,237002411.5,253001299.97,10,10
2017-12-02,10000002,18851,258494955.2,235003911.41,281985999,4,4
2017-12-02,10000002,18853,16542998.22,12000006.61,19889885.9,7,7
2017-12-02,10000002,18855,9394358.19,8999999.98,9985896,5,5
2017-12-02,10000002,18857,34928626.01,19500404.23,35999995.07,14,13
2017-12-02,10000002,18859,32581807.14,25956061.03,36998971.22,5,5
2017-12-02,10000002,18861,7160001.34,1400003.52,10999999.87,5,5
2017-12-02,10000002,18863,11707761.07,4123284.2,15499999.5,3,3
2017-12-02,10000002,18865,32151091.41,29501445.41,32394998.5,21,17
2017-12-02,10000002,18867,33079230.31,28157490.66,35079774.49,16,16
2017-12-02,10000002,18869,8774198.27,8051004.11,8949995.97,20,14
2017-12-02,10000002,18871,10799966.76,8393202.42,11334988.91,11,11
2017-12-02,10000002,18873,63362558.57,55108555.09,67588295.88,20,18
2017-12-02,10000002,18875,67579589.8,57073394.35,70710000,20,17
2017-12-02,10000002,18877,17725563.66,15804554.48,17999993.99,16,13
2017-12-02,10000002,18879,23605008.66,22001076.73,23969998.57,16,11
2017-12-02,10000002,18881,879237559.46,875986666.21,896891998.6,36,34
2017-12-02,10000002,18883,845208385.41,832500000,854527572.08,16,15
2017-12-02,10000002,18885,17575333.29,12726000,19999999.94,3,3
2017-12-02,10000002,18887,16065254.89,15009939.71,17999999.72,17,16
2017-12-02,10000002,18891,28371428.72,20000001.31,29399999.77,7,7
2017-12-02,10000002,18893,12125922.99,11700000,14255539.95,6,4
2017-12-02,10000002,18895,11124996.2,2500001.53,13999994.45,8,8
2017-12-02,10000002,18897,28069994.99,28069994.99,28069994.99,1,1
2017-12-02,10000002,18899,16450146.7,15009005.45,17008060.86,9,9
2017-12-02,10000002,18901,20385808.63,19052467.94,23052490.02,3,3
2017-12-02,10000002,18903,29999989.92,29999989.92,29999989.92,1,1
2017-12-02,10000002,18905,44999999.99,44999999.99,44999999.99,1,1
2017-12-02,10000002,18907,39999991.48,39999991.48,39999991.48,2,2
2017-12-02,10000002,18909,17460000,17460000,17460000,1,1
2017-12-02,10000002,18911,21000051.47,10000103.01,31999999.93,2,2
2017-12-02,10000002,18913,39000000,39000000,39000000,1,1
2017-12-02,10000002,18915,26970000,26970000,26970000,1,1
2017-12-02,10000002,18919,49821666.35,25505000.06,61979999.5,3,3
2017-12-02,10000002,18921,28601185.86,14603567.56,35599995.01,3,3
2017-12-02,10000002,18925,52594737.84,49000000,54989344.9,10,8
2017-12-02,10000002,18929,40000000,37000000,41500000,3,3
2017-12-02,10000002,18933,47242874.66,41239778.73,48889998.75,65,53
2017-12-02,10000002,18935,54524910.33,50100010.83,57699999.95,12,9
2017-12-02,10000002,18937,57767620.27,51498017.56,59969991.95,50,45
2017-12-02,10000002,18939,59409671.78,51006253.01,61989999.98,17,15
2017-12-02,10000002,18941,40527429.55,38743665.17,41979993.48,48,44
2017-12-02,10000002,18943,41630048.41,32025694.82,44999999.97,16,14
2017-12-02,10000002,18945,70810872.88,60880843.42,74970000,47,43
2017-12-02,10000002,18947,67141307.93,63048574.64,68899999.52,24,20
2017-12-02,10000002,18949,14572348.42,13215435.55,19999999.9,5,4
2017-12-02,10000002,18951,14666408,12500112.01,18998999.99,3,3
2017-12-02,10000002,18953,13600116.71,12100233.43,14800000,8,8
2017-12-02,10000002,18955,14812512.78,12625025.55,17000000,2,2
2017-12-02,10000002,18957,179000000.05,179000000.04,179000000.05,2,2
2017-12-02,10000002,18961,36599894.95,34799859.94,41999999.96,4,4
2017-12-02,10000002,18963,48999989.68,48999984.35,48999995,2,2
2017-12-02,10000002,18971,40999997.99,40999997.99,40999998,3,3
2017-12-02,10000002,18973,68218668.2,62100262.97,71247499,16,15
2017-12-02,10000002,18975,82655478.35,74524876.26,85999986,20,19
2017-12-02,10000002,18977,77016893.92,70079488.33,79879989.85,17,17
2017-12-02,10000002,18979,75625863,69558934.98,76499999.98,16,16
2017-12-02,10000002,18981,4261427.43,4259999,4269997.99,35,15
2017-12-02,10000002,18985,6205028.84,4515035.29,6266656.34,127,52
2017-12-02,10000002,18989,47519758.41,34999989.86,64399294.99,15,12
2017-12-02,10000002,18999,35337415.56,31018390.51,36999989.78,9,9
2017-12-02,10000002,19001,46440513.51,35321775,51999882.77,3,3
2017-12-02,10000002,19003,63789235.22,60100207.95,66699889.81,37,37
2017-12-02,10000002,19005,35400195.73,29000491.25,39999998.97,5,5
2017-12-02,10000002,19007,57389004.74,38457009.52,76320999.97,4,4
2017-12-02,10000002,19009,60547442.95,56612647.52,63499439.92,45,41
2017-12-02,10000002,19011,26402654.44,22389530.73,28250000,7,6
2017-12-02,10000002,19013,26998011.48,18997017.26,42999999.91,3,3
2017-12-02,10000002,19015,26499998.99,24632059.27,26999998.85,103,88
2017-12-02,10000002,19017,116359911.1,110051813.68,119999999.95,27,25
2017-12-02,10000002,19019,208857142.25,195999999.68,213999999.34,7,6
2017-12-02,10000002,19021,282215893.53,263177456.71,289999859.29,18,18
2017-12-02,10000002,19023,124109794.47,120000000.09,129452327.2,20,20
2017-12-02,10000002,19025,187983480.2,170966970.52,204999989.88,2,2
2017-12-02,10000002,19027,268839916.64,251000136.93,274094437.85,26,25
2017-12-02,10000002,19029,89150674.72,84991268.32,92999989.62,45,39
2017-12-02,10000002,19031,150999989.84,150999989.84,150999989.84,1,1
2017-12-02,10000002,19033,465999909.11,465999909.11,465999909.11,2,2
2017-12-02,10000002,19035,57009766.68,52015150.03,66999000,3,3
2017-12-02,10000002,19037,94464132.55,64464147.14,124464117.95,2,2
2017-12-02,10000002,19038,95394530.92,91552600.01,97999996.29,16,16
2017-12-02,10000002,19039,52583563.66,45000350.5,67749989.99,3,3
2017-12-02,10000002,19040,72950470.19,65085000.1,73998999.8,17,16
2017-12-02,10000002,19041,62670966,59008117.13,69996663.73,3,2
2017-12-02,10000002,19042,72666665.33,68000000,74999998,6,6
2017-12-02,10000002,19043,105999999.86,105999999.85,105999999.86,2,2
2017-12-02,10000002,19044,184666600,159000000,197499900,3,3
2017-12-02,10000002,19045,106897727.11,94898849.69,111878999.84,58,53
2017-12-02,10000002,19046,105990968.97,94999999.99,109998679.82,25,23
2017-12-02,10000002,19047,3899000,3899000,3899000,1,1
2017-12-02,10000002,19051,5279904.65,4733095.92,5679998.98,30,20
2017-12-02,10000002,19053,15796157.05,14041710.45,17600000,45,29
2017-12-02,10000002,19055,15534959.1,14569918.2,16500000,2,2
2017-12-02,10000002,19057,37055279.71,34733444.7,37999997.69,14,14
2017-12-02,10000002,19065,200000,200000,200000,1,1
2017-12-02,10000002,19069,110018.67,20037.33,200000,2,2
2017-12-02,10000002,19073,90445.33,90445.33,90445.33,2,2
2017-12-02,10000002,19075,150000.13,0.16,1050000,14,10
2017-12-02,10000002,19081,2999999.62,500002.89,4999997,6,6
2017-12-02,10000002,19083,334665.96,15999.09,1450000,9,5
2017-12-02,10000002,19085,6188888,6188888,6188888,2,1
2017-12-02,10000002,19087,1917960.15,700611.23,2198886.79,16,12
2017-12-02,10000002,19101,22000000,22000000,22000000,1,1
2017-12-02,10000002,19103,31999999.22,31999999.22,31999999.22,2,2
2017-12-02,10000002,19105,22106176.9,20700000.03,22900000,51,44
2017-12-02,10000002,19107,10094610.99,8100675.29,10999965.66,29,16
2017-12-02,10000002,19109,18491797.59,14501406.37,23479786.61,9,6
2017-12-02,10000002,19111,27812513.29,25000376.12,31000000,16,15
2017-12-02,10000002,19113,9203336.46,9203334.01,9203341.37,3,2
2017-12-02,10000002,19115,9021878.86,9021878.86,9021878.86,1,1
2017-12-02,10000002,19117,46999921.74,46999921.74,46999921.74,1,1
2017-12-02,10000002,19119,13142847.32,12500031.53,13446559.99,53,32
2017-12-02,10000002,19131,7390999,7390998.99,7390999,15,5
2017-12-02,10000002,19133,7597295.39,7022004.95,7999998.83,17,11
2017-12-02,10000002,19135,4002028.92,602029.85,7402027.99,2,2
2017-12-02,10000002,19137,3980528.99,3980528.99,3980528.99,3,2
2017-12-02,10000002,19139,5362293.06,4952803.68,5851999.66,24,16
2017-12-02,10000002,19141,32476367.98,18201313.37,35998999.99,17,8
2017-12-02,10000002,19143,46735682.3,33410933.86,48999998,52,31
2017-12-02,10000002,19145,63471614.27,60900649.95,64500000,7,7
2017-12-02,10000002,19147,7499995.99,5979999.36,8380000,459,161
2017-12-02,10000002,19149,19955480.59,19497664.75,20955490.93,15,11
2017-12-02,10000002,19151,40826782.88,38000945.01,42900885.78,34,28
2017-12-02,10000002,19171,54235047.4,45000172.54,56724999.95,10,10
2017-12-02,10000002,19173,67468787.45,62092173.79,70999999.99,30,22
2017-12-02,10000002,19175,50386495.42,38000493.24,53482995.48,5,5
2017-12-02,10000002,19177,57104874.18,41620000.01,59949996.95,8,6
2017-12-02,10000002,19179,53009761.29,48056484.36,54998945.01,34,31
2017-12-02,10000002,19181,43894597.17,35005730.48,47199969,15,12
2017-12-02,10000002,19183,52317791.17,49854447.72,56000000,14,11
2017-12-02,10000002,19185,305107687.05,293018780.66,330000000,9,9
2017-12-02,10000002,19187,29100011.13,29100010.6,31798998.52,164,144
2017-12-02,10000002,19189,105274080.91,99000002.84,109889996.93,24,24
2017-12-02,10000002,19191,202944344,189584078.46,210584074.32,49,48
2017-12-02,10000002,19193,149495046.95,149495010.15,149495051.08,5,5
2017-12-02,10000002,19194,180992035.64,180991998.63,180992054.14,3,3
2017-12-02,10000002,19195,311666943.42,295000831,319999999.56,6,6
2017-12-02,10000002,19196,275000953.05,275000941.83,275000964.26,2,2
2017-12-02,10000002,19197,469999499.95,469999000,469999999.9,2,2
2017-12-02,10000002,19198,524859443.87,503574001.48,539999999.65,67,64
2017-12-02,10000002,19199,200563695.24,200563695.24,200563695.24,1,1
2017-12-02,10000002,19200,201391769.36,195391430.67,210998888.29,44,35
2017-12-02,10000002,19201,79158715.98,72095440.43,85000000,10,10
2017-12-02,10000002,19202,33776568.75,30021437.58,39399999.89,10,10
2017-12-02,10000002,19203,79001740.53,70006672.26,83998998.53,14,14
2017-12-02,10000002,19204,42132867.9,39000004.66,44998997.95,15,15
2017-12-02,10000002,19205,103511656.64,95530000.22,107499979.92,6,6
2017-12-02,10000002,19206,65100000.29,65100000.29,65100000.29,1,1
2017-12-02,10000002,19207,136999998.83,127963594.82,138063588.7,159,141
2017-12-02,10000002,19208,99000000,90000442.18,103999996.98,132,116
2017-12-02,10000002,19209,279218.38,243000,418998.99,32,29
2017-12-02,10000002,19211,585729.55,330000.05,898997.97,74,55
2017-12-02,10000002,19213,608576.94,276020.01,898999.99,82,66
2017-12-02,10000002,19215,9999999.74,9400001.98,10399999.84,115,94
2017-12-02,10000002,19217,389673.22,234510,500000,9,8
2017-12-02,10000002,19219,25497500.01,11000000.03,29999999.99,4,4
2017-12-02,10000002,19221,7901901.98,3550001.59,8799997.89,18,14
2017-12-02,10000002,19223,47340468.48,42206002.84,47998822.77,36,35
2017-12-02,10000002,19225,8247100.17,5000804,10999792.61,35,24
2017-12-02,10000002,19227,26830468.79,24664247.15,27664246.03,49,45
2017-12-02,10000002,19229,18560944.31,15253754.86,19899989,69,62
2017-12-02,10000002,19231,88966170.11,78662899.81,94000000,47,46
2017-12-02,10000002,19233,110021.29,110021.29,110021.29,4,3
2017-12-02,10000002,19235,751921.77,253202.95,1500000,5,3
2017-12-02,10000002,19237,2565833.29,1450000.2,3000000.19,6,6
2017-12-02,10000002,19239,5071428.29,4700000.01,5999998.99,7,6
2017-12-02,10000002,19241,1896016.99,1300021.25,4280000,5,4
2017-12-02,10000002,19243,2913451.87,2708009.86,4556987.95,9,6
2017-12-02,10000002,19245,14563330.42,8550000.15,15999999.97,10,10
2017-12-02,10000002,19247,26386753.23,20426818.17,33999999.99,7,7
2017-12-02,10000002,19249,2481481.38,1500000.15,4444443.85,3,3
2017-12-02,10000002,19251,21999999,21999998.5,21999999.5,3,3
2017-12-02,10000002,19253,23499505.61,20500017.01,26498994.21,2,2
2017-12-02,10000002,19255,63916665.73,60900000.21,66899999.99,6,6
2017-12-02,10000002,19257,14278525.7,2817125,18098992.89,4,4
2017-12-02,10000002,19258,7039691.75,6708175.57,7699999.91,9,9
2017-12-02,10000002,19259,3099983.16,3099982.99,3099983.33,2,2
2017-12-02,10000002,19260,1210315.34,1210315.34,1210315.34,1,1
2017-12-02,10000002,19261,5348005.09,1022020.59,6789999.88,4,4
2017-12-02,10000002,19262,9900001.35,5100008.03,14999993.97,6,6
2017-12-02,10000002,19263,41404386.36,30010920.53,49949485.84,7,7
2017-12-02,10000002,19264,52483540.19,40095462.07,55000000,13,12
2017-12-02,10000002,19265,33103131.64,15022836.45,44989987.9,5,5
2017-12-02,10000002,19266,69933382.29,62000066.25,79900056.88,6,6
2017-12-02,10000002,19268,7733836.5,3410008.12,11999999.98,12,11
2017-12-02,10000002,19269,302013.01,302006,302016.52,3,3
2017-12-02,10000002,19270,662501.59,100007,999998.31,8,8
2017-12-02,10000002,19271,10710848.24,5152556.75,13489993.99,3,3
2017-12-02,10000002,19272,12722298.43,9000228.87,14999999.84,18,14
2017-12-02,10000002,19273,17809751.28,15619504,19999998.56,2,2
2017-12-02,10000002,19274,23177767.77,20111101.17,24711101.08,3,3
2017-12-02,10000002,19275,6694949.48,6389899.95,6999999,2,2
2017-12-02,10000002,19276,2796000.18,2000000.33,3989999.95,5,4
2017-12-02,10000002,19277,30102697.59,20310095.01,34998998.88,3,3
2017-12-02,10000002,19278,12000008.51,7000017.02,17000000,2,2
2017-12-02,10000002,19279,81497999.28,80000000,82995998.55,2,2
2017-12-02,10000002,19280,108427131.43,105000005.47,128989887.6,7,6
2017-12-02,10000002,19281,70119544.99,68000107.57,73000107.28,41,34
2017-12-02,10000002,19282,108300539.02,100300538.22,109999969.88,114,93
2017-12-02,10000002,19283,7955751.23,7000500.09,9499999.87,36,28
2017-12-02,10000002,19284,28901214.56,21301769.67,29499989,109,87
2017-12-02,10000002,19285,3175578.68,2700000.01,3697998.95,19,18
2017-12-02,10000002,19286,3954106.48,3720002.22,4475884.43,86,56
2017-12-02,10000002,19287,12440566.06,12001697.81,12699874,68,43
2017-12-02,10000002,19288,30998026.23,29301807.08,33301424.65,90,68
2017-12-02,10000002,19289,111801844.92,107127000.01,114999999.97,14,12
2017-12-02,10000002,19293,120000103.12,120000103.12,120000103.12,1,1
2017-12-02,10000002,19295,207999999.84,190845570.06,209998999.93,121,107
2017-12-02,10000002,19297,74769934.04,69925000.15,77999889.99,5,5
2017-12-02,10000002,19299,79187566.47,77999988.94,84000000,8,8
2017-12-02,10000002,19301,153616547.8,146000072.57,158000013.31,56,54
2017-12-02,10000002,19303,140800412.02,125800729.21,174999868.47,12,9
2017-12-02,10000002,19311,205664900.85,198219867.81,208219867.6,4,4
2017-12-02,10000002,19313,32561087.95,30000666,33988992.97,15,14
2017-12-02,10000002,19315,131332049.95,122492000.38,133728137.53,43,34
2017-12-02,10000002,19317,174366891.12,150568278.02,174999999.98,7,7
2017-12-02,10000002,19319,48999486.48,47999993,49998979.96,2,2
2017-12-02,10000002,19321,165558867.19,150000901,168999898.9,16,16
2017-12-02,10000002,19323,124775122.08,110050251.69,139499992.48,4,4
2017-12-02,10000002,19325,37020053.59,34501003.66,37199999.85,105,83
2017-12-02,10000002,19329,195031156.7,195031156.7,195031156.7,1,1
2017-12-02,10000002,19335,402762427.08,383956280.84,414063449.99,20,20
2017-12-02,10000002,19339,90151828.69,86828254.52,94000403.04,36,35
2017-12-02,10000002,19341,117375074.48,90000201.48,130000000,8,8
2017-12-02,10000002,19343,37998079.5,30020401.57,39989998.99,10,9
2017-12-02,10000002,19345,114313681.35,105639035.13,123319522.6,13,13
2017-12-02,10000002,19347,100092930.44,95220000,104999990,7,7
2017-12-02,10000002,19349,69773816.86,59101050.95,85999999.99,22,20
2017-12-02,10000002,19351,180151527.67,162018632.51,188005859.67,7,7
2017-12-02,10000002,19353,154999999.17,154999998.95,154999999.62,3,3
2017-12-02,10000002,19359,202286951.01,190864893.76,206100026.03,53,51
2017-12-02,10000002,19361,1747228.65,1600005.04,2188899.49,4,4
2017-12-02,10000002,19363,2999995.99,2999995.99,2999995.99,1,1
2017-12-02,10000002,19398,9999.98,9999.98,299000,105,4
2017-12-02,10000002,19400,11000,11000,11000,820,43
2017-12-02,10000002,19401,8000.13,4000.17,20000,4,4
2017-12-02,10000002,19402,22889.04,18000.2,40000,9,7
2017-12-02,10000002,19403,42667.47,34001.2,60000,3,3
2017-12-02,10000002,19404,52000.52,52000.52,52000.52,156,82
2017-12-02,10000002,19405,334001.65,334001.65,334001.65,64,37
2017-12-02,10000002,19406,557008.58,557008.48,557008.62,506,218
2017-12-02,10000002,19407,1110022.65,1110022.44,1110022.68,504,219
2017-12-02,10000002,19408,1890022.66,1890022.56,1890022.69,105,54
2017-12-02,10000002,19409,5182798.18,5108331.42,6300000,16,12
2017-12-02,10000002,19410,8050041.93,7700045.84,9800022.61,12,10
2017-12-02,10000002,19411,12203344.35,10100040.37,12995999.85,18,14
2017-12-02,10000002,19412,16268601.22,15600059.62,16900000,14,11
2017-12-02,10000002,19413,18384325.38,17808379.6,21840000,7,7
2017-12-02,10000002,19416,40350951.3,40100080.01,43200000,89,61
2017-12-02,10000002,19417,48971519.06,48971518.37,48971519.86,438,137
2017-12-02,10000002,19418,58702215.99,58702215.55,58702216.14,41,29
2017-12-02,10000002,19419,78100367.01,78100367.01,78100367.03,119,51
2017-12-02,10000002,19420,99000044.53,99000044.15,99000044.7,10,8
2017-12-02,10000002,19421,130030031.39,130030030.87,130030031.6,685,162
2017-12-02,10000002,19422,2578193.4,2518054.45,3360000,14,12
2017-12-02,10000002,19470,27704883,27704883,27704883,1,1
2017-12-02,10000002,19500,7500,7320,7680,367,90
2017-12-02,10000002,19534,16364025.8,15508030.17,21999999.98,28,16
2017-12-02,10000002,19535,29465502.64,28098000,53999998.98,10,8
2017-12-02,10000002,19536,30387681.73,24516913.95,47999993.96,12,7
2017-12-02,10000002,19537,79142857.25,71000002,89999999.99,7,6
2017-12-02,10000002,19538,73160571.28,67031001.8,80999999.99,7,7
2017-12-02,10000002,19539,204999962.19,204999962.16,204999962.22,2,2
2017-12-02,10000002,19540,111692307.96,105500001.03,121999998.8,13,10
2017-12-02,10000002,19547,155999999.97,155999999.95,155999999.98,2,2
2017-12-02,10000002,19548,165999994.36,165999994.36,165999994.36,1,1
2017-12-02,10000002,19549,162841452.69,134050045.33,168999570.96,18,17
2017-12-02,10000002,19550,146235587.81,139744910.31,152890997.92,55,41
2017-12-02,10000002,19551,152799999.91,140000000.5,155999999.77,5,5
2017-12-02,10000002,19553,199999989.48,188000006.37,213999969.71,13,11
2017-12-02,10000002,19554,294919980.39,271000000.12,300899971.85,5,5
2017-12-02,10000002,19555,510620014.83,501100100,512999993.83,5,5
2017-12-02,10000002,19556,1068285099.6,1050100000,1099999998.83,20,17
2017-12-02,10000002,19660,12000.01,12000.01,12000.01,287,88
2017-12-02,10000002,19684,18295055.75,17752001.01,18299987.9,30,24
2017-12-02,10000002,19685,155208885.7,134506706.56,156999999.92,12,11
2017-12-02,10000002,19686,141638760.53,135000136.18,155599789.39,31,19
2017-12-02,10000002,19687,143943107.93,135055000.07,150499996.37,52,47
2017-12-02,10000002,19688,142565600.53,131750005.05,156990572.3,14,10
2017-12-02,10000002,19689,54701132.17,45028397.48,59224998.99,6,6
2017-12-02,10000002,19690,155000000,155000000,155000000,1,1
2017-12-02,10000002,19692,149311611.24,149311553.69,149311726.35,3,3
2017-12-02,10000002,19693,140522959.47,135100141.47,168990458.42,25,15
2017-12-02,10000002,19694,151226869.33,149000000,167406804.98,8,8
2017-12-02,10000002,19695,59850050.17,40400217.62,68999997.52,4,4
2017-12-02,10000002,19696,68950017.02,68950017.02,68950017.02,1,1
2017-12-02,10000002,19697,169999999.97,169999999.97,169999999.97,1,1
2017-12-02,10000002,19698,138993661.86,127000001.17,144990492.21,3,3
2017-12-02,10000002,19699,13502129.09,9022003.95,15399000,17,16
2017-12-02,10000002,19700,83249999.55,55400011.95,87949995,7,7
2017-12-02,10000002,19719,31915584.01,30000000,32999999,77,50
2017-12-02,10000002,19725,1972499999.99,1972499999.99,1972499999.99,1,1
2017-12-02,10000002,19726,1790000000,1790000000,1790000000,1,1
2017-12-02,10000002,19727,1950000000,1950000000,1950000000,1,1
2017-12-02,10000002,19739,3999961.75,3657835.76,3999999.68,627,170
2017-12-02,10000002,19744,771000.14,771000.14,771000.14,112,20
2017-12-02,10000002,19745,6100000,6100000,6100000,1,1
2017-12-02,10000002,19759,200000,200000,200000,125,38
2017-12-02,10000002,19760,197517,160000,310885.98,81,36
2017-12-02,10000002,19761,1103037.85,1000000,1281021.48,67,39
2017-12-02,10000002,19766,800000,800000,800000,131,32
2017-12-02,10000002,19767,580217.23,400000,699998.89,21,21
2017-12-02,10000002,19806,1063999.93,920126.09,1064980.17,227,142
2017-12-02,10000002,19810,24300,23700,24900,632,137
2017-12-02,10000002,19812,11000,10750,11250,467,115
2017-12-02,10000002,19814,21550.03,21550.03,21550.04,786,235
2017-12-02,10000002,19921,117155.24,90000,149992.94,100,77
2017-12-02,10000002,19922,679789.17,600000,995797.97,82,34
2017-12-02,10000002,19923,8465,8462,8465,567,128
2017-12-02,10000002,19925,9000.23,9000.23,9000.31,492,143
2017-12-02,10000002,19927,25300.23,25300.23,25300.23,518,150
2017-12-02,10000002,19929,4200.03,4200.03,4200.03,573,180
2017-12-02,10000002,19931,3211.27,3211.23,3211.38,567,150
2017-12-02,10000002,19935,8489.13,8489.09,89799,390,84
2017-12-02,10000002,19937,4321.13,4321.02,4321.34,302,80
2017-12-02,10000002,19939,14000,13000.11,50000,419,114
2017-12-02,10000002,19942,7608.02,7607.44,7609.39,194,74
2017-12-02,10000002,19944,11330.32,11330.32,11330.32,273,73
2017-12-02,10000002,19946,28555,28555,46498.74,317,111
2017-12-02,10000002,19948,4201.01,4102.05,4201.2,432,87
2017-12-02,10000002,19950,4479.16,4479.01,4479.21,324,74
2017-12-02,10000002,19952,48700,48698.16,48700,923,104
2017-12-02,10000002,19962,10.82,10.82,10.82,28200,17
2017-12-02,10000002,19964,9.64,9.64,9.64,11000,8
2017-12-02,10000002,19966,21,21,21,4010,5
2017-12-02,10000002,19968,17.13,17.13,17.13,4000,4
2017-12-02,10000002,19970,11.9,11.88,34.84,24388,13
2017-12-02,10000002,19972,63.81,63.81,63.81,22000,10
2017-12-02,10000002,19974,19.11,19.11,19.11,8000,6
2017-12-02,10000002,19976,202.4,202.4,202.4,6949,7
2017-12-02,10000002,19978,1001.06,1001.02,1001.08,22,14
2017-12-02,10000002,19980,41000.01,41000.01,41000.01,11,10
2017-12-02,10000002,19982,35005.34,35005.34,35005.34,14,6
2017-12-02,10000002,19984,50153.67,50153,50154,3,3
2017-12-02,10000002,19986,230.22,230.22,230.22,1343,3
2017-12-02,10000002,19988,2600,2600,2600,500,1
2017-12-02,10000002,19990,349.01,349.01,349.01,6742,6
2017-12-02,10000002,19992,1299.99,1299.99,1299.99,50088,12
2017-12-02,10000002,19994,43.44,43.44,43.44,10000,9
2017-12-02,10000002,19996,73.2,73.16,73.2,11000,6
2017-12-02,10000002,19998,81.21,81.21,81.21,3273,4
2017-12-02,10000002,20000,2986.48,2986.48,2986.48,11000,2
2017-12-02,10000002,20002,628.38,628.38,628.38,1000,1
2017-12-02,10000002,20004,1326.59,1326.59,1326.59,7198,5
2017-12-02,10000002,20006,2220.83,1200.27,2220.84,9395,10
2017-12-02,10000002,20008,1121,1121,1121,6545,4
2017-12-02,10000002,20010,34444.21,3333.01,120000,30,20
2017-12-02,10000002,20012,66000.01,66000.01,66000.01,12,9
2017-12-02,10000002,20014,173538.19,58000.01,239560,33,15
2017-12-02,10000002,20016,140118.76,140110.05,140120,8,5
2017-12-02,10000002,20018,28003.45,28003.44,28003.45,50,18
2017-12-02,10000002,20020,2657.28,1212.06,20000,13,10
2017-12-02,10000002,20022,46000.01,46000.01,46000.01,5,5
2017-12-02,10000002,20024,95000.03,95000.02,95000.04,4,4
2017-12-02,10000002,20026,1926930.54,1697999,2498958,21,5
2017-12-02,10000002,20028,1761428.57,1340000,1840000,21,6
2017-12-02,10000002,20032,1172803.27,1169999.99,1179999.99,61,10
2017-12-02,10000002,20034,20.21,20.21,20.21,1280,2
2017-12-02,10000002,20036,45.4,45.4,45.4,1499,2
2017-12-02,10000002,20038,249.96,249.96,249.96,1000,1
2017-12-02,10000002,20043,10.77,10.76,10.77,22231,12
2017-12-02,10000002,20045,79.78,79.78,79.78,9000,6
2017-12-02,10000002,20047,46.22,46.22,46.22,1000,1
2017-12-02,10000002,20049,185.72,185.72,185.72,1000,1
2017-12-02,10000002,20051,34.06,34.06,34.06,5000,4
2017-12-02,10000002,20057,799.98,799.98,799.98,13581,4
2017-12-02,10000002,20060,53475127.66,49100510.64,54900000,4,4
2017-12-02,10000002,20061,107500001.62,103000003.5,111999999.73,2,2
2017-12-02,10000002,20062,66299667.74,61000005.34,68949498.95,3,3
2017-12-02,10000002,20063,95000001.07,95000001.07,95000001.07,3,1
2017-12-02,10000002,20064,50439963.92,50439958.88,50439968.95,2,2
2017-12-02,10000002,20110,499999.34,0.01,1499997.99,9,4
2017-12-02,10000002,20114,28999.79,28999.79,28999.79,1724,28
2017-12-02,10000002,20115,4614.11,4614.11,4614.11,749,20
2017-12-02,10000002,20121,88086763.19,81600133,94998994.49,25,23
2017-12-02,10000002,20125,281547777.32,226116007.76,289003331.93,17,14
2017-12-02,10000002,20138,39999.99,39999.99,39999.99,366,17
2017-12-02,10000002,20157,119637833.22,109500000.04,124288973.99,20,20
2017-12-02,10000002,20158,161706707.68,160000021,168999998.8,30,23
2017-12-02,10000002,20159,285432425.69,252000034.29,302000078.81,21,19
2017-12-02,10000002,20160,549159444.05,505000000.54,554989999.99,18,17
2017-12-02,10000002,20161,1032589008.54,982002001.42,1049999999.67,16,15
2017-12-02,10000002,20171,91200.01,91151.16,99999.88,22177,269
2017-12-02,10000002,20172,89982,81418.55,89985.03,11317,106
2017-12-02,10000002,20175,3009522.4,2899999.99,3249996.15,21,5
2017-12-02,10000002,20183,1164128328.79,1120000000,1189999999.89,17,17
2017-12-02,10000002,20185,1229623439.03,1177762980.01,1266666617.68,24,24
2017-12-02,10000002,20186,2000000000,2000000000,2000000000,1,1
2017-12-02,10000002,20187,1181519397.95,1101200421.12,1208999999.7,8,8
2017-12-02,10000002,20189,1062529982.26,1050126886.56,1189123166,6,6
2017-12-02,10000002,20199,23478855.34,21973415.73,24018791.71,52,42
2017-12-02,10000002,20209,1084887.35,1000000,1149969.43,53,46
2017-12-02,10000002,20210,900000,900000,900000,197,73
2017-12-02,10000002,20211,2999000,2999000,2999000,112,65
2017-12-02,10000002,20212,7048525.21,6999999.99,9000000,56,47
2017-12-02,10000002,20213,6686522.81,749988.99,7449981.59,78,53
2017-12-02,10000002,20280,57528447.8,54300000,59090970,24,24
2017-12-02,10000002,20306,70.41,68.43,92,706897,26
2017-12-02,10000002,20307,56.43,48,56.47,461228,64
2017-12-02,10000002,20308,79.43,79.28,120,277194,25
2017-12-02,10000002,20312,500000,500000,500000,110,80
2017-12-02,10000002,20314,60000,60000,60000,140,123
2017-12-02,10000002,20315,1000000,1000000,1000000,195,125
2017-12-02,10000002,20327,18384614.77,17899999,19500000,26,16
2017-12-02,10000002,20342,50000000,50000000,50000000,179,97
2017-12-02,10000002,20345,104289.09,35050.08,124100.14,18,11
2017-12-02,10000002,20347,574992.51,574992.01,574992.52,183,94
2017-12-02,10000002,20349,816549.59,816544.38,816549.6,188,64
2017-12-02,10000002,20351,1589999.98,1465003.04,1603308.98,161,79
2017-12-02,10000002,20353,3499999.99,3499999.98,3515997.99,1284,346
2017-12-02,10000002,20358,110500000,86000000,135000000,2,2
2017-12-02,10000002,20371,131121622,131121622,131121622,1,1
2017-12-02,10000002,20410,99500,99500,99500,13186,135
2017-12-02,10000002,20411,179749.64,179749.58,179749.64,29031,220
2017-12-02,10000002,20412,99137.03,90137.03,99140.99,4726,121
2017-12-02,10000002,20413,144999.97,133023.42,146995.9,11192,217
2017-12-02,10000002,20414,174000.11,171002,183999.26,35428,332
2017-12-02,10000002,20415,96980.99,96980.9,96982.34,8361,157
2017-12-02,10000002,20416,168993,159999.99,168993.94,10096,208
2017-12-02,10000002,20417,103899.99,100000,103900,6603,162
2017-12-02,10000002,20418,101999.81,101150.01,101999.88,24426,255
2017-12-02,10000002,20419,180000,166200.04,180000,26310,250
2017-12-02,10000002,20420,119999.79,107340.02,120000,5607,189
2017-12-02,10000002,20421,49997,46067.36,49997.83,11628,165
2017-12-02,10000002,20423,91991.09,91991.09,91991.09,20569,105
2017-12-02,10000002,20424,44979.99,40401,44983,30215,441
2017-12-02,10000002,20425,7002.23,7002.23,7002.23,548,21
2017-12-02,10000002,20433,59916.62,43999.99,593998.99,24,19
2017-12-02,10000002,20443,92395647.7,85000000,93500666.13,21,21
2017-12-02,10000002,20444,44155991.8,43999988.07,44987993.4,19,7
2017-12-02,10000002,20446,58300001.17,50500001.73,66100000.61,6,3
2017-12-02,10000002,20450,49200080.53,49200077.19,49200082.66,48,20
2017-12-02,10000002,20452,37654889.1,37226021.19,41973896,79,24
2017-12-02,10000002,20454,52498995,52498995,52498995,8,2
2017-12-02,10000002,20455,39599999.99,39599999.99,39599999.99,1,1
2017-12-02,10000002,20494,111657.17,100000,120000,35,30
2017-12-02,10000002,20495,113038.86,100000,119000,28,24
2017-12-02,10000002,20498,26938350.54,22001244.93,30001225.23,16,14
2017-12-02,10000002,20499,80426962.43,71000448.3,84998999.99,47,42
2017-12-02,10000002,20500,34333331.4,28333335.32,37333329.46,9,9
2017-12-02,10000002,20501,103783526.42,99999999.5,104999988.62,36,33
2017-12-02,10000002,20502,103727284.24,95000040,110999988.98,11,11
2017-12-02,10000002,20503,254093184.58,243999996.39,262999422.79,31,31
2017-12-02,10000002,20504,179571221.68,165999300.5,184999993.57,7,7
2017-12-02,10000002,20505,414277542,390000016.93,426967998.89,48,48
2017-12-02,10000002,20506,64300356.82,55000002.08,67787990.35,11,10
2017-12-02,10000002,20507,163213452.25,161998771.96,166999988,35,34
2017-12-02,10000002,20508,232798895.8,206999988.95,490000001.11,10,10
2017-12-02,10000002,20509,935558128.95,870000000.11,937999987.99,30,30
2017-12-02,10000002,20524,92571421.2,91999991.98,100000000,14,14
2017-12-02,10000002,20525,122341105.69,121999999.83,126399404.48,17,17
2017-12-02,10000002,20526,77184614.89,75000000,80999999,39,25
2017-12-02,10000002,20527,95510554.02,78000000.07,97699370.98,18,18
2017-12-02,10000002,20528,87194991.88,73450001.86,89943989.89,6,6
2017-12-02,10000002,20530,105064636.92,100000000,113999899.98,30,24
2017-12-02,10000002,20531,120031679.61,97940000.01,122040014.03,12,9
2017-12-02,10000002,20532,143636359.63,142999995.54,150000000,11,11
2017-12-02,10000002,20533,400000000,400000000,400000000,103,87
2017-12-02,10000002,20539,50261811.07,48050105.72,51999995.45,21,10
2017-12-02,10000002,20540,54371388,54371388,54371388,2,2
2017-12-02,10000002,20555,851800,851800,851800,3,2
2017-12-02,10000002,20557,17882291.24,16000001.28,19999867.04,17,14
2017-12-02,10000002,20559,81999998.4,81999998.08,81999998.73,4,4
2017-12-02,10000002,20563,172598249.78,172598249.78,172598249.78,1,1
2017-12-02,10000002,20565,55486817.33,43020991.78,57979983,12,12
2017-12-02,10000002,20567,9533914.11,8347353.22,10238999.89,37,18
2017-12-02,10000002,20569,16150363.41,12402428.22,18545002.55,19,13
2017-12-02,10000002,20575,13800000,13800000,13800000,2,2
2017-12-02,10000002,20581,24999991.2,24999989.42,24999992.98,2,2
2017-12-02,10000002,20587,1633333.33,1550000,1800000,3,3
2017-12-02,10000002,20589,261102.86,261102.85,261102.87,2,2
2017-12-02,10000002,20591,1827272.4,1700000,2499997.92,44,8
2017-12-02,10000002,20593,2999998,2999998,2999998,4,3
2017-12-02,10000002,20595,14456527.02,14000005.46,17500005.02,23,7
2017-12-02,10000002,20597,7400000,7000000,8000000,5,3
2017-12-02,10000002,20599,14731769.77,8050067.53,15399939.99,11,8
2017-12-02,10000002,20601,6505115.32,6505115.32,6505115.32,3,1
2017-12-02,10000002,20607,18699990.52,18699990.52,18699990.52,1,1
2017-12-02,10000002,20611,12996777.17,11000666.27,16988998.98,3,3
2017-12-02,10000002,20613,25000000,25000000,25000000,1,1
2017-12-02,10000002,20617,3523.37,3523.37,3523.37,1,1
2017-12-02,10000002,20619,1256978.99,1256978.99,1256978.99,1,1
2017-12-02,10000002,20621,2279777,2279777,2279777,2,1
2017-12-02,10000002,20623,6878288.36,6878288,6878288.71,2,2
2017-12-02,10000002,20625,8000000,8000000,8000000,1,1
2017-12-02,10000002,20627,6798999.17,6798998.97,6799000,5,5
2017-12-02,10000002,20629,16998750.64,15000001.03,22994999.47,8,4
2017-12-02,10000002,20631,19525877.96,15103511.86,20999999.99,4,4
2017-12-02,10000002,20637,38599218.02,30000106.39,60096997,7,5
2017-12-02,10000002,20639,1000001.41,1000001.41,1000001.41,2,2
2017-12-02,10000002,20700,1354999989.98,1349999996.96,1359999983,2,2
2017-12-02,10000002,20701,58907628,54201612.78,59111031.24,82,44
2017-12-02,10000002,20702,48999999.99,48999999.99,48999999.99,2,2
2017-12-02,10000002,20703,60105478.28,53000000.05,62729995,53,32
2017-12-02,10000002,20704,51002322,51002322,51002322,3,3
2017-12-02,10000002,20721,34.41,34.41,34.41,52877,27
2017-12-02,10000002,20723,31.97,31.97,31.97,15000,14
2017-12-02,10000002,20725,69.86,69.86,69.86,4000,3
2017-12-02,10000002,20727,425.03,425.03,425.03,12000,6
2017-12-02,10000002,20729,648.38,648.38,648.38,1000,1
2017-12-02,10000002,20731,900.01,900.01,900.01,7192,5
2017-12-02,10000002,20735,4089.62,4089.62,4089.62,8339,10
2017-12-02,10000002,20737,2000,2000,2000,39910,7
2017-12-02,10000002,20739,4300,4300,4399.99,112451,21
2017-12-02,10000002,20741,4008.68,3858.15,4298.55,436124,36
2017-12-02,10000002,20743,5051.23,5051.23,5051.23,101491,22
2017-12-02,10000002,20745,4000,4000,4000,44320,10
2017-12-02,10000002,20747,6411.3,5016.22,6411.44,205863,35
2017-12-02,10000002,20749,2303.02,2302.3,2999.99,40736,6
2017-12-02,10000002,20751,5121.44,5121.44,5121.44,86548,15
2017-12-02,10000002,20753,70.1,70.1,70.1,9000,6
2017-12-02,10000002,20755,377.6,377.6,377.6,1000,1
2017-12-02,10000002,20757,607.08,607.08,607.08,1000,1
2017-12-02,10000002,20759,2895.96,2895.96,2895.96,2200,2
2017-12-02,10000002,20761,1820.02,1820.02,1820.02,1000,1
2017-12-02,10000002,20763,6560.05,6560.05,6560.05,1999,2
2017-12-02,10000002,20765,59995.65,59995.65,59995.65,21,1
2017-12-02,10000002,20769,177.76,177.76,177.76,5000,4
2017-12-02,10000002,20771,798.35,798.35,798.35,3000,2
2017-12-02,10000002,20775,9970,9970,9970,3800,6
2017-12-02,10000002,20777,6848.66,6848.66,6848.66,1000,1
2017-12-02,10000002,20779,78000,78000,78000,940,3
2017-12-02,10000002,20783,236472.9,236472.9,236472.9,387,3
2017-12-02,10000002,20785,1256.1,1256.08,1256.11,2000,2
2017-12-02,10000002,20787,2054.05,2054.05,2054.05,1000,1
2017-12-02,10000002,20791,5712.14,5712.14,5712.14,2500,2
2017-12-02,10000002,20797,299999.99,299999.99,300000,40,5
2017-12-02,10000002,20817,84335.23,84335.23,84335.23,6,1
2017-12-02,10000002,20821,70170.11,70170.11,70170.11,2,2
2017-12-02,10000002,20823,269999.99,269999.99,269999.99,18,3
2017-12-02,10000002,20825,40000.02,40000.02,40000.02,1,1
2017-12-02,10000002,20827,946766.45,127000.01,1220021.93,4,3
2017-12-02,10000002,20831,1008000,270000.01,1500000,5,3
2017-12-02,10000002,20835,144000.01,144000.01,144000.01,2,2
2017-12-02,10000002,20839,420000,420000,420000,1,1
2017-12-02,10000002,20841,1600000,1600000,1600000,3,1
2017-12-02,10000002,20843,1793599.78,1674499.98,2269999,15,4
2017-12-02,10000002,20845,2298000,2298000,2298000,12,3
2017-12-02,10000002,20847,1529999.99,1529999.99,1529999.99,107,18
2017-12-02,10000002,20849,87601.39,87601.37,87601.44,6,4
2017-12-02,10000002,20851,69000.01,69000.01,69000.01,3,3
2017-12-02,10000002,20853,123000.01,123000.01,123000.01,2,2
2017-12-02,10000002,20857,2794999.99,2794999.99,2794999.99,10,2
2017-12-02,10000002,20859,3750000,2400000.01,4199999.99,8,3
2017-12-02,10000002,20865,1850000.06,200000.11,3500000,6,6
2017-12-02,10000002,20869,958000.02,950000.02,960000.02,5,4
2017-12-02,10000002,20871,670202.06,670202.06,670202.06,1,1
2017-12-02,10000002,20873,7000000.01,7000000.01,7000000.01,1,1
2017-12-02,10000002,20881,705000.18,705000.17,705000.2,3,2
2017-12-02,10000002,20883,1914000.01,1000000.02,3741999.99,3,3
2017-12-02,10000002,20913,9,9,9,25315,14
2017-12-02,10000002,20915,54.86,54.86,54.86,736,1
2017-12-02,10000002,20917,2.01,2.01,2.01,6065,5
2017-12-02,10000002,20919,31,31,31,3000,3
2017-12-02,10000002,20923,80.12,80.12,80.12,1500,2
2017-12-02,10000002,20925,20.18,20.18,20.18,1000,1
2017-12-02,10000002,20929,3999.99,3999.99,3999.99,5322,2
2017-12-02,10000002,20931,2400,2400,2400,5000,1
2017-12-02,10000002,20935,2400,2400,2400,2000,1
2017-12-02,10000002,20939,9492,9492,9492,5000,1
2017-12-02,10000002,20943,3650,3650,3650,5000,2
2017-12-02,10000002,20945,24.9,24.9,24.9,10155,11
2017-12-02,10000002,20947,26.1,26.1,26.1,6000,5
2017-12-02,10000002,20949,268.86,268.86,268.86,1000,1
2017-12-02,10000002,20951,328.57,328.57,328.57,1000,1
2017-12-02,10000002,20953,1234.98,1234.98,1234.98,1000,1
2017-12-02,10000002,20961,400,400,400,3732,3
2017-12-02,10000002,20963,698.78,698.78,698.78,5000,7
2017-12-02,10000002,20965,658.79,658.79,658.79,2000,2
2017-12-02,10000002,20967,668.74,668.74,668.74,1000,1
2017-12-02,10000002,20971,4985.99,4985.99,4985.99,10000,2
2017-12-02,10000002,20975,99994.97,99994.97,99994.97,2452,3
2017-12-02,10000002,20977,3000,3000,3000,2000,1
2017-12-02,10000002,20979,1025.68,1025.68,1025.68,1000,1
2017-12-02,10000002,21009,5736568.37,5382097.82,6799980,28,4
2017-12-02,10000002,21011,8204999.97,6000000,10409999.93,6,2
2017-12-02,10000002,21012,1518500000,1518500000,1518500000,1,1
2017-12-02,10000002,21013,8694996.2,8694995.99,8694997.88,36,4
2017-12-02,10000002,21017,7398657.98,7398657.98,7398657.98,8,1
2017-12-02,10000002,21018,1342166666.66,1342100000,1342200000,3,3
2017-12-02,10000002,21019,8998994.65,8998994.59,8998994.68,14,3
2017-12-02,10000002,21021,7486999.99,7486999.99,7486999.99,7,2
2017-12-02,10000002,21023,7652717.66,6835007.4,8742998,35,2
2017-12-02,10000002,21024,1306728000,1306728000,1306728000,2,2
2017-12-02,10000002,21025,8199000,8000000,8199000,148,10
2017-12-02,10000002,21026,1663964800,1663964800,1663964800,3,3
2017-12-02,10000002,21027,8851855.21,7206124.57,8988999.43,39,8
2017-12-02,10000002,21028,833702400,833702400,833702400,2,2
2017-12-02,10000002,21029,4200000,4200000,4200000,386,10
2017-12-02,10000002,21030,905500000,905499999.99,905500000,2,2
2017-12-02,10000002,21035,8889996.9,8889996.9,8889996.91,17,2
2017-12-02,10000002,21036,1228398800,1228398800,1228398800,1,1
2017-12-02,10000002,21037,6679999.99,6679999.99,6680000,251,31
2017-12-02,10000002,21038,1045499999.99,1045499999.99,1045499999.99,1,1
2017-12-02,10000002,21039,8931005.88,8931005.88,8931005.88,1,1
2017-12-02,10000002,21040,1543366400,1543366400,1543366400,2,2
2017-12-02,10000002,21041,6800000,6800000,6800000,110,7
2017-12-02,10000002,21042,1393368000,1393368000,1393368000,1,1
2017-12-02,10000002,21059,120000,120000,120000,187,174
2017-12-02,10000002,21071,40000,40000,47999.99,150,144
2017-12-02,10000002,21073,42666.63,10001.09,156995.9,18,10
2017-12-02,10000002,21074,1827500.68,1310012.01,1999996.9,56,22
2017-12-02,10000002,21075,95313.83,9042.51,174999.99,41,20
2017-12-02,10000002,21076,225447.67,61004,948999,27,24
2017-12-02,10000002,21077,242525.19,151501.18,389999.99,87,50
2017-12-02,10000002,21078,409688.45,116161.13,637997.95,75,40
2017-12-02,10000002,21079,144872.12,100000,227025.87,74,45
2017-12-02,10000002,21080,1642168.68,409005,2799889,56,38
2017-12-02,10000002,21081,449999.95,171100,630000,138,54
2017-12-02,10000002,21082,699999.99,699999.98,699999.99,155,56
2017-12-02,10000002,21084,439430.89,355021,559994.99,69,36
2017-12-02,10000002,21085,513140.37,303011.06,649994.98,58,30
2017-12-02,10000002,21086,426001.32,424999.98,599998.95,155,62
2017-12-02,10000002,21087,149944.83,111118.05,319118,36,33
2017-12-02,10000002,21088,3168435.48,149999.99,6399998.96,16,11
2017-12-02,10000002,21089,152291.51,60030.02,211095,30,17
2017-12-02,10000002,21096,1599975.18,1535000,1599985.84,1984,444
2017-12-02,10000002,21097,3766654.24,3100000.02,9099887.99,9,3
2017-12-02,10000002,21194,76168.84,15503.51,199499.99,21,12
2017-12-02,10000002,21196,92000.01,92000.01,92000.01,9,5
2017-12-02,10000002,21198,589999.55,589999.55,589999.55,10,5
2017-12-02,10000002,21200,43000.11,43000.11,43000.11,1,1
2017-12-02,10000002,21202,167000.03,167000.03,167000.03,2,2
2017-12-02,10000002,21204,1689999.89,1689999.89,1689999.89,5,1
2017-12-02,10000002,21206,100106.15,100106.15,100106.15,1,1
2017-12-02,10000002,21208,2205999,2205999,2205999,10,4
2017-12-02,10000002,21210,189273.94,97030.11,199999.97,48,12
2017-12-02,10000002,21212,561201.83,68711,659699.99,12,5
2017-12-02,10000002,21214,160214.01,160214.01,160214.01,1,1
2017-12-02,10000002,21216,95451.06,95451.06,95451.06,1,1
2017-12-02,10000002,21222,999498.9,999498.9,999498.9,60,8
2017-12-02,10000002,21224,30012.26,30012.26,30012.26,54,7
2017-12-02,10000002,21226,38518.86,38518.86,38518.86,32,3
2017-12-02,10000002,21228,255043.51,21000.05,694000,23,5
2017-12-02,10000002,21230,114995.35,55000.12,144992.97,27,6
2017-12-02,10000002,21232,1685187.04,55563.13,2499998.99,3,2
2017-12-02,10000002,21234,733153.84,726999.99,746999.99,13,5
2017-12-02,10000002,21236,1283000.07,1283000.07,1283000.07,3,1
2017-12-02,10000002,21238,3097531.53,2500002.05,3575555.12,18,5
2017-12-02,10000002,21254,12053750.46,4940001.95,14424999.95,12,5
2017-12-02,10000002,21256,281500,82000.01,480999.98,8,5
2017-12-02,10000002,21258,120716.7,120716.7,120716.7,3,3
2017-12-02,10000002,21260,590000.06,500000.11,769999.96,6,5
2017-12-02,10000002,21262,964000,460000.03,1299999.99,5,4
2017-12-02,10000002,21266,796517.12,796517.12,796517.12,1,1
2017-12-02,10000002,21268,5000100.01,5000100.01,5000100.01,1,1
2017-12-02,10000002,21272,658500.02,306000.09,775999.99,4,2
2017-12-02,10000002,21274,964711.22,620000.01,1021999.97,7,4
2017-12-02,10000002,21294,26725000,25900000.01,27000000,4,2
2017-12-02,10000002,21320,11.11,11.11,11.11,43019,34
2017-12-02,10000002,21322,7.81,7.81,7.81,18000,17
2017-12-02,10000002,21324,22.34,22.34,22.34,8000,8
2017-12-02,10000002,21326,20.14,20.14,20.14,4000,4
2017-12-02,10000002,21328,27.11,27.11,27.11,3800,4
2017-12-02,10000002,21330,40.79,40.79,40.79,3000,3
2017-12-02,10000002,21334,799.8,799.8,799.8,1200,1
2017-12-02,10000002,21336,17.6,17.6,17.6,19000,11
2017-12-02,10000002,21338,23.01,23.01,23.01,9000,7
2017-12-02,10000002,21340,29.53,29.53,29.53,9028,9
2017-12-02,10000002,21342,135.01,135.01,135.01,3000,3
2017-12-02,10000002,21344,106.05,106.05,106.05,2000,2
2017-12-02,10000002,21346,175.08,175.07,175.08,2000,2
2017-12-02,10000002,21350,1595.98,1595.98,1595.98,6000,3
2017-12-02,10000002,21352,8,8,8,57000,19
2017-12-02,10000002,21354,34.06,34.06,34.06,34366,15
2017-12-02,10000002,21356,12.04,12.04,12.04,10000,6
2017-12-02,10000002,21358,26.43,26.43,26.43,6000,5
2017-12-02,10000002,21360,78.08,78.08,78.08,1000,1
2017-12-02,10000002,21362,165.28,165.28,165.28,2000,2
2017-12-02,10000002,21368,3932.18,3932.18,3932.18,10500,4
2017-12-02,10000002,21372,4499,4499,4499,1000,1
2017-12-02,10000002,21374,3297,3297,3297,90000,2
2017-12-02,10000002,21380,2056,2056,2056,1500,1
2017-12-02,10000002,21384,15.51,15.51,15.51,46000,29
2017-12-02,10000002,21386,31.29,31.29,31.29,36865,40
2017-12-02,10000002,21388,225.58,225.58,225.58,22600,19
2017-12-02,10000002,21390,265.88,265.88,265.88,10000,10
2017-12-02,10000002,21392,659.01,659.01,659.02,19000,11
2017-12-02,10000002,21394,808,808,808,6000,6
2017-12-02,10000002,21396,1178.65,1178.65,1178.65,2000,2
2017-12-02,10000002,21398,54999.54,54999.54,54999.54,2072,5
2017-12-02,10000002,21400,734.93,734.93,734.93,45000,3
2017-12-02,10000002,21402,687.93,687.92,687.98,21900,13
2017-12-02,10000002,21404,890.56,890.56,890.56,3000,3
2017-12-02,10000002,21406,1899.99,1899.99,1899.99,22000,2
2017-12-02,10000002,21450,203781.67,64000.14,399475.79,12,9
2017-12-02,10000002,21472,107005004.97,80020022,120497496.46,3,3
2017-12-02,10000002,21474,114995994.99,114995994.99,114995995,5,5
2017-12-02,10000002,21476,123387383.49,123385885,123388881.98,2,2
2017-12-02,10000002,21478,99505000,10000.01,198999999.99,2,2
2017-12-02,10000002,21484,58856671.94,40301131.68,69989996,8,6
2017-12-02,10000002,21486,33995393.97,33994994,33995993.92,5,3
2017-12-02,10000002,21491,8022030.63,8022030.63,8022030.63,3,1
2017-12-02,10000002,21493,39248972.57,35000000.1,51995889.99,8,6
2017-12-02,10000002,21500,7802442.22,4506110.07,9999996.99,5,4
2017-12-02,10000002,21510,41564846.26,40000000.2,45085500,13,8
2017-12-02,10000002,21512,36327316.39,25100920,37499945.83,11,11
2017-12-02,10000002,21527,12249700,12249699.99,12249700,2,2
2017-12-02,10000002,21536,7500000,7500000,7500000,2,2
2017-12-02,10000002,21540,40849975.52,40849972.04,40849979,2,2
2017-12-02,10000002,21551,4005000,4005000,4005000,3,1
2017-12-02,10000002,21555,8251881,8251881,8251881,1,1
2017-12-02,10000002,21568,89130.5,50000.01,199999.98,23,14
2017-12-02,10000002,21569,61149999.93,61149999.78,61150000,3,3
2017-12-02,10000002,21570,2198270.91,1701000,2380945.97,26,11
2017-12-02,10000002,21571,267066.26,160011.53,374120.98,6,4
2017-12-02,10000002,21572,322342.68,250357.58,358000,34,20
2017-12-02,10000002,21584,56797.45,35414.3,95999.89,17,6
2017-12-02,10000002,21585,304150,304150,304150,10,7
2017-12-02,10000002,21586,3647111.11,3301000,3993000,18,11
2017-12-02,10000002,21587,150.42,150.42,150.42,21757,160
2017-12-02,10000002,21588,20.63,20.62,20.63,19614,166
2017-12-02,10000002,21589,62,62,62,22781,126
2017-12-02,10000002,21590,175.04,175.04,175.04,3811,87
2017-12-02,10000002,21591,652.59,652.59,652.59,2158,49
2017-12-02,10000002,21592,213.94,213.93,249.12,10152,63
2017-12-02,10000002,21593,100.05,100.05,100.05,13833,82
2017-12-02,10000002,21594,64.66,64.66,64.66,21247,82
2017-12-02,10000002,21595,385.02,385.02,385.02,2956,54
2017-12-02,10000002,21596,117.07,117.07,117.07,1688,31
2017-12-02,10000002,21603,10000000,10000000,10000000,236,131
2017-12-02,10000002,21604,31372640,31372640,31372640,10,3
2017-12-02,10000002,21606,2632649850.14,2615099909.8,2650199790.48,4,4
2017-12-02,10000002,21610,20000000,20000000,20000000,136,77
2017-12-02,10000002,21611,30000000,30000000,30000000,114,84
2017-12-02,10000002,21628,13000000,12999999.99,13000000,2,2
2017-12-02,10000002,21638,990887,990884.89,990888.94,1376,215
2017-12-02,10000002,21640,999989.02,998999.86,999989.78,3131,367
2017-12-02,10000002,21666,15466666.64,15000000,17099999.88,27,12
2017-12-02,10000002,21667,31657894.41,30999999.99,31800000,19,18
2017-12-02,10000002,21668,15495791.22,15000000,16300000,24,15
2017-12-02,10000002,21718,57313.55,10000.96,79874.1,57,42
2017-12-02,10000002,21719,1004003.45,1000004.09,1010002.5,5,5
2017-12-02,10000002,21720,3667764.66,3010277.51,4982738.95,3,3
2017-12-02,10000002,21721,902825.45,441100,948998,22,7
2017-12-02,10000002,21722,2880786.16,2500000.16,3400000,51,29
2017-12-02,10000002,21723,409438.06,303051,685999.93,33,20
2017-12-02,10000002,21724,300010.11,300010.1,300010.12,6,5
2017-12-02,10000002,21725,2184444.52,2100001.03,2299999.86,45,25
2017-12-02,10000002,21726,226333.92,170101,278999.99,69,42
2017-12-02,10000002,21727,59643.4,40100.01,189900,23,18
2017-12-02,10000002,21728,36000.16,3000.67,144898,43,34
2017-12-02,10000002,21729,172422.05,35000.42,224999.98,45,13
2017-12-02,10000002,21730,11158.91,1501.1,68990.99,22,17
2017-12-02,10000002,21731,40000.17,40000.17,40000.17,7,3
2017-12-02,10000002,21732,367925.75,352100.01,541998.95,12,11
2017-12-02,10000002,21733,15187511.3,12000017.56,20000010.61,8,8
2017-12-02,10000002,21740,1096.52,1096.52,1096.52,743352,109
2017-12-02,10000002,21789,209999.89,205000,294998,18,18
2017-12-02,10000002,21790,100.1,100.09,100.1,119,78
2017-12-02,10000002,21791,1,1,9000,163,45
2017-12-02,10000002,21802,25000000,25000000,25000000,178,71
2017-12-02,10000002,21803,18229567.53,17500000,19199328.48,41,35
2017-12-02,10000002,21815,8025163.99,8002000,8499900,15276,552
2017-12-02,10000002,21841,45007.02,45007.02,45007.02,180,36
2017-12-02,10000002,21853,10539.25,2000,11124.9,54,28
2017-12-02,10000002,21855,9890.95,10.28,27270,31,12
2017-12-02,10000002,21857,556.22,556.2,556.22,561,293
2017-12-02,10000002,21867,36.89,36.76,59.99,1019310,29
2017-12-02,10000002,21868,452500,10000,600000,4,4
2017-12-02,10000002,21888,83786177.04,40002109.95,88999999.96,12,12
2017-12-02,10000002,21889,27357147.85,26000005.81,35499999.91,7,7
2017-12-02,10000002,21890,45824534.49,44000000,50500000.05,43,19
2017-12-02,10000002,21894,1155.3,1155.27,1155.76,2132901,200
2017-12-02,10000002,21896,679.72,679.72,679.72,1499934,293
2017-12-02,10000002,21898,467.95,467.95,467.95,2229757,387
2017-12-02,10000002,21902,1096.66,1094.88,1098.88,1067668,139
2017-12-02,10000002,21904,648.67,507.71,648.77,833699,184
2017-12-02,10000002,21906,441.19,441.19,441.19,1182195,182
2017-12-02,10000002,21910,1100.93,1100.93,1100.93,109900,18
2017-12-02,10000002,21912,594.93,594.93,594.93,132887,19
2017-12-02,10000002,21914,419.67,419.67,419.67,77994,22
2017-12-02,10000002,21918,1166.64,1166.58,1166.64,1392019,90
2017-12-02,10000002,21922,668.8,608.9,668.81,582914,202
2017-12-02,10000002,21924,479.81,475,479.96,1115060,218
2017-12-02,10000002,21926,1199.3,1199.3,1199.3,77810,17
2017-12-02,10000002,21928,776,776,776,134024,17
2017-12-02,10000002,21931,310.81,310.81,310.81,6000,1
2017-12-02,10000002,21935,1166.88,1166.87,1166.89,276827,51
2017-12-02,10000002,21937,607.68,555.76,607.69,242164,76
2017-12-02,10000002,21939,594.38,593,594.38,163153,52
2017-12-02,10000002,21947,39039966.87,39000009.99,39998999.99,25,5
2017-12-02,10000002,21948,200000000,200000000,200000000,3,3
2017-12-02,10000002,21949,43600000.51,43600000.51,43600000.51,1,1
2017-12-02,10000002,21950,199666666.67,199000000,200000000,3,3
2017-12-02,10000002,21951,46000000,46000000,46000000,3,2
2017-12-02,10000002,21952,200000000,200000000,200000000,3,3
2017-12-02,10000002,21954,200000000,200000000,200000000,2,2
2017-12-02,10000002,21956,200000000,200000000,200000000,2,2
2017-12-02,10000002,21958,200000000,200000000,200000000,2,2
2017-12-02,10000002,21959,89999898.65,89999898.64,89999898.65,2,2
2017-12-02,10000002,21960,200000000,200000000,200000000,1,1
2017-12-02,10000002,21961,51000000.4,51000000.4,51000000.4,1,1
2017-12-02,10000002,21962,200000000,200000000,200000000,2,2
2017-12-02,10000002,21963,120002517.72,120002517.72,120002517.72,2,2
2017-12-02,10000002,21964,200000000,200000000,200000000,2,2
2017-12-02,10000002,21966,200000000,200000000,200000000,3,3
2017-12-02,10000002,21968,200000000,200000000,200000000,2,2
2017-12-02,10000002,21970,200000000,200000000,200000000,1,1
2017-12-02,10000002,22043,26727272,25000000,29999997.86,77,44
2017-12-02,10000002,22107,19438868.63,19000000,21996978,46,43
2017-12-02,10000002,22108,36771368.65,34444456.8,37699993.99,38,34
2017-12-02,10000002,22109,88767648.16,80000013.59,92899554.71,45,41
2017-12-02,10000002,22110,174297289.39,159800000.36,178864473.76,35,34
2017-12-02,10000002,22111,53275558.95,50000000.54,54899941,50,42
2017-12-02,10000002,22112,346140210.23,331303000.06,360151461.71,21,15
2017-12-02,10000002,22113,9499999.58,8750000,9999999,5,5
2017-12-02,10000002,22114,9737001.87,3701013.08,10599000.98,8,8
2017-12-02,10000002,22115,54000002.43,30000004.63,70000000.96,5,5
2017-12-02,10000002,22116,57749998.07,56999996.57,59999996.34,8,8
2017-12-02,10000002,22117,16421811.88,10111000.5,17999535.98,5,5
2017-12-02,10000002,22118,63998970.06,62999940.12,64997999.99,2,2
2017-12-02,10000002,22119,25095833.37,23800089.28,31999997.8,81,44
2017-12-02,10000002,22120,28464497.39,26992135.62,28999897.41,15,15
2017-12-02,10000002,22121,79304975.06,64333676.63,83099898.9,20,18
2017-12-02,10000002,22122,128837279.15,121001000.9,136900999.54,32,20
2017-12-02,10000002,22123,45805142.01,45489998.37,47889999.71,22,19
2017-12-02,10000002,22124,251591279.27,239100007.74,259302278.63,13,13
2017-12-02,10000002,22125,21895061.27,16902025.85,22999982.55,17,17
2017-12-02,10000002,22126,47147045.45,38014499.04,49798851.42,18,18
2017-12-02,10000002,22127,134929344.54,95012055.66,136999998.78,14,14
2017-12-02,10000002,22128,176384140.67,164008504.75,183999865.85,21,19
2017-12-02,10000002,22129,63600221.41,60005111.27,64498998.93,15,15
2017-12-02,10000002,22130,330125741.59,312002002.01,341000068.98,16,13
2017-12-02,10000002,22131,5745183.18,3651000.03,7550050.01,12,10
2017-12-02,10000002,22133,10068749.88,6000000.02,11824999.5,8,8
2017-12-02,10000002,22134,25000000,24999999.99,25000000,2,2
2017-12-02,10000002,22135,43949999.42,40150002.25,45849998,3,3
2017-12-02,10000002,22136,19999999,19999998.99,19999999,2,2
2017-12-02,10000002,22137,131833333.33,95500000.01,149999999.99,3,3
2017-12-02,10000002,22175,63981.99,60000,63983,798,512
2017-12-02,10000002,22176,332640,332640,332640,1,1
2017-12-02,10000002,22177,59982.97,47101.44,59986.98,889,519
2017-12-02,10000002,22178,266320,200000,332640,2,2
2017-12-02,10000002,22229,4592000,4592000,4592000,399,107
2017-12-02,10000002,22242,79709304.31,75000000,89779956,74,36
2017-12-02,10000002,22291,1191773.77,1174999.95,1199987.86,3912,1146
2017-12-02,10000002,22428,1213600001.39,1151000011.01,1228999999,5,5
2017-12-02,10000002,22430,1274056762.39,1199895012.04,1294999991.53,17,17
2017-12-02,10000002,22436,1226633155.49,1186680204.5,1261999995,7,7
2017-12-02,10000002,22440,1086364188.71,1025003039.62,1099999999.67,11,11
2017-12-02,10000002,22442,429811110.86,387000000.08,436944444,7,7
2017-12-02,10000002,22444,443223863.91,413027039.5,447895999.22,36,33
2017-12-02,10000002,22446,589376729.33,588944444,589592872,3,3
2017-12-02,10000002,22448,455454545.33,435000002.84,477999996.98,11,11
2017-12-02,10000002,22452,67786264.7,66000000,74999981.33,58,31
2017-12-02,10000002,22456,65899997.66,65899997.66,65899997.67,313,107
2017-12-02,10000002,22460,73462487.65,69749999,75999980,20,12
2017-12-02,10000002,22464,74712964.29,69000000,82429999.69,56,28
2017-12-02,10000002,22466,367966666.96,342100002,374999999.97,9,9
2017-12-02,10000002,22468,381566662.68,359700000.55,392499993.99,6,6
2017-12-02,10000002,22470,321554465.06,318999999.99,335993987.79,9,9
2017-12-02,10000002,22474,501657958.92,440828287.31,515743443.19,16,15
2017-12-02,10000002,22534,16206177.43,9961000.11,16989999.31,56,34
2017-12-02,10000002,22535,99999991.7,89000027.95,99999994.98,154,60
2017-12-02,10000002,22536,211147.63,208433.8,552755,71,62
2017-12-02,10000002,22541,9000000,9000000,9000000,239,106
2017-12-02,10000002,22542,40587.05,40000,40587.98,734,257
2017-12-02,10000002,22543,283000,262000,585000,14,14
2017-12-02,10000002,22544,383797964.15,368010001,394998998,47,42
2017-12-02,10000002,22546,274991997.99,274991996.15,295999989.79,101,68
2017-12-02,10000002,22548,305780132.84,279404444,329999980,73,49
2017-12-02,10000002,22551,31120908.78,28999999,39000000,55,39
2017-12-02,10000002,22552,994194.31,393032.01,999998.42,79,70
2017-12-02,10000002,22559,43600000.34,43600000.31,44000000.02,202,70
2017-12-02,10000002,22570,12546721.17,11999997,13989000,69,18
2017-12-02,10000002,22571,109110967.04,95925005.34,115499894.71,22,17
2017-12-02,10000002,22572,50043.12,50043.12,50043.12,3,2
2017-12-02,10000002,22576,21919,21919,21919,561,43
2017-12-02,10000002,22577,250000,250000,250000,5,5
2017-12-02,10000002,22578,96000,96000,96000,220,138
2017-12-02,10000002,22611,19693468.84,18501970.21,20899979.87,42,32
2017-12-02,10000002,22613,133999997,133999997,133999997,3,3
2017-12-02,10000002,22615,263699998.32,250000000,277400000,6,5
2017-12-02,10000002,22619,13456069.92,12838498.28,14999998.99,7,7
2017-12-02,10000002,22621,185000000.01,185000000.01,185000000.01,1,1
2017-12-02,10000002,22623,500000000.01,500000000.01,500000000.01,1,1
2017-12-02,10000002,22760,2350000003.02,1000000003.07,3700000002.96,2,2
2017-12-02,10000002,22761,32829083.53,32000000,34783444,61,32
2017-12-02,10000002,22765,80436.59,70016.48,84016,47,9
2017-12-02,10000002,22778,127783.99,127783.98,127785.38,18287,166
2017-12-02,10000002,22779,2344200,2344200,2344200,2,2
2017-12-02,10000002,22782,1499982.67,1499982.67,1499982.67,459,128
2017-12-02,10000002,22783,17328680,17328680,17328680,1,1
2017-12-02,10000002,22806,120000,120000,120000,211,139
2017-12-02,10000002,22807,120000,120000,120000,332,143
2017-12-02,10000002,22808,120000,120000,120000,159,137
2017-12-02,10000002,22809,120000,120000,120000,161,140
2017-12-02,10000002,22879,49000000,49000000,49000000,2,2
2017-12-02,10000002,22889,49131110.23,43890000.57,50999999.49,9,7
2017-12-02,10000002,22891,70930000.03,70930000.02,70930000.04,2,2
2017-12-02,10000002,22895,17357002.04,10000005.5,22499502.2,7,7
2017-12-02,10000002,22909,6148863.95,4650000.09,6898295.88,9,5
2017-12-02,10000002,22919,43000001.72,39000002.88,48999999.99,5,3
2017-12-02,10000002,22925,8920498.2,8920498.2,8920498.2,1,1
2017-12-02,10000002,22929,34496493.67,34000000,34992989,6,4
2017-12-02,10000002,22949,32420000.39,32300000.4,32600000.39,5,4
2017-12-02,10000002,22953,36399997.19,36399996.69,36399997.69,2,2
2017-12-02,10000002,22961,445.37,445.37,445.37,450751,131
2017-12-02,10000002,22963,307.73,307.73,307.73,1900,3
2017-12-02,10000002,22965,786.95,786.95,786.95,10932,5
2017-12-02,10000002,22967,788.85,788.85,788.85,17100,8
2017-12-02,10000002,22969,699.98,699.98,699.98,5130,6
2017-12-02,10000002,22971,589,589,589,25160,7
2017-12-02,10000002,22973,739.99,739.99,739.99,75000,8
2017-12-02,10000002,22975,699.96,699.96,699.96,7581,7
2017-12-02,10000002,22977,655.95,655.95,655.95,474205,78
2017-12-02,10000002,22979,984.87,984.87,984.87,7643,4
2017-12-02,10000002,22981,971.84,971.84,971.84,21742,6
2017-12-02,10000002,22983,1212.3,1212.3,1212.3,95696,16
2017-12-02,10000002,22985,503,503,503,3000,2
2017-12-02,10000002,22987,1100,1100,1100,80340,13
2017-12-02,10000002,22989,684.99,684.99,684.99,9500,3
2017-12-02,10000002,22991,997.85,997.85,997.85,8000,4
2017-12-02,10000002,22993,1232.04,1232.04,1232.04,194354,38
2017-12-02,10000002,22997,708.56,708.56,708.56,4500,2
2017-12-02,10000002,22999,1296.71,1296.71,1296.72,9500,4
2017-12-02,10000002,23001,900,900,900,14280,3
2017-12-02,10000002,23003,1200,1200,1200,7901,5
2017-12-02,10000002,23005,728.68,728.68,728.68,1000,1
2017-12-02,10000002,23007,708.63,708.63,708.63,9500,2
2017-12-02,10000002,23009,405.15,405.14,424.95,3978021,397
2017-12-02,10000002,23011,675,675,680,22311,8
2017-12-02,10000002,23013,549.97,549.97,549.97,74939,13
2017-12-02,10000002,23015,740.67,740.63,740.69,146158,29
2017-12-02,10000002,23017,401.18,401.13,639.5,58039,18
2017-12-02,10000002,23019,410.44,410.44,410.44,28899,18
2017-12-02,10000002,23021,639,639,639,47948,13
2017-12-02,10000002,23023,664.58,664.58,664.58,248323,32
2017-12-02,10000002,23025,655.53,655.52,655.54,2723378,384
2017-12-02,10000002,23027,860.51,860.51,860.51,56441,25
2017-12-02,10000002,23029,953.13,622.86,953.2,331596,37
2017-12-02,10000002,23031,634.4,634.34,779.88,828879,80
2017-12-02,10000002,23033,504.08,504.02,769.93,296888,34
2017-12-02,10000002,23035,621.97,621.96,622.05,293022,72
2017-12-02,10000002,23037,748.97,465.9,748.99,58909,27
2017-12-02,10000002,23039,609.46,609.46,609.46,970763,56
2017-12-02,10000002,23041,1298.2,1298.2,1298.2,50200,9
2017-12-02,10000002,23043,1199.94,1199.94,1199.94,70240,13
2017-12-02,10000002,23045,975,970,975,307208,21
2017-12-02,10000002,23047,1159.99,1159.99,1159.99,21764,7
2017-12-02,10000002,23049,1125,1125,1125,59852,15
2017-12-02,10000002,23051,908.08,908.07,1159.98,148056,17
2017-12-02,10000002,23053,1279.19,1269.98,1279.55,52239,20
2017-12-02,10000002,23055,3120000,2850000.09,3134994.14,929,65
2017-12-02,10000002,23056,208714285.72,208000000.03,209000000,7,7
2017-12-02,10000002,23057,2899989.99,2750000.13,2899998.98,520,30
2017-12-02,10000002,23058,209750000,196000000.01,214000000,4,4
2017-12-02,10000002,23059,2920000.05,2920000.03,3100000,444,28
2017-12-02,10000002,23060,221000000,220999999.99,221000000,2,2
2017-12-02,10000002,23061,3299897.11,2950000.11,3299898.84,881,56
2017-12-02,10000002,23062,208999999.99,208999999.99,208999999.99,1,1
2017-12-02,10000002,23069,51343244.64,50000000,53499996,51,45
2017-12-02,10000002,23071,279550,245076.36,279550,5665,193
2017-12-02,10000002,23073,399969.54,399969.54,399969.54,298,34
2017-12-02,10000002,23075,344000,344000,344000,145,25
2017-12-02,10000002,23077,299999.99,299999.99,299999.99,146,27
2017-12-02,10000002,23079,334989,334989,334989,652,71
2017-12-02,10000002,23081,324997.89,324997.89,324997.89,116,20
2017-12-02,10000002,23083,518896.03,518896.03,518896.04,119,11
2017-12-02,10000002,23085,337008.85,337008.85,337008.85,105,19
2017-12-02,10000002,23087,0.02,0.02,0.02,166,78
2017-12-02,10000002,23089,465002.28,450000.28,465008.02,6706,176
2017-12-02,10000002,23091,449998.98,236000.06,449999,116,22
2017-12-02,10000002,23093,759000,759000,759000,110,14
2017-12-02,10000002,23095,567999.99,565000,568000,175,24
2017-12-02,10000002,23097,398006.57,398005.1,398006.59,1681,59
2017-12-02,10000002,23099,489982.51,488315.99,640000,69,17
2017-12-02,10000002,23101,509107.05,509099.99,509110,17,6
2017-12-02,10000002,23103,699772.99,252054.14,699774.99,150,26
2017-12-02,10000002,23105,774930.04,774930.01,774931.08,2864,106
2017-12-02,10000002,23107,1480032.63,1475002.03,1499999.94,131,13
2017-12-02,10000002,23109,940079.54,780000.14,940079.63,181,20
2017-12-02,10000002,23111,903889.99,903889.99,903889.99,119,16
2017-12-02,10000002,23113,710001.96,710001.84,710001.98,1295,47
2017-12-02,10000002,23115,513001.11,513001.11,513001.11,120,5
2017-12-02,10000002,23117,934580.12,762001.48,979994.97,96,11
2017-12-02,10000002,23119,798000,798000,799988.87,129,18
2017-12-02,10000002,23121,3000,3000,3000,115,66
2017-12-02,10000002,23123,233333.33,230000,500000,18,18
2017-12-02,10000002,23124,764221.1,690000,799666.82,18,18
2017-12-02,10000002,23128,7553483.07,5900000,9599994.87,31,18
2017-12-02,10000002,23129,307875.08,150005,417998,48,17
2017-12-02,10000002,23130,875866.01,350001.05,1039998.32,75,26
2017-12-02,10000002,23131,39843.94,32008.27,44886,19,9
2017-12-02,10000002,23132,42063181.63,40988997.96,44300000,11,10
2017-12-02,10000002,23133,700000.01,700000.01,700000.01,150,33
2017-12-02,10000002,23134,10936362,6800005.02,11999997.33,33,14
2017-12-02,10000002,23135,268103.37,50000,303050,46,33
2017-12-02,10000002,23136,441927.74,200000,750000,31,20
2017-12-02,10000002,23137,7600000,7600000,7600000,2,2
2017-12-02,10000002,23138,981945.95,300002.01,1000002.01,36,11
2017-12-02,10000002,23139,733162.3,471817.27,897994,39,14
2017-12-02,10000002,23140,85239.88,30000,165101.27,23,13
2017-12-02,10000002,23141,60015.4,60007,60016,15,9
2017-12-02,10000002,23142,49089.05,0.01,50005.07,46,19
2017-12-02,10000002,23143,42228.43,11627.08,66666,78,22
2017-12-02,10000002,23144,15154.47,221.05,80000,38,26
2017-12-02,10000002,23145,320818.05,280005,449988.94,49,25
2017-12-02,10000002,23146,38230.4,3506.02,169998.89,42,25
2017-12-02,10000002,23147,96625.41,56111,156111,27,12
2017-12-02,10000002,23148,45608.85,45608.85,45608.85,12,11
2017-12-02,10000002,23149,11007547.55,10300001.31,11500000,53,23
2017-12-02,10000002,23150,794545.9,380000,1899999.99,11,7
2017-12-02,10000002,23151,13001.05,13001.03,13001.06,17,10
2017-12-02,10000002,23152,15202004.54,15202001.02,15202005.02,17,16
2017-12-02,10000002,23153,438837.04,99650.01,497000,27,13
2017-12-02,10000002,23154,7307692.36,7000000.11,7500000.01,13,13
2017-12-02,10000002,23155,1799999.03,1100000.1,1999996.99,6,6
2017-12-02,10000002,23156,2600202.32,2600002.64,2601001.01,10,10
2017-12-02,10000002,23157,1410605.77,1410006.92,1411005,5,4
2017-12-02,10000002,23158,114.08,114.08,114.08,23048,137
2017-12-02,10000002,23159,90.03,90.03,90.03,27881,167
2017-12-02,10000002,23160,135.13,135.13,135.13,15657,154
2017-12-02,10000002,23161,210.73,210.73,210.73,8965,97
2017-12-02,10000002,23162,301.02,301.02,301.02,6150,58
2017-12-02,10000002,23163,162.11,162.11,162.11,19080,103
2017-12-02,10000002,23164,183.4,183.4,183.4,19627,113
2017-12-02,10000002,23165,181.12,181.12,181.12,10665,98
2017-12-02,10000002,23166,357.86,357.86,357.86,4003,57
2017-12-02,10000002,23167,363.18,363.18,363.18,3597,56
2017-12-02,10000002,23168,1061700,321000,2790000,10,8
2017-12-02,10000002,23169,202563.66,134223,299875.98,12,9
2017-12-02,10000002,23170,284400.02,87600.1,350000,8,5
2017-12-02,10000002,23171,118080.65,6997.06,143999.99,37,10
2017-12-02,10000002,23172,45899998.83,33050000.6,51999997.41,19,19
2017-12-02,10000002,23173,5018.22,3333,18499.98,18,14
2017-12-02,10000002,23174,12727581.63,8000000,14488888,23,12
2017-12-02,10000002,23175,535644.89,122154.51,799997,60,25
2017-12-02,10000002,23176,151756.92,60905,245000,25,21
2017-12-02,10000002,23177,750670,750010,751000,3,3
2017-12-02,10000002,23416,164994994,164994994,164994994,2,1
2017-12-02,10000002,23418,88833333.56,84000001.93,89999999.84,6,6
2017-12-02,10000002,23473,45799.69,45799.68,45799.71,188,23
2017-12-02,10000002,23474,8100000,5000000,11200000,2,2
2017-12-02,10000002,23506,13248.24,13248.24,13248.24,10,1
2017-12-02,10000002,23507,8000000,8000000,8000000,1,1
2017-12-02,10000002,23510,19000,19000,19000,3,1
2017-12-02,10000002,23511,6900000,6900000,6900000,2,2
2017-12-02,10000002,23512,20200.01,20200.01,20200.01,5,1
2017-12-02,10000002,23513,4000000,4000000,4000000,1,1
2017-12-02,10000002,23523,1000,1000,1000,143,18
2017-12-02,10000002,23525,97665,97665,97665,184,32
2017-12-02,10000002,23526,16800000,16800000,16800000,3,3
2017-12-02,10000002,23527,267999.95,267999.92,268487.96,1476,491
2017-12-02,10000002,23528,2371333.33,2130000,2492000,6,6
2017-12-02,10000002,23533,10027.49,10027.49,10027.49,591,53
2017-12-02,10000002,23534,110629.33,99000,133888,3,3
2017-12-02,10000002,23536,155925.22,18000.39,158990,92,5
2017-12-02,10000002,23559,106999.94,106999.94,106999.94,409,42
2017-12-02,10000002,23560,16000000,14000000,16500000,5,5
2017-12-02,10000002,23561,58477,58471.99,58481.98,508,60
2017-12-02,10000002,23562,15875000,14000000,16500000,4,4
2017-12-02,10000002,23563,87499.86,87499.85,87499.86,211,33
2017-12-02,10000002,23564,15466666.67,14000000,16200000,3,3
2017-12-02,10000002,23566,400000,400000,400000,179,115
2017-12-02,10000002,23594,450000,450000,450000,147,97
2017-12-02,10000002,23606,164997.95,150000,164997.97,159,132
2017-12-02,10000002,23618,59998.9,50000,59999,150,141
2017-12-02,10000002,23659,1531.64,127.01,1999.84,4,3
2017-12-02,10000002,23660,200000,200000,200000,33,1
2017-12-02,10000002,23702,17071.05,2553.06,19974.65,60,4
2017-12-02,10000002,23703,1700000,1700000,1700000,20,1
2017-12-02,10000002,23705,29500.26,29500.26,29500.26,2212,161
2017-12-02,10000002,23706,1650000,1600000,1700000,2,2
2017-12-02,10000002,23707,6599.71,2000.01,6599.77,8471,672
2017-12-02,10000002,23708,301725.64,300000,316800,39,7
2017-12-02,10000002,23709,5191.71,5191.69,21998.88,117,22
2017-12-02,10000002,23711,7398.82,7398.82,7398.84,400,65
2017-12-02,10000002,23712,580000,580000,580000,1,1
2017-12-02,10000002,23713,100,100,100,4,1
2017-12-02,10000002,23714,1865987,1865987,1865987,2,2
2017-12-02,10000002,23715,6299,6299,6299,15,2
2017-12-02,10000002,23716,254571.43,250000,330000,35,3
2017-12-02,10000002,23717,36997.85,36997.85,36997.85,109,12
2017-12-02,10000002,23719,7027.98,7027.98,7027.98,421,33
2017-12-02,10000002,23720,579999,579999,579999,1,1
2017-12-02,10000002,23721,3006.22,3006.22,3006.22,5,1
2017-12-02,10000002,23722,1622000,1622000,1622000,1,1
2017-12-02,10000002,23723,2465.16,0.01,6299.83,23,3
2017-12-02,10000002,23724,417999.99,417999.99,417999.99,1,1
2017-12-02,10000002,23726,1888000,1888000,1888000,1,1
2017-12-02,10000002,23727,5989.07,5989.07,5989.07,13,2
2017-12-02,10000002,23728,210000,210000,210000,2,2
2017-12-02,10000002,23729,14060.1,5082.14,38998.89,34,8
2017-12-02,10000002,23730,1620000,1620000,1620000,1,1
2017-12-02,10000002,23731,7997.87,7997.87,7997.92,267,19
2017-12-02,10000002,23732,444000,444000,444000,1,1
2017-12-02,10000002,23735,36000008.23,36000008.23,36000008.23,1,1
2017-12-02,10000002,23757,876699999.99,876699999.99,876699999.99,1,1
2017-12-02,10000002,23785,89997496.5,88994993,91000000,2,2
2017-12-02,10000002,23787,6100000.36,6000000.68,6200000.04,2,2
2017-12-02,10000002,23789,21729720.51,19000000.88,22999999.85,8,8
2017-12-02,10000002,23791,66800.76,53500.01,598830.83,41,17
2017-12-02,10000002,23795,4603208.36,4603208.36,4603208.36,5,1
2017-12-02,10000002,23797,38804167.08,35000000,42477777.77,8,7
2017-12-02,10000002,23799,31334992.18,31334992.18,31334992.18,2,2
2017-12-02,10000002,23803,47000013.78,46999999.95,47000023,5,5
2017-12-02,10000002,23805,179785714.38,175000000.17,187999999.97,14,12
2017-12-02,10000002,23811,9999999.98,9999999.98,9999999.98,1,1
2017-12-02,10000002,23815,20008333.32,16025000,21999999.98,3,3
2017-12-02,10000002,23817,43782248.03,42042997.4,48999999.9,4,2
2017-12-02,10000002,23819,91499999.98,90999999.99,91999999.97,2,2
2017-12-02,10000002,23821,98999999.99,98999999.99,98999999.99,2,2
2017-12-02,10000002,23829,28998985,28998985,28998985,2,2
2017-12-02,10000002,23838,8421004,8421004,8421004,3,1
2017-12-02,10000002,23844,15772369.92,12989994.31,17850686.92,13,5
2017-12-02,10000002,23866,19319998.8,19319998.8,19319998.8,1,1
2017-12-02,10000002,23868,55108007.32,40216014.74,69999999.89,2,2
2017-12-02,10000002,23894,93999999.96,93999999.96,93999999.96,2,2
2017-12-02,10000002,23896,48181820.75,40000007.33,49000001.27,11,6
2017-12-02,10000002,23898,8724999.44,6600001.84,9999998,8,7
2017-12-02,10000002,23902,47985000,47985000,47985000,1,1
2017-12-02,10000002,23911,1450000000,1450000000,1450000000,1,1
2017-12-02,10000002,23950,65307188.18,64000000,67800000,40,26
2017-12-02,10000002,23953,519626894.17,513329002.51,521331008,9,6
2017-12-02,10000002,24241,55065.81,50000,60000,214,191
2017-12-02,10000002,24242,1000000,1000000,1000000,387,184
2017-12-02,10000002,24268,7808327.87,7500000,8298880,68,36
2017-12-02,10000002,24270,8071974.32,7500000,9999999.99,78,29
2017-12-02,10000002,24283,49999999.96,45000017.06,50398996.63,113,72
2017-12-02,10000002,24284,63999998.14,55000000,69999996.9,5,5
2017-12-02,10000002,24305,3795994.97,3795994.97,3795994.97,112,30
2017-12-02,10000002,24311,509499986.51,500000000,518999973.01,22,20
2017-12-02,10000002,24312,505874487.34,500000000,524966571.2,17,15
2017-12-02,10000002,24313,509359825.22,500000000,529698985.96,35,31
2017-12-02,10000002,24314,506428437.43,500000000,540000000,32,31
2017-12-02,10000002,24348,1333990.57,1299998.83,1333992.7,835,259
2017-12-02,10000002,24349,90000,90000,90000,6,5
2017-12-02,10000002,24395,177000.92,177000.92,177000.92,813,149
2017-12-02,10000002,24396,1479408,1400000,1498520,5,5
2017-12-02,10000002,24417,1641993.09,1641992.92,1641993.15,501,209
2017-12-02,10000002,24427,2000050.07,2000001.01,2799999.43,1688,417
2017-12-02,10000002,24438,1189897.99,1189888,1189898.98,580,178
2017-12-02,10000002,24443,934842,934841.96,934844,377,160
2017-12-02,10000002,24445,115554.92,115554.92,115554.92,166,36
2017-12-02,10000002,24471,64.88,64.88,64.88,488294,94
2017-12-02,10000002,24473,56.35,56.35,56.35,341299,86
2017-12-02,10000002,24475,81.79,81.78,81.8,300101,78
2017-12-02,10000002,24477,147.39,145.93,147.4,68903,35
2017-12-02,10000002,24478,73,73,73,86007,31
2017-12-02,10000002,24479,35.43,35.37,76.32,60553,19
2017-12-02,10000002,24483,1300000000,1300000000,1300000000,3,3
2017-12-02,10000002,24484,1194400000.03,1194400000.03,1194400000.03,1,1
2017-12-02,10000002,24486,113.62,113.61,113.64,514733,92
2017-12-02,10000002,24488,106.88,106.8,106.89,309323,71
2017-12-02,10000002,24490,105.2,105.2,105.2,4327478,116
2017-12-02,10000002,24492,125.25,125.25,125.25,1452281,82
2017-12-02,10000002,24493,199.47,199.46,199.62,452570,52
2017-12-02,10000002,24494,98.17,98.17,98.17,576833,38
2017-12-02,10000002,24495,112.11,112.1,124.94,2080142,215
2017-12-02,10000002,24497,124.39,123.95,124.4,496029,146
2017-12-02,10000002,24499,142.69,142.66,142.7,626523,174
2017-12-02,10000002,24501,72.42,72.28,72.42,161835,31
2017-12-02,10000002,24503,55.99,55.99,56,62400,18
2017-12-02,10000002,24505,130.38,130.38,130.38,147693,30
2017-12-02,10000002,24507,533.79,533.7,533.8,521003,83
2017-12-02,10000002,24509,569.26,567.24,569.27,2685498,108
2017-12-02,10000002,24511,458.81,458.81,458.81,1169063,89
2017-12-02,10000002,24513,613,612.99,613.01,931055,86
2017-12-02,10000002,24515,445.33,445.33,445.33,31017,20
2017-12-02,10000002,24517,552.51,552.5,552.7,612214,44
2017-12-02,10000002,24519,1489.93,1489.9,1489.93,106251,32
2017-12-02,10000002,24521,1499.93,1499.93,1499.93,122064,36
2017-12-02,10000002,24523,1499.99,1372.92,1500,125989,40
2017-12-02,10000002,24525,1224.66,1224.66,1224.66,19047,10
2017-12-02,10000002,24527,1299.55,1299.55,1299.55,22961,11
2017-12-02,10000002,24529,1479.99,1470,1480,42675,14
2017-12-02,10000002,24531,643.02,534.58,643.27,345758,42
2017-12-02,10000002,24533,644.51,643.99,644.95,1168820,113
2017-12-02,10000002,24535,634.72,566.72,694.8,557421,57
2017-12-02,10000002,24537,541.97,541.97,541.97,41519,15
2017-12-02,10000002,24539,502.94,502.94,502.94,152205,20
2017-12-02,10000002,24541,523.23,522,523.37,152596,37
2017-12-02,10000002,24546,3141342800,3141342800,3141342800,2,1
2017-12-02,10000002,24547,5000001.4,5000001.4,5000001.4,4,1
2017-12-02,10000002,24548,1683418400,1683418400,1683418400,1,1
2017-12-02,10000002,24550,275500000,275000000,276000000,2,2
2017-12-02,10000002,24557,2146886800,2146886800,2146886800,3,2
2017-12-02,10000002,24558,9880678.14,8910005.4,11399991.99,59,5
2017-12-02,10000002,24560,9287263.64,8000000,10489980,22,4
2017-12-02,10000002,24561,1670784800,1670784800,1670784800,2,2
2017-12-02,10000002,24562,50723385.09,50000000,52687307.48,33,23
2017-12-02,10000002,24563,252100000,250000000,271000000,10,10
2017-12-02,10000002,24568,10684465.07,10000000,11499997.98,52,27
2017-12-02,10000002,24569,31529845.16,25001716.15,34997983.9,49,29
2017-12-02,10000002,24570,79999960.49,79999960.49,79999960.49,1,1
2017-12-02,10000002,24571,10000000,10000000,10000000,120,58
2017-12-02,10000002,24572,10515503.34,10000000,10899999.99,35,29
2017-12-02,10000002,24592,96.61,96.61,96.61,6778,3
2017-12-02,10000002,24593,349.74,349.74,349.74,75259,8
2017-12-02,10000002,24594,607.93,607.93,607.93,600,2
2017-12-02,10000002,24606,125000000,125000000,125000000,1,1
2017-12-02,10000002,24613,15453671.86,15000000,16749935.49,79,50
2017-12-02,10000002,24624,20372931.71,20000000,21499987,75,36
2017-12-02,10000002,24625,20000000,20000000,20000000,194,83
2017-12-02,10000002,24632,19206529.85,19199909.95,19399948.83,31,27
2017-12-02,10000002,24636,169999998.97,169999998.9,169999998.98,5,5
2017-12-02,10000002,24637,150000819.96,149999994.89,150001372.51,10,10
2017-12-02,10000002,24638,140411267.08,133300303.21,143999997.86,65,53
2017-12-02,10000002,24639,158388381.32,157999990.89,158998712.52,18,18
2017-12-02,10000002,24640,157954491.87,157000000,157999936.54,22,22
2017-12-02,10000002,24641,29999989.18,29999989.14,29999989.23,3,3
2017-12-02,10000002,24644,42272741.54,22000215.11,43398997.94,19,18
2017-12-02,10000002,24645,400000000,400000000,400000000,1,1
2017-12-02,10000002,24646,900000000,900000000,900000000,1,1
2017-12-02,10000002,24653,34700016.12,34700016.12,34700016.12,1,1
2017-12-02,10000002,24654,41550403.99,41500805.5,41600002.47,2,2
2017-12-02,10000002,24656,81001002.48,81001002.48,81001002.48,1,1
2017-12-02,10000002,24657,121333333,119999999.5,124000000,3,3
2017-12-02,10000002,24658,2200000,2200000,2200000,2,2
2017-12-02,10000002,24659,3163011.77,2610800.08,3213212.82,12,7
2017-12-02,10000002,24660,1800000.16,1800000.16,1800000.16,1,1
2017-12-02,10000002,24663,52557074.88,49000115.06,53999998.72,84,74
2017-12-02,10000002,24688,179563224.36,171100996.21,184995794.38,17,16
2017-12-02,10000002,24690,174553945.46,170000000,186147986.87,43,32
2017-12-02,10000002,24692,165695797.52,165000000,169999998.13,21,18
2017-12-02,10000002,24694,164691590.67,155008013.63,171905999.85,34,23
2017-12-02,10000002,24696,42948506.59,39500000.2,44999999.96,31,25
2017-12-02,10000002,24698,41943149.61,39000061.02,42799998.98,74,66
2017-12-02,10000002,24699,580000000,580000000,580000000,1,1
2017-12-02,10000002,24700,45903043.28,43000000.27,46699999.87,46,38
2017-12-02,10000002,24702,41448862.66,39000000,42399995.47,88,64
2017-12-02,10000002,24703,589000000,588999999.99,589000000,2,2
2017-12-02,10000002,24764,20474664.15,20000000,21999992.98,51,27
2017-12-02,10000002,25233,209489.15,150000,238983.8,28,21
2017-12-02,10000002,25235,155000,150000,180000,112,79
2017-12-02,10000002,25239,289996,289996,289996,224,12
2017-12-02,10000002,25266,1729995.78,1719998.98,1729995.8,262,110
2017-12-02,10000002,25267,33333332.71,33333332.71,33333332.71,1,1
2017-12-02,10000002,25268,73987,73987,73987,11032,11
2017-12-02,10000002,25270,3603172.59,3603172.59,3603172.59,4,1
2017-12-02,10000002,25273,85099.65,85099.65,85099.65,552,3
2017-12-02,10000002,25274,74939.43,74939.43,74939.43,5820,7
2017-12-02,10000002,25275,78000,78000,78000,11520,9
2017-12-02,10000002,25276,57998.42,57998.42,57998.42,16960,11
2017-12-02,10000002,25305,26990002.21,26990002.21,26990002.21,1,1
2017-12-02,10000002,25331,126716.73,126716.73,126716.73,15,1
2017-12-02,10000002,25338,450000,450000,450000,1,1
2017-12-02,10000002,25343,500801.55,500801.55,500801.55,1,1
2017-12-02,10000002,25349,24437495.98,20500005.95,24699999.57,48,25
2017-12-02,10000002,25530,56295650.09,53443560.42,57999999.6,43,38
2017-12-02,10000002,25538,160667553.31,144000017.74,166999999.94,42,42
2017-12-02,10000002,25540,43333987,43333987,43333987,1,1
2017-12-02,10000002,25544,27048893.91,26888839.48,27999998.7,67,60
2017-12-02,10000002,25545,11355.13,11355.13,11355.13,4,3
2017-12-02,10000002,25546,175999992,175999992,175999992,1,1
2017-12-02,10000002,25547,441557.27,90000.09,934898.88,12,11
2017-12-02,10000002,25548,172728715.99,171962725.48,173494706.49,4,4
2017-12-02,10000002,25561,43993.9,43993.9,43993.9,177,11
2017-12-02,10000002,25562,249600,249600,249600,8,2
2017-12-02,10000002,25563,2899999.84,2899999.84,2899999.84,278,86
2017-12-02,10000002,25565,65001,65001,65001,571,136
2017-12-02,10000002,25567,10001.21,10001.18,10002.2,299,94
2017-12-02,10000002,25569,12100.1,12100.1,12100.1,332,100
2017-12-02,10000002,25571,11305.2,11305.2,11305.2,452,118
2017-12-02,10000002,25588,13096.43,13007.06,15002,1184851,1085
2017-12-02,10000002,25589,5250,4949.99,5250.01,207902,1182
2017-12-02,10000002,25590,129999.99,125000,134000.01,277233,1137
2017-12-02,10000002,25591,250039.9,250022.01,264999.88,212591,944
2017-12-02,10000002,25592,16251,16250.01,16298.97,283091,801
2017-12-02,10000002,25593,10753,10752.2,10997.16,498975,687
2017-12-02,10000002,25594,48019.34,48013.2,50899.99,602792,711
2017-12-02,10000002,25595,14555.47,14555.47,14555.47,992403,676
2017-12-02,10000002,25596,49011.99,49011,49012.01,139373,912
2017-12-02,10000002,25597,4025,4025,4025,1801133,1456
2017-12-02,10000002,25598,7303.21,7300,10500.02,1753641,1675
2017-12-02,10000002,25599,1100.08,1099.33,1159.87,978131,1772
2017-12-02,10000002,25600,31513.2,31512.04,31525,632174,1856
2017-12-02,10000002,25601,3903.03,3903,4199.99,645764,1761
2017-12-02,10000002,25602,16003.85,16002.03,16899.71,102498,505
2017-12-02,10000002,25603,40001.01,40001,42002.99,134833,557
2017-12-02,10000002,25604,15100.02,15100.02,15100.15,289370,931
2017-12-02,10000002,25605,39076.98,38030.23,39998.96,474873,916
2017-12-02,10000002,25606,67001.8,67001.08,67005.02,146545,808
2017-12-02,10000002,25607,60005.54,60004.64,65999.97,13881,370
2017-12-02,10000002,25608,554005.1,554005.01,599998.98,13156,434
2017-12-02,10000002,25609,318173.91,311172.3,338999.97,18175,422
2017-12-02,10000002,25610,944444.44,866034.84,1109998.97,14554,303
2017-12-02,10000002,25611,71001.02,71000.02,76000.65,20372,380
2017-12-02,10000002,25612,1255014.01,1255011.34,1319014.42,12127,340
2017-12-02,10000002,25613,879000,868004.01,900000.06,8025,325
2017-12-02,10000002,25614,716000.51,700019.48,769998.67,10140,357
2017-12-02,10000002,25615,2700008.19,2700002.94,2877999.59,16201,436
2017-12-02,10000002,25616,10422,9300.49,10422,439623,808
2017-12-02,10000002,25617,406000.1,401001.03,408006.23,58695,952
2017-12-02,10000002,25618,18040.07,18040.02,19380.99,80067,920
2017-12-02,10000002,25619,690020.01,673001.02,701000.79,67268,1001
2017-12-02,10000002,25620,45006.28,45002.02,49817.99,73811,975
2017-12-02,10000002,25621,1161035.79,1160006.69,1198886.97,9155,354
2017-12-02,10000002,25622,661000.04,651000.02,661000.06,4401,289
2017-12-02,10000002,25623,50320,50320,50320,7025,310
2017-12-02,10000002,25624,4554000.49,4553002.7,4560000.28,12914,340
2017-12-02,10000002,25625,2711117.7,2705106.2,2711119.26,9555,420
2017-12-02,10000002,25707,155001.41,155001.41,170697.99,842,179
2017-12-02,10000002,25709,5343.05,5343.02,5344.01,680,143
2017-12-02,10000002,25711,6550.01,6550.01,6550.01,498,104
2017-12-02,10000002,25713,8252.12,8252.12,8252.12,293,81
2017-12-02,10000002,25715,1317998.99,1151000.01,1317999.98,1319,256
2017-12-02,10000002,25718,2686025.69,2560000,3000000,52,46
2017-12-02,10000002,25719,100000,100000,100000,144,92
2017-12-02,10000002,25736,9999998.67,9999997,9999999,12,8
2017-12-02,10000002,25737,2029713.65,2029713.65,2029713.65,1,1
2017-12-02,10000002,25739,464861.55,450000,534797.53,56,42
2017-12-02,10000002,25810,450000,450000,450000,187,83
2017-12-02,10000002,25811,450000,450000,450000,104,46
2017-12-02,10000002,25812,5797768,5797756,5797769.9,196,68
2017-12-02,10000002,25821,1600000.01,1600000.01,1600000.01,1,1
2017-12-02,10000002,25861,60900,50004.04,60994.97,2205,639
2017-12-02,10000002,25862,356076.67,332640,419000,12,12
2017-12-02,10000002,25863,763138.91,506106.01,1000000,35,17
2017-12-02,10000002,25887,98124.23,98124.23,98124.23,10941,168
2017-12-02,10000002,25888,10412776.68,9999999,10999991.91,75,42
2017-12-02,10000002,25889,3765990.87,3500000,3898986.31,3,3
2017-12-02,10000002,25890,9791579.41,7707432.55,9999993.88,11,11
2017-12-02,10000002,25891,3259900.42,3259900.42,3259900.42,1,1
2017-12-02,10000002,25892,9832392.56,7932893.98,9999998.95,37,21
2017-12-02,10000002,25893,2418621.5,2418621.5,2418621.5,1,1
2017-12-02,10000002,25894,12199918.6,12199918.5,12199918.94,1426,148
2017-12-02,10000002,25895,1750000,1600000,1900000,2,2
2017-12-02,10000002,25896,14299990.99,14299987,14299996.98,164,80
2017-12-02,10000002,25897,2098466.67,1295400,2500000,3,3
2017-12-02,10000002,25898,13912421.21,13025201,13946896.42,57,42
2017-12-02,10000002,25899,1500000,1300000,1900000,3,3
2017-12-02,10000002,25900,16164067.3,15999998,17951313.44,65,31
2017-12-02,10000002,25901,1691830.8,1691830.8,1691830.8,2,2
2017-12-02,10000002,25903,1290100,1290100,1290100,1,1
2017-12-02,10000002,25906,993842.54,749994,1899999.99,13,8
2017-12-02,10000002,25908,4068404.53,350001.15,4812085.22,12,12
2017-12-02,10000002,25909,1250000,1250000,1250000,2,2
2017-12-02,10000002,25911,1250000,1250000,1250000,2,2
2017-12-02,10000002,25913,1250000,1250000,1250000,2,2
2017-12-02,10000002,25914,6899992.99,6899992.99,6899992.99,1,1
2017-12-02,10000002,25915,1250000,1250000,1250000,2,2
2017-12-02,10000002,25916,8999999,8999999,8999999,2,2
2017-12-02,10000002,25917,1250000,1250000,1250000,2,2
2017-12-02,10000002,25918,9605384.46,6703103.25,9799998.97,61,33
2017-12-02,10000002,25919,1402500,1250000,1555000,4,4
2017-12-02,10000002,25920,9899999.87,9899999.85,9899999.88,6,5
2017-12-02,10000002,25921,1250000,1250000,1250000,1,1
2017-12-02,10000002,25925,1250000,1250000,1250000,1,1
2017-12-02,10000002,25929,1250000,1250000,1250000,1,1
2017-12-02,10000002,25935,1250000,1250000,1250000,1,1
2017-12-02,10000002,25936,1999999,1999999,1999999,1,1
2017-12-02,10000002,25948,5098901.66,5097421.54,5100000.55,517,128
2017-12-02,10000002,25949,1250000,1250000,1250000,3,3
2017-12-02,10000002,25950,4440186.64,4388949.99,5988899,53,31
2017-12-02,10000002,25951,1250000,1250000,1250000,1,1
2017-12-02,10000002,25952,2999998.87,2999998.87,2999998.87,1,1
2017-12-02,10000002,25953,1250000,1250000,1250000,1,1
2017-12-02,10000002,25954,9866389.04,9500000,9949998.97,29,15
2017-12-02,10000002,25955,1250000,1250000,1250000,1,1
2017-12-02,10000002,25956,16999897,16999897,16999897,242,51
2017-12-02,10000002,25957,1000000,500000,1250000,3,3
2017-12-02,10000002,25968,470000.16,50000.4,750000,5,3
2017-12-02,10000002,25970,1199999.99,1199999.99,1199999.99,1,1
2017-12-02,10000002,25972,1250000,1250000,1250000,6,2
2017-12-02,10000002,25974,1599999.99,1599999.99,1599999.99,3,1
2017-12-02,10000002,25975,1499995,1499995,1499995,1,1
2017-12-02,10000002,25978,2599999,2599999,2599999,3,3
2017-12-02,10000002,25979,1484944.44,1484944.44,1484944.44,1,1
2017-12-02,10000002,25980,1799998.68,1799998.68,1799998.68,1,1
2017-12-02,10000002,25996,5850000,5850000,5850000,1,1
2017-12-02,10000002,26000,1520016.31,1520016.31,1520016.31,2,1
2017-12-02,10000002,26006,27999999,27999999,27999999,4,3
2017-12-02,10000002,26008,30999999,30999999,30999999,6,6
2017-12-02,10000002,26016,5749998.86,5749997.93,5749998.99,16,11
2017-12-02,10000002,26020,6491075,5500013.91,6999998.68,56,30
2017-12-02,10000002,26022,5949995.19,5799999.95,5999993,4,4
2017-12-02,10000002,26026,6745326.9,6745090,6749119,17,14
2017-12-02,10000002,26028,5999998.75,5999998,5999998.84,12,11
2017-12-02,10000002,26030,6937538.7,3631234.27,7597999.97,6,6
2017-12-02,10000002,26038,1725000,500000,1900000,8,6
2017-12-02,10000002,26040,1599998.99,1599998.98,1599999,2,2
2017-12-02,10000002,26046,1578249.51,13000.09,2149998.97,4,4
2017-12-02,10000002,26048,2222250,2163000.33,2399999,4,4
2017-12-02,10000002,26057,1249999.99,1249999.99,1249999.99,1,1
2017-12-02,10000002,26058,4999998.88,4999998,4999999,9,7
2017-12-02,10000002,26059,1250000,1250000,1250000,1,1
2017-12-02,10000002,26060,2000001.86,2000001.85,2000001.86,2,2
2017-12-02,10000002,26061,1850000,1850000,1850000,1,1
2017-12-02,10000002,26063,1274999.98,1274999.98,1274999.98,1,1
2017-12-02,10000002,26067,1250000,1250000,1250000,1,1
2017-12-02,10000002,26068,5033636.12,4350004.42,5149998.98,55,24
2017-12-02,10000002,26069,1250000,1250000,1250000,2,2
2017-12-02,10000002,26070,4099999,4099998.99,4099999,11,9
2017-12-02,10000002,26071,1276999,1276999,1276999,1,1
2017-12-02,10000002,26072,3964331.15,2510046.46,3999997,40,25
2017-12-02,10000002,26073,1250000,1250000,1250000,1,1
2017-12-02,10000002,26076,1192400.35,850000,1199960,52,39
2017-12-02,10000002,26077,1657291.67,1250000,2064583.33,2,2
2017-12-02,10000002,26078,323434.06,200121.27,939998,6,2
2017-12-02,10000002,26080,733618.99,695995,996985.96,8,8
2017-12-02,10000002,26081,1266666,1250000,1299998,3,3
2017-12-02,10000002,26082,1227115.86,1000000,1399986.44,83,33
2017-12-02,10000002,26083,1574095.23,1250000,2222285.7,3,3
2017-12-02,10000002,26084,8145234.91,7949996.52,10000000,21,10
2017-12-02,10000002,26085,2583333.33,1250000,5250000,3,3
2017-12-02,10000002,26086,8999999,8999999,8999999,16,10
2017-12-02,10000002,26087,1250000,1250000,1250000,1,1
2017-12-02,10000002,26088,8199978.2,8199976.97,8199980.2,554,98
2017-12-02,10000002,26089,3252349.5,1250000,5254699,6,6
2017-12-02,10000002,26091,1252777.78,1252777.78,1252777.78,1,1
2017-12-02,10000002,26096,4299999,4299999,4299999,1,1
2017-12-02,10000002,26097,1250000,1250000,1250000,1,1
2017-12-02,10000002,26100,3849999.99,3849999.99,3849999.99,1,1
2017-12-02,10000002,26101,1250000,1250000,1250000,1,1
2017-12-02,10000002,26102,4333165.83,4199999,4999000,6,6
2017-12-02,10000002,26103,1250000,1250000,1250000,1,1
2017-12-02,10000002,26106,1749999,1749999,1749999,2,1
2017-12-02,10000002,26108,377009.08,15514.13,1099998.99,3,2
2017-12-02,10000002,26224,33407197.41,31999998.99,33999997.98,27,24
2017-12-02,10000002,26252,4906.65,4906.5,27999.87,293,209
2017-12-02,10000002,26253,99999.92,15000.23,100000,183,116
2017-12-02,10000002,26254,20000,20000,20000,175,131
2017-12-02,10000002,26255,100000,100000,100000,238,142
2017-12-02,10000002,26256,100000,100000,100000,156,118
2017-12-02,10000002,26257,99999,99998.99,100000,111,58
2017-12-02,10000002,26258,25000,3003.34,100000,183,81
2017-12-02,10000002,26259,100000,100000,100000,152,109
2017-12-02,10000002,26260,88000,85000,100000,128,92
2017-12-02,10000002,26261,100000,100000,100000,143,117
2017-12-02,10000002,26286,116999994.14,116999994.1,116999994.17,2,2
2017-12-02,10000002,26288,119798861.6,119798861.52,119798861.73,10,10
2017-12-02,10000002,26290,101986882.27,101986882,101986882.53,2,2
2017-12-02,10000002,26292,117399999.96,116999999.96,118999999.98,5,5
2017-12-02,10000002,26294,134798994.17,134798992.59,134798997.79,12,10
2017-12-02,10000002,26296,145561633.14,135123461.9,155999801.84,6,4
2017-12-02,10000002,26298,147799939.44,147799939.44,147799939.44,1,1
2017-12-02,10000002,26302,102999987.83,102999986.79,102999988,122,49
2017-12-02,10000002,26304,36497426.53,29000009.62,37599987.9,39,20
2017-12-02,10000002,26310,33399999.83,33399999.82,33399999.83,10,6
2017-12-02,10000002,26312,37999998.39,37999996.87,38000000,7,7
2017-12-02,10000002,26322,53499994.86,53499994.6,53499996.26,83,25
2017-12-02,10000002,26328,126819507.43,126776999.85,126889578.65,51,31
2017-12-02,10000002,26334,159799840,159799840,159799840,2,2
2017-12-02,10000002,26344,4999999.99,4999999.99,5000000,10,3
2017-12-02,10000002,26352,18999982.95,18999982.95,18999982.95,1,1
2017-12-02,10000002,26358,39999999.15,39999999.15,39999999.15,1,1
2017-12-02,10000002,26364,35989899.74,35989899.74,35989899.74,1,1
2017-12-02,10000002,26368,35799996.67,35799993.42,35799997.55,26,18
2017-12-02,10000002,26370,111537309.08,111499996.92,111698991.77,16,12
2017-12-02,10000002,26374,35682999.94,35680999.81,35685998.8,195,99
2017-12-02,10000002,26376,68999965.99,68999964.66,68999969.98,16,14
2017-12-02,10000002,26378,16666666.45,15000000,19999999.36,3,3
2017-12-02,10000002,26380,15293662.26,8777820,17899999.94,7,6
2017-12-02,10000002,26382,22999999.33,22999999.33,22999999.33,1,1
2017-12-02,10000002,26384,13968998.99,13968998.99,13968998.99,1,1
2017-12-02,10000002,26386,6000000,6000000,6000000,1,1
2017-12-02,10000002,26388,13999998.88,13999998.87,13999998.92,8,7
2017-12-02,10000002,26390,14800000.02,14800000.02,14800000.02,2,2
2017-12-02,10000002,26392,5998996,5998996,5998996,1,1
2017-12-02,10000002,26394,34998998.99,34998998.98,34998998.99,6,6
2017-12-02,10000002,26396,45900000,45900000,45900000,2,2
2017-12-02,10000002,26402,29998994.83,29998994.72,29998995.1,7,5
2017-12-02,10000002,26404,37998665.92,37998665.9,37998665.93,4,3
2017-12-02,10000002,26406,45894994.02,45894993.99,45894994.03,3,3
2017-12-02,10000002,26412,40096499.9,39999999.99,44350998.99,14,13
2017-12-02,10000002,26414,46599996.02,46499995.68,46699996.27,14,14
2017-12-02,10000002,26416,46250512.05,44002048.19,47000000,8,8
2017-12-02,10000002,26418,40733333.26,40399999.94,41399999.89,3,3
2017-12-02,10000002,26420,49799996.05,49799995.74,49799996.68,3,3
2017-12-02,10000002,26424,44899999.97,44899999.9,44900000,3,3
2017-12-02,10000002,26428,34989998.94,34989998.93,34989998.94,6,6
2017-12-02,10000002,26430,48999999.72,48999999.64,48999999.8,4,4
2017-12-02,10000002,26434,43998999.16,43998999.03,43998999.29,2,2
2017-12-02,10000002,26436,11642797.05,11641999.99,11642797.27,108,65
2017-12-02,10000002,26438,13774984.88,13699999.5,13799980,8,3
2017-12-02,10000002,26440,20035555.33,17450000.05,21399999.85,9,9
2017-12-02,10000002,26442,13327016.06,13289989.6,16689972.5,63,51
2017-12-02,10000002,26444,17338452.18,17000000,17399988.85,13,11
2017-12-02,10000002,26448,76485661.91,72760004.12,76797995.57,86,39
2017-12-02,10000002,26450,83887965.15,75000006.67,84199959.94,59,30
2017-12-02,10000002,26452,83999915.2,83999914.34,83999915.77,13,11
2017-12-02,10000002,26759,333899.27,333898.9,333900,3,3
2017-12-02,10000002,26760,600000,600000,600000,4,4
2017-12-02,10000002,26761,590000,500000,600000,10,10
2017-12-02,10000002,26762,600000,600000,600000,5,5
2017-12-02,10000002,26888,29449898.25,25004222.03,31089971.76,41,15
2017-12-02,10000002,26890,13092925.19,12103764.02,13902239.05,20,8
2017-12-02,10000002,26892,5768109.92,4203073.97,6289794.72,40,10
2017-12-02,10000002,26902,11882715.76,11799000,14599998.98,44,24
2017-12-02,10000002,26912,2591913.66,2591913.54,2591913.7,147,40
2017-12-02,10000002,26913,2136993.98,2050000,2138872.93,159,56
2017-12-02,10000002,26914,1849980,1845000,1879999.98,372,97
2017-12-02,10000002,26929,82999.97,82989.97,82999.99,714,314
2017-12-02,10000002,26930,125000,125000,125000,5,4
2017-12-02,10000002,26931,2599952.74,2599952.32,2599952.9,120,91
2017-12-02,10000002,27015,20000,20000,20000,157,157
2017-12-02,10000002,27064,69236836.46,65999999,69698799.8,16,11
2017-12-02,10000002,27068,699936.49,699931,699938,41,13
2017-12-02,10000002,27069,1488999.94,1488999.94,1488999.94,1,1
2017-12-02,10000002,27070,469291.28,400022.04,496998.98,7,4
2017-12-02,10000002,27072,689989.77,689988.99,689989.96,5,5
2017-12-02,10000002,27073,895989.98,895989.97,895990,3,3
2017-12-02,10000002,27074,999999.76,999999.76,999999.86,11,9
2017-12-02,10000002,27075,993936.99,985000,995999.99,5,5
2017-12-02,10000002,27077,865000,865000,865000,1,1
2017-12-02,10000002,27080,520.34,520.34,520.34,1,1
2017-12-02,10000002,27081,802221.26,699998.92,1620000,9,9
2017-12-02,10000002,27083,699949.46,599999.91,799899,2,2
2017-12-02,10000002,27086,899999.97,899999.97,899999.97,3,2
2017-12-02,10000002,27088,777771.9,777771.9,777771.9,1,1
2017-12-02,10000002,27089,400000,0.01,600000,3,3
2017-12-02,10000002,27090,499998,499998,499998,1,1
2017-12-02,10000002,27091,971999.83,971999.78,971999.92,3,3
2017-12-02,10000002,27092,731001.19,731001.19,731001.19,2,2
2017-12-02,10000002,27094,812124.99,239999.01,893999.99,8,5
2017-12-02,10000002,27095,1249999.9,1249999.9,1249999.9,12,5
2017-12-02,10000002,27096,849999.99,849999.99,849999.99,14,6
2017-12-02,10000002,27097,1246000,1246000,1246000,2,2
2017-12-02,10000002,27098,262999.97,262999.97,262999.97,10,3
2017-12-02,10000002,27099,923760.34,525211,947210.99,18,8
2017-12-02,10000002,27100,1037500.6,1035000.03,1040001.17,10,2
2017-12-02,10000002,27101,1129998.01,1129997.92,1129998.96,11,3
2017-12-02,10000002,27102,489583.57,400002.1,549999.97,36,12
2017-12-02,10000002,27103,229999.97,229999.97,229999.97,2,2
2017-12-02,10000002,27104,999999,999999,999999,1,1
2017-12-02,10000002,27105,899999.99,899999.99,899999.99,4,3
2017-12-02,10000002,27106,599999,599999,599999,2,1
2017-12-02,10000002,27107,926032.15,922890.04,960000,14,7
2017-12-02,10000002,27108,23999995.1,23999990.23,23999999.97,4,4
2017-12-02,10000002,27109,23249997.44,23249994.92,23249999.93,10,8
2017-12-02,10000002,27111,1200000,1200000,1200000,10,4
2017-12-02,10000002,27114,145370251.63,143300005,159999484.46,57,19
2017-12-02,10000002,27115,1218999.91,1218999.81,1218999.93,10,6
2017-12-02,10000002,27116,147998979.64,147998967.92,147998989.4,43,42
2017-12-02,10000002,27117,999881.97,999881.97,999881.99,23,6
2017-12-02,10000002,27118,168219873.64,131510021.59,169999979.82,22,20
2017-12-02,10000002,27119,989899.85,989899.84,989899.89,24,6
2017-12-02,10000002,27120,499999.99,499999.99,499999.99,6,2
2017-12-02,10000002,27121,159291182.98,159291182.98,159291182.98,5,5
2017-12-02,10000002,27122,165200062.21,122000623.57,169999999.96,10,8
2017-12-02,10000002,27123,480000,480000,480000,5,1
2017-12-02,10000002,27124,174999999.98,174999999.98,174999999.98,1,1
2017-12-02,10000002,27125,934003.95,934003.95,934003.95,7,3
2017-12-02,10000002,27126,148211841.08,132210187.16,149989803.77,10,10
2017-12-02,10000002,27127,997650,933820,997650,221,57
2017-12-02,10000002,27129,57058.11,3005.24,111110.98,2,2
2017-12-02,10000002,27130,162999987.67,162999987.67,162999987.67,1,1
2017-12-02,10000002,27131,458332.83,450000,775000,39,8
2017-12-02,10000002,27142,147999839.51,147999837.23,147999842.5,11,10
2017-12-02,10000002,27143,800000,800000,900000,312,60
2017-12-02,10000002,27149,17849999.99,17849999.99,17849999.99,1,1
2017-12-02,10000002,27150,133998983.87,133998983.87,133998983.9,8,5
2017-12-02,10000002,27151,360010,360010,360010,3,1
2017-12-02,10000002,27167,15384443.83,1000000,20989998.6,9,7
2017-12-02,10000002,27169,15293810.15,12159491.01,19349989.25,39,20
2017-12-02,10000002,27170,152999.25,10000,295998.5,4,3
2017-12-02,10000002,27171,101160028.91,95000041.51,116999996.09,25,17
2017-12-02,10000002,27174,123325768.43,81820000.52,125990993.13,35,33
2017-12-02,10000002,27175,676500,660000,725999.99,4,2
2017-12-02,10000002,27176,8250000.32,8000000.32,9000000.32,4,3
2017-12-02,10000002,27177,17389036.82,13123123.11,17998453.06,8,5
2017-12-02,10000002,27178,20000004.17,20000004.17,20000004.17,2,2
2017-12-02,10000002,27179,115410930.37,114999832.73,123898788.49,27,18
2017-12-02,10000002,27180,375000,375000,375000,3,1
2017-12-02,10000002,27181,105634767.87,100000621.13,115999650.85,58,29
2017-12-02,10000002,27182,419999.87,419999.87,419999.87,4,2
2017-12-02,10000002,27184,109076924.64,109000010.99,109999999.82,13,7
2017-12-02,10000002,27185,20000,20000,20000,3,1
2017-12-02,10000002,27186,25948245,24799999.89,27924997.65,25,17
2017-12-02,10000002,27187,31108208.57,22132172.33,49999999.21,41,18
2017-12-02,10000002,27188,27089769.73,26000152.02,32888754.64,99,31
2017-12-02,10000002,27190,143293643.46,135999077.55,177989512.15,19,10
2017-12-02,10000002,27191,958947.36,950000,1119999.98,19,17
2017-12-02,10000002,27192,155238749.58,141000122.78,250982620.46,22,11
2017-12-02,10000002,27193,504999.99,504999.99,505000,23,19
2017-12-02,10000002,27194,131757894.68,128100000.1,141999999.45,19,9
2017-12-02,10000002,27195,791346.51,610992.03,888879.99,40,23
2017-12-02,10000002,27196,24609915.13,20750002.45,25844999.94,14,13
2017-12-02,10000002,27197,33333013.04,33332991.2,33333020.34,4,4
2017-12-02,10000002,27198,25000000,25000000,25000000,10,7
2017-12-02,10000002,27227,169999999.94,169999999.94,169999999.94,1,1
2017-12-02,10000002,27229,1131110.6,1109998.98,1278890.93,8,5
2017-12-02,10000002,27231,299999.97,299999.97,299999.97,3,1
2017-12-02,10000002,27238,23498898.71,23498898.71,23498898.71,1,1
2017-12-02,10000002,27239,121799999.96,121799999.96,121799999.96,3,2
2017-12-02,10000002,27240,200000,200000,200000,25,4
2017-12-02,10000002,27245,158998128.69,158998126.19,158998131.21,10,10
2017-12-02,10000002,27247,168988897.97,168988897.97,168988897.97,1,1
2017-12-02,10000002,27249,127100,127100,127100,1,1
2017-12-02,10000002,27250,167999998.98,167999998.98,167999998.99,5,5
2017-12-02,10000002,27252,159999997.45,159999996.91,159999997.99,2,2
2017-12-02,10000002,27253,699999.86,699999.86,699999.86,1,1
2017-12-02,10000002,27254,172980240.71,172980240.7,172980240.71,3,3
2017-12-02,10000002,27255,300101.73,300101.73,300101.73,1,1
2017-12-02,10000002,27256,169999999.95,169999999.94,169999999.95,3,3
2017-12-02,10000002,27258,144506897.79,136000030.4,159001489.93,16,11
2017-12-02,10000002,27260,25978624.99,20001701.1,27970976.93,20,18
2017-12-02,10000002,27309,8851203.89,1109003.33,10399555,6,6
2017-12-02,10000002,27313,66.22,66.22,66.22,38765,29
2017-12-02,10000002,27315,777.81,777.77,777.84,261971,109
2017-12-02,10000002,27317,20220,20220,20220,1090,2
2017-12-02,10000002,27319,42.58,42.58,42.58,37104,31
2017-12-02,10000002,27321,599.93,599.93,599.95,375386,107
2017-12-02,10000002,27325,44.63,44.63,44.63,45471,35
2017-12-02,10000002,27327,747.9,747.9,747.9,835160,103
2017-12-02,10000002,27329,24999.99,24999.99,24999.99,700,5
2017-12-02,10000002,27331,52.08,52.08,52.08,67472,47
2017-12-02,10000002,27333,789.89,713.49,811.4,693225,135
2017-12-02,10000002,27335,22498.82,22498.82,22498.82,100,1
2017-12-02,10000002,27337,307.9,306.68,307.9,27344,19
2017-12-02,10000002,27339,2233.26,2233.26,2396.54,297679,77
2017-12-02,10000002,27341,63020.01,63020.01,63020.01,180,1
2017-12-02,10000002,27343,305.89,305.85,305.89,38255,22
2017-12-02,10000002,27345,2229.74,2229.74,2229.74,295575,85
2017-12-02,10000002,27347,17140.22,17140.22,17140.22,1000,2
2017-12-02,10000002,27349,992.7,992.7,992.7,74997,14
2017-12-02,10000002,27351,2399.95,2399.94,2486.88,245064,99
2017-12-02,10000002,27353,291.79,291.79,291.79,115255,61
2017-12-02,10000002,27355,144997.98,144997.98,144997.98,793,5
2017-12-02,10000002,27357,305.68,305.68,305.68,15145,15
2017-12-02,10000002,27359,2271.56,2271.55,2480.94,273781,69
2017-12-02,10000002,27361,878.39,877.03,878.4,1580544,410
2017-12-02,10000002,27365,18580.03,18580.03,18580.03,1278,3
2017-12-02,10000002,27367,253.28,253.26,486.91,66915,41
2017-12-02,10000002,27369,119958.89,119958.89,119958.89,500,1
2017-12-02,10000002,27371,979.94,979.88,979.97,1653504,300
2017-12-02,10000002,27373,427.01,426.11,626.1,41715,17
2017-12-02,10000002,27377,1959.99,1955,1959.99,431349,53
2017-12-02,10000002,27379,190.07,190.07,190.07,58695,34
2017-12-02,10000002,27381,944.95,944.94,944.98,1084739,251
2017-12-02,10000002,27383,230.47,230.47,393.99,69732,48
2017-12-02,10000002,27385,69996.98,25280.06,69996.98,2304,5
2017-12-02,10000002,27387,822.72,822.63,949.95,3953182,339
2017-12-02,10000002,27391,996.49,591.02,996.97,139421,43
2017-12-02,10000002,27393,275.19,275.19,275.19,5000,5
2017-12-02,10000002,27395,1884.26,1681.84,1885.61,666768,98
2017-12-02,10000002,27399,20006.99,20006.99,20006.99,1000,2
2017-12-02,10000002,27401,1199.91,1075.58,1200.12,483326,82
2017-12-02,10000002,27403,306.03,306.01,307.74,5085,6
2017-12-02,10000002,27405,1334.96,1334.96,1334.96,312308,81
2017-12-02,10000002,27409,1700,762.03,1714.88,57915,16
2017-12-02,10000002,27411,619.55,619.55,619.55,64934,23
2017-12-02,10000002,27413,1249.9,1249.9,1249.9,2682190,148
2017-12-02,10000002,27417,306.7,306.69,308.72,17500,15
2017-12-02,10000002,27419,1331.83,1300,1331.84,276135,67
2017-12-02,10000002,27423,1959.68,1760.16,1960.83,674873,90
2017-12-02,10000002,27425,27737.91,13030.03,42445.78,1770,2
2017-12-02,10000002,27427,310.96,310.95,310.97,39300,10
2017-12-02,10000002,27429,1896.84,1896.84,1900,223232,49
2017-12-02,10000002,27431,15149.99,15149.99,15149.99,1000,1
2017-12-02,10000002,27433,420.04,420.02,422.3,21463,18
2017-12-02,10000002,27435,1160.25,1160.21,1335,755880,135
2017-12-02,10000002,27437,69974.13,31282,91271,2407,5
2017-12-02,10000002,27439,673.4,671.21,673.51,39284,22
2017-12-02,10000002,27441,1126.85,1100,1126.95,1301800,230
2017-12-02,10000002,27443,88999,88998.93,88999.95,3074,7
2017-12-02,10000002,27445,415.31,415.29,848.98,20486,19
2017-12-02,10000002,27447,1218.5,1218.49,1218.51,600907,128
2017-12-02,10000002,27451,988.99,988.99,988.99,18338,9
2017-12-02,10000002,27453,1189.97,1189.96,1189.99,350489,97
2017-12-02,10000002,27489,996999.99,996999.99,996999.99,120,2
2017-12-02,10000002,27532,299999996.99,299999996.99,299999996.99,1,1
2017-12-02,10000002,27535,187000999.92,187000999.92,187000999.92,1,1
2017-12-02,10000002,27536,300000000,300000000,300000000,1,1
2017-12-02,10000002,27540,316111135.27,316111135.01,316111136,4,4
2017-12-02,10000002,27557,2502001,2502001,2502001,24,1
2017-12-02,10000002,27559,2600004.76,2600004.76,2600004.76,32,1
2017-12-02,10000002,27565,1113505,1113505,1113505,2,1
2017-12-02,10000002,27573,4611353.59,1100800.06,5488991.98,10,5
2017-12-02,10000002,27574,1200000,1200000,1200000,1,1
2017-12-02,10000002,27576,9107502.64,9000000,10000000,14,10
2017-12-02,10000002,27579,6945882.73,1324053.51,7999975.85,19,8
2017-12-02,10000002,27582,9312499.92,9199999.9,10999999.84,16,8
2017-12-02,10000002,27585,4534415.46,3999999.99,5000000,24,15
2017-12-02,10000002,27597,100028812.87,100028812.87,100028812.87,1,1
2017-12-02,10000002,27603,125505001.12,106010003.63,144999998.62,4,4
2017-12-02,10000002,27607,179999998.97,179999998.97,179999998.97,1,1
2017-12-02,10000002,27610,31000000,31000000,31000000,1,1
2017-12-02,10000002,27619,1100000,1100000,1100000,1,1
2017-12-02,10000002,27627,9777763.33,9777760,9777770,3,2
2017-12-02,10000002,27630,2110039.21,2110039.21,2110039.21,1,1
2017-12-02,10000002,27631,171999,171999,171999,3,1
2017-12-02,10000002,27641,500000,500000,500000,3,1
2017-12-02,10000002,27646,16611111.11,16000000,18200000,18,7
2017-12-02,10000002,27649,15999988.73,15999966.93,15999996,16,8
2017-12-02,10000002,27652,16659419.51,14999999.99,17999998.99,23,11
2017-12-02,10000002,27655,4732933.32,4699999.99,4749399.99,12,3
2017-12-02,10000002,27672,5392444.33,3383000.02,6999999.78,9,6
2017-12-02,10000002,27673,51760002.82,35000005.04,76900000,5,4
2017-12-02,10000002,27674,129999999.99,129999999.99,129999999.99,1,1
2017-12-02,10000002,27678,44438725.17,37000000,49999997,19,16
2017-12-02,10000002,27679,51000000,51000000,51000000,1,1
2017-12-02,10000002,27774,5727636.44,3000000,6750500.1,11,3
2017-12-02,10000002,27775,4899999.95,4899999.95,4899999.95,10,3
2017-12-02,10000002,27776,612000,612000,612000.01,18,2
2017-12-02,10000002,27778,1101006.86,1101006.71,1101007,2,2
2017-12-02,10000002,27779,1800000,1800000,1800000,2,1
2017-12-02,10000002,27790,132012078.49,132010000,132014156.97,2,2
2017-12-02,10000002,27897,126999994.94,126999994.88,126999994.99,2,2
2017-12-02,10000002,27902,100000,100000,100000,116,86
2017-12-02,10000002,27904,80739.27,26000.31,98985.6,8,5
2017-12-02,10000002,27906,25721259.09,25000000,27766678,69,37
2017-12-02,10000002,27911,12844933.43,12000000,13488869.81,39,21
2017-12-02,10000002,27912,1019992.64,1019992.64,1019992.64,427,24
2017-12-02,10000002,27913,200000000,200000000,200000000,1,1
2017-12-02,10000002,27914,1600000,1599999.95,1773940.59,499,117
2017-12-02,10000002,27915,19000000,19000000,19000000,2,2
2017-12-02,10000002,27916,1009994.97,1009994.97,1009994.99,487,43
2017-12-02,10000002,27917,239000000,239000000,239000000,1,1
2017-12-02,10000002,27918,1000000,999999.99,1000000,1552,48
2017-12-02,10000002,27920,1235999.56,1235998,1249970.22,1012,53
2017-12-02,10000002,27921,239999999,239999999,239999999,1,1
2017-12-02,10000002,27922,382070.87,380000.05,493894.98,55,3
2017-12-02,10000002,27923,150000000,150000000,150000000,1,1
2017-12-02,10000002,27924,879996.7,879996.7,879996.7,708,13
2017-12-02,10000002,27930,26000.49,7002.07,44998.9,2,2
2017-12-02,10000002,27931,3341954.77,3341954.77,3341954.77,1,1
2017-12-02,10000002,27932,54857.17,7000.12,73999.99,7,7
2017-12-02,10000002,27933,2999999.99,2999999.99,2999999.99,1,1
2017-12-02,10000002,27934,2500001.28,2500001.28,2500001.28,1,1
2017-12-02,10000002,27936,10585709.86,10150000,10799992.24,7,7
2017-12-02,10000002,27951,55500144.77,49000318.85,58000317.98,14,14
2017-12-02,10000002,28073,8000000,8000000,8000000,129,45
2017-12-02,10000002,28164,4587402.78,4500000,4799998.97,50,44
2017-12-02,10000002,28197,1999992.46,1675001.83,1999992.59,113,17
2017-12-02,10000002,28199,1929999,1929999,1929999,111,12
2017-12-02,10000002,28201,561740.7,561740.7,561740.7,101,21
2017-12-02,10000002,28203,539999.94,539999.91,544994.53,158,15
2017-12-02,10000002,28205,733007.87,733007.77,1760468.31,142,15
2017-12-02,10000002,28207,791438.32,400009.1,1091999.94,99,11
2017-12-02,10000002,28209,1149995.94,1149011,1149996,487,72
2017-12-02,10000002,28211,699989.97,674999.99,699999.91,1049,103
2017-12-02,10000002,28213,1139997,1139997,1141999.92,745,106
2017-12-02,10000002,28215,1100000,1100000,1100000,1794,109
2017-12-02,10000002,28231,5000000,5000000,5000000,2,2
2017-12-02,10000002,28237,2526706.53,498087.91,3541015.84,3,3
2017-12-02,10000002,28238,4500000,4500000,4500000,1,1
2017-12-02,10000002,28262,399999.82,399899.99,399999.98,361,54
2017-12-02,10000002,28264,29152839.67,26504328,40503608.88,37,14
2017-12-02,10000002,28266,1678240.51,1505758.32,1799992.63,29,11
2017-12-02,10000002,28268,43461541.56,43009053,54999999.97,53,16
2017-12-02,10000002,28270,689999.98,560109.09,700003.37,147,46
2017-12-02,10000002,28272,33888800.08,32901004,35999999.62,150,53
2017-12-02,10000002,28274,609881.97,609881.97,609881.97,303,63
2017-12-02,10000002,28276,15899993.22,13901056.78,15899995.4,108,40
2017-12-02,10000002,28278,506858.01,499989.2,539943.78,64,20
2017-12-02,10000002,28280,16454449.83,15999999.86,16999788,33,11
2017-12-02,10000002,28282,867693.59,649997.95,999994.1,97,26
2017-12-02,10000002,28284,80556789,74006000,117989868.29,47,25
2017-12-02,10000002,28286,1912121.43,1334805.49,2050000,96,34
2017-12-02,10000002,28288,85999938.25,85999874.31,85999987,30,11
2017-12-02,10000002,28290,2653850.26,1884652.52,2749999.98,18,5
2017-12-02,10000002,28292,162149981.61,147999999.97,199999999.87,6,5
2017-12-02,10000002,28294,775739.74,455069.15,1159894.4,39,21
2017-12-02,10000002,28296,33213843.45,30001103,42559998,86,16
2017-12-02,10000002,28298,1186741.42,888889.12,1199988,47,10
2017-12-02,10000002,28300,40620499.38,37888891,42999699,30,14
2017-12-02,10000002,28302,495897.96,495897.96,495897.96,215,42
2017-12-02,10000002,28304,18232684.68,14077208.85,20499661,42,19
2017-12-02,10000002,28306,3292807.1,3289989.21,3299194.98,49,6
2017-12-02,10000002,28308,66666995.18,66666995.18,66666995.18,3,1
2017-12-02,10000002,28324,1259.87,750,1259.88,37220,13
2017-12-02,10000002,28326,652,652,652,26900,11
2017-12-02,10000002,28328,499.96,499.96,499.98,3132,4
2017-12-02,10000002,28332,1191.56,1183.99,1192.64,581996,66
2017-12-02,10000002,28334,779,582.29,786.75,184987,71
2017-12-02,10000002,28336,479.99,479.99,479.99,124810,45
2017-12-02,10000002,28351,66621243.63,66621243.63,66621243.63,1,1
2017-12-02,10000002,28352,2499150000,2498300000,2500000000,2,2
2017-12-02,10000002,28353,3689539999.99,3689539999.99,3689539999.99,3,2
2017-12-02,10000002,28361,8999.96,8340.66,9297.1,192568,411
2017-12-02,10000002,28362,220000,208920.29,229999.99,95082,481
2017-12-02,10000002,28363,166006.91,166004.18,178999.98,40915,323
2017-12-02,10000002,28364,30119.04,26121.76,32496.6,48324,288
2017-12-02,10000002,28365,29999.99,29000.82,30996.6,47445,232
2017-12-02,10000002,28366,3101001.25,3100000,3298013.83,21508,292
2017-12-02,10000002,28367,473998,427104.43,474999,11632,57
2017-12-02,10000002,28374,505139792.25,500000000,539999999.99,75,45
2017-12-02,10000002,28375,33916667,29500000,34800000.39,6,3
2017-12-02,10000002,28377,119442578.78,99033677.37,137649999.99,11,8
2017-12-02,10000002,28385,460719.55,460719.42,483100,5591,18
2017-12-02,10000002,28387,500029.81,500000.28,500029.9,5846,20
2017-12-02,10000002,28388,450000,430004.35,464997,15686,45
2017-12-02,10000002,28389,476035.2,476035.15,476035.63,9356,28
2017-12-02,10000002,28390,460003.3,456003.21,468899.95,21407,46
2017-12-02,10000002,28391,379994.25,379994.24,399987.88,41415,70
2017-12-02,10000002,28392,372093.76,372089.76,372094.28,26492,44
2017-12-02,10000002,28393,374998.97,346002.47,379997.78,45418,51
2017-12-02,10000002,28394,130026.24,118025.89,139485.96,5708,31
2017-12-02,10000002,28395,120001,119000,122999.99,49090,39
2017-12-02,10000002,28396,116033.8,116012.29,128999.51,73211,51
2017-12-02,10000002,28397,152997,152997,152997,96710,55
2017-12-02,10000002,28398,148053.75,148053.4,164498,86792,44
2017-12-02,10000002,28399,160000,156000,166999.99,80572,42
2017-12-02,10000002,28400,45181.35,45016.71,59998.77,91,2
2017-12-02,10000002,28401,41000.97,41000.97,41000.97,10253,10
2017-12-02,10000002,28402,48000,45012.3,49823.99,307,5
2017-12-02,10000002,28403,43068,43068,43068,8091,12
2017-12-02,10000002,28404,52023.11,52023.11,52023.11,274,2
2017-12-02,10000002,28405,64998.98,50704.19,64999,990,10
2017-12-02,10000002,28406,56998,56994.66,75315.11,6343,31
2017-12-02,10000002,28407,41526.44,41526.34,49999.95,806,7
2017-12-02,10000002,28408,45308.6,45308.6,45308.6,403,7
2017-12-02,10000002,28409,22999.93,22999.93,22999.93,53113,20
2017-12-02,10000002,28410,19186.96,18984.97,19190,147831,59
2017-12-02,10000002,28411,17314.2,17314.2,17314.2,80711,27
2017-12-02,10000002,28412,1992709.48,1992709.48,1992709.48,1225,11
2017-12-02,10000002,28413,1870212.36,1870212.36,1870212.36,118,4
2017-12-02,10000002,28414,2037430.04,2037430.04,2037430.04,954,8
2017-12-02,10000002,28415,7532.17,7532.16,7532.17,14264,13
2017-12-02,10000002,28416,10300,10300,10300,207633,47
2017-12-02,10000002,28417,9000,7599.85,9499.98,68569,35
2017-12-02,10000002,28418,378000,355501,379997,188538,69
2017-12-02,10000002,28419,382556.9,382000,400272.5,109529,67
2017-12-02,10000002,28420,389993.99,348008.63,390000,57232,63
2017-12-02,10000002,28421,6464.24,6367.02,6699.99,2743331,97
2017-12-02,10000002,28422,6431.38,6171.74,6979.97,2282079,85
2017-12-02,10000002,28423,6692.22,6691.01,6791,626342,89
2017-12-02,10000002,28424,5208.29,4761.4,5208.4,2160319,99
2017-12-02,10000002,28425,4987.22,4987.21,4987.22,759569,51
2017-12-02,10000002,28426,5110.58,5110.4,5394.98,439604,68
2017-12-02,10000002,28427,1999,1759.92,2049.96,1804832,89
2017-12-02,10000002,28428,2146,1996.06,2149.9,667111,58
2017-12-02,10000002,28429,2225.93,1788.56,2229.99,2703696,76
2017-12-02,10000002,28430,1605.58,1605.54,1997.04,3483602,90
2017-12-02,10000002,28431,1899.37,1890.99,1899.5,1898713,91
2017-12-02,10000002,28432,1786.95,1601.6,1789,5231966,98
2017-12-02,10000002,28433,280000,280000,280000,11578,25
2017-12-02,10000002,28434,245000.32,245000.31,247999.97,7865,14
2017-12-02,10000002,28435,500501.09,500500.21,529000,7839,33
2017-12-02,10000002,28436,300000,300000,300000,6029,8
2017-12-02,10000002,28437,454000,430002.82,454000,3048,9
2017-12-02,10000002,28438,249999.98,249999.98,249999.98,47294,31
2017-12-02,10000002,28439,711000,711000,711000.02,12329,43
2017-12-02,10000002,28440,625000,580000,626989,5688,27
2017-12-02,10000002,28441,250000,250000,250000,2624,10
2017-12-02,10000002,28442,280002.91,280002.91,280002.91,3752,9
2017-12-02,10000002,28443,349998.51,349998.49,349998.61,1758,12
2017-12-02,10000002,28444,211019.31,211019.15,211019.66,16708,41
2017-12-02,10000002,28514,89000000.03,89000000.02,89000000.03,2,2
2017-12-02,10000002,28534,45000000,45000000,45000000,1,1
2017-12-02,10000002,28552,1000000.01,1000000.01,1000000.01,1,1
2017-12-02,10000002,28563,80002214,80002214,80002214,1,1
2017-12-02,10000002,28576,799999.99,799999.99,800000,5074,353
2017-12-02,10000002,28578,849993.11,829992.07,999991.8,2097,135
2017-12-02,10000002,28583,54666667.13,50000004.42,56399999.12,15,14
2017-12-02,10000002,28585,25425674.04,25000000,27464373.48,96,53
2017-12-02,10000002,28606,753749212.55,712000005.8,777999996.33,54,54
2017-12-02,10000002,28609,32598661.97,32000000,34489712.21,49,25
2017-12-02,10000002,28615,4461264.41,4000000,4699900.42,36,23
2017-12-02,10000002,28646,4399999.98,4398531,4499900.72,216,92
2017-12-02,10000002,28647,31372640,31372640,31372640,1,1
2017-12-02,10000002,28652,18388219.76,15999994.18,18998997.9,18,17
2017-12-02,10000002,28654,2339723.2,2005995.17,2799999.96,36,20
2017-12-02,10000002,28655,50000000,50000000,50000000,1,1
2017-12-02,10000002,28656,65754650.58,64000000,68867779.99,65,36
2017-12-02,10000002,28659,1660344498.92,1530100100.21,1698998997.1,20,20
2017-12-02,10000002,28665,1691498358.44,1649999999.89,1799989998.9,6,6
2017-12-02,10000002,28667,65084406.34,64000000,68248664.99,49,30
2017-12-02,10000002,28668,26775.64,26769,26778.94,823611,2145
2017-12-02,10000002,28670,179235.82,156174,183598.87,44,9
2017-12-02,10000002,28672,799999.99,799999.99,799999.99,1458,36
2017-12-02,10000002,28674,1675552.05,439701.02,2999841.93,29,14
2017-12-02,10000002,28676,699999.99,699999.99,699999.99,256,14
2017-12-02,10000002,28678,1580000.01,500000.02,2000000,25,5
2017-12-02,10000002,28680,1440198.33,701000.01,1624997.89,15,11
2017-12-02,10000002,28682,252432.6,172000,295390,23,11
2017-12-02,10000002,28684,499999.96,499999.96,499999.96,7,3
2017-12-02,10000002,28687,44999,44999,44999,170,1
2017-12-02,10000002,28694,1460.08,1460.08,1460.08,9436,11
2017-12-02,10000002,28695,9900,9900,9900,529,3
2017-12-02,10000002,28697,1706.01,1706.01,1706.01,1702,8
2017-12-02,10000002,28700,2050.53,2050.53,2050.53,2424,2
2017-12-02,10000002,28710,1768942588.03,1675772580.02,1799998968.66,12,12
2017-12-02,10000002,28731,32999999.97,32999999.97,32999999.97,3,3
2017-12-02,10000002,28733,85000197.03,85000197.03,85000197.03,1,1
2017-12-02,10000002,28739,114999999.99,114999999.99,114999999.99,3,2
2017-12-02,10000002,28744,79836687.61,65002045.84,83399992.1,6,5
2017-12-02,10000002,28746,45994394.18,36000101.52,57999999.99,9,7
2017-12-02,10000002,28752,295000000,295000000,295000000,4,2
2017-12-02,10000002,28754,273680345.42,236999999.51,293989255.39,96,51
2017-12-02,10000002,28756,31000279.89,31000029.26,37000000,670,265
2017-12-02,10000002,28758,32799685.88,32702221.98,33571169.94,391,299
2017-12-02,10000002,28780,115800973.67,83217877.49,125321307.52,21,19
2017-12-02,10000002,28786,141000000.2,54000000,228000000.4,2,2
2017-12-02,10000002,28796,124999987.93,124999987.85,124999988.01,4,4
2017-12-02,10000002,28797,176249827.23,169999771.06,182499883.4,4,4
2017-12-02,10000002,28798,314380230.5,300121570.08,350026894.77,14,12
2017-12-02,10000002,28799,554598956.97,500118884.13,599999039.42,11,9
2017-12-02,10000002,28800,228749891.34,194999969.75,239999858.48,4,4
2017-12-02,10000002,28801,954286569.93,890003000.21,979999997.83,7,7
2017-12-02,10000002,28808,63414365.59,44100279.59,71900000,7,7
2017-12-02,10000002,28809,169400023.63,113750059.32,206499999.87,5,5
2017-12-02,10000002,28810,290058415.39,175175246.34,347499999.92,3,3
2017-12-02,10000002,28811,348013166.05,336016146.59,400000260.38,16,13
2017-12-02,10000002,28812,185306520.44,113839131.33,199999997.85,6,6
2017-12-02,10000002,28813,717510887.98,655055116.87,779999998.99,6,6
2017-12-02,10000002,28840,2055.01,2010.01,2100,2,2
2017-12-02,10000002,28844,10161140858.37,9700000100.01,10328992999,7,7
2017-12-02,10000002,28846,9174666732.92,8987000099.39,9550000000,3,3
2017-12-02,10000002,28848,10000001000.01,10000001000.01,10000001000.01,2,2
2017-12-02,10000002,28850,10118999955.3,9132600400.02,10471437498,9,9
2017-12-02,10000002,28879,1000000,1000000,1000000,116,80
2017-12-02,10000002,28880,5000000,5000000,5000000,161,77
2017-12-02,10000002,28974,96200.1,96200.1,96200.1,3512,6
2017-12-02,10000002,28999,8932.99,8932.97,8943.09,5925,447
2017-12-02,10000002,29000,1500000,1500000,1500000,2,2
2017-12-02,10000002,29001,8399.34,8399.29,8399.37,2833,540
2017-12-02,10000002,29002,1500000,1500000,1500000,2,2
2017-12-02,10000002,29003,68999.99,65000,69000,340,54
2017-12-02,10000002,29004,50000000,50000000,50000000,1,1
2017-12-02,10000002,29005,13998.95,13998.95,13998.98,1237,109
2017-12-02,10000002,29006,1500000,1500000,1500000,3,3
2017-12-02,10000002,29007,7245.95,7245.95,7245.95,1054,103
2017-12-02,10000002,29009,11346.35,6998.94,11346.36,4584,442
2017-12-02,10000002,29010,1500000,1500000,1500000,4,4
2017-12-02,10000002,29011,7215.73,7215.73,7215.74,4647,645
2017-12-02,10000002,29012,1500000,1500000,1500000,2,2
2017-12-02,10000002,29013,7918.33,3610.07,7918.4,1072,97
2017-12-02,10000002,29015,4186.43,4186.43,4186.43,2112,144
2017-12-02,10000002,29016,1500000,1500000,1500000,1,1
2017-12-02,10000002,29029,103671423.44,100000000,107899998.98,28,26
2017-12-02,10000002,29039,565000.76,565000.76,565000.76,1,1
2017-12-02,10000002,29044,8750502.82,2501005.63,15000000,2,2
2017-12-02,10000002,29046,8000000,1000000,15000000,2,2
2017-12-02,10000002,29048,15000000,15000000,15000000,1,1
2017-12-02,10000002,29050,1000000,1000000,1000000,1,1
2017-12-02,10000002,29051,1999999.91,1999999.91,1999999.91,681,2
2017-12-02,10000002,29053,155000.71,155000.71,155000.71,1,1
2017-12-02,10000002,29054,15000000,15000000,15000000,1,1
2017-12-02,10000002,29055,560000,560000,560000,62,2
2017-12-02,10000002,29056,15000000,15000000,15000000,1,1
2017-12-02,10000002,29058,15000000,15000000,15000000,1,1
2017-12-02,10000002,29060,15000000,15000000,15000000,1,1
2017-12-02,10000002,29061,1600000,1600000,1749999.94,638,3
2017-12-02,10000002,29062,15000000,15000000,15000000,1,1
2017-12-02,10000002,29064,15000000,15000000,15000000,3,2
2017-12-02,10000002,29066,1000000,1000000,1000000,1,1
2017-12-02,10000002,29068,15000000,15000000,15000000,1,1
2017-12-02,10000002,29069,900000,900000,900000,632,2
2017-12-02,10000002,29070,15000000,15000000,15000000,1,1
2017-12-02,10000002,29072,15000000,15000000,15000000,1,1
2017-12-02,10000002,29074,15000000,15000000,15000000,1,1
2017-12-02,10000002,29076,1000000,1000000,1000000,1,1
2017-12-02,10000002,29078,8000000,1000000,15000000,2,2
2017-12-02,10000002,29080,1000000,1000000,1000000,1,1
2017-12-02,10000002,29082,15000000,15000000,15000000,1,1
2017-12-02,10000002,29084,15000000,15000000,15000000,1,1
2017-12-02,10000002,29086,15000000,15000000,15000000,1,1
2017-12-02,10000002,29088,15000000,15000000,15000000,1,1
2017-12-02,10000002,29090,1000000,1000000,1000000,1,1
2017-12-02,10000002,29092,15000000,15000000,15000000,1,1
2017-12-02,10000002,29094,15000000,15000000,15000000,1,1
2017-12-02,10000002,29096,15000000,15000000,15000000,1,1
2017-12-02,10000002,29098,15000000,15000000,15000000,1,1
2017-12-02,10000002,29100,15000000,15000000,15000000,1,1
2017-12-02,10000002,29102,15000000,15000000,15000000,1,1
2017-12-02,10000002,29103,335010.41,335010.41,335010.41,1170,5
2017-12-02,10000002,29104,15000000,15000000,15000000,1,1
2017-12-02,10000002,29106,8000000,1000000,15000000,2,2
2017-12-02,10000002,29108,15000000,15000000,15000000,3,1
2017-12-02,10000002,29248,528083.47,451003.26,539091.81,163,73
2017-12-02,10000002,29249,3200000,3200000,3200000,3,3
2017-12-02,10000002,29266,4494511.86,4001383.44,4899999.99,17,14
2017-12-02,10000002,29336,61430805.05,57399999.98,62000000.01,95,30
2017-12-02,10000002,29337,75079497.41,73979998.87,77451097.75,40,24
2017-12-02,10000002,29340,89828799.35,82100089.65,94699994.98,80,53
2017-12-02,10000002,29344,66012222.58,60230001.55,67780000.05,13,12
2017-12-02,10000002,29616,12699,12699,12699,6067,7
2017-12-02,10000002,29618,14996.39,14995.68,14996.39,5624,8
2017-12-02,10000002,29620,11003.7,11003.7,11003.7,5174,5
2017-12-02,10000002,29622,12995.66,12995.59,12997.33,7029,10
2017-12-02,10000002,29637,50000000,50000000,50000000,164,92
2017-12-02,10000002,29984,150000000,150000000,150000000,146,140
2017-12-02,10000002,29986,180180951.63,160100022.07,184999999.98,51,51
2017-12-02,10000002,29988,138765538.13,128007729.53,139895500,84,65
2017-12-02,10000002,29990,192766668.67,192766668.67,197579278.33,136,121
2017-12-02,10000002,29992,898999.96,898999.95,898999.98,39,3
2017-12-02,10000002,29993,10000000,10000000,10000000,1,1
2017-12-02,10000002,29994,1017068.95,871597.98,1998997.98,31,2
2017-12-02,10000002,29996,19622417.78,19000189.79,20160101.36,29,7
2017-12-02,10000002,30002,1405023.69,1405023.69,1405023.69,162,10
2017-12-02,10000002,30013,5254,4953,5257.99,18392,756
2017-12-02,10000002,30014,5400000,5000000,5600000,6,5
2017-12-02,10000002,30018,7001.05,7001.05,7001.05,9516,138
2017-12-02,10000002,30019,3222.8,3222.19,3799.44,81894,192
2017-12-02,10000002,30021,24667.38,24003,25989.47,115982,217
2017-12-02,10000002,30022,100662.25,100662.24,100758.38,8406,153
2017-12-02,10000002,30024,15917.1,15917.09,15917.1,14481,152
2017-12-02,10000002,30028,46001.93,46001.92,46001.93,7693,177
2017-12-02,10000002,30029,5350000,5349999.99,5350000,2,2
2017-12-02,10000002,30187,8325133.77,8325094.5,8325173.04,4,3
2017-12-02,10000002,30221,102.04,102.04,102.04,12563,8
2017-12-02,10000002,30222,13.27,13.27,13.27,300,1
2017-12-02,10000002,30248,54072.03,54072,54072.03,8331,147
2017-12-02,10000002,30251,6869.96,5423.97,6869.96,327894,196
2017-12-02,10000002,30252,150000.95,150000.02,182000,7495,123
2017-12-02,10000002,30254,2066.18,2061.47,2424,406977,233
2017-12-02,10000002,30258,57595.8,57481.02,64989.88,10321,155
2017-12-02,10000002,30259,900000,900000,900000.01,12630,173
2017-12-02,10000002,30268,200000,200000,200000,4157,127
2017-12-02,10000002,30269,200000,200000,200000,7222,120
2017-12-02,10000002,30270,255015.43,255015.43,255015.43,5875,116
2017-12-02,10000002,30271,154058.37,154058.37,154058.37,3737,107
2017-12-02,10000002,30303,1600.95,1536.76,1649.94,686147,27
2017-12-02,10000002,30304,7810.69,7810.63,8228.97,75520,24
2017-12-02,10000002,30305,9399.7,8008.42,9399.8,29227,15
2017-12-02,10000002,30306,10001,10001,10001,139363,21
2017-12-02,10000002,30307,14198.66,12518.99,14199.9,133338,23
2017-12-02,10000002,30308,20799.94,20100.01,20888.99,122660,32
2017-12-02,10000002,30309,29941.77,29941.39,30999.97,104092,31
2017-12-02,10000002,30310,56200.03,56200.03,56200.05,87055,26
2017-12-02,10000002,30311,64650.07,64650.07,64650.07,19569,16
2017-12-02,10000002,30324,10153845.69,10000000,10999998.89,13,11
2017-12-02,10000002,30325,10477083.94,10000000,10999982.68,12,12
2017-12-02,10000002,30327,10636363.06,10000000,11999998.2,22,12
2017-12-02,10000002,30328,6304.61,256.97,28249.31,26,22
2017-12-02,10000002,30342,1223.12,255.88,16698.99,17,8
2017-12-02,10000002,30370,3399,3399,3399.98,245261,78
2017-12-02,10000002,30371,2199.01,1842.69,2998.01,164631,70
2017-12-02,10000002,30372,3400,3398.16,3400.06,179639,68
2017-12-02,10000002,30373,11311,10600.06,12001.59,193225,101
2017-12-02,10000002,30374,4871.65,4871.6,5899.99,128457,56
2017-12-02,10000002,30375,10206.08,10039.37,10996.96,167308,63
2017-12-02,10000002,30376,23095.99,23095.99,23095.99,224539,93
2017-12-02,10000002,30377,63400,63400,63400,138360,66
2017-12-02,10000002,30378,54094.9,54094.9,54094.9,60126,42
2017-12-02,10000002,30420,9567.36,255.88,25586.99,17,10
2017-12-02,10000002,30422,1614.07,777.98,2000,45,12
2017-12-02,10000002,30424,2018.44,255.8,21750,25,18
2017-12-02,10000002,30464,179999.97,179999.97,180000,24,4
2017-12-02,10000002,30465,10000000,10000000,10000000,1,1
2017-12-02,10000002,30466,594097.52,594097.52,594097.52,4,1
2017-12-02,10000002,30470,14198447.2,14100000,14999999.99,64,10
2017-12-02,10000002,30471,10000000,10000000,10000000,1,1
2017-12-02,10000002,30474,69759.36,62002.35,94000,33,4
2017-12-02,10000002,30475,10000000,10000000,10000000,1,1
2017-12-02,10000002,30476,2966749.46,2221000.33,3949997.99,32,8
2017-12-02,10000002,30478,889999.37,889999.34,889999.38,25,4
2017-12-02,10000002,30486,459908.88,459898.99,459909.89,6736,389
2017-12-02,10000002,30488,420228.89,420090,420228.96,18865,1110
2017-12-02,10000002,30497,5710.11,5710.01,5710.11,33489,219
2017-12-02,10000002,30532,5053626.42,5000000,5491967.95,49,19
2017-12-02,10000002,30537,5087984.64,5000000,5482923.47,53,24
2017-12-02,10000002,30538,5157503.8,5000000,5416922,45,22
2017-12-02,10000002,30539,5151720.32,5000000,5399990,29,19
2017-12-02,10000002,30540,5212033.17,5000000,5694997,59,31
2017-12-02,10000002,30544,5150993.61,5000000,5489909.99,78,38
2017-12-02,10000002,30545,5259987.93,5000000,5699997.88,72,38
2017-12-02,10000002,30546,5246448.44,5000000,5688991,51,32
2017-12-02,10000002,30547,5264285.1,5000000,5699997.52,70,36
2017-12-02,10000002,30548,5133990.38,5000000,5463988.5,62,33
2017-12-02,10000002,30549,5185483.62,5000000,5492911.99,85,40
2017-12-02,10000002,30550,5377028.74,5000000,5884410,61,37
2017-12-02,10000002,30551,5340302.37,5000000,5699947.7,56,37
2017-12-02,10000002,30552,5181046.08,5000000,5899904.5,94,38
2017-12-02,10000002,30553,5366664.82,5000000,5799994,48,33
2017-12-02,10000002,30554,5415679.9,5000000,5799492.97,57,37
2017-12-02,10000002,30558,2225000,2225000,2225000.01,18,8
2017-12-02,10000002,30562,140000.15,140000.15,140000.15,92,28
2017-12-02,10000002,30582,4402862.87,3500095.38,4479998.9,42,10
2017-12-02,10000002,30586,750000,750000,750000,30,12
2017-12-02,10000002,30588,42500.09,42500.09,42500.09,123,31
2017-12-02,10000002,30614,8150116.95,8150094.52,8150173.04,7,4
2017-12-02,10000002,30615,1950000,1950000,1950000.01,40,17
2017-12-02,10000002,30618,82500,82500,82500,101,25
2017-12-02,10000002,30628,6087560.34,5175094.51,7000000,6,4
2017-12-02,10000002,30632,1750000,1750000,1750000.01,23,9
2017-12-02,10000002,30633,90010.01,90010.01,90010.01,80,22
2017-12-02,10000002,30650,1591895.79,1500000,1999996.97,43,19
2017-12-02,10000002,30651,1565422.48,1500000,1659995.89,33,29
2017-12-02,10000002,30652,1694481.92,1500000,1799991.83,35,30
2017-12-02,10000002,30653,1500000,1500000,1500000,138,34
2017-12-02,10000002,30655,1600000.01,1600000.01,1600000.01,2,1
2017-12-02,10000002,30656,2700863.19,2700863.19,2700863.19,2,1
2017-12-02,10000002,30744,200000,200000,200000,90014,403
2017-12-02,10000002,30745,500000,500000,500000,72782,368
2017-12-02,10000002,30746,1500000,1500000,1500000,23877,203
2017-12-02,10000002,30747,5000000,5000000,5000000,12446,162
2017-12-02,10000002,30752,16826315.88,13000000.96,17899999.82,19,12
2017-12-02,10000002,30753,3775000.01,3775000,3775000.01,7,4
2017-12-02,10000002,30754,1010000.01,1010000.01,1010000.01,27,13
2017-12-02,10000002,30788,10947368.41,10000000,13499999.96,19,12
2017-12-02,10000002,30832,1899960.45,1899920.54,1899960.48,280,199
2017-12-02,10000002,30834,1619984.42,1619984,1619984.45,225,145
2017-12-02,10000002,30836,1349995.5,1202002.02,1349998,378,127
2017-12-02,10000002,30839,5054.6,556.02,17443.88,36,18
2017-12-02,10000002,30842,437000005.09,437000005.09,437000005.09,1,1
2017-12-02,10000002,30987,598982.99,598982.34,598989.86,2038,178
2017-12-02,10000002,30988,180000,179999.99,180000,6,6
2017-12-02,10000002,30993,51000608,49999998.15,53000701,391,60
2017-12-02,10000002,30994,54999999,54999999,54999999,2,2
2017-12-02,10000002,30997,220026.67,156078.36,247432.99,20,15
2017-12-02,10000002,30998,755914.36,755914.36,755914.36,1,1
2017-12-02,10000002,30999,1887679.95,1725559.94,2099999.82,199,46
2017-12-02,10000002,31000,2525251.83,2525251.83,2525251.83,1,1
2017-12-02,10000002,31001,54999999,54999999,54999999,1,1
2017-12-02,10000002,31003,7925287.47,5238532.11,8999989.6,14,9
2017-12-02,10000002,31005,17999991.65,17999991.64,17999991.65,21,18
2017-12-02,10000002,31009,514464.35,514464.29,514467.09,686,191
2017-12-02,10000002,31010,965858.54,965858.54,965858.54,1,1
2017-12-02,10000002,31011,2324499.82,1805005.53,2329632.99,354,147
2017-12-02,10000002,31012,3680000,3680000,3680000,2,2
2017-12-02,10000002,31013,61249999.75,49999999,65000000,4,3
2017-12-02,10000002,31014,60000000,60000000,60000000,1,1
2017-12-02,10000002,31015,7699969.88,7699969.8,7699969.89,145,81
2017-12-02,10000002,31017,19748987.96,19700000,19749000,104,65
2017-12-02,10000002,31019,649999996.72,649999996.72,649999996.72,1,1
2017-12-02,10000002,31021,571198.81,435367.42,1000000,17,12
2017-12-02,10000002,31022,499000,499000,499000,1,1
2017-12-02,10000002,31023,2519456.43,1509004.19,2684992.49,77,55
2017-12-02,10000002,31024,985999.99,985999.99,985999.99,1,1
2017-12-02,10000002,31025,54999999,54999999,54999999,3,3
2017-12-02,10000002,31027,7459089.12,7200000,7499997.93,22,21
2017-12-02,10000002,31029,14723681.98,12100000,18190000,53,25
2017-12-02,10000002,31033,410777.34,277081.35,419997.99,93,44
2017-12-02,10000002,31034,323547.91,323547.91,323547.91,1,1
2017-12-02,10000002,31035,2324998.02,2324998.02,2324998.04,169,53
2017-12-02,10000002,31037,54999999,54999999,54999999,3,3
2017-12-02,10000002,31039,8348271.8,5300017.51,8699993.43,29,24
2017-12-02,10000002,31041,19772078.13,16403276.54,19999800,52,42
2017-12-02,10000002,31043,400000000,400000000,400000000,1,1
2017-12-02,10000002,31045,798542.93,798542.92,798542.96,357,169
2017-12-02,10000002,31046,228000,228000,228000,1,1
2017-12-02,10000002,31047,2789999.99,2789999,2794999.98,480,219
2017-12-02,10000002,31048,750000,750000,750000,5,5
2017-12-02,10000002,31051,7498091.57,7498091.53,7498093.44,202,114
2017-12-02,10000002,31053,31129990.43,31129989.68,31129991.79,188,146
2017-12-02,10000002,31055,2199999.7,2194999.9,2226998.93,1260,231
2017-12-02,10000002,31056,792000,792000,792000,5,5
2017-12-02,10000002,31057,7198999.99,7149999.99,7199638.48,695,109
2017-12-02,10000002,31059,18499963.93,17998999.66,18499982.35,796,241
2017-12-02,10000002,31061,490662184.14,475500332.57,494992999.95,27,17
2017-12-02,10000002,31063,649845.57,649845.57,649845.59,104,67
2017-12-02,10000002,31064,128990,128990,128990,1,1
2017-12-02,10000002,31065,2894496,2894493.93,2899984.99,181,111
2017-12-02,10000002,31066,780000,780000,780000,3,3
2017-12-02,10000002,31067,69199999.38,66000000.89,69999999,5,5
2017-12-02,10000002,31069,8031620.94,7999124.98,8844000,26,23
2017-12-02,10000002,31071,30999983.52,27425227.01,30999984.61,120,60
2017-12-02,10000002,31073,2768199.36,2764999.99,2769999,50,23
2017-12-02,10000002,31074,2201330.95,2201330.95,2201330.95,1,1
2017-12-02,10000002,31075,69535000.05,62560015.91,69999998.99,16,13
2017-12-02,10000002,31077,10999967,10999967,10999967,1,1
2017-12-02,10000002,31079,31708550.67,25001257,32000247.45,24,16
2017-12-02,10000002,31083,93681,93681,93681,842,66
2017-12-02,10000002,31084,199000,199000,199000,3,3
2017-12-02,10000002,31085,2690161.47,1877510.01,2749997.98,97,35
2017-12-02,10000002,31086,920000,920000,920000,3,3
2017-12-02,10000002,31089,8038400.9,7699999.99,8199999.94,48,22
2017-12-02,10000002,31091,30395450.32,27000001.08,30999991.78,44,23
2017-12-02,10000002,31105,198000,198000,199992,474,110
2017-12-02,10000002,31106,127500,127500,127500,1,1
2017-12-02,10000002,31107,899998.98,899998.98,899998.98,127,44
2017-12-02,10000002,31109,19199999,19199999,19199999,1,1
2017-12-02,10000002,31111,3900010.67,3900010.55,3900010.75,109,68
2017-12-02,10000002,31113,11225624.99,9787500,11446874.6,30,19
2017-12-02,10000002,31115,144899999.93,144899999.93,144899999.93,1,1
2017-12-02,10000002,31117,184798.89,184798.87,184798.89,147,48
2017-12-02,10000002,31118,125000,125000,125000,1,1
2017-12-02,10000002,31119,980999.86,980999.12,982884.02,873,177
2017-12-02,10000002,31120,1074999.36,750000,1399998.73,6,6
2017-12-02,10000002,31121,19099999,19099999,19099999,4,2
2017-12-02,10000002,31123,4924343.47,2503368.77,4999998.93,33,20
2017-12-02,10000002,31125,10148999.67,10148999.63,10148999.91,277,113
2017-12-02,10000002,31127,208000000,208000000,208000000,2,1
2017-12-02,10000002,31129,39430.53,861.09,78999.97,8,5
2017-12-02,10000002,31131,474974.33,474973,474976.66,11,6
2017-12-02,10000002,31132,750000,750000,750000,1,1
2017-12-02,10000002,31135,7999994.97,7999994.97,7999994.99,5,4
2017-12-02,10000002,31141,215989,215989,215989,6,2
2017-12-02,10000002,31142,2945950,2945950,2945950,1,1
2017-12-02,10000002,31143,749660.95,748996.94,749992.96,3,2
2017-12-02,10000002,31144,750000,750000,750000,1,1
2017-12-02,10000002,31147,2394384.31,2394384.31,2394384.31,1,1
2017-12-02,10000002,31149,10909090.88,10000000,10999999.97,11,3
2017-12-02,10000002,31153,244858.99,244858.97,244861,738,222
2017-12-02,10000002,31154,3075000,125000,7500000,5,5
2017-12-02,10000002,31155,1134979.82,950000,1134979.82,587,127
2017-12-02,10000002,31156,750000,750000,750000,2,2
2017-12-02,10000002,31157,29999999,29999999,29999999,2,2
2017-12-02,10000002,31159,249999.99,249999.99,250000,592,176
2017-12-02,10000002,31160,125000,125000,125000,3,3
2017-12-02,10000002,31161,1415000,1415000,1415000,583,123
2017-12-02,10000002,31162,2250000,750000,3750000,2,2
2017-12-02,10000002,31163,25052697.71,12200208.87,25200615,88,24
2017-12-02,10000002,31164,50000000,50000000,50000000,1,1
2017-12-02,10000002,31165,3341592.86,3341590.98,3341601,671,240
2017-12-02,10000002,31167,12898989.63,12898799.99,14998300,317,169
2017-12-02,10000002,31169,257909594.38,230000010.97,259998963.53,29,14
2017-12-02,10000002,31171,3749976.61,3699999.83,3749978.4,628,168
2017-12-02,10000002,31173,8999923.16,8999904.85,8999923.73,175,86
2017-12-02,10000002,31175,163999995.99,163999995.99,163999996,4,3
2017-12-02,10000002,31177,204108.98,204107,224872.72,836,213
2017-12-02,10000002,31178,125000,125000,125000,4,4
2017-12-02,10000002,31179,991988,990999.99,991995,272,115
2017-12-02,10000002,31180,1249999.99,1249999.99,1249999.99,1,1
2017-12-02,10000002,31181,21551000.91,21102002.82,21999999,6,2
2017-12-02,10000002,31183,2597999.85,2222580.25,2598999.61,501,180
2017-12-02,10000002,31185,10466000,10459999.99,10466898.99,249,100
2017-12-02,10000002,31187,208000000,208000000,208000000,1,1
2017-12-02,10000002,31189,887996.4,887994,887998,5,5
2017-12-02,10000002,31190,125000,125000,125000,2,2
2017-12-02,10000002,31191,570000,569999.99,570000,16,6
2017-12-02,10000002,31192,750000,750000,750000,1,1
2017-12-02,10000002,31195,2479477.06,1890000,3186849.89,11,5
2017-12-02,10000002,31197,15999999.84,15999999.84,15999999.84,1,1
2017-12-02,10000002,31201,164997.88,164996,164999.92,298,163
2017-12-02,10000002,31202,125000,125000,125000,3,3
2017-12-02,10000002,31203,789898,789897.98,789898,4,4
2017-12-02,10000002,31207,2424535.66,1746210.14,2459991.6,55,40
2017-12-02,10000002,31209,5569383.86,1300536.52,6991000,4,4
2017-12-02,10000002,31213,49989.56,49989.47,49989.98,900,351
2017-12-02,10000002,31214,565000,125000,1225000,5,5
2017-12-02,10000002,31215,257276.57,112027.03,342005.96,19,12
2017-12-02,10000002,31220,2672118.87,2500000,2672119.42,114,83
2017-12-02,10000002,31222,5482391,2789466.28,6459999.99,15,14
2017-12-02,10000002,31226,36000.14,30001,37000,7,3
2017-12-02,10000002,31227,125000,125000,125000,1,1
2017-12-02,10000002,31228,153034.5,56069,250000,4,3
2017-12-02,10000002,31229,750000,750000,750000,1,1
2017-12-02,10000002,31232,2462496.74,2250000,2499999.99,4,4
2017-12-02,10000002,31234,8190958.77,8190958.71,8190958.83,2,2
2017-12-02,10000002,31238,130982.76,129529.99,130989,249,120
2017-12-02,10000002,31239,125000,125000,125000,2,2
2017-12-02,10000002,31240,349998.99,349998.97,349999,4,3
2017-12-02,10000002,31244,1642287.03,1119193.69,1997989.8,42,19
2017-12-02,10000002,31246,5949499.99,5900000,5998999.98,2,2
2017-12-02,10000002,31250,110188.3,100000,167922,20,2
2017-12-02,10000002,31251,125000,125000,125000,1,1
2017-12-02,10000002,31252,48575.22,25000.01,498998.5,40,4
2017-12-02,10000002,31253,750000,750000,750000,1,1
2017-12-02,10000002,31258,7500000,7500000,7500000,1,1
2017-12-02,10000002,31262,89066.52,50604.42,110989.99,17,12
2017-12-02,10000002,31263,125000,125000,125000,1,1
2017-12-02,10000002,31264,203427.45,56000,399997.38,7,3
2017-12-02,10000002,31265,750000,750000,750000,1,1
2017-12-02,10000002,31268,2154945.37,40484.77,2389885.21,10,8
2017-12-02,10000002,31270,14999990.71,14999990.71,14999990.71,1,1
2017-12-02,10000002,31274,250000,250000,250000,305,55
2017-12-02,10000002,31275,368211.54,125000,611423.08,4,4
2017-12-02,10000002,31276,998288.4,962500,999989.99,44,12
2017-12-02,10000002,31277,750000,750000,750000,1,1
2017-12-02,10000002,31278,20999999,20999999,20999999,3,1
2017-12-02,10000002,31280,1500555.43,1500555.41,2299998.83,409,89
2017-12-02,10000002,31282,9199999.18,9199998.72,9199999.8,29,21
2017-12-02,10000002,31286,147885.61,147880,147885.84,203,31
2017-12-02,10000002,31287,125000,125000,125000,1,1
2017-12-02,10000002,31288,489271.37,240004.02,489755.99,81,23
2017-12-02,10000002,31289,750000,750000,750000,1,1
2017-12-02,10000002,31292,2670652.01,2400000,2689984.29,15,9
2017-12-02,10000002,31294,6981553.56,1000409.15,7299997.02,22,17
2017-12-02,10000002,31298,144938.98,144938.98,144938.99,377,29
2017-12-02,10000002,31299,125000,125000,125000,1,1
2017-12-02,10000002,31300,435527.15,220004.16,449984.99,74,19
2017-12-02,10000002,31301,750000,750000,750000,1,1
2017-12-02,10000002,31304,3243505.51,2900000,3269929.01,28,4
2017-12-02,10000002,31306,9799998.05,9799998,9799998.37,15,7
2017-12-02,10000002,31310,249993.96,249993.94,258460.5,107,33
2017-12-02,10000002,31312,1498888.5,1498874.99,1498900,32,7
2017-12-02,10000002,31316,2650073.36,1000000.34,2800080,12,7
2017-12-02,10000002,31318,10342989.43,10342985,10342996.08,5,3
2017-12-02,10000002,31322,247999.97,247997.95,247999.98,483,65
2017-12-02,10000002,31323,350000,125000,650000,7,5
2017-12-02,10000002,31324,1199957.99,1199957.97,1199958,212,31
2017-12-02,10000002,31325,750000,750000,750000,1,1
2017-12-02,10000002,31328,2680435.96,2680435.96,2680435.96,123,18
2017-12-02,10000002,31330,11050535.26,6072499.58,11088998.79,12,10
2017-12-02,10000002,31334,449999,449999,449999,1,1
2017-12-02,10000002,31335,125000,125000,125000,1,1
2017-12-02,10000002,31337,750000,750000,750000,1,1
2017-12-02,10000002,31340,6959799.53,6298999.97,7999998.83,15,9
2017-12-02,10000002,31342,6981445.81,2500115.44,9222111,9,8
2017-12-02,10000002,31346,22393.8,22393.8,22393.8,3,2
2017-12-02,10000002,31347,125000,125000,125000,1,1
2017-12-02,10000002,31348,649998.98,649998.98,649998.98,4,1
2017-12-02,10000002,31349,750000,750000,750000,1,1
2017-12-02,10000002,31358,624499.98,624499.95,624499.99,1086,323
2017-12-02,10000002,31359,125000,125000,125000,5,5
2017-12-02,10000002,31360,2889999.99,2849918.36,2916999.77,1245,366
2017-12-02,10000002,31361,750000,750000,750000,3,3
2017-12-02,10000002,31362,76399948.47,76399695.8,76399999,6,2
2017-12-02,10000002,31364,3598998.42,3390010.11,3598998.76,577,155
2017-12-02,10000002,31366,21194798.97,21193500,21194799.96,427,227
2017-12-02,10000002,31370,228998.44,228998.44,228998.44,368,167
2017-12-02,10000002,31371,125000,125000,125000,1,1
2017-12-02,10000002,31372,999780.78,999780.68,999781,1119,309
2017-12-02,10000002,31373,2099999.57,750000,3899999,7,6
2017-12-02,10000002,31374,22646591.16,21400000.03,22699998.98,49,22
2017-12-02,10000002,31376,3699992.95,3699990.98,3699993.79,191,77
2017-12-02,10000002,31378,8842750,8837799.25,8842999.65,599,278
2017-12-02,10000002,31380,155070873.24,143000001.02,156793999.99,16,11
2017-12-02,10000002,31382,416296.29,400000,448888.88,6,5
2017-12-02,10000002,31383,125000,125000,125000,1,1
2017-12-02,10000002,31384,2052380.51,1999999.98,2099999,21,9
2017-12-02,10000002,31385,750000,750000,750000,1,1
2017-12-02,10000002,31388,4100000,4100000,4100000,1,1
2017-12-02,10000002,31390,8999991.09,8999987.61,8999998,6,5
2017-12-02,10000002,31394,289387.94,189886.99,388888.88,4,4
2017-12-02,10000002,31395,125000,125000,125000,1,1
2017-12-02,10000002,31396,450000,450000,450000,1,1
2017-12-02,10000002,31397,750000,750000,750000,1,1
2017-12-02,10000002,31400,2788498.68,2788498,2788499.36,4,3
2017-12-02,10000002,31402,4500000,4500000,4500000,1,1
2017-12-02,10000002,31406,501035.16,331001.36,503994.64,51,35
2017-12-02,10000002,31407,125000,125000,125000,1,1
2017-12-02,10000002,31408,2152802.3,1100000.14,2299968,53,33
2017-12-02,10000002,31409,750000,750000,750000,2,2
2017-12-02,10000002,31410,48999786.38,48999700,48999799.99,15,9
2017-12-02,10000002,31412,4928366.5,4500000,5389999.94,24,18
2017-12-02,10000002,31414,15641383.57,10000009.66,16000004.17,29,23
2017-12-02,10000002,31418,139994.71,139994,139994.99,70,8
2017-12-02,10000002,31420,367494.5,360000,374988.99,2,2
2017-12-02,10000002,31430,410019,410019,410019,51,3
2017-12-02,10000002,31438,2231459.23,2990,2900000,13,3
2017-12-02,10000002,31442,148999.93,148999.93,148999.93,136,37
2017-12-02,10000002,31444,268501.72,170003.06,399999.9,14,7
2017-12-02,10000002,31448,1869444.29,1867000,1899997.97,27,8
2017-12-02,10000002,31450,6999774.95,6999774.95,6999774.95,2,2
2017-12-02,10000002,31452,58799998.78,58799998.78,58799998.78,1,1
2017-12-02,10000002,31454,139998.75,139998.72,139998.76,222,64
2017-12-02,10000002,31455,195996,195996,195996,2,2
2017-12-02,10000002,31456,635703.81,91001.56,687998.99,34,13
2017-12-02,10000002,31460,2277498.72,2277497.95,2277498.97,12,11
2017-12-02,10000002,31462,6350328.28,1250005.7,6987868.6,9,8
2017-12-02,10000002,31464,63999955.91,63999955.91,63999955.91,1,1
2017-12-02,10000002,31466,204280.18,118.19,219984.99,56,4
2017-12-02,10000002,31468,147591.68,11111.11,159999,12,4
2017-12-02,10000002,31474,6377054.54,6377054.54,6377054.54,1,1
2017-12-02,10000002,31478,208983.04,208968,208983.05,217,55
2017-12-02,10000002,31480,392561.72,45011.17,419999.92,41,19
2017-12-02,10000002,31482,8799999,8799999,8799999,2,2
2017-12-02,10000002,31484,2099939.69,2099939.51,2099940.13,168,56
2017-12-02,10000002,31486,3999633.31,2785151.14,3999680.58,193,60
2017-12-02,10000002,31488,129999999,129999999,129999999,1,1
2017-12-02,10000002,31490,450009.47,449984.98,450009.96,51,3
2017-12-02,10000002,31492,647999.99,647999.99,647999.99,6,2
2017-12-02,10000002,31493,11999999,11999999,11999999,1,1
2017-12-02,10000002,31496,3436191.67,3400000,3443430,6,3
2017-12-02,10000002,31498,8967881.81,8967880.9,8967883.62,6,4
2017-12-02,10000002,31500,64000000,64000000,64000000,2,2
2017-12-02,10000002,31502,569990.67,520000,594986,3,3
2017-12-02,10000002,31504,2400000,2400000,2400000,3,3
2017-12-02,10000002,31514,649999.9,649999.9,649999.9,7,6
2017-12-02,10000002,31516,1974999.99,499999.98,3449999.99,2,2
2017-12-02,10000002,31526,1489996.58,909023.01,1489997.73,151,49
2017-12-02,10000002,31528,4763841.87,1541009.15,5499846.65,38,20
2017-12-02,10000002,31530,134699999,134699999,134699999,1,1
2017-12-02,10000002,31532,1895051.8,1405200.08,1899999.8,100,28
2017-12-02,10000002,31534,11898999.19,11898998.8,11898999.57,8,8
2017-12-02,10000002,31538,1249965.43,1249964.79,1249998,276,81
2017-12-02,10000002,31539,1239995,1239995,1239995,1,1
2017-12-02,10000002,31540,5585203.02,2001291.6,5789998,37,18
2017-12-02,10000002,31544,1799997.85,1799995.99,1799997.96,52,22
2017-12-02,10000002,31546,8796996.89,8796996.88,8796996.9,24,9
2017-12-02,10000002,31550,499999.99,499999.99,499999.99,2,2
2017-12-02,10000002,31552,541098.8,541098.8,541098.8,220,4
2017-12-02,10000002,31562,999997.68,999997.68,999997.68,212,20
2017-12-02,10000002,31563,769998.94,769998.94,769998.94,2,2
2017-12-02,10000002,31564,2925876.6,1705216.46,3499997.93,25,4
2017-12-02,10000002,31568,2000087.08,2000087.01,2488968.97,151,21
2017-12-02,10000002,31570,3921408.38,2667777.23,4199993,33,18
2017-12-02,10000002,31574,274588.88,225013.33,309999.99,12,8
2017-12-02,10000002,31576,1421875.02,150000.07,2000000,32,5
2017-12-02,10000002,31582,6161418.78,694090.21,6999315,8,7
2017-12-02,10000002,31584,162999787.37,162999787.37,162999787.37,2,1
2017-12-02,10000002,31586,443999.4,443998.7,443999.4,247,90
2017-12-02,10000002,31588,1267373.78,995996,1279998.98,80,35
2017-12-02,10000002,31592,3485606.97,3300002.12,3519887.87,42,30
2017-12-02,10000002,31594,13459463.6,10603109.18,14199999.97,34,32
2017-12-02,10000002,31598,298000,298000,298000,157,31
2017-12-02,10000002,31600,1284970.99,1284970.99,1284970.99,208,50
2017-12-02,10000002,31604,2222221.3,2199999.34,2600000,511,56
2017-12-02,10000002,31606,11688555.4,10000005.25,11899477.74,63,49
2017-12-02,10000002,31608,217979,217979,217979,86,15
2017-12-02,10000002,31610,1603127.03,1411003.09,1614989,96,35
2017-12-02,10000002,31611,750000,750000,750000,1,1
2017-12-02,10000002,31612,30999999,30999999,30999999,1,1
2017-12-02,10000002,31614,3758151.82,3600000,3889944.99,11,11
2017-12-02,10000002,31616,12648637.44,7200005.15,12799988.24,37,21
2017-12-02,10000002,31620,367500,367500,367500,263,101
2017-12-02,10000002,31622,1637145.51,995995.76,1689998.97,41,38
2017-12-02,10000002,31624,44999999,44999999,44999999,2,2
2017-12-02,10000002,31626,3092491.02,2900000,3149987.23,60,26
2017-12-02,10000002,31628,11392935.18,10999994.97,13999955.74,28,25
2017-12-02,10000002,31632,189192,189192,189192,104,22
2017-12-02,10000002,31634,1116082.18,1099999.99,1148999.97,71,11
2017-12-02,10000002,31638,2418055.18,2399999.99,2599998.73,16,10
2017-12-02,10000002,31640,14141993.19,12000000.2,14498992.76,14,13
2017-12-02,10000002,31644,1002.33,1002.33,1002.33,339,43
2017-12-02,10000002,31646,1274574.74,1260000,1744996.57,47,14
2017-12-02,10000002,31648,32999999,32999999,32999999,4,3
2017-12-02,10000002,31650,3599984.81,3599982.4,3599986.17,37,23
2017-12-02,10000002,31652,12252330.38,9500004.19,12730995.88,27,24
2017-12-02,10000002,31656,75919.08,75919.07,75919.08,59,10
2017-12-02,10000002,31657,125000,125000,125000,1,1
2017-12-02,10000002,31658,349000,349000,349000,27,7
2017-12-02,10000002,31659,750000,750000,750000,1,1
2017-12-02,10000002,31664,23889955.07,22459950.88,24459953,7,7
2017-12-02,10000002,31668,167600.93,99999,167600.93,216,38
2017-12-02,10000002,31669,125000,125000,125000,1,1
2017-12-02,10000002,31670,242959.86,1422.43,449991.91,52,15
2017-12-02,10000002,31671,750000,750000,750000,1,1
2017-12-02,10000002,31674,2301281.91,2199999.99,2400000,39,23
2017-12-02,10000002,31676,19666563.71,18999900,19999895.56,3,3
2017-12-02,10000002,31680,119998,99999,119998.87,317,62
2017-12-02,10000002,31681,125000,125000,125000,1,1
2017-12-02,10000002,31682,457981.45,200013.16,599898,28,17
2017-12-02,10000002,31683,1000000,750000,1250000,2,2
2017-12-02,10000002,31684,11999999,11999999,11999999,1,1
2017-12-02,10000002,31686,4560755.43,2150000.25,4699995.48,79,30
2017-12-02,10000002,31688,10229878.48,6000034.03,14459722.92,2,2
2017-12-02,10000002,31692,47802.58,3313.54,65997,14,5
2017-12-02,10000002,31693,125000,125000,125000,1,1
2017-12-02,10000002,31694,1599971.98,1599971.98,1599971.98,3,3
2017-12-02,10000002,31695,750000,750000,750000,1,1
2017-12-02,10000002,31698,1899999.99,1899999.99,1899999.99,12,6
2017-12-02,10000002,31700,10101006.93,10101006.92,10101006.93,4,4
2017-12-02,10000002,31704,84979.98,84979.98,84979.98,32,1
2017-12-02,10000002,31705,125000,125000,125000,2,2
2017-12-02,10000002,31706,374990.46,374989.98,374991.91,16,10
2017-12-02,10000002,31707,750000,750000,750000,2,2
2017-12-02,10000002,31708,7999999,7999999,7999999,6,3
2017-12-02,10000002,31710,7195974.45,7195974.41,7195974.48,2,2
2017-12-02,10000002,31712,9250311.63,9099998.93,9776406,9,8
2017-12-02,10000002,31714,259999898.68,259999898.67,259999898.68,4,3
2017-12-02,10000002,31716,49999.93,49000,50000,1630,316
2017-12-02,10000002,31717,156208.33,125000,500000,24,5
2017-12-02,10000002,31718,217799.97,217000,218889.91,1669,335
2017-12-02,10000002,31719,1024999.5,750000,1299999,4,4
2017-12-02,10000002,31720,5435873.25,4999999,8986992,8,7
2017-12-02,10000002,31722,2300000,2300000,2300000,1367,198
2017-12-02,10000002,31724,3799999.91,3583694.7,3839999.6,788,355
2017-12-02,10000002,31726,64997759.75,64995000,64999000,25,20
2017-12-02,10000002,31728,98974.52,14000.01,149956.89,16,8
2017-12-02,10000002,31730,192818.45,110001.87,198999.98,66,19
2017-12-02,10000002,31731,750000,750000,750000,2,2
2017-12-02,10000002,31734,2199996.92,2199996.91,2199996.94,18,7
2017-12-02,10000002,31736,3869493.63,3300000.57,3974967.86,32,21
2017-12-02,10000002,31738,67800000,67800000,67800000,2,2
2017-12-02,10000002,31740,44987,44987,44988,112,51
2017-12-02,10000002,31741,231666.67,122500,450000,3,3
2017-12-02,10000002,31742,244998.96,244998.96,244998.96,437,57
2017-12-02,10000002,31743,750000,750000,750000,2,2
2017-12-02,10000002,31744,4199999,4199999,4199999,1,1
2017-12-02,10000002,31746,1775187.62,975000.09,1801000,32,18
2017-12-02,10000002,31748,4400000,4400000,4400000,143,80
2017-12-02,10000002,31750,79999990,79999990,79999990,2,2
2017-12-02,10000002,31752,51998.99,51998.97,51998.99,1053,163
2017-12-02,10000002,31753,122500,120000,125000,2,2
2017-12-02,10000002,31754,259000,259000,259000,644,187
2017-12-02,10000002,31755,733333.33,700000,750000,3,3
2017-12-02,10000002,31756,6766665.77,300000.32,9999998.5,3,3
2017-12-02,10000002,31758,2121174.71,1999999.99,2186998.99,96,61
2017-12-02,10000002,31760,4399999.9,4399999.9,4399999.95,508,192
2017-12-02,10000002,31762,65064510.52,64992000,66002148.4,14,13
2017-12-02,10000002,31764,26459.94,26459.94,26459.94,111,12
2017-12-02,10000002,31765,249999.99,249999.99,249999.99,1,1
2017-12-02,10000002,31766,295999.95,295999.95,295999.95,4,3
2017-12-02,10000002,31768,2879798.6,2798997,2899999,5,4
2017-12-02,10000002,31770,1998999.76,1998997.99,1998999.98,9,6
2017-12-02,10000002,31772,3668430.77,3499999.99,3769999,51,29
2017-12-02,10000002,31774,46566664.44,40000000.22,48999996.96,30,20
2017-12-02,10000002,31776,273996,273996,273996,4,2
2017-12-02,10000002,31777,499999.98,499999.98,499999.98,1,1
2017-12-02,10000002,31778,14000.01,14000.01,14000.01,101,2
2017-12-02,10000002,31779,2999998.97,2999998.97,2999998.97,1,1
2017-12-02,10000002,31782,2239997,2239997,2239997,1,1
2017-12-02,10000002,31784,2400000,2400000,2400000,6,1
2017-12-02,10000002,31788,555555,555554.97,625000,1630,343
2017-12-02,10000002,31789,307499.5,125000,489999,6,6
2017-12-02,10000002,31790,1994999.99,1994998.94,1995000,4190,578
2017-12-02,10000002,31791,875000,750000,1000000,10,10
2017-12-02,10000002,31792,39300960.82,39100961,39300961,359,66
2017-12-02,10000002,31793,68998000,68997999.99,68998000,2,2
2017-12-02,10000002,31794,6459999.24,6429999.94,6459999.95,1338,224
2017-12-02,10000002,31796,18947988.73,18946997.2,18947991.35,1457,456
2017-12-02,10000002,31798,421040763.08,398999975.1,644988951.24,23,19
2017-12-02,10000002,31800,419111,398999.98,500000,68,36
2017-12-02,10000002,31801,148996.99,148996.99,148996.99,1,1
2017-12-02,10000002,31802,1545579.97,1545569.99,1545579.97,1118,146
2017-12-02,10000002,31803,870000,750000,1230000,4,4
2017-12-02,10000002,31804,39999999,39999999,39999999,3,1
2017-12-02,10000002,31810,5999996.86,5999996,5999996.95,18,13
2017-12-02,10000002,31812,19297999.6,19297989.9,19299999.79,300,111
2017-12-02,10000002,31816,200000,199999.99,200000,6,4
2017-12-02,10000002,31817,500000,500000,500000,1,1
2017-12-02,10000002,31818,930523.22,209999.67,1528998.99,21,13
2017-12-02,10000002,31819,750000,750000,750000,1,1
2017-12-02,10000002,31820,40583332.92,39999999,41000000,12,8
2017-12-02,10000002,31822,7429994.07,7429994.06,7429994.07,23,4
2017-12-02,10000002,31824,21703696.41,20000005.05,21999989.58,27,20
2017-12-02,10000002,31864,2196805.87,2196801.49,2196808.35,341,60
2017-12-02,10000002,31866,3435471.26,3435471.25,4149999.49,511,61
2017-12-02,10000002,31868,5499999.99,5399993.94,5500000,318,67
2017-12-02,10000002,31870,3889449,3555000.09,3989999.84,1418,138
2017-12-02,10000002,31872,2289999.6,2289999.6,2289999.6,538,106
2017-12-02,10000002,31874,3978982.05,3688888,3978982.08,594,148
2017-12-02,10000002,31876,3899996.83,3899996.81,3899997.38,1536,170
2017-12-02,10000002,31878,5184995.56,5184995.56,5184995.56,303,98
2017-12-02,10000002,31880,1390171.21,1349177.62,1390172,893,153
2017-12-02,10000002,31882,1681038.71,1681027.76,1690000.04,3844,207
2017-12-02,10000002,31884,2299996,2279999.98,2299998.36,1327,194
2017-12-02,10000002,31886,2899942.99,2779998.99,2899943,369,76
2017-12-02,10000002,31888,1343999,1343998.98,1435000,490,83
2017-12-02,10000002,31890,1799998.49,1749998,1799998.91,539,84
2017-12-02,10000002,31892,2099998.92,2099998.82,2099998.92,1637,88
2017-12-02,10000002,31894,2659996.03,2499999.98,2668994.01,409,57
2017-12-02,10000002,31896,682926.82,500000,799999.98,41,4
2017-12-02,10000002,31898,4500000,4500000,4500000,1,1
2017-12-02,10000002,31900,42199996,42199995.1,42199996,486,146
2017-12-02,10000002,31902,32351305.22,31999998.99,32984999.45,39,34
2017-12-02,10000002,31904,8805082.31,7408818.24,9104281.97,17,14
2017-12-02,10000002,31906,11537552,3701437.12,11998499.95,18,9
2017-12-02,10000002,31908,12986531.13,12900005,13019000.98,17,12
2017-12-02,10000002,31910,13495468.4,7000612.05,32980037.44,8,4
2017-12-02,10000002,31916,23296399.56,22980034.72,29999999.99,8,8
2017-12-02,10000002,31918,16195241.81,16000002.51,24599982.99,21,7
2017-12-02,10000002,31922,3313156.49,2603429.79,3499998.77,40,22
2017-12-02,10000002,31924,3075000,2899999.95,3075000,128,35
2017-12-02,10000002,31926,12674719.46,11897758.11,12984354.71,78,49
2017-12-02,10000002,31928,10883999,10879000,10884966.92,642,252
2017-12-02,10000002,31930,41999995,40000004.27,43999988.54,305,159
2017-12-02,10000002,31932,31999896.94,29444451.32,31999899.5,505,249
2017-12-02,10000002,31936,8921818.45,7655002.69,9299999.9,77,54
2017-12-02,10000002,31942,33660067.02,29200008.13,36969999.49,69,46
2017-12-02,10000002,31944,31258551.49,29487624.17,31999998.58,91,68
2017-12-02,10000002,31946,36022541.01,33045081.37,38999999,6,4
2017-12-02,10000002,31950,113104.34,113104.34,113104.34,1,1
2017-12-02,10000002,31952,41799999,41499071.67,44999998.49,259,130
2017-12-02,10000002,31955,69298098.84,69298098.84,69298098.84,1,1
2017-12-02,10000002,31974,29203000,29203000,29203000,1,1
2017-12-02,10000002,31975,33007330.31,33007330.31,33007330.31,2,2
2017-12-02,10000002,31976,79001099,79001099,79001099,1,1
2017-12-02,10000002,31978,94999999.95,94999999.95,94999999.95,1,1
2017-12-02,10000002,31982,22649.9,22649.9,22649.9,2208,51
2017-12-02,10000002,31990,46500.06,46500,46500.25,19460,86
2017-12-02,10000002,31998,53397.98,53397.98,53397.98,7305,122
2017-12-02,10000002,32006,119999.98,116201.67,128987.64,56108,723
2017-12-02,10000002,32014,238979.24,238978.99,238979.33,18441,561
2017-12-02,10000002,32025,510623.19,63794.2,599988.99,6,6
2017-12-02,10000002,32026,125000,125000,125000,2,2
2017-12-02,10000002,32027,1525697.76,270431.08,1570430.78,33,19
2017-12-02,10000002,32028,750000,750000,750000,1,1
2017-12-02,10000002,32029,8100960.55,8100960.55,8100960.55,1,1
2017-12-02,10000002,32031,28344868.99,28344865.99,28344874.98,3,2
2017-12-02,10000002,32033,269999.88,269999.88,269999.88,7,6
2017-12-02,10000002,32034,125000,125000,125000,2,2
2017-12-02,10000002,32035,2999991.43,2999984.99,2999999.5,9,8
2017-12-02,10000002,32036,826666.67,750000,980000,3,3
2017-12-02,10000002,32037,305000.49,305000.49,305000.49,1,1
2017-12-02,10000002,32039,34995749.12,34995000,34995998.84,4,4
2017-12-02,10000002,32041,638125.27,627897.98,699599.99,7,5
2017-12-02,10000002,32042,125000,125000,125000,2,2
2017-12-02,10000002,32043,1980692.55,1621154.04,1999998.93,65,27
2017-12-02,10000002,32044,750000,750000,750000,2,2
2017-12-02,10000002,32045,10100750.66,10100750.66,10100750.66,4,3
2017-12-02,10000002,32047,32695395.18,32689999.95,32699998.99,50,23
2017-12-02,10000002,32050,125000,125000,125000,2,2
2017-12-02,10000002,32051,1400000,1400000,1400000,1,1
2017-12-02,10000002,32052,750000,750000,750000,2,2
2017-12-02,10000002,32057,402317.94,2098.07,428999,32,17
2017-12-02,10000002,32058,125000,125000,125000,1,1
2017-12-02,10000002,32059,1232478.56,503008.54,2249977.99,20,11
2017-12-02,10000002,32060,756916.67,750000,999000,36,4
2017-12-02,10000002,32061,6800000.02,6800000.02,6800000.02,1,1
2017-12-02,10000002,32063,30135532.35,17300003.38,31739974.59,9,9
2017-12-02,10000002,32069,157996,157996,157996,2,2
2017-12-02,10000002,32070,125000,125000,125000,3,3
2017-12-02,10000002,32071,1281369.33,1100500,1291999,18,9
2017-12-02,10000002,32072,750000,750000,750000,2,2
2017-12-02,10000002,32075,33991903.2,30000000,34989879,5,2
2017-12-02,10000002,32081,337999,337999,337999,3,2
2017-12-02,10000002,32082,125000,125000,125000,1,1
2017-12-02,10000002,32083,2143888.27,2000000,2377422.55,34,15
2017-12-02,10000002,32084,750000,750000,750000,1,1
2017-12-02,10000002,32087,34157815.67,34157815,34157816,6,4
2017-12-02,10000002,32090,125000,125000,125000,1,1
2017-12-02,10000002,32092,750000,750000,750000,1,1
2017-12-02,10000002,32099,4999999.58,4999999.58,4999999.58,1,1
2017-12-02,10000002,32102,13750000.01,12500000.01,15000000,2,2
2017-12-02,10000002,32111,6999997,6999997,6999997,1,1
2017-12-02,10000002,32246,22234394.57,20100043.31,22969989.58,41,7
2017-12-02,10000002,32248,1497791.3,1000011.05,2990000,53,10
2017-12-02,10000002,32254,389000420.27,362501672.96,399999989.9,7,7
2017-12-02,10000002,32260,434999999.98,434999999.98,434999999.98,1,1
2017-12-02,10000002,32262,255249469.2,238000860.01,263873773.8,3,3
2017-12-02,10000002,32305,573336672.33,430020020,644994998.5,3,3
2017-12-02,10000002,32307,467001501.47,419009009.09,475999999.96,6,6
2017-12-02,10000002,32309,484500000.64,484000003.3,484999997.99,4,4
2017-12-02,10000002,32311,396335134.34,358010806.1,403999999.99,6,6
2017-12-02,10000002,32325,7172067.61,7095406.09,7593700,13,3
2017-12-02,10000002,32326,320000000,320000000,320000000,1,1
2017-12-02,10000002,32339,102237282.76,100000000,107999873,42,29
2017-12-02,10000002,32342,4024399.12,4024399.12,4024399.13,32,2
2017-12-02,10000002,32345,319000000,319000000,319000000,1,1
2017-12-02,10000002,32414,47888887.55,47888886.73,47888887.96,3,3
2017-12-02,10000002,32422,678333372.35,675000117.08,679999999.99,3,3
2017-12-02,10000002,32435,15571428.29,15000000,16299999.5,14,11
2017-12-02,10000002,32444,57583277.99,54899999.96,60000000,76,24
2017-12-02,10000002,32445,54371388,54371388,54371388,2,2
2017-12-02,10000002,32458,576663160.78,550000000,629989482.34,6,5
2017-12-02,10000002,32459,1675.95,111.78,12499.9,36,27
2017-12-02,10000002,32772,519994.96,479999.99,519997.94,548,169
2017-12-02,10000002,32774,36909.96,28503,39496,82,59
2017-12-02,10000002,32780,942899.98,942888.98,942899.99,313,162
2017-12-02,10000002,32782,6.02,6.02,6.02,165630,44
2017-12-02,10000002,32783,120000,120000,120000,4,4
2017-12-02,10000002,32787,20999.99,20999,21000,1961,306
2017-12-02,10000002,32797,500000,500000,500000,117,71
2017-12-02,10000002,32809,481002000,481002000,481002000,1,1
2017-12-02,10000002,32817,1799893.13,1799879,1799903,28,12
2017-12-02,10000002,32818,750000,750000,750000,2,2
2017-12-02,10000002,32819,744999.9,744999.89,745000,151,56
2017-12-02,10000002,32820,750000,750000,750000,1,1
2017-12-02,10000002,32853,93749999.74,92999999.99,93999999.97,4,4
2017-12-02,10000002,32854,3000000,3000000,3000000,1,1
2017-12-02,10000002,32858,188200,188000,189999.99,10,8
2017-12-02,10000002,32859,188000,188000,188000,4,4
2017-12-02,10000002,32860,173083.5,12200.4,288000,12,4
2017-12-02,10000002,32861,487999,487999,487999,1,1
2017-12-02,10000002,32862,2800000,2800000,2800000,1,1
2017-12-02,10000002,32863,3000000,3000000,3000000,3,3
2017-12-02,10000002,32864,1320000,1320000,1320000,1,1
2017-12-02,10000002,32865,606000,606000,606000,1,1
2017-12-02,10000002,32866,524000,499000,549000,2,2
2017-12-02,10000002,32867,82655.33,82633,82699.99,3,3
2017-12-02,10000002,32871,1890000,1888000,1899999.99,6,6
2017-12-02,10000002,32872,1358000,1300000,1358984.98,232,97
2017-12-02,10000002,32873,9275000,9200000,9500000,4,4
2017-12-02,10000002,32874,1240988.36,1057009.01,1300000,35,27
2017-12-02,10000002,32875,9712500,9700000,9800000,8,6
2017-12-02,10000002,32876,1201999.99,1100110.06,1204499.93,151,100
2017-12-02,10000002,32877,8552663.86,5400500.1,8795138,14,12
2017-12-02,10000002,32878,1070706.73,813006.8,1149998.98,34,19
2017-12-02,10000002,32879,8480000,8480000,8480000,11,9
2017-12-02,10000002,32880,237000.92,213001.74,237986.89,1003,356
2017-12-02,10000002,32881,4974409.94,4789999.98,6895959.69,12,12
2017-12-02,10000002,32918,26749.93,24895.29,40000,52,50
2017-12-02,10000002,32982,29909360,20000000.04,29986000,25,9
2017-12-02,10000002,32993,1005.38,1005.38,1005.38,3598,12
2017-12-02,10000002,32994,1931.8,1931.8,1931.8,5711,10
2017-12-02,10000002,32995,1000.01,1000.01,1000.01,2795,10
2017-12-02,10000002,32999,200000,200000,200000,120,73
2017-12-02,10000002,33000,200000,200000,200000,112,69
2017-12-02,10000002,33001,200000,200000,200000,109,63
2017-12-02,10000002,33002,200000,200000,200000,103,57
2017-12-02,10000002,33003,333990.91,333990.91,333992,144,27
2017-12-02,10000002,33004,4126000,4126000,4126000,3,3
2017-12-02,10000002,33005,369989.96,369989,369989.98,133,35
2017-12-02,10000002,33006,2032666.65,1999000,2099999.96,3,3
2017-12-02,10000002,33007,106179.51,89999.99,999998,89,41
2017-12-02,10000002,33008,599000,599000,599000,3,3
2017-12-02,10000002,33009,22013.45,22013.45,22013.45,264,36
2017-12-02,10000002,33010,322000,322000,322000,3,3
2017-12-02,10000002,33011,16984.94,16984.94,16984.94,172,35
2017-12-02,10000002,33012,166000,166000,166000,4,4
2017-12-02,10000002,33015,3998986.97,3998986.97,3998986.97,1,1
2017-12-02,10000002,33018,15000.02,15000.02,15000.02,1,1
2017-12-02,10000002,33019,7500.02,7500.02,7500.02,1,1
2017-12-02,10000002,33020,300000.13,300000.13,300000.13,1,1
2017-12-02,10000002,33021,1000000.23,1000000.23,1000000.23,2,2
2017-12-02,10000002,33022,2000.01,2000.01,2000.01,1,1
2017-12-02,10000002,33023,55555,55555,55555,1,1
2017-12-02,10000002,33024,10000.07,10000.07,10000.07,2,2
2017-12-02,10000002,33025,1000.01,1000.01,1000.01,1,1
2017-12-02,10000002,33026,1000.01,1000.01,1000.01,3,3
2017-12-02,10000002,33027,7777777.78,7777777.78,7777777.78,3,3
2017-12-02,10000002,33028,400000.34,400000.34,400000.34,1,1
2017-12-02,10000002,33030,145011.69,145011.69,145011.69,1,1
2017-12-02,10000002,33031,1000,1000,1000,1,1
2017-12-02,10000002,33033,1000,1000,1000,1,1
2017-12-02,10000002,33035,1000,1000,1000,1,1
2017-12-02,10000002,33037,1000,1000,1000,1,1
2017-12-02,10000002,33038,1000,1000,1000,1,1
2017-12-02,10000002,33039,1000,1000,1000,2,2
2017-12-02,10000002,33041,1000,1000,1000,1,1
2017-12-02,10000002,33042,1000,1000,1000,1,1
2017-12-02,10000002,33043,1000,1000,1000,2,2
2017-12-02,10000002,33046,1000,1000,1000,1,1
2017-12-02,10000002,33048,1000,1000,1000,1,1
2017-12-02,10000002,33053,1000,1000,1000,2,2
2017-12-02,10000002,33054,1000,1000,1000,1,1
2017-12-02,10000002,33057,1000,1000,1000,1,1
2017-12-02,10000002,33058,229997.63,10000.29,449994.97,2,2
2017-12-02,10000002,33059,110540,110540,110540,3,2
2017-12-02,10000002,33060,100000.09,100000.09,100000.09,1,1
2017-12-02,10000002,33061,2000000,2000000,2000000,2,1
2017-12-02,10000002,33062,303000,303000,303000,2,2
2017-12-02,10000002,33063,259666.67,223000,333000,3,3
2017-12-02,10000002,33066,1000.01,1000.01,1000.01,2,2
2017-12-02,10000002,33076,275000,265000.15,283999.88,4265,569
2017-12-02,10000002,33078,1000000,1000000,1000000,350,134
2017-12-02,10000002,33079,647089998.99,647089998.99,647089998.99,1,1
2017-12-02,10000002,33091,100000,100000,100000,205,72
2017-12-02,10000002,33092,100000,51004.47,119999.99,189,157
2017-12-02,10000002,33093,100000,100000,119999,175,132
2017-12-02,10000002,33094,100000,100000,128996.99,144,101
2017-12-02,10000002,33095,1152075.71,1000000,1239591,69,64
2017-12-02,10000002,33096,1399884.99,1000000,1399896.73,104,98
2017-12-02,10000002,33097,1000000,1000000,1000000,223,93
2017-12-02,10000002,33098,1162446.04,1000000,1284953.41,80,77
2017-12-02,10000002,33101,339989.9,290470.01,392786.15,521,275
2017-12-02,10000002,33103,149949.89,149949.85,149949.9,171,57
2017-12-02,10000002,33138,1586290.75,1470001.03,1700000,62,25
2017-12-02,10000002,33139,2949038.75,1980004.29,3899995.98,52,26
2017-12-02,10000002,33140,15279003.51,14503009.69,16089981,118,41
2017-12-02,10000002,33141,15697786.89,12953213.5,15697886.87,165,47
2017-12-02,10000002,33149,15159961.65,10900054.38,17999899.84,5,4
2017-12-02,10000002,33151,156736138.99,146055463.02,163979998.34,64,49
2017-12-02,10000002,33153,256676876.94,225101003.54,289999999.97,8,8
2017-12-02,10000002,33155,331999277.5,329999346.87,339998999.99,5,5
2017-12-02,10000002,33157,153608084.62,152500000,157199999.92,37,26
2017-12-02,10000002,33176,59999.95,59999.95,59999.95,571,161
2017-12-02,10000002,33177,1599999.99,1599999.99,1599999.99,2,2
2017-12-02,10000002,33178,70999.95,70999.95,70999.95,230,130
2017-12-02,10000002,33179,1199999.54,1199999.54,1199999.54,2,2
2017-12-02,10000002,33180,88999.96,88999.92,88999.97,886,415
2017-12-02,10000002,33181,1724365,1724365,1724365,3,3
2017-12-02,10000002,33195,14008.13,14008.11,14008.13,5031,406
2017-12-02,10000002,33197,1114551.43,890068.7,1149996.09,44,26
2017-12-02,10000002,33199,1139950,1139950,1139950,174,28
2017-12-02,10000002,33201,1368233.14,601005.07,1550000,99,62
2017-12-02,10000002,33214,155000.01,155000.01,155000.01,1,1
2017-12-02,10000002,33219,50018.04,50018.04,50018.04,1,1
2017-12-02,10000002,33220,1000,1000,1000,1,1
2017-12-02,10000002,33221,1000,1000,1000,1,1
2017-12-02,10000002,33224,10000.01,10000.01,10000.01,1,1
2017-12-02,10000002,33225,100000.01,100000.01,100000.01,1,1
2017-12-02,10000002,33226,200000.01,200000.01,200000.01,1,1
2017-12-02,10000002,33227,200000.01,200000.01,200000.01,1,1
2017-12-02,10000002,33228,10000,10000,10000,1,1
2017-12-02,10000002,33229,101000.46,101000.46,101000.46,1,1
2017-12-02,10000002,33230,100000,100000,100000,1,1
2017-12-02,10000002,33231,100000.01,100000.01,100000.01,1,1
2017-12-02,10000002,33232,1000.01,1000.01,1000.01,1,1
2017-12-02,10000002,33270,10252.32,3575.1,74000,27,25
2017-12-02,10000002,33272,1191187.53,801000.1,1426099.99,8,7
2017-12-02,10000002,33281,47666666.66,46000000,48999999.99,18,15
2017-12-02,10000002,33285,44879084.85,44800662,45650244,65,31
2017-12-02,10000002,33286,50000000,50000000,50000000,1,1
2017-12-02,10000002,33287,641512309.98,637999500,643999992.59,53,34
2017-12-02,10000002,33295,429999995.9,429999995.9,429999995.9,1,1
2017-12-02,10000002,33297,33999999,33999999,33999999,4,2
2017-12-02,10000002,33298,749999999.79,749999999.79,749999999.79,2,1
2017-12-02,10000002,33303,12999999,12999999,12999999,1,1
2017-12-02,10000002,33329,2020000018.69,1950000017.85,2090000019.52,2,2
2017-12-02,10000002,33330,2299.98,2299.98,2299.98,1563,28
2017-12-02,10000002,33332,15518.02,15516.74,17375.72,57105,141
2017-12-02,10000002,33334,17989.82,17989.82,17989.82,512,10
2017-12-02,10000002,33336,31290.93,30950.05,31301.48,61977,14
2017-12-02,10000002,33337,49999.97,49999.97,49999.97,11400,2
2017-12-02,10000002,33359,14175,14168.88,14998.32,5164397,218
2017-12-02,10000002,33360,23198.35,23098.13,23198.59,760870,90
2017-12-02,10000002,33361,15500.7,14500.02,16206.75,1745887,107
2017-12-02,10000002,33362,23521.33,23509.77,25305.92,1304371,110
2017-12-02,10000002,33373,20000,20000,20000,1,1
2017-12-02,10000002,33374,1000,1000,1000,1,1
2017-12-02,10000002,33385,10000.03,10000.03,10000.03,1,1
2017-12-02,10000002,33386,200000.01,200000.01,200000.01,1,1
2017-12-02,10000002,33387,100000.01,100000.01,100000.01,2,2
2017-12-02,10000002,33388,100000.01,100000.01,100000.01,1,1
2017-12-02,10000002,33389,1000.01,1000.01,1000.01,1,1
2017-12-02,10000002,33390,100000,100000,100000,1,1
2017-12-02,10000002,33392,1000,1000,1000,1,1
2017-12-02,10000002,33393,82401133.96,77500211.06,84999999.99,57,55
2017-12-02,10000002,33394,84433961.07,80500002.85,85999995.88,53,53
2017-12-02,10000002,33399,5000000,5000000,5000000,141,65
2017-12-02,10000002,33400,5885850.85,3702679.75,6299979,44,42
2017-12-02,10000002,33401,50000000,50000000,50000000,1,1
2017-12-02,10000002,33403,318999959.6,318999959.6,318999959.6,1,1
2017-12-02,10000002,33405,358999982.45,275001141.16,379999807.28,5,5
2017-12-02,10000002,33407,36946562.18,36000000,38998866.88,57,27
2017-12-02,10000002,33440,15001.03,15001.03,15001.03,664,100
2017-12-02,10000002,33441,4300,4300,4300,845,73
2017-12-02,10000002,33442,4300.06,4300.05,4300.09,784,75
2017-12-02,10000002,33446,31299333.07,31297036.11,31301630.04,4,4
2017-12-02,10000002,33449,749970,749970,749970,2,2
2017-12-02,10000002,33450,3110994,3110993.98,3110995.85,414,82
2017-12-02,10000002,33453,20504323.76,18300007.58,27998998.84,22,16
2017-12-02,10000002,33455,323400000.02,323400000.02,323400000.02,1,1
2017-12-02,10000002,33466,7556.03,7556.03,7556.03,622,75
2017-12-02,10000002,33467,3244998.73,3000000,3699996.73,40,26
2017-12-02,10000002,33468,60001006,57500154.22,62201006,253,208
2017-12-02,10000002,33470,199795000,188091222.02,199797887,155,124
2017-12-02,10000002,33472,393295900.74,370005999.01,397995378.38,45,45
2017-12-02,10000002,33474,1634977.36,1508000.01,1634992.42,852,371
2017-12-02,10000002,33475,7899999.93,7368780.79,7900000,939,351
2017-12-02,10000002,33476,52144438.23,50000720.54,52899999.99,52,30
2017-12-02,10000002,33477,2210001,2210001,2210001,3,1
2017-12-02,10000002,33483,10000000,10000000,10000000,15,3
2017-12-02,10000002,33485,1099999.98,1099999.98,1099999.98,11,1
2017-12-02,10000002,33513,199114285.52,180000000,214999997.89,35,28
2017-12-02,10000002,33516,226839169.4,226014010.94,227999993.5,12,12
2017-12-02,10000002,33517,1050000,1000000,1200000,10,9
2017-12-02,10000002,33519,31666665.83,30000000,31999999,6,6
2017-12-02,10000002,33520,37231776.98,35076009.62,39999999.84,141,90
2017-12-02,10000002,33522,73999948.28,68000061.1,80999999.98,11,11
2017-12-02,10000002,33525,281500862.12,268926993.72,287999997.99,14,14
2017-12-02,10000002,33526,493583501.74,450016068.97,501500000,12,12
2017-12-02,10000002,33527,1038972440,963848445.77,1068999984.1,11,11
2017-12-02,10000002,33528,338714693.95,321001142,354999992.67,14,14
2017-12-02,10000002,33529,5234949499.99,5229900000,5239998999.98,2,2
2017-12-02,10000002,33539,1500892.69,1411005.29,1599891,5565,145
2017-12-02,10000002,33549,130000000,130000000,130000000,1,1
2017-12-02,10000002,33550,155999999.99,155999999.99,155999999.99,1,1
2017-12-02,10000002,33551,97999999.99,97999999.99,97999999.99,1,1
2017-12-02,10000002,33552,160000011.02,160000011.02,160000011.02,1,1
2017-12-02,10000002,33555,139999927.37,131000112.08,145499999.5,7,7
2017-12-02,10000002,33557,198749749.5,185000000,204998998,4,4
2017-12-02,10000002,33559,194300401.3,173100813.27,215999993.94,8,8
2017-12-02,10000002,33561,253433334.58,248000001.53,264300000.7,6,6
2017-12-02,10000002,33563,193005250.16,185010504.35,200999995.98,4,4
2017-12-02,10000002,33565,171386361,162222222.99,180550499,2,2
2017-12-02,10000002,33569,133,133,133,19451,35
2017-12-02,10000002,33571,300.8,300.78,740,18620,48
2017-12-02,10000002,33572,350.01,350.01,350.01,17256,51
2017-12-02,10000002,33573,300.17,300.17,300.17,17847,47
2017-12-02,10000002,33575,100011.06,100011.06,100011.06,1,1
2017-12-02,10000002,33577,460000.23,460000.23,460000.24,18331,200
2017-12-02,10000002,33585,23962495.11,19149993.74,38399998.93,4,3
2017-12-02,10000002,33589,36696690.85,35000003,41899999.96,61,30
2017-12-02,10000002,33591,4324633.99,3400001.06,4499995,69,19
2017-12-02,10000002,33595,25000000,25000000,25000000,34,10
2017-12-02,10000002,33597,8000.01,8000.01,8000.01,8,1
2017-12-02,10000002,33598,100000,100000,100000,10,2
2017-12-02,10000002,33602,10000,10000,10000,7,2
2017-12-02,10000002,33605,1000000.01,1000000.01,1000000.01,4,1
2017-12-02,10000002,33608,26057618.86,26057616.01,26057621.7,10,4
2017-12-02,10000002,33610,39999998.98,39999998,39999999.96,2,2
2017-12-02,10000002,33612,1000000,1000000,1000000,11,4
2017-12-02,10000002,33618,51375513.45,51000506.51,52597995,73,55
2017-12-02,10000002,33619,156216066.92,151714002.1,169613667.97,41,30
2017-12-02,10000002,33620,155408502.85,148313692.02,169913687.93,47,35
2017-12-02,10000002,33671,47990.16,17005.33,67003.52,36,8
2017-12-02,10000002,33681,90999998.9,86000037.55,91698399.99,326,177
2017-12-02,10000002,33697,30197687.79,25050002.46,30998994.87,62,52
2017-12-02,10000002,33699,119998,100000,119998,143,137
2017-12-02,10000002,33700,15914315.43,15360000,16499998.88,92,51
2017-12-02,10000002,33702,210142859.93,178000013.59,222999998.15,7,7
2017-12-02,10000002,33704,9518,1036,17999.99,20,3
2017-12-02,10000002,33706,4550,4550,4550,158,28
2017-12-02,10000002,33707,899000,899000,899000,1,1
2017-12-02,10000002,33708,2968649.24,2968649.24,2968649.37,107,12
2017-12-02,10000002,33710,770247.87,616022.26,888882.95,46,6
2017-12-02,10000002,33712,665728,327002.83,947998.97,11,5
2017-12-02,10000002,33720,303000,200000,414000,25,15
2017-12-02,10000002,33775,2490449.33,201000.01,4779898.65,2,2
2017-12-02,10000002,33778,37143.14,5001,50000,14,12
2017-12-02,10000002,33782,1499997.98,1499997.98,1499997.98,1,1
2017-12-02,10000002,33783,127000.19,127000.19,127000.19,1,1
2017-12-02,10000002,33786,98000000,98000000,98000000,1,1
2017-12-02,10000002,33792,24949999.88,24949999.88,24949999.88,1,1
2017-12-02,10000002,33816,55686959.39,55686958.97,55686959.89,104,77
2017-12-02,10000002,33818,217406853.24,205002230.47,221071120.98,84,70
2017-12-02,10000002,33820,789374915.46,742126135.69,824999999.42,12,12
2017-12-02,10000002,33822,34000,18000,34200,137,15
2017-12-02,10000002,33823,153600,144000,160000,5,5
2017-12-02,10000002,33824,1659997.66,1599993.73,1669996.9,345,123
2017-12-02,10000002,33826,30951517.43,29515788.28,32499997.95,55,46
2017-12-02,10000002,33828,12825237.26,12477936.34,13499999.08,39,29
2017-12-02,10000002,33830,16648249.61,13701392.23,19699999.99,19,16
2017-12-02,10000002,33832,92998999.64,86000001.41,99997997.87,4,4
2017-12-02,10000002,33842,108830173.29,98810001.1,111099109.51,65,41
2017-12-02,10000002,33844,97999991.99,96000000,98934985,262,129
2017-12-02,10000002,33846,124326820.44,108386394.51,128999999,33,31
2017-12-02,10000002,33848,101217453.97,96310009.03,104999999.77,54,48
2017-12-02,10000002,33850,225987628.59,211101817.91,242999997.97,15,10
2017-12-02,10000002,33852,140456857.08,136000214.64,147989000,50,45
2017-12-02,10000002,33856,4113753.18,4000000,4498998.59,64,39
2017-12-02,10000002,33890,864966.88,864966.86,864969.46,1130,145
2017-12-02,10000002,33891,538966.64,468999.98,678899.97,3,3
2017-12-02,10000002,33892,2999996.41,2899998.88,3024880.6,818,136
2017-12-02,10000002,33894,3740000,3739999.99,3744996.42,176,44
2017-12-02,10000002,33895,2064990.62,2029981.25,2099999.99,4,4
2017-12-02,10000002,33896,6994867.58,5862880.01,6994975,486,70
2017-12-02,10000002,33898,18149898.96,18149898.94,18149898.98,94,22
2017-12-02,10000002,33899,11719998,11719998,11719998,1,1
2017-12-02,10000002,33900,29949476.39,29000000,29999973.89,99,44
2017-12-02,10000002,33902,81899300,81899300,81899300,3,1
2017-12-02,10000002,33904,143899933.85,125000118.01,163980976.83,33,15
2017-12-02,10000002,33915,180001.04,180000.16,299999.91,398,109
2017-12-02,10000002,33917,20181598.08,18555554.99,27184998.48,12,7
2017-12-02,10000002,33918,7444444,7444444,7444444,1,1
2017-12-02,10000002,33919,34777770,34777770,34777770,1,1
2017-12-02,10000002,33920,69900000,69900000,69900000,1,1
2017-12-02,10000002,33921,9062482.95,5125005.91,12999959.99,2,2
2017-12-02,10000002,33922,55458886.96,55458886.96,55458886.96,1,1
2017-12-02,10000002,33923,53116835.66,35401025.15,54999999.99,6,6
2017-12-02,10000002,33924,45050050.02,41100100.04,48999999.99,4,4
2017-12-02,10000002,33925,76666667.02,50000001.06,90000000,3,3
2017-12-02,10000002,33926,308000000,308000000,308000000,1,1
2017-12-02,10000002,33927,103999999,98000000,109999998,2,2
2017-12-02,10000002,33928,159992999.61,159992999.61,159992999.61,1,1
2017-12-02,10000002,33929,4999999.99,4999999.99,4999999.99,1,1
2017-12-02,10000002,33930,8899998.98,8899998.98,8899998.98,1,1
2017-12-02,10000002,33931,5999993.76,5999993.76,5999993.76,1,1
2017-12-02,10000002,33932,16350000.5,2700001,29999999.99,2,2
2017-12-02,10000002,33933,7319998.99,7319998.99,7319998.99,1,1
2017-12-02,10000002,33934,17999999.99,17999999.99,17999999.99,1,1
2017-12-02,10000002,33935,5500001.68,2000001.68,9000001.67,2,2
2017-12-02,10000002,33936,12499999.68,12499999.68,12499999.68,1,1
2017-12-02,10000002,33937,15000005.22,15000005.22,15000005.22,1,1
2017-12-02,10000002,33939,8449897.89,8449897.85,8449897.93,2,2
2017-12-02,10000002,33942,38000023.02,38000023.02,38000023.02,1,1
2017-12-02,10000002,33943,199999679.86,199999679.86,199999679.86,1,1
2017-12-02,10000002,33944,250000000,250000000,250000000,1,1
2017-12-02,10000002,33947,50312467.11,39100009,52199959.98,8,8
2017-12-02,10000002,33948,66417772,55005007.02,69949986.99,9,8
2017-12-02,10000002,33949,188641633.39,185999996,200000000,8,8
2017-12-02,10000002,33950,479624775.44,409999987.99,519999669.9,8,6
2017-12-02,10000002,33951,118285704.59,109999999.5,119999997.99,7,7
2017-12-02,10000002,33952,459999443.65,459999408.23,459999539.82,4,4
2017-12-02,10000002,33953,12015468.08,12015468.08,12015468.08,1,1
2017-12-02,10000002,33959,39999879.89,39999879.89,39999879.89,1,1
2017-12-02,10000002,33960,22328628.26,14314513.06,25000000,4,4
2017-12-02,10000002,33961,45445336.67,27000010,54668000,3,3
2017-12-02,10000002,33962,131263628,129895443.5,133999997,3,3
2017-12-02,10000002,33963,29666665.33,29000000,29999997.99,3,3
2017-12-02,10000002,33964,159000868.39,159000868.39,159000868.39,1,1
2017-12-02,10000002,33967,15000000,15000000,15000000,1,1
2017-12-02,10000002,33969,2868209.1,2868209.1,2868209.1,1,1
2017-12-02,10000002,33970,13211000,13211000,13211000,4,1
2017-12-02,10000002,33971,41333602.11,37667204.22,45000000,2,2
2017-12-02,10000002,33972,46939998.49,46939997.98,46939999,2,2
2017-12-02,10000002,33973,104950201.5,65000404,144899999,2,2
2017-12-02,10000002,33975,169999999,169999999,169999999,1,1
2017-12-02,10000002,33976,189999989.99,189999989.99,189999989.99,1,1
2017-12-02,10000002,33981,22400727.85,19667530.05,22999769.85,89,43
2017-12-02,10000002,33983,25397830.09,22500000.88,27299900,94,42
2017-12-02,10000002,33985,121781102.61,111000296.31,129987773.61,57,41
2017-12-02,10000002,34028,48222333,48222333,48222333,1,1
2017-12-02,10000002,34035,3946333.32,339000.01,5749999.98,3,3
2017-12-02,10000002,34042,5999999.99,5999999.99,5999999.99,1,1
2017-12-02,10000002,34080,40000000,40000000,40000000,1,1
2017-12-02,10000002,34088,82999999.99,82999999.99,82999999.99,1,1
2017-12-02,10000002,34089,97999999.99,97999999.99,97999999.99,1,1
2017-12-02,10000002,34091,99000000,81000000,117000000,2,2
2017-12-02,10000002,34111,223000000,223000000,223000000,1,1
2017-12-02,10000002,34124,29451914.32,24081808.07,29999999.98,35,18
2017-12-02,10000002,34126,282406966.92,271411321.81,299999999.2,13,9
2017-12-02,10000002,34132,262538461.7,245000000.42,281999999.95,13,13
2017-12-02,10000002,34133,1410000000,1321379600.05,1410999996,118,83
2017-12-02,10000002,34159,1600000,1600000,1600000,1,1
2017-12-02,10000002,34162,16000.04,16000.03,16000.04,6,6
2017-12-02,10000002,34164,1328882.01,161102.25,6000000,5,4
2017-12-02,10000002,34167,100222.85,100222.85,100222.85,14,3
2017-12-02,10000002,34175,11000.01,11000,11000.01,6,6
2017-12-02,10000002,34177,2433299.84,55500.07,5999999.5,5,4
2017-12-02,10000002,34180,33000.03,33000.03,33000.03,14,2
2017-12-02,10000002,34201,369307,357310.69,417898.79,3453,472
2017-12-02,10000002,34202,2798999.93,2560006.04,2889997.97,1074,270
2017-12-02,10000002,34203,981079.5,981079.45,1040000,4321,545
2017-12-02,10000002,34204,1350000.11,1350000.01,1442000,3071,485
2017-12-02,10000002,34205,472227.55,472226.6,499998.96,2536,451
2017-12-02,10000002,34206,355949,316043.02,355949.82,5297,519
2017-12-02,10000002,34207,3905000,3901011,4391001,285,110
2017-12-02,10000002,34208,4380000,4380000,4380000,174,123
2017-12-02,10000002,34260,198992.62,198992.62,198992.62,80,3
2017-12-02,10000002,34264,5868749.68,1800120.74,5999995.7,32,11
2017-12-02,10000002,34266,462498.49,449998,499999.97,4,4
2017-12-02,10000002,34267,687500,125000,1250000,2,2
2017-12-02,10000002,34268,1443426.1,800011.42,1640996.98,51,27
2017-12-02,10000002,34269,999999.79,750000,1999998.94,5,5
2017-12-02,10000002,34272,1427232,1427232,1427232,213,19
2017-12-02,10000002,34274,1907000.67,1907000.67,1907000.67,4,2
2017-12-02,10000002,34276,10565130.42,9300110.43,10999979.81,43,20
2017-12-02,10000002,34278,6675858.38,6200000,7499998.95,58,19
2017-12-02,10000002,34280,2950678.88,2138000,3799999.99,45,14
2017-12-02,10000002,34282,10647978.89,10647978.89,10647978.89,122,18
2017-12-02,10000002,34284,2314871.91,2001924.79,3198994,44,13
2017-12-02,10000002,34288,3942502.87,3356007.14,4500000,10,4
2017-12-02,10000002,34290,14000000,14000000,14000000,127,34
2017-12-02,10000002,34292,2871938.21,2001693.18,2950000.32,41,21
2017-12-02,10000002,34294,22999963.5,22999963.5,22999963.5,131,49
2017-12-02,10000002,34306,3899999,3899999,4198776.99,137,51
2017-12-02,10000002,34307,1250000,1250000,1250000,5,5
2017-12-02,10000002,34317,44000004.91,44000004.91,44000004.91,240,86
2017-12-02,10000002,34327,36057289.81,35000000,37499994.98,33,22
2017-12-02,10000002,34328,1206803260.07,1100213041.53,1249999999.85,8,8
2017-12-02,10000002,34347,45889499.85,45889499.85,45889499.85,1,1
2017-12-02,10000002,34354,366723.1,182010.28,1474999.99,14,13
2017-12-02,10000002,34358,272000000,272000000,272000000,1,1
2017-12-02,10000002,34360,334166.65,314000,434999.89,12,11
2017-12-02,10000002,34363,215456.32,52502.67,500000,11,9
2017-12-02,10000002,34365,196000000,196000000,196000000,1,1
2017-12-02,10000002,34390,1106243.51,1000000,1149996.16,40,27
2017-12-02,10000002,34393,261544.1,76000.21,759994.46,11,11
2017-12-02,10000002,34394,5020.54,5020.54,5020.54,7,7
2017-12-02,10000002,34396,4553999.84,4553999.84,4553999.84,6,1
2017-12-02,10000002,34412,38562502.72,36750003.5,43999999.98,8,8
2017-12-02,10000002,34414,19171874.7,17500000,21999999.96,24,20
2017-12-02,10000002,34416,7033333.15,7000000,7199998.87,54,23
2017-12-02,10000002,34417,3920.87,3920.86,3920.87,7,7
2017-12-02,10000002,34418,1128.44,1128.44,1128.44,7,7
2017-12-02,10000002,34419,20013.89,20013.89,20013.89,9,9
2017-12-02,10000002,34420,2016.87,2016.87,2016.87,8,8
2017-12-02,10000002,34421,1000.01,1000.01,1000.01,7,7
2017-12-02,10000002,34422,20197.25,20197.25,20197.25,7,7
2017-12-02,10000002,34423,0.07,0.07,0.07,7,7
2017-12-02,10000002,34424,1000.88,1000.88,1000.88,7,7
2017-12-02,10000002,34425,975.15,975.15,975.15,7,7
2017-12-02,10000002,34426,50000.02,50000.02,50000.02,7,7
2017-12-02,10000002,34427,11033.94,11033.94,11033.94,7,7
2017-12-02,10000002,34428,1100.03,1100.03,1100.03,8,8
2017-12-02,10000002,34429,84582.55,5000.09,195998,12,11
2017-12-02,10000002,34430,17000.24,17000.24,17000.26,7,7
2017-12-02,10000002,34431,100.04,100.04,100.04,8,8
2017-12-02,10000002,34432,29249.87,2998.99,33000,8,8
2017-12-02,10000002,34433,16630.02,1100.02,78750,10,10
2017-12-02,10000002,34434,182500.04,10000.06,700000,12,11
2017-12-02,10000002,34435,7800.08,7800.08,7800.08,10,10
2017-12-02,10000002,34436,351000.18,351000.14,351000.24,7,7
2017-12-02,10000002,34481,37092720.28,36989999.46,40899998,33,28
2017-12-02,10000002,34483,146495306.77,140000184.48,151469999,53,43
2017-12-02,10000002,34485,269998988.97,269998988.97,269998988.97,1,1
2017-12-02,10000002,34489,286803509.84,268214058.99,292999992.65,24,15
2017-12-02,10000002,34496,1100003.21,1100003.21,1100003.21,868,51
2017-12-02,10000002,34533,1057643.01,1000000,1299896,72,24
2017-12-02,10000002,34559,1000000000,1000000000,1000000000,1,1
2017-12-02,10000002,34562,39555778.79,39555778.79,39555778.79,678,82
2017-12-02,10000002,34575,740001,740001,740001,116,40
2017-12-02,10000002,34590,163343095.37,155000000,168999999.99,44,37
2017-12-02,10000002,34593,17490999.3,16500000.29,17886000,18,15
2017-12-02,10000002,34594,219999999,219999999,219999999,1,1
2017-12-02,10000002,34595,174848272.96,124500000.07,180000000,18,12
2017-12-02,10000002,34599,600000,600000,600000,5,2
2017-12-02,10000002,34601,4752552.14,499999.78,6170069.58,4,4
2017-12-02,10000002,34606,911111.54,580001,1200000,9,5
2017-12-02,10000002,34610,1044000.28,2001,2449998.99,7,5
2017-12-02,10000002,34612,250000000,250000000,250000000,1,1
2017-12-02,10000002,34616,75000000,75000000,75000000,2,1
2017-12-02,10000002,34621,299899999.94,299899999.94,299899999.94,1,1
2017-12-02,10000002,34623,640005.88,500007.01,1479998.98,7,3
2017-12-02,10000002,34625,1314753.97,1090000,1699900,22,14
2017-12-02,10000002,34629,4625000.82,1400003.15,9999996.92,8,6
2017-12-02,10000002,34631,730725.28,226003.04,2244892,8,6
2017-12-02,10000002,34636,50000000,50000000,50000000,1,1
2017-12-02,10000002,34640,2507000000,2507000000,2507000000,1,1
2017-12-02,10000002,34642,30499843.35,30000020,30999666.69,2,2
2017-12-02,10000002,34646,203759600,203759599.99,203759600,2,2
2017-12-02,10000002,34647,9133355.65,5200034.01,16999998.92,3,3
2017-12-02,10000002,34659,4455017.02,4455017.02,4455017.02,3,1
2017-12-02,10000002,34660,548099968.63,548099968.63,548099968.63,1,1
2017-12-02,10000002,34662,3588727.32,383090.98,10000000,3,2
2017-12-02,10000002,34665,12100008.24,12100008.24,12100008.24,2,1
2017-12-02,10000002,34667,2142508.94,1800012.09,3169999.47,8,4
2017-12-02,10000002,34668,1050002.33,760003,2499999,6,4
2017-12-02,10000002,34672,8361115.83,6961115.85,9761115.82,4,4
2017-12-02,10000002,34676,100000000,100000000,100000000,1,1
2017-12-02,10000002,34677,588800,161000,2300000,5,3
2017-12-02,10000002,34680,500015.04,500015.04,500015.04,6,3
2017-12-02,10000002,34682,725776.69,479262,1100000,13,4
2017-12-02,10000002,34686,3859592.56,2320286.15,5398898.97,4,3
2017-12-02,10000002,34688,1048717.87,1000000,1200000,39,9
2017-12-02,10000002,34692,3000011.38,3000011.38,3000011.38,4,3
2017-12-02,10000002,34696,163268569.5,137137140,189399999,2,2
2017-12-02,10000002,34699,20000000,20000000,20000000,1,1
2017-12-02,10000002,34718,96111109.95,95000000,99999994.82,9,9
2017-12-02,10000002,34719,10015.12,10015.11,10015.13,5,3
2017-12-02,10000002,34722,173995.01,173995.01,173995.01,6,1
2017-12-02,10000002,34726,398711.29,325070.26,549999.99,9,5
2017-12-02,10000002,34727,200000,200000,200000,1,1
2017-12-02,10000002,34728,153266.67,123000,350000,15,4
2017-12-02,10000002,34732,3998996.97,3998996.96,3998996.97,3,3
2017-12-02,10000002,34733,419008.75,254011.01,1573992.97,8,4
2017-12-02,10000002,34734,11999898.38,11999898.38,11999898.38,1,1
2017-12-02,10000002,34735,485833.37,200000,1350000,10,6
2017-12-02,10000002,34738,350001.19,350001.19,350001.19,1,1
2017-12-02,10000002,34746,1451998.8,680000,1500000,15,11
2017-12-02,10000002,34747,600000,600000,600000,1,1
2017-12-02,10000002,34748,7246002.01,7000000,7492004.01,2,2
2017-12-02,10000002,34753,1502.01,1502,1502.01,8,2
2017-12-02,10000002,34754,393334,140001,900000,3,3
2017-12-02,10000002,34769,1000.02,1000.01,1000.02,2,2
2017-12-02,10000002,34770,1000.02,1000.01,1000.02,2,2
2017-12-02,10000002,34771,1000,1000,1000,2,2
2017-12-02,10000002,34772,1000,1000,1000,2,2
2017-12-02,10000002,34773,1000,1000,1000,2,2
2017-12-02,10000002,34774,1000,1000,1000,2,2
2017-12-02,10000002,34775,1000,1000,1000,2,2
2017-12-02,10000002,34776,1000,1000,1000,2,2
2017-12-02,10000002,34777,1000,1000,1000,2,2
2017-12-02,10000002,34778,1000.02,1000.02,1000.02,2,2
2017-12-02,10000002,34824,298998994,298998994,298998994,1,1
2017-12-02,10000002,34828,44999999.95,44999994.95,45000000,194,75
2017-12-02,10000002,34845,250000000,250000000,250000000,1,1
2017-12-02,10000002,34855,250000000,250000000,250000000,1,1
2017-12-02,10000002,35006,40601.33,40601.33,40601.33,9,6
2017-12-02,10000002,35038,10181.73,10013.56,12704.32,16,9
2017-12-02,10000002,35062,62000.68,49501.01,124499,12,8
2017-12-02,10000002,35074,202492.83,125000.02,279987.99,6,6
2017-12-02,10000002,35090,10416.07,5103.15,17499.96,7,3
2017-12-02,10000002,35150,1070000,380000.01,1299999.99,8,7
2017-12-02,10000002,35434,963099.55,653000.01,1889997.71,10,8
2017-12-02,10000002,35586,119412.39,40001.34,189999.99,17,8
2017-12-02,10000002,35656,17520.88,17500,17520.92,2756,561
2017-12-02,10000002,35657,77000.1,76000.48,77000.17,3003,360
2017-12-02,10000002,35658,51013,51012.31,60475.88,2508,729
2017-12-02,10000002,35659,38750.04,38750.04,38750.04,2870,851
2017-12-02,10000002,35660,29007.41,29007.38,29008.01,1961,554
2017-12-02,10000002,35661,325019.2,325011.02,364999.16,4122,411
2017-12-02,10000002,35662,363007.51,363005.8,399756.4,4754,376
2017-12-02,10000002,35680,1037321.43,1000000,1040000,56,46
2017-12-02,10000002,35683,45000000,45000000,45000000,263,102
2017-12-02,10000002,35685,1066918.32,1000000,1269979,65,20
2017-12-02,10000002,35690,108090760.91,102363084.56,109999986.35,4,4
2017-12-02,10000002,35695,135999999.99,135999999.99,136000000,5,5
2017-12-02,10000002,35700,233000000,233000000,233000000,1,1
2017-12-02,10000002,35770,29990,29990,29990,214,22
2017-12-02,10000002,35771,1322629.99,1322628,1322630,354,126
2017-12-02,10000002,35772,144000,144000,144000,3,3
2017-12-02,10000002,35774,185182.24,149998.13,338768.55,87,54
2017-12-02,10000002,35788,8980,8980,8980,128,28
2017-12-02,10000002,35789,800000.05,800000.04,1066986.46,104,65
2017-12-02,10000002,35790,5099996.86,2500000,5298999.73,576,264
2017-12-02,10000002,35791,99000,99000,99000,3,3
2017-12-02,10000002,35794,8367.63,8367.63,8367.63,2170,248
2017-12-02,10000002,35795,10999,10998.99,10999.89,1033,214
2017-12-02,10000002,35825,605559988.24,561000000.01,612999991.95,25,25
2017-12-02,10000002,35826,4356328325.46,4299999999,4399984977.87,6,6
2017-12-02,10000002,35832,947010807.58,896100000.47,954797988.99,22,22
2017-12-02,10000002,35833,10808562624.98,1237499999.99,12371599999.99,8,8
2017-12-02,10000002,35835,831626527.85,825996499.47,839497996,51,49
2017-12-02,10000002,35836,6347000546.14,4750005412,6878999997.9,4,4
2017-12-02,10000002,35878,181494316.74,167800065.76,184907980.55,31,30
2017-12-02,10000002,35881,710000000,699999999.99,720000000,2,2
2017-12-02,10000002,35886,174379553.95,169000000,178890046.98,21,19
2017-12-02,10000002,35891,174799966.76,170000000,179999937.88,10,10
2017-12-02,10000002,35892,956166659.05,868500000.13,999999988.55,6,6
2017-12-02,10000002,35894,250533347.99,230000115.99,257999983.91,30,27
2017-12-02,10000002,35899,33557290.05,25532493.78,34793992,39,35
2017-12-02,10000002,35921,37849419.32,36999998.9,37999994,20,14
2017-12-02,10000002,35922,38102334.94,33001000.05,39399986.91,97,67
2017-12-02,10000002,35923,111157132.29,103700019.68,112699983,35,32
2017-12-02,10000002,35924,61546375.12,56278251.03,62599999.94,12,11
2017-12-02,10000002,35925,63609736.33,60000480.06,64998950.9,78,52
2017-12-02,10000002,35926,107799769.18,107799649.99,107799798.98,10,7
2017-12-02,10000002,35940,21409542.24,18957324.45,21899986.9,54,32
2017-12-02,10000002,35941,15751046.07,11902115.66,19599976.47,4,3
2017-12-02,10000002,35943,24481532.45,22000001.11,24899989,65,47
2017-12-02,10000002,35945,20500000,20500000,20500000,2,2
2017-12-02,10000002,35947,23599999.99,22000000,23800000,36,27
2017-12-02,10000002,35949,26312137.84,20006000.01,27399998.93,58,43
2017-12-02,10000002,35959,11891779.34,10215874.16,12788761.75,73,51
2017-12-02,10000002,35962,9340613.27,8799395.61,9888471.79,52,27
2017-12-02,10000002,35963,13898996.98,13898996.49,13898997.97,3,3
2017-12-02,10000002,35965,7699999.99,7699999.98,7700000,15,6
2017-12-02,10000002,36293,750000000,750000000,750000000,1,1
2017-12-02,10000002,36305,199999999,199999999,199999999,1,1
2017-12-02,10000002,36307,928099999.89,928099999.89,928099999.89,1,1
2017-12-02,10000002,36309,199499997.93,199499997.93,199499997.93,1,1
2017-12-02,10000002,36334,1662501.49,550001.99,5000000,4,2
2017-12-02,10000002,36345,100000.28,100000.28,100000.28,4,1
2017-12-02,10000002,36355,450016.5,100022,1500000,4,3
2017-12-02,10000002,36358,619006,619006,619006,1,1
2017-12-02,10000002,36394,349099999.95,349099999.95,349099999.95,1,1
2017-12-02,10000002,36411,75293.15,58008.01,300000,14,3
2017-12-02,10000002,36424,38680.36,500.11,389975.98,11,3
2017-12-02,10000002,36425,170851.81,97707.12,297000,15,6
2017-12-02,10000002,36431,760009.31,52011.22,2176005.5,6,4
2017-12-02,10000002,36433,275913.33,180019.04,500000,10,4
2017-12-02,10000002,36435,50000.01,50000.01,50000.01,10,5
2017-12-02,10000002,36437,449999.94,400000,600000,16,6
2017-12-02,10000002,36438,491657.66,400000,674972.99,6,4
2017-12-02,10000002,36444,1334124.25,975000.5,1499996.98,16,9
2017-12-02,10000002,36445,1156309.48,111020,2201998.95,10,7
2017-12-02,10000002,36446,791837,791837,791837,4,1
2017-12-02,10000002,36448,549667.16,498995,700000,6,6
2017-12-02,10000002,36450,300108.75,300108.75,300108.75,2,1
2017-12-02,10000002,36451,32285713.71,25000000.01,49999997.97,7,3
2017-12-02,10000002,36482,10000000,10000000,10000000,1,1
2017-12-02,10000002,36493,119999999,119999999,119999999,1,1
2017-12-02,10000002,36498,2,2,2,1,1
2017-12-02,10000002,36642,199999999.99,199999999.99,199999999.99,1,1
2017-12-02,10000002,36651,199999999.99,199999999.99,199999999.99,1,1
2017-12-02,10000002,36653,174999999.5,170000000,179999999,2,2
2017-12-02,10000002,36654,219999999.99,219999999.99,219999999.99,1,1
2017-12-02,10000002,36767,15000000,15000000,15000000,1,1
2017-12-02,10000002,36768,7125000,7125000,7125000,1,1
2017-12-02,10000002,36801,19200.66,4801.55,30000,14,9
2017-12-02,10000002,36817,33334.34,10002.42,50000,12,7
2017-12-02,10000002,36818,8000000,8000000,8000000,1,1
2017-12-02,10000002,36822,1112323,1112323,1112323,1,1
2017-12-02,10000002,36908,6094999.9,6094999.45,6095000,124,45
2017-12-02,10000002,36909,6700094.56,6700094.56,6700094.56,158,53
2017-12-02,10000002,36910,6197196.38,6195000.87,6213219,888,134
2017-12-02,10000002,36911,7349000,7349000,7349000,212,33
2017-12-02,10000002,36912,5999992.71,5999992.65,5999992.75,544,86
2017-12-02,10000002,36913,1475000.12,1200000.12,1500000.12,8,7
2017-12-02,10000002,36953,200000000,200000000,200000000,1,1
2017-12-02,10000002,36954,200000000,200000000,200000000,1,1
2017-12-02,10000002,36955,200000000,200000000,200000000,2,2
2017-12-02,10000002,37032,160000000,160000000,160000000,1,1
2017-12-02,10000002,37034,1600000000,1600000000,1600000000,1,1
2017-12-02,10000002,37135,36373178.46,34101039.44,36994980,52,33
2017-12-02,10000002,37146,722999994.55,722999994.55,722999994.55,2,2
2017-12-02,10000002,37156,652999188.28,652999188.28,652999188.28,1,1
2017-12-02,10000002,37166,5399999991.74,5399999991.74,5399999991.74,1,1
2017-12-02,10000002,37173,5148999920.7,5148999919.4,5148999922,2,2
2017-12-02,10000002,37216,254999991.09,254999987.76,254999997.75,3,2
2017-12-02,10000002,37220,264999912.83,264999912.83,264999912.83,2,2
2017-12-02,10000002,37222,237139523.22,237139522.99,237139524,4,4
2017-12-02,10000002,37228,258999978.84,258999978.84,258999978.84,1,1
2017-12-02,10000002,37230,245999994,245999994,245999994,6,4
2017-12-02,10000002,37234,237314560.04,234820296,239807500,8,5
2017-12-02,10000002,37254,2852999926,2852999926,2852999926,1,1
2017-12-02,10000002,37258,2937617991.61,2870000041.28,3005235941.93,2,2
2017-12-02,10000002,37260,3227999806.88,3227999806.79,3227999806.97,2,2
2017-12-02,10000002,37288,70606160,70606160,70606160,3,2
2017-12-02,10000002,37289,51692215,41653314.99,53699995,6,4
2017-12-02,10000002,37290,67715751.63,64099999.99,70000000,33,9
2017-12-02,10000002,37291,59300000,59300000,59300000,3,1
2017-12-02,10000002,37292,190137070.65,181870022.88,198999998.91,34,11
2017-12-02,10000002,37295,193000000,193000000,193000000,2,1
2017-12-02,10000002,37296,261218787.49,240050169.25,274999999.8,65,37
2017-12-02,10000002,37298,255017976.19,255017976.19,255017976.19,113,22
2017-12-02,10000002,37300,321658602.8,287771296.62,332954371.53,4,4
2017-12-02,10000002,37302,270949989.09,248000006.02,274999985.75,20,13
2017-12-02,10000002,37303,274999996.88,274999996.88,274999996.88,6,3
2017-12-02,10000002,37304,223679785.06,217100199.31,249998081.49,25,13
2017-12-02,10000002,37306,202785511.78,192733347.34,211999995.93,23,17
2017-12-02,10000002,37307,292667270.32,180000603.66,349000603.65,9,2
2017-12-02,10000002,37450,340180.48,260000.08,366997.4,33,15
2017-12-02,10000002,37451,1580541.97,1580541.97,1580541.99,154,22
2017-12-02,10000002,37453,44999999.38,39999999.97,49999998.79,4,4
2017-12-02,10000002,37454,15697908.47,12375011.81,15999989.98,12,8
2017-12-02,10000002,37455,23999999.96,23999999.96,23999999.97,9,9
2017-12-02,10000002,37456,15915844.07,12601037.45,16100000,19,19
2017-12-02,10000002,37457,74781403.84,72400021.82,79999997.77,43,23
2017-12-02,10000002,37458,32720727.18,29000018.29,34437980.15,19,14
2017-12-02,10000002,37459,32523599.6,27989999.9,37989000,15,14
2017-12-02,10000002,37460,42980798.02,35194001.03,43499917.17,32,16
2017-12-02,10000002,37479,380002.93,380002.93,380002.93,108,72
2017-12-02,10000002,37480,83394193.21,63085150.01,84999989.95,39,32
2017-12-02,10000002,37481,86034559.19,80000001.72,86944444,27,20
2017-12-02,10000002,37482,83792765.88,77148640.05,88999999,60,34
2017-12-02,10000002,37483,82013834.06,76649001.29,83199995,74,37
2017-12-02,10000002,37488,226747.9,123000.01,389000,20,14
2017-12-02,10000002,37503,334045.4,151000,547999.97,22,12
2017-12-02,10000002,37507,185000000,185000000,185000000,1,1
2017-12-02,10000002,37532,9344404.57,6100000.55,9899992.92,23,15
2017-12-02,10000002,37543,93999,93999,93999,100,3
2017-12-02,10000002,37544,3857,3857,3857,747,180
2017-12-02,10000002,37545,100.8,100.8,100.8,688,153
2017-12-02,10000002,37546,4499988.91,4499988.91,4499988.91,424,30
2017-12-02,10000002,37547,847337.34,312005.01,1918002,12,7
2017-12-02,10000002,37549,347402.01,31553.01,1189999,11,5
2017-12-02,10000002,37552,847500.51,300001.01,2489999,4,3
2017-12-02,10000002,37564,2085711.43,1000000,4799990,7,3
2017-12-02,10000002,37565,703008.05,703008.05,703008.05,2,1
2017-12-02,10000002,37566,6999998.21,6999997.49,6999998.93,4,4
2017-12-02,10000002,37573,1886333.34,553000.01,4553000.01,3,3
2017-12-02,10000002,37574,2649227.7,860010.04,3499990,13,13
2017-12-02,10000002,37578,7700680.63,7500000,7801020.95,3,3
2017-12-02,10000002,37579,1101332.66,702000,1899997.99,6,4
2017-12-02,10000002,37580,3295000.27,2400000,4100000,12,8
2017-12-02,10000002,37583,7158244.44,1060000,7920525,9,6
2017-12-02,10000002,37584,12216666.67,11200000.01,14250000,3,2
2017-12-02,10000002,37586,6039748.05,1106001,8999995,8,7
2017-12-02,10000002,37588,50009.01,50009.01,50009.01,9,3
2017-12-02,10000002,37594,1891401.84,778002.13,4118201.26,3,2
2017-12-02,10000002,37599,7113815.4,5500007.48,7248298.96,39,10
2017-12-02,10000002,37600,2094998.96,2050000,2184996.82,18,15
2017-12-02,10000002,37601,367000007,367000007,367000007,1,1
2017-12-02,10000002,37608,1500001.31,1500001.31,1500001.31,745,214
2017-12-02,10000002,37610,1515001.13,1515001.13,1515001.13,653,201
2017-12-02,10000002,37611,1474013.74,1474013.66,1474013.76,728,212
2017-12-02,10000002,37612,57226980.29,54448997,61130044.49,24,20
2017-12-02,10000002,37615,20628471.55,20000000,21999994.76,69,38
2017-12-02,10000002,37621,22499999.99,22499999.99,22499999.99,1,1
2017-12-02,10000002,37622,58936088.93,51920139.01,89999998.62,5,5
2017-12-02,10000002,37623,62998997.99,62998997.99,62998997.99,1,1
2017-12-02,10000002,37624,44477461.33,34001922.06,49798000,63,57
2017-12-02,10000002,37625,49654718.79,40000312.31,53000000,33,29
2017-12-02,10000002,37626,56326425.18,42001500.62,63488887.46,3,3
2017-12-02,10000002,37627,87803581.49,59918282.7,93999987.97,22,18
2017-12-02,10000002,37628,84999985.6,84999980.77,85000000,8,7
2017-12-02,10000002,37631,110508157.11,93000234.13,118996999.98,73,53
2017-12-02,10000002,37796,5217347.8,4999999.95,7999500,23,17
2017-12-02,10000002,37797,5053332.78,4999999.08,5800000,15,14
2017-12-02,10000002,37798,5897058.7,5000000,6499999.73,34,20
2017-12-02,10000002,37799,5710526.02,5000000,6999999.99,38,16
2017-12-02,10000002,37805,23191553.15,23099990.09,29999992.11,12,12
2017-12-02,10000002,37808,120000000,120000000,120000000,1,1
2017-12-02,10000002,37809,420000000,420000000,420000000,1,1
2017-12-02,10000002,37810,3210549.47,3003035.3,3803035.14,25,19
2017-12-02,10000002,37816,110444.44,93000.01,249999.91,9,9
2017-12-02,10000002,37817,110111.18,99000.07,199000.05,9,9
2017-12-02,10000002,37818,700059025,700059025,700059025,1,1
2017-12-02,10000002,37820,24065279.44,22302084.5,24394000,71,28
2017-12-02,10000002,37821,101726.31,101000,177107.35,39,12
2017-12-02,10000002,37822,214859.08,25024.05,219989.76,38,13
2017-12-02,10000002,37823,160022.3,1000.35,163997.85,41,14
2017-12-02,10000002,37824,143384.26,64009.46,144998.98,39,15
2017-12-02,10000002,37825,487500.78,450001.03,1049996.99,16,14
2017-12-02,10000002,37843,10979,10898.99,10979,32511,21
2017-12-02,10000002,37844,10395.97,10390.99,10395.97,23757,17
2017-12-02,10000002,37846,9989.88,9989.8,9992.7,94469,48
2017-12-02,10000002,37847,10873.74,10872,10889.37,88859,63
2017-12-02,10000002,37848,10080.44,10000,10083.7,70840,39
2017-12-02,10000002,37849,1959629.95,1939999.98,1965999.94,534,18
2017-12-02,10000002,37850,1956888.16,1956888.1,1956999.99,913,24
2017-12-02,10000002,37851,2010000,1989999.99,2051595.99,1152,31
2017-12-02,10000002,37852,14899999.99,14899999.99,14899999.99,1,1
2017-12-02,10000002,37853,12450000,10000000,14899999.99,2,2
2017-12-02,10000002,37855,8354545.45,8000000,11899999.99,11,5
2017-12-02,10000002,37856,8000000,8000000,8000000,6,3
2017-12-02,10000002,37857,8000000,8000000,8000000,10,4
2017-12-02,10000002,37858,20166666.67,20000000,21000000,6,4
2017-12-02,10000002,37859,20000000,20000000,20000000,7,3
2017-12-02,10000002,37860,20000000,20000000,20000000,7,3
2017-12-02,10000002,37865,40000,40000,40000,14,1
2017-12-02,10000002,37866,80999.99,80999.99,80999.99,18,2
2017-12-02,10000002,37874,1.04,1.04,1.04,5,5
2017-12-02,10000002,37875,51.21,51.21,51.21,3,3
2017-12-02,10000002,37877,10000.04,10000.04,10000.04,3,3
2017-12-02,10000002,37878,7777.01,7777.01,7777.01,5,5
2017-12-02,10000002,37879,40000,40000,40000,7,5
2017-12-02,10000002,37880,20000.29,20000.12,20001,5,5
2017-12-02,10000002,37881,150000.44,150000.44,150000.44,7,7
2017-12-02,10000002,37882,1000.04,1000.04,1000.04,4,4
2017-12-02,10000002,37883,150000,150000,150000,7,7
2017-12-02,10000002,37884,500.2,500.2,500.2,6,6
2017-12-02,10000002,37885,269808.43,25010.56,1248999.91,5,5
2017-12-02,10000002,37886,409906.96,10000.15,439899.97,43,4
2017-12-02,10000002,37887,17125.02,15000.02,100000,40,8
2017-12-02,10000002,37888,80020,100,100000,5,5
2017-12-02,10000002,37889,2004.6,2004.6,2004.6,5,5
2017-12-02,10000002,37892,2002.31,2002.31,2002.31,5,5
2017-12-02,10000002,37893,2005.56,2005.56,2005.56,5,5
2017-12-02,10000002,37894,2004.14,2004.14,2004.14,6,6
2017-12-02,10000002,37895,2002.21,2002.21,2002.21,6,6
2017-12-02,10000002,37896,2001.48,2001.48,2001.48,6,6
2017-12-02,10000002,40328,5229324.3,3677957.23,5299993,36,35
2017-12-02,10000002,40334,8378.68,8378.66,8378.68,888,34
2017-12-02,10000002,40335,8041.81,8041.81,8041.81,356,27
2017-12-02,10000002,40338,1399989.87,1399989.87,1399989.87,1,1
2017-12-02,10000002,40345,6398919.72,6000059.83,7595499.38,24,4
2017-12-02,10000002,40346,9319998.99,8411003.62,9329290.93,265,37
2017-12-02,10000002,40347,7711585.09,6224000.12,7994934.85,25,9
2017-12-02,10000002,40348,32508990.16,32500995.74,32554496.06,262,46
2017-12-02,10000002,40349,50922863.38,46250001.01,51299988.88,13,11
2017-12-02,10000002,40350,101449325.75,71740185.57,103999968.8,15,9
2017-12-02,10000002,40351,140733759.08,133197900.65,142197900.64,84,52
2017-12-02,10000002,40354,19221899.53,14550000.89,19799910,91,21
2017-12-02,10000002,40355,31276533.19,23000028,31609991.71,26,17
2017-12-02,10000002,40356,97499998.67,97499998,97499999,3,3
2017-12-02,10000002,40357,114759558.49,109000000,115998999.45,100,57
2017-12-02,10000002,40358,2350000,2350000,2350000,233,17
2017-12-02,10000002,40359,2094999.97,2094999.97,2094999.97,72,4
2017-12-02,10000002,40360,2236998.88,2236998.88,2236998.88,166,7
2017-12-02,10000002,40361,2279994.99,2279994.99,2279994.99,1187,21
2017-12-02,10000002,40362,10477318.42,8647711.43,10568798.77,21,2
2017-12-02,10000002,40482,179760159.5,177420420,182099899,2,2
2017-12-02,10000002,40519,346579996,343203000,354909999.99,7566,1719
2017-12-02,10000002,40520,780000000,777261001.01,788700000,8130,3151
2017-12-02,10000002,40552,9444441.89,9444441.89,9444441.89,99,7
2017-12-02,10000002,40553,12003443.53,10000000,12004443.85,273,21
2017-12-02,10000002,40554,8893444,8893444,8893444,36,3
2017-12-02,10000002,40555,7873443,7873443,7873443,30,1
2017-12-02,10000002,40556,10222215.69,10202444,10222992,994,40
2017-12-02,10000002,40557,10315441.64,10315441.46,10317999.86,396,18
2017-12-02,10000002,40558,10404214.98,9594220.96,10404421.95,283,22
2017-12-02,10000002,40559,8699998.78,8400000,8699999.99,1114,43
2017-12-02,10000002,40560,28644443.98,28644442.97,28744444,158,16
2017-12-02,10000002,40561,28399385.75,26000916.51,29444444,60,5
2017-12-02,10000002,40562,28867682.48,28844444,28888823.99,76,7
2017-12-02,10000002,40563,29644443.99,29644442.89,29744444,120,16
2017-12-02,10000002,40564,27544442.92,27544442.91,27544442.99,123,16
2017-12-02,10000002,40565,24751586.06,24744443,24844443.96,56,10
2017-12-02,10000002,40566,33444409,33404443.99,33444435.99,156,17
2017-12-02,10000002,40567,28892660.77,25096798.11,29499998.9,87,6
2017-12-02,10000002,40568,10853571.57,9177007.63,11784995.97,14,6
2017-12-02,10000002,40569,14749595.47,13049472.07,18999976,7,3
2017-12-02,10000002,40570,26322055.23,24000101.04,26402443,82,19
2017-12-02,10000002,40571,24844443.97,24844443.97,24844443.97,142,22
2017-12-02,10000002,40572,102501429.72,100000000,107999788.07,77,57
2017-12-02,10000002,40573,102731109.74,100000000,107694972.98,67,45
2017-12-02,10000002,40580,17250000.5,10000001,24500000,2,2
2017-12-02,10000002,40584,138757.84,120000.01,309999.69,16,11
2017-12-02,10000002,40598,1081062.39,940000.03,1498998.99,16,11
2017-12-02,10000002,40601,193089993,193089993,193089993,1,1
2017-12-02,10000002,40603,199999999.99,199999999.99,199999999.99,1,1
2017-12-02,10000002,40631,285999994,285999988,285999999.99,2,2
2017-12-02,10000002,40633,385999999.49,385999998.99,385999999.99,2,2
2017-12-02,10000002,40635,108049999.99,98299999.96,109999999.99,12,8
2017-12-02,10000002,40636,129385470.32,114499999.5,199999999.89,13,10
2017-12-02,10000002,40659,26885059.25,25100000,28099992.22,40,27
2017-12-02,10000002,40660,111857327.2,95987955.75,113299996.8,12,9
2017-12-02,10000002,40661,48046573.17,42023753.86,49099994.96,23,15
2017-12-02,10000002,40662,167651779.48,155202809.27,169001998.99,20,18
2017-12-02,10000002,40665,20271425,19899997,22499993,7,4
2017-12-02,10000002,40667,59199998.99,59199998.99,59199998.99,1,1
2017-12-02,10000002,40672,18000000,18000000,18000000,1,1
2017-12-02,10000002,40674,36000000,36000000,36000000,1,1
2017-12-02,10000002,40690,69125006.58,51000011.12,98999999.7,8,8
2017-12-02,10000002,40696,116199984.61,107500000,119999979,15,9
2017-12-02,10000002,40697,94490909.09,92400000,94700000,11,4
2017-12-02,10000002,40698,94140822.71,84850000,95998987.25,12,6
2017-12-02,10000002,40699,96900000,96899999.98,96900000,11,4
2017-12-02,10000002,40701,27893.04,27893.04,27893.04,1,1
2017-12-02,10000002,40714,45970714.8,43570006,47560908.46,95,47
2017-12-02,10000002,40715,118437491.74,116000200.14,119999999.74,5,5
2017-12-02,10000002,40716,77607947.35,40000000.09,87009934.17,5,4
2017-12-02,10000002,40717,118800010.59,100100060.06,121399997.97,10,10
2017-12-02,10000002,40719,36000000,36000000,36000000,1,1
2017-12-02,10000002,40720,87000000.01,87000000.01,87000000.01,1,1
2017-12-02,10000002,40721,87000000.01,87000000.01,87000000.01,1,1
2017-12-02,10000002,40730,26376618.93,24115393.84,26790994.53,14,8
2017-12-02,10000002,40731,73833334.12,63000006.01,75999999.86,6,4
2017-12-02,10000002,40732,80000000,80000000,80000000,1,1
2017-12-02,10000002,40733,38999949.29,38999900,38999998.57,2,2
2017-12-02,10000002,40734,99273642.17,84001189.11,103000853.92,11,9
2017-12-02,10000002,40750,20847550.88,20840882.54,20848884.55,12,3
2017-12-02,10000002,40756,48999914.92,48999914.92,48999914.92,1,1
2017-12-02,10000002,40758,112472598.05,91222256.85,118219994.3,15,10
2017-12-02,10000002,40770,94447.27,65000,244999.99,18,7
2017-12-02,10000002,40771,103499995,103499995,103499995,1,1
2017-12-02,10000002,40772,1670000.88,850001.96,2489999.98,10,7
2017-12-02,10000002,41030,1003896000,1003890000,1003897000,175,69
2017-12-02,10000002,41031,3559.5,3559.5,3559.5,1049,234
2017-12-02,10000002,41032,1704.03,1704.03,1704.03,871,262
2017-12-02,10000002,41033,14000.1,14000.1,14000.1,531,188
2017-12-02,10000002,41034,50000.43,50000.14,50000.43,1386,330
2017-12-02,10000002,41038,190333318.33,179000000,197999969.99,6,5
2017-12-02,10000002,41040,832499.45,500000,1164998.9,2,2
2017-12-02,10000002,41045,129999999.85,129999999.85,129999999.85,1,1
2017-12-02,10000002,41051,254000000,254000000,254000000,1,1
2017-12-02,10000002,41054,475001.83,475001.82,475001.83,1673,236
2017-12-02,10000002,41055,461001.79,461001.77,461001.79,1509,227
2017-12-02,10000002,41056,466002.04,466001.55,483982.52,2281,216
2017-12-02,10000002,41057,3699999.9,3699999.88,3699999.95,169,143
2017-12-02,10000002,41058,102529554.4,99412056.08,114999613.91,10,10
2017-12-02,10000002,41059,114065529.91,107551969.58,117999898.42,10,10
2017-12-02,10000002,41061,177999962.25,177999962.25,177999962.25,1,1
2017-12-02,10000002,41062,124000100,107000200,140999999.99,2,2
2017-12-02,10000002,41064,114999888.78,114999888.78,114999888.78,3,3
2017-12-02,10000002,41065,139999999.9,139999999.9,139999999.9,3,1
2017-12-02,10000002,41068,53799999.99,53799999.99,53799999.99,1,1
2017-12-02,10000002,41078,95999999,95999999,95999999,3,3
2017-12-02,10000002,41081,49600500.68,49600495.8,49600503.12,3,3
2017-12-02,10000002,41082,94600000.03,85000000.09,113799999.9,9,4
2017-12-02,10000002,41092,42000000,42000000,42000000,2,2
2017-12-02,10000002,41102,71900000,71900000,71900000,9,4
2017-12-02,10000002,41106,104000000.01,104000000.01,104000000.01,1,1
2017-12-02,10000002,41129,65249991.94,42000005.29,72999987.5,8,3
2017-12-02,10000002,41151,59999981,59999981,59999981,3,2
2017-12-02,10000002,41152,59511099.06,50011089.79,69011108.34,6,3
2017-12-02,10000002,41153,61799994.79,61799994.18,61799996,9,3
2017-12-02,10000002,41155,9545.68,9545.67,9545.77,2129,267
2017-12-02,10000002,41175,159999999.9,159999999.9,159999999.9,3,2
2017-12-02,10000002,41177,108700000,108700000,108700000,1,1
2017-12-02,10000002,41178,108700000,108700000,108700000,1,1
2017-12-02,10000002,41180,176333355.43,169000069.71,179999998.29,6,5
2017-12-02,10000002,41181,84999999.98,84999999.98,84999999.99,3,2
2017-12-02,10000002,41183,108740000,108740000,108740000,1,1
2017-12-02,10000002,41184,108740000,108740000,108740000,1,1
2017-12-02,10000002,41191,29312206.92,27313528.32,30500000,86,69
2017-12-02,10000002,41196,6017097.8,5721869.36,6313667.78,52,35
2017-12-02,10000002,41197,499999999.99,499999999.99,499999999.99,1,1
2017-12-02,10000002,41198,6064596.93,5989387.47,7549387,37,24
2017-12-02,10000002,41199,7188882.38,6020857.56,9020853.88,11,9
2017-12-02,10000002,41200,264412437.47,244936030.88,275000000,24,23
2017-12-02,10000002,41201,253781128.53,243985527.01,265001773.19,62,51
2017-12-02,10000002,41202,259728770.44,246064344.12,269997776,29,28
2017-12-02,10000002,41212,14330938.27,13050090.11,15051061.43,25,20
2017-12-02,10000002,41214,30249471.06,12000018.03,31799999.99,10,8
2017-12-02,10000002,41215,19320599.35,15089000.67,19999999.65,68,55
2017-12-02,10000002,41217,56215232.81,31418215.55,64999993,19,19
2017-12-02,10000002,41218,26900003.64,26743554.98,27499998.87,419,284
2017-12-02,10000002,41220,55559997.93,51914445.97,55989996.75,166,102
2017-12-02,10000002,41223,185789999.66,177369999,189999999.99,3,2
2017-12-02,10000002,41225,48370000,48370000,48370000,2,2
2017-12-02,10000002,41226,9740000,9740000,9740000,1,1
2017-12-02,10000002,41227,9740000,9740000,9740000,1,1
2017-12-02,10000002,41230,1500000,1500000,1500000,2,2
2017-12-02,10000002,41236,24281290.17,21165308.42,24997778.84,33,20
2017-12-02,10000002,41237,80950953.96,60921750.01,87990992.12,4,4
2017-12-02,10000002,41238,53799598.22,45000000.13,55999497.49,5,5
2017-12-02,10000002,41239,198033219.68,197999998.87,198298986.19,9,9
2017-12-02,10000002,41242,16800000,16800000,16800000,1,1
2017-12-02,10000002,41244,32000000,32000000,32000000,1,1
2017-12-02,10000002,41249,44468464.14,39716404.6,48699988.95,17,16
2017-12-02,10000002,41250,109150384.08,96000768.15,122300000,2,2
2017-12-02,10000002,41251,74941997.21,74898999.17,74999000,7,6
2017-12-02,10000002,41252,95733332.12,75000000.38,106099998,3,3
2017-12-02,10000002,41253,266909281.77,225002106.82,270999999.48,11,10
2017-12-02,10000002,41256,89000000,89000000,89000000,2,2
2017-12-02,10000002,41257,190000000,190000000,190000000,1,1
2017-12-02,10000002,41258,190000000,190000000,190000000,2,2
2017-12-02,10000002,41263,4234.5,4234.5,4234.5,1414,39
2017-12-02,10000002,41264,5000,5000,5000,4985,39
2017-12-02,10000002,41265,6329.31,6329.31,6329.31,1245,31
2017-12-02,10000002,41266,72003.13,72003.04,72003.75,1786,42
2017-12-02,10000002,41267,485979.98,426000,489969.96,4382,69
2017-12-02,10000002,41268,1114002,1114002,1114002,2912,64
2017-12-02,10000002,41269,56016.16,56016.03,93599,3810,56
2017-12-02,10000002,41271,8195.73,8195.73,8195.73,10500,4
2017-12-02,10000002,41273,18985.96,18985.96,18985.96,10000,2
2017-12-02,10000002,41275,11998.66,11998.66,11998.66,15500,5
2017-12-02,10000002,41277,11494.9,11494.9,11494.9,15000,4
2017-12-02,10000002,41286,5974.52,5974.52,5974.52,2000,1
2017-12-02,10000002,41287,4991.77,4991.77,4991.77,5000,1
2017-12-02,10000002,41290,7355.95,7355.95,7355.95,2000,1
2017-12-02,10000002,41291,3992.29,3992.29,3992.29,5000,1
2017-12-02,10000002,41294,7898,7898,7898,5000,1
2017-12-02,10000002,41295,4498.69,4498.69,4498.69,2000,1
2017-12-02,10000002,41298,9979.3,9979.3,9979.3,2000,2
2017-12-02,10000002,41299,4995.79,4995.79,4995.79,4307,3
2017-12-02,10000002,41302,193000.86,150011.31,229999.78,3375,63
2017-12-02,10000002,41303,269999.77,244004,275999.99,4027,75
2017-12-02,10000002,41304,3307.47,3307.47,3307.47,2343,39
2017-12-02,10000002,41305,5195.01,5195.01,5195.01,1731,36
2017-12-02,10000002,41306,3744.39,3744.39,3744.39,1706,36
2017-12-02,10000002,41307,3018.85,3012.01,3018.86,1259,28
2017-12-02,10000002,41308,15181.01,15181.01,15181.01,1737,35
2017-12-02,10000002,41309,10058.37,10058.37,10058.37,1671,33
2017-12-02,10000002,41310,18810.47,18810.42,98997.97,1842,33
2017-12-02,10000002,41311,10001.49,9997.22,10001.49,1626,37
2017-12-02,10000002,41312,77000,77000,77000,1418,35
2017-12-02,10000002,41313,158000000,158000000,158000000,1,1
2017-12-02,10000002,41314,2233.4,2233.4,2233.4,431572,23
2017-12-02,10000002,41316,1798.95,1105.77,1920,110583,16
2017-12-02,10000002,41318,1779.15,1779.15,1779.15,2000,1
2017-12-02,10000002,41322,3499.97,3499.97,3499.97,13523,5
2017-12-02,10000002,41324,2350,2350,2350,1500,1
2017-12-02,10000002,41328,2998.98,2998.98,2998.98,10001,3
2017-12-02,10000002,41330,1026359.96,1000000,1050000,74,14
2017-12-02,10000002,41332,1600000,1600000,1600000,184,20
2017-12-02,10000002,41355,319999999.99,319999999.99,319999999.99,1,1
2017-12-02,10000002,41361,319999999.99,319999999.99,319999999.99,1,1
2017-12-02,10000002,41371,314999999.99,314999999.99,314999999.99,5,5
2017-12-02,10000002,41373,319999999.99,319999999.99,319999999.99,3,3
2017-12-02,10000002,41376,208999999.98,208999999.98,208999999.98,1,1
2017-12-02,10000002,41385,209499999.99,208999999.99,209999999.99,2,2
2017-12-02,10000002,41390,51000000,51000000,51000000,2,2
2017-12-02,10000002,41391,62000000.01,62000000.01,62000000.01,1,1
2017-12-02,10000002,41393,51000000,51000000,51000000,1,1
2017-12-02,10000002,41394,51000000,51000000,51000000,1,1
2017-12-02,10000002,41403,28876470.58,28800000,28899999.99,17,15
2017-12-02,10000002,41404,31111111,31000000,31999999,9,9
2017-12-02,10000002,41405,33399998.3,33000000,33999999,10,9
2017-12-02,10000002,41406,28262500,28000000,28299999.99,8,8
2017-12-02,10000002,41407,31619998.8,31599999,31699998,10,10
2017-12-02,10000002,41408,40499999.67,38999999,41000000,6,6
2017-12-02,10000002,41409,27555427.71,27000000,28498986,25,22
2017-12-02,10000002,41410,27824999.33,27000000,28899996,24,15
2017-12-02,10000002,41411,31372775.79,31000000,31998222.14,77,64
2017-12-02,10000002,41412,43333333.33,10000000,60000000,3,3
2017-12-02,10000002,41413,55000000,55000000,55000000,1,1
2017-12-02,10000002,41414,195999982.48,195999981.23,195999983.1,3,3
2017-12-02,10000002,41415,157498998.84,157498997,157499989.97,133,61
2017-12-02,10000002,41440,268999999,268999999,268999999,1,1
2017-12-02,10000002,41456,354782534.01,334151000.01,357247990.47,28,19
2017-12-02,10000002,41459,341103808.56,306430000.13,347499999.99,20,15
2017-12-02,10000002,41463,63362667.85,52201208.62,64999999.99,24,13
2017-12-02,10000002,41465,53099990.64,53099989.37,53099991.28,9,3
2017-12-02,10000002,41466,104363635.09,99999998,107999999,11,4
2017-12-02,10000002,41469,67599998.99,67599998.98,67599998.99,8,4
2017-12-02,10000002,41470,97819994.44,97099994.44,97999994.45,5,4
2017-12-02,10000002,41471,49100002.37,42500011.57,50900000,14,9
2017-12-02,10000002,41476,227501.82,5051,236000,28,11
2017-12-02,10000002,41477,179373.58,125000.48,269995.4,8,5
2017-12-02,10000002,41479,28499998,28499998,28499998,1,1
2017-12-02,10000002,41481,416999.88,151000.78,439999.99,11,8
2017-12-02,10000002,41482,1989894.76,1813939.9,2796999.99,52,16
2017-12-02,10000002,41483,43999998.49,43999997.99,43999999.99,4,4
2017-12-02,10000002,41484,2728598.71,1651666.08,2997831.87,10,7
2017-12-02,10000002,41485,103099978.4,102199955.31,103549989.95,3,3
2017-12-02,10000002,41486,35545065.43,22202247,41999859.92,54,37
2017-12-02,10000002,41489,9099.92,9099.91,9200,52233,97
2017-12-02,10000002,41490,923000,920980,948985.68,20870,356
2017-12-02,10000002,41491,29569823.15,29399998.99,29929522.22,79,47
2017-12-02,10000002,41492,114352302.05,110000436.75,117028625.19,43,28
2017-12-02,10000002,41493,138999995.99,132000004,146888867.86,156,107
2017-12-02,10000002,41498,93330300.19,90000001.73,94999991.78,33,21
2017-12-02,10000002,41499,166665998.64,165999000,167999995.92,3,2
2017-12-02,10000002,41500,533999999.92,532999999.87,534999999.97,2,2
2017-12-02,10000002,41503,59083285.75,55000000,59899940.75,6,6
2017-12-02,10000002,41504,293766228.09,258186094,309994992.88,45,33
2017-12-02,10000002,41505,114399999.99,110000000,118799999.98,4,4
2017-12-02,10000002,41506,112900130.3,89501159.7,117099982.38,8,8
2017-12-02,10000002,41507,124995714.17,119117141.77,128996994.99,53,28
2017-12-02,10000002,41509,700006001.21,400012003.42,999999999,2,2
2017-12-02,10000002,41515,19987898.98,19987898.98,19987898.98,9,4
2017-12-02,10000002,41517,44973.48,10001.02,79942.99,8,6
2017-12-02,10000002,41518,80021.91,104.58,139956.97,7,6
2017-12-02,10000002,41519,124990.9,124987.92,124999.87,4,4
2017-12-02,10000002,41520,72760.96,5000,99862.99,7,6
2017-12-02,10000002,41521,33462.23,154.67,200000,6,3
2017-12-02,10000002,41522,34166.51,1000.01,199999,6,3
2017-12-02,10000002,41523,31749.91,100.09,189999,6,3
2017-12-02,10000002,41524,33441.74,130.09,200000,6,3
2017-12-02,10000002,41525,67571404.98,59000007.16,68999971.29,7,7
2017-12-02,10000002,41528,41300999.4,41000000,44009994,10,6
2017-12-02,10000002,41533,56912746.79,52801267.71,58999992.92,45,44
2017-12-02,10000002,41534,121990939.56,101900000.95,134799999.56,33,33
2017-12-02,10000002,41537,252777777.78,250000000,274999999.99,9,9
2017-12-02,10000002,41565,50000000,50000000,50000000,1,1
2017-12-02,10000002,41566,132416665.83,129999999.99,132899999,6,6
2017-12-02,10000002,41575,135500008,121000016,149999999.99,2,2
2017-12-02,10000002,41576,79999987.86,79999987.86,79999987.86,1,1
2017-12-02,10000002,41579,948832.71,614000.83,1799996.35,6,5
2017-12-02,10000002,41580,100820000.01,100820000.01,100820000.01,1,1
2017-12-02,10000002,41582,1038999999.99,1038999999.99,1038999999.99,1,1
2017-12-02,10000002,41583,1000000000,1000000000,1000000000,1,1
2017-12-02,10000002,41585,1038490000,1038490000,1038490000,1,1
2017-12-02,10000002,41598,21058588.23,20000000,24498999.97,17,8
2017-12-02,10000002,41599,9200000,9200000,9200000,2,2
2017-12-02,10000002,41600,28350000,28350000,28350000,1,1
2017-12-02,10000002,41601,18400000,18400000,18400000,1,1
2017-12-02,10000002,41607,29749999.85,29749999.85,29749999.85,1,1
2017-12-02,10000002,41608,52000000,52000000,52000000,3,3
2017-12-02,10000002,41609,43484000,43484000,43484000,1,1
2017-12-02,10000002,41615,113000000,113000000,113000000,1,1
2017-12-02,10000002,41621,59000000,59000000,59000000,1,1
2017-12-02,10000002,41622,59000000,59000000,59000000,1,1
2017-12-02,10000002,41624,59000000,59000000,59000000,1,1
2017-12-02,10000002,41627,14000000,14000000,14000000,1,1
2017-12-02,10000002,41628,25000000.01,25000000.01,25000000.01,1,1
2017-12-02,10000002,41629,25000000.01,25000000.01,25000000.01,1,1
2017-12-02,10000002,41632,102000000,102000000,102000000,1,1
2017-12-02,10000002,41633,122000000,122000000,122000000,1,1
2017-12-02,10000002,41644,19999529,19999529,19999529,1,1
2017-12-02,10000002,41662,35000000,35000000,35000000,1,1
2017-12-02,10000002,41666,49000000,49000000,49000000,1,1
2017-12-02,10000002,41667,49000000,49000000,49000000,1,1
2017-12-02,10000002,41668,49000000,49000000,49000000,1,1
2017-12-02,10000002,41680,698999999.94,698999999.94,698999999.94,2,2
2017-12-02,10000002,41685,800000000,800000000,800000000,1,1
2017-12-02,10000002,42145,22512287.12,16543037.41,24999983.98,7,6
2017-12-02,10000002,42146,67710212.81,59709768.15,98710381.98,5,5
2017-12-02,10000002,42147,15999999.99,15999999.99,15999999.99,1,1
2017-12-02,10000002,42149,167750,117000,496999.99,16,11
2017-12-02,10000002,42163,219999999.99,219999999.99,219999999.99,1,1
2017-12-02,10000002,42165,219999999.99,219999999.99,219999999.99,1,1
2017-12-02,10000002,42168,811940.84,317000.03,2179999,17,11
2017-12-02,10000002,42169,199999999.98,199999999.98,199999999.98,1,1
2017-12-02,10000002,42177,48100005.5,48100000,48100010.99,2,2
2017-12-02,10000002,42185,444549999.97,429999999.99,459099999.95,2,2
2017-12-02,10000002,42187,919999999.99,919999999.99,919999999.99,1,1
2017-12-02,10000002,42192,14500000,14500000,14500000,1,1
2017-12-02,10000002,42200,89668601.38,44011610.35,100999999.97,6,6
2017-12-02,10000002,42201,133296840.89,121018595.64,133999999.99,13,10
2017-12-02,10000002,42202,39000114.73,30053502.07,41807005.81,9,9
2017-12-02,10000002,42204,38879226.26,35000250.31,39554000.36,27,27
2017-12-02,10000002,42205,48017139.47,42400001.61,50199955.41,33,32
2017-12-02,10000002,42206,75362793.66,62801006.69,78199999.95,26,26
2017-12-02,10000002,42207,121780224.77,103100123.52,129999437.5,36,32
2017-12-02,10000002,42208,190863492.51,187999999.91,209499949.51,22,22
2017-12-02,10000002,42209,364658612.73,330102001.6,377000259.46,19,19
2017-12-02,10000002,42210,131583842.88,115000006.11,134678899.62,19,14
2017-12-02,10000002,42211,159065787.43,127000402.85,163998901.05,15,14
2017-12-02,10000002,42212,211749960.63,210000000.02,216499842.98,8,8
2017-12-02,10000002,42213,323333350,294000061.25,337999992.85,12,12
2017-12-02,10000002,42214,538999997.3,505000000.67,542999999.89,8,8
2017-12-02,10000002,42215,1131632529.5,1106874698.09,1142874697.66,16,16
2017-12-02,10000002,42226,3800000.18,3800000.16,3800000.2,2727,20
2017-12-02,10000002,42244,60666634.83,55120059.27,61899996.97,33,30
2017-12-02,10000002,42522,130299402.83,117000000.05,134799995.07,32,32
2017-12-02,10000002,42526,510157.93,360000.9,571446.5,69,36
2017-12-02,10000002,42527,489068.51,260161.43,515998.95,19,15
2017-12-02,10000002,42528,677342.2,677342.2,677342.2,586,50
2017-12-02,10000002,42529,629749.98,629730,630000,796,70
2017-12-02,10000002,42530,467383.82,300003.09,598947.91,78,41
2017-12-02,10000002,42544,2100015.02,600015.02,3600015.02,2,2
2017-12-02,10000002,42547,12595999.99,12595999.99,12595999.99,1,1
2017-12-02,10000002,42548,9899991.95,9899991.95,9899991.95,1,1
2017-12-02,10000002,42550,10999998,10999998,10999998,2,2
2017-12-02,10000002,42551,4302499.78,605000.55,7999999,2,2
2017-12-02,10000002,42554,3899997,3899997,3899997,1,1
2017-12-02,10000002,42555,45957001.11,45957001.11,45957001.11,1,1
2017-12-02,10000002,42556,30003026.11,30003026.11,30003026.11,2,2
2017-12-02,10000002,42557,1709817.4,1709817.4,1709817.4,1,1
2017-12-02,10000002,42558,19093066.66,8100100,24589550,3,3
2017-12-02,10000002,42559,2495003.21,2495003.21,2495003.21,1,1
2017-12-02,10000002,42564,80999997.97,80999997.97,80999997.97,1,1
2017-12-02,10000002,42565,9371998.97,1744000,16999997.94,2,2
2017-12-02,10000002,42566,811111.06,811111.06,811111.06,1,1
2017-12-02,10000002,42568,15912001.51,15912001.51,15912001.51,1,1
2017-12-02,10000002,42569,23101201.74,23101201,23101203.97,4,4
2017-12-02,10000002,42570,11900000.29,8650000.59,15149999.99,2,2
2017-12-02,10000002,42571,13869999.98,13869999.98,13869999.98,1,1
2017-12-02,10000002,42572,39999996.97,39999996.93,39999997,5,4
2017-12-02,10000002,42573,37999977.67,37999976,37999979.34,2,2
2017-12-02,10000002,42574,39249994.49,38500000,39999988.97,2,2
2017-12-02,10000002,42576,6253333,999999.01,8880000,3,3
2017-12-02,10000002,42577,39919999.99,39919999.99,39919999.99,1,1
2017-12-02,10000002,42578,19999999.4,19999999,19999999.81,4,4
2017-12-02,10000002,42579,29999998.89,29999998.82,29999998.96,2,2
2017-12-02,10000002,42580,23662498.01,20050001.39,34499987.85,4,3
2017-12-02,10000002,42581,11339998.99,11339998.99,11339998.99,1,1
2017-12-02,10000002,42582,33000000,6000000,60000000,2,2
2017-12-02,10000002,42583,5500001.38,2000000.07,9000002.69,2,2
2017-12-02,10000002,42584,29000027.12,25000034.12,33000020.11,4,3
2017-12-02,10000002,42585,17700002.52,15700000.15,22700008.45,7,4
2017-12-02,10000002,42586,38000019.39,38000019.17,38000019.6,2,2
2017-12-02,10000002,42587,32388885,32388885,32388885,1,1
2017-12-02,10000002,42588,40119998.49,40119998,40119998.98,2,2
2017-12-02,10000002,42589,14919905.26,2500011.11,21129852.33,3,3
2017-12-02,10000002,42590,44531949,44531949,44531949,1,1
2017-12-02,10000002,42593,15999999.82,15999999.82,15999999.82,1,1
2017-12-02,10000002,42594,27970101.4,24100146.68,36999995.76,10,6
2017-12-02,10000002,42595,7399999.99,7399999.99,7399999.99,1,1
2017-12-02,10000002,42596,8399997,8399997,8399997,1,1
2017-12-02,10000002,42599,27800025.46,15000146.29,30999995,5,4
2017-12-02,10000002,42600,26025001.01,3600004.15,33499999.95,4,4
2017-12-02,10000002,42620,399999999.99,399999999.99,399999999.99,1,1
2017-12-02,10000002,42653,48614713.34,40000000.13,60100997.97,7,6
2017-12-02,10000002,42685,19873879.19,18589500.05,20999979.89,27,27
2017-12-02,10000002,42694,889.85,889.84,889.9,108061,86
2017-12-02,10000002,42695,985.89,661.36,986.38,346422,133
2017-12-02,10000002,42696,827.19,712.09,827.28,325529,128
2017-12-02,10000002,42700,1868399.95,1858999.95,2000000,15,10
2017-12-02,10000002,42701,724083.34,700000,1000000,12,10
2017-12-02,10000002,42702,656562.26,639997.99,1004435.99,22,20
2017-12-02,10000002,42703,160000,150000,500000,15,13
2017-12-02,10000002,42704,1675334.07,52009.5,1999998.99,12,9
2017-12-02,10000002,42705,1123250,998000.01,1198000,8,8
2017-12-02,10000002,42706,267000,200000,1194999.99,15,11
2017-12-02,10000002,42707,1564922.06,755005.01,1888888.88,7,6
2017-12-02,10000002,42708,5269373.66,5199997.92,8199996,16,13
2017-12-02,10000002,42709,5000000,4000000,5999999.99,2,2
2017-12-02,10000002,42712,43000001.23,43000001.23,43000001.23,1,1
2017-12-02,10000002,42718,972909.07,51000.05,1199999.96,22,15
2017-12-02,10000002,42723,3680000,2100000,10000000,5,4
2017-12-02,10000002,42726,988000.48,56005.97,999999.98,12,12
2017-12-02,10000002,42733,5489999.89,5489999.89,5489999.89,8,5
2017-12-02,10000002,42734,456250,125000,600000,4,3
2017-12-02,10000002,42736,8000000,8000000,8000000,1,1
2017-12-02,10000002,42738,4499999.99,3999999.98,7999999.99,4,4
2017-12-02,10000002,42739,10833331.32,6249999.07,19999995.82,3,3
2017-12-02,10000002,42740,2620000.4,1100001,3500000,5,5
2017-12-02,10000002,42746,6637504,2275008,11000000,2,2
2017-12-02,10000002,42747,4949998.49,4899998,4999998.97,2,2
2017-12-02,10000002,42751,600285.22,600285.22,600285.22,3,2
2017-12-02,10000002,42753,506018.62,506018.62,506018.62,1,1
2017-12-02,10000002,42754,6000338.2,6000338.18,6000338.21,2,2
2017-12-02,10000002,42755,27000016.07,27000016.07,27000016.07,1,1
2017-12-02,10000002,42756,9000000,9000000,9000000,1,1
2017-12-02,10000002,42757,19998998.98,19998998.97,19998998.98,2,2
2017-12-02,10000002,42759,2800023.54,600047.08,4999999.99,2,2
2017-12-02,10000002,42760,20100000,20099999.99,20100000,2,2
2017-12-02,10000002,42761,2252008.79,755018.57,3748999,2,2
2017-12-02,10000002,42763,8999998.99,8999998.99,8999998.99,2,2
2017-12-02,10000002,42764,1466686.08,200029.13,4000000,3,3
2017-12-02,10000002,42765,1200014.24,1200014.24,1200014.24,1,1
2017-12-02,10000002,42766,21630000.51,20000000,23260001.03,4,4
2017-12-02,10000002,42767,7000000,6999999.99,7000000,2,2
2017-12-02,10000002,42768,5799999.99,1400000,14599999.99,3,3
2017-12-02,10000002,42769,8516668.23,5050000.01,10000003.47,6,6
2017-12-02,10000002,42770,9267004.2,2801012.62,12499999.99,3,3
2017-12-02,10000002,42771,13499991.95,13499991.93,13499991.97,2,2
2017-12-02,10000002,42772,3300006.96,3300006.95,3300006.97,2,2
2017-12-02,10000002,42773,9770000,9770000,9770000,4,4
2017-12-02,10000002,42774,9699949.88,9699949.88,9699949.88,1,1
2017-12-02,10000002,42775,8499999.51,3000000.02,13999998.99,2,2
2017-12-02,10000002,42776,4286672.21,960000.04,5950008.3,3,3
2017-12-02,10000002,42777,27000000,27000000,27000000,1,1
2017-12-02,10000002,42778,10133335.02,1400005.06,14500000,3,3
2017-12-02,10000002,42779,32349999.99,25000000,34799999.98,4,4
2017-12-02,10000002,42780,20861494.41,20847992.99,20874995.83,2,2
2017-12-02,10000002,42781,2433345.88,1900013.77,2700011.94,3,3
2017-12-02,10000002,42782,17999999.97,17999999.97,17999999.97,1,1
2017-12-02,10000002,42783,12949999.99,12949999.99,12949999.99,1,1
2017-12-02,10000002,42784,12533334.52,4600005.65,16499998.96,3,3
2017-12-02,10000002,42785,9533336.08,4300004.13,12150002.06,3,3
2017-12-02,10000002,42786,33095237.02,25000000,33333332,7,7
2017-12-02,10000002,42787,16966666.41,11000001.26,19949998.99,3,3
2017-12-02,10000002,42789,45400000,45000000,45799999.99,2,2
2017-12-02,10000002,42790,5700003.26,3200003.29,8200003.23,2,2
2017-12-02,10000002,42791,38359004.72,19397512.33,51999999.97,5,5
2017-12-02,10000002,42792,14536667.38,5610005.13,18999998.5,3,3
2017-12-02,10000002,42793,24999999.15,24999999.15,24999999.15,1,1
2017-12-02,10000002,42794,16959999.83,16959999.83,16959999.83,1,1
2017-12-02,10000002,42795,6112000.22,6112000.22,6112000.22,1,1
2017-12-02,10000002,42796,7808499.59,5999999,8900000,22,11
2017-12-02,10000002,42797,6525599.98,6000000,7051199.96,2,2
2017-12-02,10000002,42798,7400000,7399999.99,7400000,2,2
2017-12-02,10000002,42799,37624995.74,35000000,38499993.99,4,4
2017-12-02,10000002,42800,14697499.72,10000000.01,16500000,4,4
2017-12-02,10000002,42829,869.91,869.91,869.91,618741,140
2017-12-02,10000002,42830,894.83,777.02,894.93,676782,154
2017-12-02,10000002,42831,791.84,552.57,791.85,204993,52
2017-12-02,10000002,42832,1288.89,1288.86,1288.9,123881,98
2017-12-02,10000002,42833,753.44,753.44,753.44,57973,77
2017-12-02,10000002,42834,1000,999.95,1000,770268,84
2017-12-02,10000002,42835,758.39,644.94,880.11,27382,32
2017-12-02,10000002,42836,921.99,921.87,922.18,16789,17
2017-12-02,10000002,42837,1887.94,1887.93,1890.1,13088,23
2017-12-02,10000002,42838,1117.65,1117.65,1117.65,86726,73
2017-12-02,10000002,42839,1393.95,1393.94,1397,69286,102
2017-12-02,10000002,42840,2500,1989.76,2500,64640,98
2017-12-02,10000002,42874,10740000,10740000,10740000,1,1
2017-12-02,10000002,42875,10500000,10500000,10500000,1,1
2017-12-02,10000002,42876,10720000,10720000,10720000,1,1
2017-12-02,10000002,42877,10000000,10000000,10000000,1,1
2017-12-02,10000002,42878,10000000,10000000,10000000,1,1
2017-12-02,10000002,42879,10000000,10000000,10000000,2,2
2017-12-02,10000002,42880,14313961.2,14259378.22,14859790.99,11,11
2017-12-02,10000002,42881,16049331.6,10000000,16599267.6,12,12
2017-12-02,10000002,42882,16496377.41,11000000.01,16919175.53,14,14
2017-12-02,10000002,42883,10000000,10000000,10000000,7,3
2017-12-02,10000002,42884,10000000,10000000,10000000,3,3
2017-12-02,10000002,42885,10000000,10000000,10000000,3,3
2017-12-02,10000002,42886,11700000,11700000,11700000,1,1
2017-12-02,10000002,42887,11800000,11800000,11800000,2,2
2017-12-02,10000002,42888,11366666.67,10700000,11700000,3,3
2017-12-02,10000002,42890,95911723.68,82369555.6,99999999.21,33,32
2017-12-02,10000002,42905,402067.99,401001.61,408999.5,15,12
2017-12-02,10000002,42906,521022.04,200411.57,870000,13,12
2017-12-02,10000002,42907,109999999.99,109999999.99,109999999.99,1,1
2017-12-02,10000002,42908,29999998.39,29999998,29999998.98,5,3
2017-12-02,10000002,43517,607000000,607000000,607000000,1,1
2017-12-02,10000002,43530,964770,889997.07,1104998.53,22,15
2017-12-02,10000002,43544,3063992.04,200000.3,3779989.97,5,5
2017-12-02,10000002,43545,2000000,2000000,2000000,3,3
2017-12-02,10000002,43546,2500000,2500000,2500000,2,2
2017-12-02,10000002,43547,2063800,2063800,2063800,3,3
2017-12-02,10000002,43548,2000000,2000000,2000000,2,2
2017-12-02,10000002,43551,4300001,4300001,4300001.09,1133,134
2017-12-02,10000002,43552,2600000,2600000,2749999.49,243,82
2017-12-02,10000002,43554,2697380.43,2235559.69,2925000.98,51,22
2017-12-02,10000002,43555,3899998.96,3899998.94,5292997.93,382,138
2017-12-02,10000002,43556,2849000,2300002.39,2898999.99,184,95
2017-12-02,10000002,43669,462098966.35,462098966.35,462098966.35,1,1
2017-12-02,10000002,43670,200000000,200000000,200000000,1,1
2017-12-02,10000002,43671,537099999.95,537099999.95,537099999.95,2,2
2017-12-02,10000002,43673,2495999997.98,2495999997.98,2495999997.98,1,1
2017-12-02,10000002,43681,1127773853.61,1050001000.12,1159992000,66,44
2017-12-02,10000002,43682,26999998.99,26999998.99,26999998.99,1,1
2017-12-02,10000002,43684,29999999.75,29999999,30000000,4,2
2017-12-02,10000002,43685,45000000,45000000,45000000,1,1
2017-12-02,10000002,43686,28999998.99,28999998.99,28999998.99,1,1
2017-12-02,10000002,43687,32000000,31999999.99,32000000,2,2
2017-12-02,10000002,43688,31020000.01,31020000,31020000.01,3,3
2017-12-02,10000002,43689,34761675.25,34761675.25,34761675.25,1,1
2017-12-02,10000002,43692,45000000,45000000,45000000,1,1
2017-12-02,10000002,43693,37999998.98,37999998.98,37999998.98,1,1
2017-12-02,10000002,43694,60800000,52121000.84,60898999.84,230,67
2017-12-02,10000002,43695,199000000,199000000,199000000,4,1
2017-12-02,10000002,43696,241642857.14,234000000,260000000,14,3
2017-12-02,10000002,43697,182000000,182000000,182000000,1,1
2017-12-02,10000002,43698,190000000,190000000,190000000,1,1
2017-12-02,10000002,43699,40000,40000,40000,533,44
2017-12-02,10000002,43700,4199997.57,4199997.57,4199997.58,204,38
2017-12-02,10000002,43701,134007554.68,129755807.21,142199998.56,12,6
2017-12-02,10000002,43702,104925,80000,115000,80,69
2017-12-02,10000002,43703,19570000.39,18000000,21162998,78,42
2017-12-02,10000002,43716,5729999999.95,5729999999.95,5729999999.95,1,1
2017-12-02,10000002,43718,5049999990.58,5049999990.58,5049999990.58,1,1
2017-12-02,10000002,43720,5109998979,5109998979,5109998979,1,1
2017-12-02,10000002,43728,217666666.66,200000000,226500000,3,3
2017-12-02,10000002,43732,729999999,729999999,729999999,1,1
2017-12-02,10000002,43749,1627810.23,1199999.98,2240001.91,41,19
2017-12-02,10000002,43750,299998.29,299998,299999,7,2
2017-12-02,10000002,43751,1366666.65,1100000,1499999.98,3,2
2017-12-02,10000002,43752,9777777.73,9555555.55,9999999.91,2,2
2017-12-02,10000002,43753,2099999.75,1999999.5,2199999.99,4,4
2017-12-02,10000002,43754,7799999,7799998.99,7799999,2,2
2017-12-02,10000002,43755,32997997.5,31995995,34000000,2,2
2017-12-02,10000002,43756,8574999.99,6199999.99,9499999.98,4,4
2017-12-02,10000002,43759,119544362.49,119544361,119544363.97,2,2
2017-12-02,10000002,43760,75000099.13,75000099.11,75000099.14,2,2
2017-12-02,10000002,43761,5999999.96,5999999.96,5999999.96,1,1
2017-12-02,10000002,43762,2530909.79,835001.96,3499999.98,11,8
2017-12-02,10000002,43763,2620000.5,250001,4990000,2,2
2017-12-02,10000002,43765,14666666.67,14000000,15000000,6,3
2017-12-02,10000002,43766,7388888.5,7000000,7777777,2,2
2017-12-02,10000002,43767,7198000,6750000,8990000,5,5
2017-12-02,10000002,43768,39999999.99,39999999.99,39999999.99,1,1
2017-12-02,10000002,43769,18900000,18900000,18900000,1,1
2017-12-02,10000002,43770,68500000,67999999.99,69000000,2,2
2017-12-02,10000002,43772,102545550.65,95091101.3,110000000,2,2
2017-12-02,10000002,43773,51052058.21,51052058.21,51052058.21,1,1
2017-12-02,10000002,43774,6506945.26,2750001.11,17777777.71,4,2
2017-12-02,10000002,43775,539999995.01,539999994.97,539999995.14,5,5
2017-12-02,10000002,43776,1139166.53,1000000.17,1858998.99,12,4
2017-12-02,10000002,43778,2000000,2000000,2000000,1,1
2017-12-02,10000002,43779,8474923.5,8400000,8499898,4,4
2017-12-02,10000002,43780,5899999.97,5899999.97,5899999.97,1,1
2017-12-02,10000002,43783,8400000,8400000,8400000,1,1
2017-12-02,10000002,43784,40999999.99,40999999.99,40999999.99,1,1
2017-12-02,10000002,43786,96989990.98,96989990.98,96989990.98,1,1
2017-12-02,10000002,43787,50000019.19,50000019.19,50000019.19,1,1
2017-12-02,10000002,43789,3444439.98,3444439.98,3444439.98,2,1
2017-12-02,10000002,43791,52500.1,52500.1,52500.1,1,1
2017-12-02,10000002,43794,1515667.61,278506.42,3989989.99,3,2
2017-12-02,10000002,43796,18055008.46,18055008.46,18055008.46,1,1
2017-12-02,10000002,43797,25200000,24999999.99,25800000,4,3
2017-12-02,10000002,43799,40000004.07,40000004.07,40000004.07,1,1
2017-12-02,10000002,43800,92999999.99,79000000,99999999.99,3,3
2017-12-02,10000002,43803,20366667.34,19100002.01,21000000,3,3
2017-12-02,10000002,43804,61775000,40000000,83550000,2,2
2017-12-02,10000002,43817,50000000,50000000,50000000,1,1
2017-12-02,10000002,43819,35500000,35500000,35500000,1,1
2017-12-02,10000002,43822,166927997.5,166900000,166955995,2,2
2017-12-02,10000002,43824,599999999.3,599999999.3,599999999.3,1,1
2017-12-02,10000002,43828,15686669.24,15686669.24,15686669.24,1,1
2017-12-02,10000002,43829,50700002.46,50700002.46,50700002.46,1,1
2017-12-02,10000002,43830,39000000,39000000,39000000,2,2
2017-12-02,10000002,43836,199999999,199999999,199999999,1,1
2017-12-02,10000002,43838,902299999.05,902299999.05,902299999.05,1,1
2017-12-02,10000002,43840,149999999.99,149999999.99,149999999.99,1,1
2017-12-02,10000002,43848,77755555,77755555,77755555,1,1
2017-12-02,10000002,43858,657999990.98,657999990.98,657999990.98,1,1
2017-12-02,10000002,43869,679999988.26,679999988.26,679999988.26,1,1
2017-12-02,10000002,43870,666999093.72,666999093.72,666999093.72,1,1
2017-12-02,10000002,43875,661499904.98,659999904.61,662999905.35,2,2
2017-12-02,10000002,43880,382516350.75,382230888,388230887,7,4
2017-12-02,10000002,43883,370567789.37,369999999.5,377385578.99,8,8
2017-12-02,10000002,43885,375000000,375000000,375000000,1,1
2017-12-02,10000002,43889,370333309.64,360000000.5,390999927.92,3,3
2017-12-02,10000002,43893,468006644.79,450013289.58,486000000,2,2
2017-12-02,10000002,43894,238775.69,235000,239989.32,37,18
2017-12-02,10000002,43896,741040.82,741040.75,1398992.04,138,55
2017-12-02,10000002,43898,4549995.94,4549995.94,4549995.94,3,1
2017-12-02,10000002,43902,125000,125000,125000,1,1
2017-12-02,10000002,43904,750000,750000,750000,1,1
2017-12-02,10000002,43906,1250000,1250000,1250000,1,1
2017-12-02,10000002,43910,741299999.94,741299999.94,741299999.94,2,2
2017-12-02,10000002,43911,35999997.5,35999997.5,35999997.5,1,1
2017-12-02,10000002,43920,606333327.25,600000000,618999981.76,3,3
2017-12-02,10000002,43927,1000000000,1000000000,1000000000,1,1
2017-12-02,10000002,43928,1000000000,1000000000,1000000000,1,1
2017-12-02,10000002,43935,3298999999,3298999999,3298999999,1,1
2017-12-02,10000002,44067,254612145.88,250000000,259999999,41,32
2017-12-02,10000002,44102,3099998.99,3099998.99,3099998.99,221,37
2017-12-02,10000002,44103,5000000,5000000,5000000,4,4
2017-12-02,10000002,44109,45854.81,25000.05,99999,27,23
2017-12-02,10000002,44110,2751.49,2750,2999.99,7368,29
2017-12-02,10000002,44113,10000.32,10000.32,10000.32,1,1
2017-12-02,10000002,44114,4699999.98,4300000,5099999.96,2,2
2017-12-02,10000002,44120,10001.08,10001.08,10001.08,6,6
2017-12-02,10000002,44121,4501,1001.34,14999.99,8,8
2017-12-02,10000002,44122,362.51,0.01,2900,8,7
2017-12-02,10000002,44123,62112.11,51001,151001,9,9
2017-12-02,10000002,44124,46573.48,46002.39,50000,7,7
2017-12-02,10000002,44125,56300.9,55001.15,67998.97,10,9
2017-12-02,10000002,44134,1267133.79,500700.68,2800000,3,3
2017-12-02,10000002,44136,200004.19,200004.19,200004.19,1,1
2017-12-02,10000002,44137,1900000.39,1200002.8,1999999.99,7,4
2017-12-02,10000002,44138,326732.85,120000.21,389666,30,10
2017-12-02,10000002,44139,1665999.97,400000.01,2298999.95,3,3
2017-12-02,10000002,44140,580020.87,580020.87,580020.87,1,1
2017-12-02,10000002,44141,3625250.01,501000.04,4500000,4,4
2017-12-02,10000002,44142,12960046.92,3000236.7,15449999.49,5,5
2017-12-02,10000002,44143,4348979.96,4348979.96,4348979.96,2,1
2017-12-02,10000002,44144,302119.6,302119.6,302119.6,1,1
2017-12-02,10000002,44147,5394007.96,2300016.91,8487999,2,2
2017-12-02,10000002,44148,808000.92,808000.92,808000.92,2,2
2017-12-02,10000002,44149,7333333.4,6000000.1,9999999.99,3,3
2017-12-02,10000002,44150,254357.19,200000.06,580500,14,9
2017-12-02,10000002,44151,2992500.04,985000.1,4999999.98,2,2
2017-12-02,10000002,44152,2850002.67,2700004.33,3000001,2,2
2017-12-02,10000002,44153,4344006.68,3067010.03,6897999.98,3,3
2017-12-02,10000002,44154,20833333.94,14500002.17,23999999.83,3,3
2017-12-02,10000002,44155,17499994.38,17499994.38,17499994.38,1,1
2017-12-02,10000002,44157,10800003.28,10000008.53,11599998.03,2,2
2017-12-02,10000002,44158,18500000.18,16000000.18,21000000.18,2,2
2017-12-02,10000002,44159,14000003.13,8600006.26,19399999.99,2,2
2017-12-02,10000002,44160,800156.25,800156.25,800156.25,1,1
2017-12-02,10000002,44161,100011.96,100011.96,100011.96,1,1
2017-12-02,10000002,44162,216000.5,216000.5,216000.5,1,1
2017-12-02,10000002,44164,2885000.08,985000.09,4785000.07,2,2
2017-12-02,10000002,44166,82722.22,35000,330000,18,11
2017-12-02,10000002,44167,3502001.22,3502001.22,3502001.22,1,1
2017-12-02,10000002,44169,4621010.6,4621010.6,4621010.6,1,1
2017-12-02,10000002,44170,1100003.08,1100003.08,1100003.08,1,1
2017-12-02,10000002,44171,8140014.39,4210022.14,15999998.89,3,3
2017-12-02,10000002,44172,18001011.88,18001011.88,18001011.88,1,1
2017-12-02,10000002,44174,2150001.57,2150000.27,2150002,4,3
2017-12-02,10000002,44176,103347.45,27103.95,327103.95,16,10
2017-12-02,10000002,44178,110000,110000,110000,1,1
2017-12-02,10000002,44179,5000000.05,5000000.05,5000000.05,1,1
2017-12-02,10000002,44180,7166660.01,1500001.06,9999989.49,3,3
2017-12-02,10000002,44181,5000002.2,5000002.2,5000002.2,1,1
2017-12-02,10000002,44182,3500333.2,1111.89,6999554.5,4,4
2017-12-02,10000002,44184,14700436,7103327,18498990.5,3,3
2017-12-02,10000002,44185,11633333.77,10000001.16,14899998.99,3,2
2017-12-02,10000002,44186,1102941.1,600000,1399998.95,17,14
2017-12-02,10000002,44205,49628.11,1337.12,97919.1,2,2
2017-12-02,10000002,44206,108000.01,10000.01,500000,5,5
2017-12-02,10000002,44207,41017.91,41017.91,41017.91,2,2
2017-12-02,10000002,44208,403.25,403.24,403.27,5,5
2017-12-02,10000002,44209,10000.11,10000.11,10000.11,5,5
2017-12-02,10000002,44210,0.04,0.02,0.08,3,3
2017-12-02,10000002,44211,252386.2,80000,297999.89,44,22
2017-12-02,10000002,44212,3000.29,3000.29,3000.29,4,4
2017-12-02,10000002,44213,17500.01,17500.01,17500.01,2,2
2017-12-02,10000002,44214,363333.15,100000.23,889999,3,3
2017-12-02,10000002,44215,1013518.03,1013518.03,1013518.03,1,1
2017-12-02,10000002,44216,550000,550000,550000,1,1
2017-12-02,10000002,44218,149949989.99,149949989.99,149949989.99,1,1
2017-12-02,10000002,44219,131001048.28,131001048.28,131001048.28,1,1
2017-12-02,10000002,44254,828399999.97,820999999.99,835799999.94,2,2
2017-12-02,10000002,44255,1099999999.99,1099999999.99,1099999999.99,1,1
2017-12-02,10000002,44262,15417.31,15417.11,15417.88,2501,17
2017-12-02,10000002,44267,61661.61,51999.99,62000,64604,54
2017-12-02,10000002,44888,500000,500000,500000,1,1
2017-12-02,10000002,44889,5500000,5500000,5500000,1,1
2017-12-02,10000002,44890,1122516.61,1015000,4347998.97,31,3
2017-12-02,10000002,44891,6979999,6979998.99,6979999,3,3
2017-12-02,10000002,44892,1340003.43,10005.2,3999999.89,3,2
2017-12-02,10000002,44893,2500000,2500000,2500000,1,1
2017-12-02,10000002,44894,12936408.13,10954610.5,16900003.38,3,3
2017-12-02,10000002,44895,4039997,4039997,4039997,1,1
2017-12-02,10000002,44896,1997342.34,592027.22,2699999.9,3,3
2017-12-02,10000002,44897,4299999.99,4299999.99,4299999.99,1,1
2017-12-02,10000002,44898,17000000,17000000,17000000,1,1
2017-12-02,10000002,44900,12686750.27,12398499,12975001.53,4,4
2017-12-02,10000002,44901,6999997.67,6999997,6999999,3,3
2017-12-02,10000002,44902,949998.99,949998.99,949998.99,1,1
2017-12-02,10000002,44905,12233000.11,10022000.19,12980000.13,4,4
2017-12-02,10000002,44906,5103103.79,5103103.79,5103103.79,1,1
2017-12-02,10000002,44907,3201002.9,3201002.9,3201002.9,2,2
2017-12-02,10000002,44909,50505047.6,49999999,52525250,5,5
2017-12-02,10000002,44911,3201332.93,3201332.93,3201332.94,3,2
2017-12-02,10000002,44912,10502000.9,10500000,10506002.7,3,3
2017-12-02,10000002,44913,17997999.99,17997999.97,17998000,2,2
2017-12-02,10000002,44914,14716666.65,13999999.99,15074999.99,3,3
2017-12-02,10000002,44915,57999999.24,57999998.98,58000000,4,4
2017-12-02,10000002,44916,2003004.68,606009.41,3399999.94,2,2
2017-12-02,10000002,44917,3832667,2000001,4749000,3,3
2017-12-02,10000002,44918,4602002.38,4602002.38,4602002.38,1,1
2017-12-02,10000002,44919,4796990.87,402123.21,6994424.71,3,3
2017-12-02,10000002,44923,22499999.99,22499999.99,22499999.99,2,2
2017-12-02,10000002,44924,13988323.48,13500000.01,14151097.97,4,4
2017-12-02,10000002,44925,60369974.97,59989999.94,60749949.99,2,2
2017-12-02,10000002,44926,4588997.89,4588997.89,4588997.89,1,1
2017-12-02,10000002,44929,33996999,33996999,33996999,4,4
2017-12-02,10000002,44930,11526998,11000000,12053996,2,2
2017-12-02,10000002,44931,18991499,18990997.99,18992000.01,2,2
2017-12-02,10000002,44932,8999999.63,7999999,8999999.95,6,6
2017-12-02,10000002,44933,13500005.97,5000011.94,22000000,2,2
2017-12-02,10000002,44936,12999998.83,12999997.99,12999999,6,3
2017-12-02,10000002,44937,77777777.77,77777777.77,77777777.77,1,1
2017-12-02,10000002,44938,56999999.97,56999999.96,56999999.97,6,6
2017-12-02,10000002,44939,6649019.57,3050000,11500000,12,10
2017-12-02,10000002,44941,6799899.96,6799899.96,6799899.96,1,1
2017-12-02,10000002,44945,10799999,10799999,10799999,1,1
2017-12-02,10000002,44946,5900000.16,5899999.99,5900000.33,2,2
2017-12-02,10000002,44949,195000000,195000000,195000000,1,1
2017-12-02,10000002,44950,61966667.54,60000000,62950001.31,3,3
2017-12-02,10000002,44951,48605370.67,48000000,48908056,3,3
2017-12-02,10000002,44992,3513000.01,3448499.98,3557445,2476156,3902
2017-12-02,10000002,44993,234265087.79,205000202.53,256999999.98,30,28
2017-12-02,10000002,44995,723880953.32,700000020.46,776999950.79,42,32
2017-12-02,10000002,44996,28369238375.87,24596500008.14,30549999999.51,12,12
2017-12-02,10000002,45009,143981863.16,110000004.54,144999110.24,41,33
2017-12-02,10000002,45010,131999.75,131999.75,131999.75,478,47
2017-12-02,10000002,45011,50000000,50000000,50000000,1,1
2017-12-02,10000002,45015,540098968.69,540098968.69,540098968.69,1,1
2017-12-02,10000002,45018,91000000,91000000,91000000,1,1
2017-12-02,10000002,45019,186997992.56,186997992.56,186997992.56,1,1
2017-12-02,10000002,45062,5100000.13,5100000.13,5100000.13,1,1
2017-12-02,10000002,45480,1493999000,1493999000,1493999000,1,1
2017-12-02,10000002,45482,2199998.98,2000000.89,3000000,405,34
2017-12-02,10000002,45483,133500000,87000000,180000000,2,2
2017-12-02,10000002,45490,950.01,950.01,950.01,69,1
2017-12-02,10000002,45491,15000,15000,15000,106,2
2017-12-02,10000002,45498,19000,19000,19000,30427,1
2017-12-02,10000002,45499,2300,2300,2300,62,2
2017-12-02,10000002,45500,28000,28000,28000,100,1
2017-12-02,10000002,45501,2400,2400,2400,5,1
2017-12-02,10000002,45503,7499,7499,7499,2822,1
2017-12-02,10000002,45504,4000,4000,4000,21,1
2017-12-02,10000002,45508,387949998.04,350000000,425899996.08,2,2
2017-12-02,10000002,45510,13000,13000,13000,11,1
2017-12-02,10000002,45511,10000,10000,10000,523,3
2017-12-02,10000002,45512,15000,15000,15000,31,2
2017-12-02,10000002,45513,8000,8000,8000,400,2
2017-12-02,10000002,45514,409999984.35,409999984.35,409999984.35,1,1
2017-12-02,10000002,45523,330050000,250100000,409999999.99,2,2
2017-12-02,10000002,45537,151934808.5,130060777.65,154300959.43,10,10
2017-12-02,10000002,45538,155833658.92,155750489.89,155999996.99,3,3
2017-12-02,10000002,45539,156141484.94,155881979.92,156901981,4,4
2017-12-02,10000002,45550,390499999.73,389999999.98,399999998.97,4,4
2017-12-02,10000002,45585,268550,268550,268550,20,4
2017-12-02,10000002,45586,37195330.77,35913316.03,44543997.13,56,40
2017-12-02,10000002,45587,15699599.64,12000600.29,16998998.98,12,12
2017-12-02,10000002,45588,33889473.24,29000000.11,36999996.91,19,19
2017-12-02,10000002,45589,37999473.6,37999314.05,37999649.74,132,111
2017-12-02,10000002,45590,12933282.27,11700001.49,13699998.98,39,30
2017-12-02,10000002,45591,33740858.19,31100027.59,34979999.99,73,70
2017-12-02,10000002,45592,36944725.05,34001064.12,37299995.85,65,53
2017-12-02,10000002,45593,13750329.85,13250508.21,14000295.23,33,22
2017-12-02,10000002,45594,39916528.82,33011008.64,41878998.78,17,17
2017-12-02,10000002,45595,35999961.98,35999702.82,36000008.35,111,94
2017-12-02,10000002,45596,42525176.6,28501404.63,44999995.87,75,63
2017-12-02,10000002,45597,35524507.81,30414794.42,36999999.87,22,21
2017-12-02,10000002,45598,17622803.81,14010686.96,20098999.47,31,30
2017-12-02,10000002,45599,38788545.67,35001153.07,39499884.52,26,23
2017-12-02,10000002,45600,44580221.65,36555558.69,49929996.92,5,5
2017-12-02,10000002,45601,34499999.99,31500000.52,34988998.52,157,135
2017-12-02,10000002,45602,31452684.06,27864761.92,32399999.54,25,25
2017-12-02,10000002,45603,41779996.46,37589990.63,43999999.58,12,12
2017-12-02,10000002,45604,20374862.19,19997998,23400000,54,52
2017-12-02,10000002,45605,35320125.07,22005483.47,38489899.33,26,25
2017-12-02,10000002,45606,36953475.82,33675000.34,37499888.37,7,4
2017-12-02,10000002,45607,35722926.21,32150189.22,36999998.53,70,62
2017-12-02,10000002,45608,39999561.26,39999278.44,39999789.1,111,80
2017-12-02,10000002,45609,34343599.79,24003527.41,35556563.1,30,27
2017-12-02,10000002,45610,34105682.99,31656458.61,35612897.99,21,20
2017-12-02,10000002,45611,33066717.22,30000000.16,33800059.09,21,21
2017-12-02,10000002,45612,32958826.68,30200000,33999995.79,34,30
2017-12-02,10000002,45613,36497727.52,33755001,36498999.54,149,101
2017-12-02,10000002,45614,43881422.36,31112501.32,47999879.27,80,75
2017-12-02,10000002,45615,30991912.68,30394999.98,33998995.38,68,63
2017-12-02,10000002,45616,36575453.35,28009415.4,37988975.85,36,34
2017-12-02,10000002,45617,36915547.01,32000059.45,37728900,40,39
2017-12-02,10000002,45618,16364291.71,14010606.44,17243998.79,35,32
2017-12-02,10000002,45619,34899135.7,30694636.45,35999364.89,68,62
2017-12-02,10000002,45620,36345965.85,31000005.08,36998999.69,75,63
2017-12-02,10000002,45622,10604017.46,10500011.24,11090871.56,18,17
2017-12-02,10000002,45623,32835453.3,31999999.83,37001126.94,39,39
2017-12-02,10000002,45624,31225401.22,24066473.75,33019299.89,15,14
2017-12-02,10000002,45625,10430392.07,9800042.24,10999999.94,54,47
2017-12-02,10000002,45626,32999099.48,30999999.99,33032074.26,152,128
2017-12-02,10000002,45627,27575157.73,24008701.53,30499999.94,7,6
2017-12-02,10000002,45628,9375008.72,7000032.47,10000000,24,23
2017-12-02,10000002,45629,33150127.34,25002028.45,33999983.66,44,40
2017-12-02,10000002,45630,22927945.68,18000254.31,24298997.62,28,28
2017-12-02,10000002,45631,32125130.58,27929177.18,33989998.95,39,38
2017-12-02,10000002,45632,35113007.64,30000038.12,35912939.91,68,56
2017-12-02,10000002,45633,36717541.15,30000951.68,37699905.44,88,74
2017-12-02,10000002,45635,157999490,157600000,161000000,930,505
2017-12-02,10000002,45653,2399978.51,2399978.51,2399978.51,21,1
2017-12-02,10000002,45660,9321.05,9200,35200,9691,128
2017-12-02,10000002,45661,5550.15,5525.02,15948.31,9559,130
2017-12-02,10000002,45662,8094.56,8094.41,8500.06,11185,127
2017-12-02,10000002,45663,300007.5,300007.21,300007.89,13862,141
2017-12-02,10000002,45666,207433217.92,180000000,224999997.99,10,9
2017-12-02,10000002,45668,1310727640.29,1280001004.13,1448998993.4,22,17
2017-12-02,10000002,45734,33333.92,5005.19,35000.01,9,9
2017-12-02,10000002,45735,14666666.67,7000000.01,30000000,3,3
2017-12-02,10000002,45737,1600000.42,1000001.06,2000000,5,5
2017-12-02,10000002,45738,14925000.29,1000000,57000000,4,4
2017-12-02,10000002,45739,3721.11,211.02,4008.17,23,23
2017-12-02,10000002,45740,35277.71,35000.07,75000.06,17,17
2017-12-02,10000002,45741,42333333.81,31000001.25,64999998.92,3,3
2017-12-02,10000002,45742,2300000.5,2300000,2300001,2,2
2017-12-02,10000002,45743,111111.13,50000.03,325000,9,9
2017-12-02,10000002,45744,887500.02,50000.02,3400000,4,4
2017-12-02,10000002,45745,48440380.45,32401002.16,72499447.53,5,5
2017-12-02,10000002,45746,1000000,1000000,1000000,252,158
2017-12-02,10000002,45748,5000000,5000000,5000000,158,65
2017-12-02,10000002,45749,25000000,25000000,25000000,110,59
2017-12-02,10000002,45750,15915194.13,15000000,16999999.97,59,41
2017-12-02,10000002,45751,97896.61,61054.98,299999,27,18
2017-12-02,10000002,45752,14994.44,13999.99,20000,36,24
2017-12-02,10000002,45753,13337.28,5000.1,44999.99,43,25
2017-12-02,10000002,45754,52295.17,45000,55000,38,19
2017-12-02,10000002,45755,10001.7,10001.7,10001.7,42,19
2017-12-02,10000002,45756,2326.26,1300.35,28999.98,27,17
2017-12-02,10000002,45757,12144.3,5001.03,29899.97,55,25
2017-12-02,10000002,45758,2160.04,101.58,20000,29,14
2017-12-02,10000002,45759,58001,58001,58001,26,4
2017-12-02,10000002,45760,54254.29,50017.01,139000,21,11
2017-12-02,10000002,45761,59100.79,59100.78,59100.79,24,11
2017-12-02,10000002,45762,136049.04,105001.51,431000.71,21,11
2017-12-02,10000002,45763,8365.29,3509.01,54500,21,14
2017-12-02,10000002,45764,78407.81,54009.01,237000,15,11
2017-12-02,10000002,45765,163668.74,100065.02,672498.5,18,12
2017-12-02,10000002,45766,55762.61,11002.72,570501.36,25,14
2017-12-02,10000002,45767,80627.51,75056.33,219899,26,14
2017-12-02,10000002,45768,59000.32,59000.32,59000.33,19,11
2017-12-02,10000002,45769,69809.84,67002.23,139999.99,26,14
2017-12-02,10000002,45770,35252.62,9001.25,124500,31,19
2017-12-02,10000002,45771,20000.03,20000.02,20000.04,15,6
2017-12-02,10000002,45772,1332.02,1332.01,1332.02,11,9
2017-12-02,10000002,45773,1064285.29,500000.09,1999999.97,21,17
2017-12-02,10000002,45774,102339.98,101433.34,114999.94,40,19
2017-12-02,10000002,45775,238470.07,195001.39,394993.84,23,14
2017-12-02,10000002,45776,1003.67,1003.33,1004,18,12
2017-12-02,10000002,45777,212555.57,155000.01,1190999,18,9
2017-12-02,10000002,45778,6445.34,1001.01,50000,9,5
2017-12-02,10000002,45779,100005,100005,100005,17,6
2017-12-02,10000002,45780,292125.05,155005,750000,22,16
2017-12-02,10000002,45781,577777.35,500000.03,699998.99,18,14
2017-12-02,10000002,45782,254000.01,254000.01,254000.01,11,5
2017-12-02,10000002,45783,370000.05,370000.05,370000.05,16,9
2017-12-02,10000002,45784,53641089.02,48000096.77,63945995.94,15,15
2017-12-02,10000002,45785,151968.73,135003.93,359999.94,29,18
2017-12-02,10000002,45786,239999.93,180000.11,899998,12,8
2017-12-02,10000002,45787,773531.01,350000.02,1999991,19,16
2017-12-02,10000002,45788,166534.57,67778,500000,21,9
2017-12-02,10000002,45789,234413.27,20003.33,424999.88,17,11
2017-12-02,10000002,45790,554294.37,157001.09,970000,17,12
2017-12-02,10000002,45791,217293.99,50000.01,389000,17,14
2017-12-02,10000002,45792,1207996.01,680000.22,1999989.68,5,5
2017-12-02,10000002,45793,855463.61,841009.98,999999.89,11,9
2017-12-02,10000002,45794,802828.97,759013.26,999999.83,11,10
2017-12-02,10000002,45795,311200.03,262000.03,1000000,15,10
2017-12-02,10000002,45796,1000000.01,1000000.01,1000000.01,1,1
2017-12-02,10000002,45797,1130858.02,453003.14,1350000,7,6
2017-12-02,10000002,45798,1157413.31,800378.83,2049999.5,7,7
2017-12-02,10000002,45799,700000,700000,700000,6,4
2017-12-02,10000002,45800,17000002.34,12000007.01,19500000,3,3
2017-12-02,10000002,45801,28000001.87,25000006.37,31999994,11,10
2017-12-02,10000002,45802,7150317.24,7150317.21,7150317.27,4,4
2017-12-02,10000002,45803,16728640.77,12967966.53,24249988.99,6,6
2017-12-02,10000002,45804,103882.29,66000,387999.49,17,12
2017-12-02,10000002,45805,316830.86,9900.1,4000000,13,9
2017-12-02,10000002,45806,271429.56,175001.14,850000,7,6
2017-12-02,10000002,45807,297000.74,156001,719999.97,8,6
2017-12-02,10000002,45808,9926039.12,5815103.31,12999994.99,5,5
2017-12-02,10000002,45809,5400007,5400007,5400007,1,1
2017-12-02,10000002,45810,29356.05,1343.84,92500,23,18
2017-12-02,10000002,45811,13219.45,4000.11,89998.5,41,24
2017-12-02,10000002,45812,2974.37,2000.02,40000,39,18
2017-12-02,10000002,45813,76738.97,51001,294500,42,21
2017-12-02,10000002,45814,47501.94,40002.11,148500,37,16
2017-12-02,10000002,45815,18343.08,211.11,173997,45,25
2017-12-02,10000002,45816,10015.95,951.18,86900,47,27
2017-12-02,10000002,45817,15580.4,202.82,46000,37,26
2017-12-02,10000002,45818,136074.5,55004,599999.5,14,14
2017-12-02,10000002,45819,71765.59,55001,197500,17,9
2017-12-02,10000002,45820,147632.51,5500,974498.98,27,18
2017-12-02,10000002,45821,744130.12,201003.25,1450000,31,19
2017-12-02,10000002,45822,2103.7,2103.7,2103.7,17,11
2017-12-02,10000002,45823,33915.15,15002.11,450002.11,23,10
2017-12-02,10000002,45824,112439.73,25000,438997.93,25,17
2017-12-02,10000002,45825,26014,26014,26014,17,9
2017-12-02,10000002,45826,154707.24,115598.59,799999.98,35,16
2017-12-02,10000002,45827,48881.53,44016,116999,15,12
2017-12-02,10000002,45828,52001.77,50.01,220000,56,37
2017-12-02,10000002,45829,297855.27,51005.61,575000,21,20
2017-12-02,10000002,45830,103399.99,100000,103700,11,8
2017-12-02,10000002,45831,6844.99,6009.99,7019.99,6,6
2017-12-02,10000002,45832,3622839.28,1265035.68,4499999,37,23
2017-12-02,10000002,45833,17136,4278,99999.99,36,21
2017-12-02,10000002,45834,746716.03,630000.08,899999.97,50,42
2017-12-02,10000002,45835,588769.27,349999.88,1149989,98,46
2017-12-02,10000002,45836,425716.08,100000.02,999994,35,26
2017-12-02,10000002,45837,2099252.55,800505.12,3699999.96,10,10
2017-12-02,10000002,45838,57714.88,1001,397998.15,7,6
2017-12-02,10000002,45839,192778.39,126010.02,993998.84,13,11
2017-12-02,10000002,45840,280692.04,110034.96,749999,15,10
2017-12-02,10000002,45841,293753.05,254004.06,412999.99,16,11
2017-12-02,10000002,45842,110874.86,1000,879999,8,6
2017-12-02,10000002,45843,52998810.82,46000023.43,59999993.85,10,10
2017-12-02,10000002,45844,1471427.6,850000,1999997.49,28,16
2017-12-02,10000002,45845,1250082.65,91000.13,13999990.45,12,7
2017-12-02,10000002,45846,584472.64,310019.53,979999.97,26,18
2017-12-02,10000002,45847,2453261.85,2000000.05,3000000,42,29
2017-12-02,10000002,45848,88888.75,2000.23,391000.11,18,13
2017-12-02,10000002,45849,242857.15,100000.01,1100000.01,7,6
2017-12-02,10000002,45850,120764.69,1205.87,598999.99,5,4
2017-12-02,10000002,45851,130833.84,5001.01,750000,6,5
2017-12-02,10000002,45852,3794999.79,3190000.04,4399999.97,18,17
2017-12-02,10000002,45853,1272025.2,1032700.31,1989999.88,4,4
2017-12-02,10000002,45854,881891,550200.01,1049999.97,11,9
2017-12-02,10000002,45855,564863.26,330628.21,1300000,9,9
2017-12-02,10000002,45856,4067945.22,1500116.12,5999999.99,10,10
2017-12-02,10000002,45857,2340000.03,700000,4399999.99,5,5
2017-12-02,10000002,45858,1882797.86,854095.73,2875000,8,7
2017-12-02,10000002,45859,6397444.51,5111000.09,10899999.98,9,9
2017-12-02,10000002,45860,22545456.69,22000003.06,23999999.78,11,11
2017-12-02,10000002,45861,4000000.01,4000000.01,4000000.01,1,1
2017-12-02,10000002,45862,7062976.91,6524109.28,7850000,5,5
2017-12-02,10000002,45863,95417.15,30000.58,375000,12,9
2017-12-02,10000002,45864,34600,11000,249000,10,10
2017-12-02,10000002,45865,604000.02,604000.02,604000.02,3,3
2017-12-02,10000002,45866,262000.03,262000.03,262000.03,7,7
2017-12-02,10000002,45867,16916671.77,13000008.15,24749999,3,3
2017-12-02,10000002,45868,6046800.03,4808500.04,11000000,5,5
2017-12-02,10000002,45869,65009.16,55.07,300000,29,20
2017-12-02,10000002,45870,10514.28,9999.99,18999.99,35,28
2017-12-02,10000002,45871,96667.5,65001,422499.49,42,21
2017-12-02,10000002,45872,8384.64,8000,9899.99,6,6
2017-12-02,10000002,45873,25093.73,17200,100000,48,30
2017-12-02,10000002,45874,25624.57,25001.02,40000,49,25
2017-12-02,10000002,45875,11124.16,3499.09,95000,24,12
2017-12-02,10000002,45876,24127.56,1521.01,109999.99,27,19
2017-12-02,10000002,45877,1119.47,1119.46,1119.47,6,6
2017-12-02,10000002,45878,39330,39330,39330,13,8
2017-12-02,10000002,45879,208777.78,177000,315000,18,13
2017-12-02,10000002,45880,171801.97,60003.05,898495,15,9
2017-12-02,10000002,45881,22200.86,22200.86,22200.86,11,7
2017-12-02,10000002,45882,399750.15,250000.28,798999.9,24,14
2017-12-02,10000002,45883,126829.49,55014,449998.96,22,15
2017-12-02,10000002,45884,32001.35,32001.34,32001.35,18,11
2017-12-02,10000002,45885,146841.42,1000,162000,19,14
2017-12-02,10000002,45886,206506.39,191059.36,499999.98,20,12
2017-12-02,10000002,45887,109482.84,75000.1,399999.9,29,14
2017-12-02,10000002,45888,103325.96,77111.72,199999,29,24
2017-12-02,10000002,45889,217500.33,65001.53,749996.5,16,9
2017-12-02,10000002,45890,2702.97,2702.97,2702.97,10,10
2017-12-02,10000002,45891,1388574.73,1100003.93,3119999.48,14,13
2017-12-02,10000002,45892,91081.05,91081.05,91081.05,23,15
2017-12-02,10000002,45893,55555.04,55555.04,55555.05,18,9
2017-12-02,10000002,45894,306896.54,250000,799999.91,29,19
2017-12-02,10000002,45895,713684.21,625000,1249999.95,19,14
2017-12-02,10000002,45896,159158.75,500.02,1111111.11,7,7
2017-12-02,10000002,45897,2727726.14,2685550,2999999.98,21,13
2017-12-02,10000002,45898,300333.02,251000.02,694997,9,8
2017-12-02,10000002,45899,77353.47,1001.01,294998.97,17,13
2017-12-02,10000002,45900,73571.45,10000.03,899999.95,14,8
2017-12-02,10000002,45901,112299.39,112299.39,112299.4,4,4
2017-12-02,10000002,45902,51119972.21,49999999.11,59899897.33,15,15
2017-12-02,10000002,45903,37818.13,27006,200000,16,8
2017-12-02,10000002,45904,15963156.08,11600000.77,16300000.44,19,17
2017-12-02,10000002,45905,400234.84,279000.04,499999,34,24
2017-12-02,10000002,45906,910750.41,201001,4174997,20,14
2017-12-02,10000002,45907,304762.44,151001.02,849998.99,21,14
2017-12-02,10000002,45908,218337.66,12005.18,1249999.85,12,9
2017-12-02,10000002,45909,169570.89,31166.2,999999,7,6
2017-12-02,10000002,45910,890214.22,550000,2390000,14,11
2017-12-02,10000002,45911,2439999.78,1800000.07,3499998.91,15,13
2017-12-02,10000002,45912,448748.97,369998.96,999999,8,5
2017-12-02,10000002,45913,684999.92,300000.03,2224999.5,10,8
2017-12-02,10000002,45914,1844374.22,1168998.95,2554999.5,8,8
2017-12-02,10000002,45915,1500143.09,200229.16,3699999.99,8,8
2017-12-02,10000002,45916,774333.04,423999.56,1475000,6,5
2017-12-02,10000002,45917,951143.84,652000.01,1001001.16,7,6
2017-12-02,10000002,45918,25652665.33,22999999.99,26978998,3,2
2017-12-02,10000002,45919,82499993.07,75000001.37,89999984.78,4,4
2017-12-02,10000002,45920,80212501.19,76000002.77,82899999.72,8,6
2017-12-02,10000002,45921,17357144.38,10000000,32499941.5,7,6
2017-12-02,10000002,45922,853923.03,186000,979999.98,26,16
2017-12-02,10000002,45923,305834.94,150054.31,700000,15,13
2017-12-02,10000002,45924,22421.02,500.03,80000,19,15
2017-12-02,10000002,45925,323262.65,74000.13,717997.83,19,13
2017-12-02,10000002,45926,84627.15,1886.03,744999.2,18,8
2017-12-02,10000002,45927,1362714.04,500000.08,3519498.94,7,7
2017-12-02,10000002,45928,903384.96,200002.19,2497993.95,13,13
2017-12-02,10000002,45929,18770021.79,18040043.61,19499999.97,4,4
2017-12-02,10000002,45930,6655557.74,6366669.3,8099999.98,6,6
2017-12-02,10000002,45931,16917.54,301.05,100000,18,13
2017-12-02,10000002,45932,7779.54,1200.08,10000,49,26
2017-12-02,10000002,45933,24986.82,1600.05,44994.36,96,31
2017-12-02,10000002,45934,36942,207.65,61777.87,87,26
2017-12-02,10000002,45935,13081.48,10000.57,28999.99,37,24
2017-12-02,10000002,45936,47997.85,47997.85,47997.85,136,28
2017-12-02,10000002,45937,217316.85,45000,2399996.99,41,19
2017-12-02,10000002,45938,45012.86,101.27,80698.99,69,31
2017-12-02,10000002,45939,243368.39,56702,356701.55,45,13
2017-12-02,10000002,45940,132432.28,23004.64,495000,21,12
2017-12-02,10000002,45941,84637.06,55008.78,265000,27,17
2017-12-02,10000002,45942,109047.98,83031.03,144999.99,35,18
2017-12-02,10000002,45943,102857.7,24009.22,207989,28,13
2017-12-02,10000002,45944,409983.12,50003.01,529998.92,47,16
2017-12-02,10000002,45945,160364.85,1065.51,449999.93,31,14
2017-12-02,10000002,45946,108924.2,10101.55,248922.96,29,16
2017-12-02,10000002,45947,573680.66,361021.01,998999.95,15,11
2017-12-02,10000002,45948,817581.33,150000.83,3999000,31,17
2017-12-02,10000002,45949,67407.06,3333.33,172999.98,66,32
2017-12-02,10000002,45950,202965.26,51000,349999.91,57,18
2017-12-02,10000002,45951,62083.21,55000.03,64999.99,48,15
2017-12-02,10000002,45952,415689.89,210000,778998.99,18,12
2017-12-02,10000002,45953,982619.09,85000.12,2250000,21,20
2017-12-02,10000002,45954,47333.67,6001.01,129999,33,16
2017-12-02,10000002,45955,183845.85,75000,1489995.99,26,13
2017-12-02,10000002,45956,20520.69,100,99899.99,29,16
2017-12-02,10000002,45957,448044.24,250000.05,799999.99,45,29
2017-12-02,10000002,45958,745456.01,50008.1,899999.99,11,4
2017-12-02,10000002,45959,209618.58,184999.99,284999,21,10
2017-12-02,10000002,45960,688492.81,88001,1073986.92,36,14
2017-12-02,10000002,45961,666554.46,99968.78,1598998,21,17
2017-12-02,10000002,45962,196174.09,123996.63,350000,17,10
2017-12-02,10000002,45963,474761.44,0.02,802999,21,14
2017-12-02,10000002,45964,43000006.46,38000010.21,55999999.89,8,8
2017-12-02,10000002,45965,243727.4,1062.93,706995.97,32,12
2017-12-02,10000002,45966,333651.85,52007.48,849999.88,17,11
2017-12-02,10000002,45967,165948.6,13517.94,525000,22,13
2017-12-02,10000002,45968,1005207.84,440012,2289998.93,15,13
2017-12-02,10000002,45969,551996.09,101000.11,649994,49,19
2017-12-02,10000002,45970,833955.76,24008.8,1024002.54,21,12
2017-12-02,10000002,45971,641330.89,182010.08,924999.99,21,15
2017-12-02,10000002,45972,2036363.59,400000.08,3000000,11,11
2017-12-02,10000002,45973,1623005.28,451006.79,2451006.8,9,9
2017-12-02,10000002,45974,690384.54,375000.05,1094999.45,13,11
2017-12-02,10000002,45975,1422502.73,385005.8,2000000,6,6
2017-12-02,10000002,45976,2774299.9,601001.02,3789999,10,8
2017-12-02,10000002,45977,2349998.62,125001.57,3500000,5,5
2017-12-02,10000002,45978,1230249.65,812041.15,1999999.98,9,8
2017-12-02,10000002,45979,1255311.92,507082.57,3499999.97,8,5
2017-12-02,10000002,45980,31337452.77,29004119.6,36004119.12,3,3
2017-12-02,10000002,45981,110999998.76,101000003.54,125999991.47,5,5
2017-12-02,10000002,45982,71725730.88,40000033.92,99000000,7,7
2017-12-02,10000002,45983,5289106.81,5289106.81,5289106.81,5,5
2017-12-02,10000002,45984,270074.49,5112.07,949999,9,8
2017-12-02,10000002,45985,60255.76,1023.06,79999.99,24,7
2017-12-02,10000002,45986,172128.79,4504.01,699999,16,13
2017-12-02,10000002,45987,0.01,0.01,0.01,9,8
2017-12-02,10000002,45988,763926.43,1001.03,1076774,28,15
2017-12-02,10000002,45989,5660017.7,5100030.17,6499998.99,5,5
2017-12-02,10000002,45990,6974747.74,4949495.48,9000000,4,4
2017-12-02,10000002,45991,2946154.09,2650001.87,3000000,13,5
2017-12-02,10000002,45992,19127311.61,15503082.15,29999999.92,4,4
2017-12-02,10000002,45996,305572.75,305572.75,305572.75,121,49
2017-12-02,10000002,45998,2100009.68,2100001.34,2249917.9,369,87
2017-12-02,10000002,45999,8401030,8401023,8401040.09,500,106
2017-12-02,10000002,46000,30950034.56,30950034.5,33499996.08,159,54
2017-12-02,10000002,46001,500000.16,500000.05,570002,519,69
2017-12-02,10000002,46002,3099999.88,2702000.19,3576999.8,358,108
2017-12-02,10000002,46003,17987997.74,17987997.51,18388888,268,103
2017-12-02,10000002,46004,541053.06,541053.02,628997.93,239,58
2017-12-02,10000002,46005,4337888,3900004.03,4500000.03,564,132
2017-12-02,10000002,46006,19789768.94,14000006.28,19789768.97,104,56
2017-12-02,10000002,46008,365001,360000.05,370000,566,122
2017-12-02,10000002,46020,350000000,350000000,350000000,1,1
2017-12-02,10000002,46021,350000000,350000000,350000000,1,1
2017-12-02,10000002,46022,183736007.03,180000000,187472014.07,4,4
2017-12-02,10000002,46024,206699995.93,197499991.91,215899999.97,8,8
2017-12-02,10000002,46025,176182284.95,174978001.71,177977710.67,5,5
2017-12-02,10000002,46026,208750026.87,175000119.04,219999999.41,4,4
2017-12-02,10000002,46038,17887999.99,17887999.99,17887999.99,1,1
2017-12-02,10000002,46039,14887999.94,14887999.94,14887999.94,1,1
2017-12-02,10000002,46042,1349999000,1349999000,1349999000,1,1
2017-12-02,10000002,46044,2447999000,2447999000,2447999000,1,1
2017-12-02,10000002,46050,1643377.26,1507965.92,1663384.88,3057,168
2017-12-02,10000002,46101,195000000,195000000,195000000,1,1
2017-12-02,10000002,46114,249999966.93,249999966.93,249999966.93,1,1
2017-12-02,10000002,46120,194999992.88,194999992.88,194999992.88,1,1
2017-12-02,10000002,46130,499999999.99,499999999.99,499999999.99,1,1
2017-12-02,10000002,46146,18912000.5,15002001.12,21573000,12,11
2017-12-02,10000002,46147,21795527.97,18778277.5,23004047.26,7,6
2017-12-02,10000002,46148,12499998,12499998,12499998,1,1
2017-12-02,10000002,46149,13033333.29,12500000,13299999.94,6,5
2017-12-02,10000002,46152,10000000,10000000,10000000,131,55
2017-12-02,10000002,46153,15000000,15000000,15000000,174,67
2017-12-02,10000002,46154,20000000,20000000,20000000,159,60
2017-12-02,10000002,46155,25000000,25000000,25000000,114,55
2017-12-02,10000002,46156,30000000,30000000,30000000,137,64
2017-12-02,10000002,46157,13977272.73,13750000,14000000,11,5
2017-12-02,10000002,46158,18636363.64,15000000,25000000,11,5
2017-12-02,10000002,46159,19949999.75,14999999.5,24899999.99,4,4
2017-12-02,10000002,46160,21666666.33,14999999,25000000,6,4
2017-12-02,10000002,46161,18636363.55,15000000,25000000,11,5
2017-12-02,10000002,46162,16999999.97,14999999.97,25000000,5,5
2017-12-02,10000002,46163,14937500,14750000,15000000,4,4
2017-12-02,10000002,46164,18868898.72,14999999,24999992.48,9,6
2017-12-02,10000002,46165,15682416.8,14950028.18,16500000,12,9
2017-12-02,10000002,46166,9037186.72,8980550.64,10000000,18,12
2017-12-02,10000002,46167,8999892.27,8999892.26,8999892.3,101,39
2017-12-02,10000002,46168,9071147.68,8999697.51,10000000,28,17
2017-12-02,10000002,46169,9023499.37,8999681.74,10000000,42,24
2017-12-02,10000002,46170,8933332.63,8799999.21,10000000,18,12
2017-12-02,10000002,46171,8615146.15,8499741.65,10000000,13,10
2017-12-02,10000002,46172,8973678.67,8930911.05,10000000,25,11
2017-12-02,10000002,46173,9124745.52,8999709.16,10000000,8,7
2017-12-02,10000002,46174,8913838.19,8879463.65,9499936.98,36,20
2017-12-02,10000002,46175,9045292.51,8999815.1,10000000,22,10
2017-12-02,10000002,46176,9077405.09,8799999.8,10000000,31,20
2017-12-02,10000002,46177,9135560.2,8926902.29,10000000,36,18
2017-12-02,10000002,46178,8945833.18,8899999.85,10000000,24,15
2017-12-02,10000002,46179,9030773.81,8959891.63,10000000,92,28
2017-12-02,10000002,46180,8959999.97,8799999.97,10000000,15,10
2017-12-02,10000002,46181,8998147.53,8899999.72,10000000,54,26
2017-12-02,10000002,46182,8999897.47,8999897.46,8999897.48,106,31
2017-12-02,10000002,46183,9048680.03,8999894.4,10000000,41,17
2017-12-02,10000002,46184,8947154.74,8893770.99,8949997.23,26,15
2017-12-02,10000002,46185,9165908.93,8999090,10000000,6,5
2017-12-02,10000002,46186,8655999.61,7000000,8799999.43,25,9
2017-12-02,10000002,46187,8999936.43,8999936.36,8999936.61,4,4
2017-12-02,10000002,46188,8999978.77,8999978.75,8999978.78,2,2
2017-12-02,10000002,46189,8999979.53,8999979.44,8999979.61,2,2
2017-12-02,10000002,46190,8989977.89,8989977.87,8989977.9,2,2
2017-12-02,10000002,46191,8899898.95,8899898.94,8899898.97,5,4
2017-12-02,10000002,46192,8899999.41,8899999.39,8899999.51,6,5
2017-12-02,10000002,46193,8999979.02,8999978.86,8999979.34,3,3
2017-12-02,10000002,46194,8999979.94,8999979.92,8999979.95,2,2
2017-12-02,10000002,46195,8999975.93,8999975.92,8999975.95,3,3
2017-12-02,10000002,46196,8882130.58,8000000.05,8999747.98,17,3
2017-12-02,10000002,46197,8000099,8000099,8000099,2,2
2017-12-02,10000002,46198,8887092.45,8099910.99,8999546.94,16,3
2017-12-02,10000002,46199,8999887.83,8999887.82,8999887.85,3,3
2017-12-02,10000002,46200,8988583.96,8988583.93,8988583.97,18,7
2017-12-02,10000002,46201,8999978.79,8999977.94,8999978.99,21,5
2017-12-02,10000002,46202,8999967.8,8999967.77,8999967.85,3,3
2017-12-02,10000002,46203,8999973.06,8999973,8999973.07,18,4
2017-12-02,10000002,46204,20000000,20000000,20000000,121,29
2017-12-02,10000002,46205,18800000,18775000,18880880,153,52
2017-12-02,10000002,46206,19119427,18990087.99,20000000,16,14
2017-12-02,10000002,46207,19782608.61,19000000,20000000,23,15
2017-12-02,10000002,46208,19999999.91,19999999,20000000,43,16
2017-12-02,10000002,46209,20000000,20000000,20000000,24,10
2017-12-02,10000002,46210,20000000,20000000,20000000,10,9
2017-12-02,10000002,46211,19999999.81,19999999,20000000,21,12
2017-12-02,10000002,46212,19999999.91,19999999,20000000,11,10
2017-12-02,10000002,46213,19999999.94,19999999,20000000,16,12
2017-12-02,10000002,46214,18999999.14,18899999.97,20000000,12,11
2017-12-02,10000002,46215,20000000,20000000,20000000,10,6
2017-12-02,10000002,46216,19041541.3,18997975,20000000,23,7
2017-12-02,10000002,46217,20000000,20000000,20000000,6,5
2017-12-02,10000002,46218,20000000,20000000,20000000,24,12
2017-12-02,10000002,46219,1649500,1600000,1699000,4,3
2017-12-02,10000002,46220,3000000,3000000,3000000,4,3
2017-12-02,10000002,46221,3102500,3000000,3205000,4,3
2017-12-02,10000002,46222,22931923,20000000,24397884.5,3,3
2017-12-02,10000002,46223,8500000,8500000,8500000,2,2
2017-12-02,10000002,46224,18833333.33,18500000,19000000,3,3
2017-12-02,10000002,46225,5899999.99,5899999.98,5899999.99,2,2
2017-12-02,10000002,46226,15976666.66,15970000,15979999.99,3,3
2017-12-02,10000002,46227,7333333.33,7000000,7500000,3,3
2017-12-02,10000002,46228,2000000,2000000,2000000,6,5
2017-12-02,10000002,46229,1000000,1000000,1000000,2,2
2017-12-02,10000002,46230,4883999.98,4883999.98,4883999.99,3,3
2017-12-02,10000002,46231,22980000,22980000,22980000,3,3
2017-12-02,10000002,46232,9999993,9999990,9999999,3,3
2017-12-02,10000002,46233,989822,989821,989823,4,3
2017-12-02,10000002,46234,3449999.98,3449999.96,3449999.99,4,3
2017-12-02,10000002,46235,149896895,149896895,149896895,1,1
2017-12-02,10000002,46236,98989999.9,98989999.9,98989999.9,1,1
2017-12-02,10000002,46237,56557777.45,55555554.9,57559999.99,2,2
2017-12-02,10000002,46238,110000000,110000000,110000000,1,1
2017-12-02,10000002,46240,39000000,39000000,39000000,2,2
2017-12-02,10000002,46241,33999999.49,33999999,33999999.97,2,2
2017-12-02,10000002,46242,39998666.86,39998666.86,39998666.86,2,2
2017-12-02,10000002,46243,20000000,20000000,20000000,2,2
2017-12-02,10000002,46247,98999992.18,98999984.35,99000000,2,2
2017-12-02,10000002,46251,22899500,20999000,24800000,2,2
2017-12-02,10000002,46270,23999999.99,23999999.99,23999999.99,1,1
2017-12-02,10000002,46277,4998000000,4998000000,4998000000,1,1
2017-12-02,10000002,46280,916.8,900,980,100,2
2017-12-02,10000002,46286,2,2,2,28,1
2017-12-02,10000002,46299,2,2,2,468,1
2017-12-02,10000002,46308,8000,8000,8000,232,3
2017-12-02,10000002,46309,99999,99999,99999,100,1
2017-12-02,10000002,46310,3160,3160,3160,64,1
2017-12-02,10000002,46312,15100.09,15100.09,15100.09,60,1
2017-12-02,10000002,46314,16000,16000,16000,56,1
2017-12-02,10000002,46315,15000,15000,15000,9,1
2017-12-02,10000002,46316,14000.01,14000.01,14000.01,95,1
2017-12-02,10000002,46318,19999.99,19999.99,19999.99,1069,3
2017-12-02,10000002,46323,689999663.48,669998693.27,699999998.96,9,9
2017-12-02,10000002,46324,2596999993,2490000000,2703999986,2,2
2017-12-02,10000002,46325,669502907.67,668411998.28,678411999.62,11,8
2017-12-02,10000002,46326,2986999700,2986999700,2986999700,1,1
2017-12-02,10000002,46350,10454545.46,10000000,12500000.01,11,11
2017-12-02,10000002,46352,10227272.73,10000000,12500000,11,11
2017-12-02,10000002,46355,204997.93,204997.93,204997.93,494,19
2017-12-02,10000002,46356,1999998.97,1999998.97,1999998.97,221,11
2017-12-02,10000002,46357,10384615.39,10000000,12500000.01,13,12
2017-12-02,10000002,46359,10555555.56,10000000,12500000,9,9
2017-12-02,10000002,46361,10166666.67,10000000,12500000,30,10
2017-12-02,10000002,46365,399796.98,399796.98,399796.98,350,13
2017-12-02,10000002,46366,1999992.21,1999992.21,1999992.21,199,11
2017-12-02,10000002,46367,649598.95,649598.95,649598.95,303,14
2017-12-02,10000002,46368,987500,987499.99,987500,219,11
2017-12-02,10000002,46369,340000,340000,340000,471,12
2017-12-02,10000002,46370,1099999.99,1099999.99,1099999.99,286,11
2017-12-02,10000002,46371,198000,198000,198000,3342,22
2017-12-02,10000002,46372,2124547.99,2124547,2124547.99,260,13
2017-12-02,10000002,46377,84000000,84000000,84000000,1,1
2017-12-02,10000002,46381,5915555.66,5550000.1,8889999.62,9,5
2017-12-02,10000002,46406,79000000,60000000,98000000,2,2
2017-12-02,10000002,46414,314499454.63,228998932.81,399999976.45,2,2
2017-12-02,10000002,46422,345999999,345999999,345999999,1,1
2017-12-02,10000002,46443,650650650.65,650650650.65,650650650.65,1,1
2017-12-02,10000002,46484,781378500,763999999.99,798757000,2,2
2017-12-02,10000002,46486,747539000,747539000,747539000,1,1
2017-12-02,10000002,46490,670999998.99,670999998.99,670999998.99,1,1
2017-12-02,10000002,46492,726975506.57,726975506.57,726975506.57,1,1
2017-12-02,10000002,46494,723899111.99,723899111.8,723899112.18,2,2
2017-12-02,10000002,46496,5406327953.49,5406327953.49,5406327953.49,2,2
2017-12-02,10000002,46521,989899999.95,989899999.95,989899999.95,1,1
2017-12-02,10000002,46525,816595784.35,816595784.35,816595784.35,1,1
2017-12-02,10000002,46536,2700080000,2700080000,2700080000,1,1
2017-12-02,10000002,46540,2383333332.13,1714999998.2,2717499999.1,3,3
2017-12-02,10000002,46582,2503163999.21,2313500000,2597995998.82,3,3
2017-12-02,10000002,46584,347242909.86,302000001.76,369864363.91,3,3
2017-12-02,10000002,46633,596168209.95,541999999.99,625000000,33,26
2017-12-02,10000002,46634,2308827400.37,2039136999.83,2360000000.64,5,5
2017-12-02,10000002,46635,630199981.63,618199983.96,654199976.97,3,3
2017-12-02,10000002,46636,3200000016.72,3200000016.59,3200000016.84,2,2
2017-12-02,10000002,46637,681459297.53,677468995.82,699899998,10,10
2017-12-02,10000002,46675,955,955,955,70,1
2017-12-02,10000002,46678,4900,4900,4900,306,4
2017-12-02,10000002,46683,203,203,203,48,1
2017-12-02,10000002,46685,66.05,66.05,66.05,56318,1
2017-12-02,10000002,46686,51.05,51.05,51.05,1261,2
2017-12-02,10000002,46688,3110.07,3110.07,3110.07,88,1
2017-12-02,10000002,46691,504533.35,504533.35,504533.35,579,4
2017-12-02,10000002,46692,485509.73,485509.73,485509.73,4,1
2017-12-02,10000002,46693,374593.43,374593.43,374593.43,1,1
2017-12-02,10000002,46695,142170.3,142170.3,142170.3,1763,3
2017-12-02,10000002,46696,49002.06,49002.06,49002.06,827,1
2017-12-02,10000002,46697,52000,52000,52000,1159,1
2017-12-02,10000002,46698,42001.82,42001.82,42001.82,1126,2
2017-12-02,10000002,46700,6105.68,6105.68,6105.68,147,1
2017-12-02,10000002,46701,8000,8000,8000,9210,4
2017-12-02,10000002,46704,350017.4,350017.4,350017.4,376,3
2017-12-02,10000002,46707,2124541.29,1710000.03,2899976.97,11,9
2017-12-02,10000002,46708,6865774.39,6600000.92,7348998.98,31,26
2017-12-02,10000002,46709,929989999.99,929989999.99,929989999.99,1,1
2017-12-02,10000002,46711,2499789999,2499789999,2499789999,1,1
2017-12-02,10000002,46712,4111188.9,4000100.04,4499999.94,27,21
2017-12-02,10000002,46713,13715911.15,13500000.07,15897998.99,28,21
2017-12-02,10000002,46716,2226400045,2226300090,2226500000,2,2
2017-12-02,10000002,46717,13940002.13,11300000.21,14500000,20,19
2017-12-02,10000002,46718,22372776.47,20881536.38,22999997.99,45,31
2017-12-02,10000002,46721,3205274987.19,2710549999.99,3699999974.39,4,4
2017-12-02,10000002,46722,2254925.53,1830000.27,2927998.88,15,13
2017-12-02,10000002,46723,5746440.82,5300000.21,7199031.39,30,26
2017-12-02,10000002,46724,999999999.9,999999999.9,999999999.9,1,1
2017-12-02,10000002,46726,2954398901.41,2775800000.01,3489895605.65,4,4
2017-12-02,10000002,46741,949999999.92,949999999.92,949999999.92,1,1
2017-12-02,10000002,46756,21999998.75,21999998.63,21999998.87,8,8
2017-12-02,10000002,47029,230014595.5,216000000.01,238000000,39,29
2017-12-02,10000002,47030,917446882.53,855857927.92,998000000,11,11
2017-12-02,10000003,36,4.01,4.01,4.01,1219878,1
2017-12-02,10000003,38,2.5,2.5,2.5,225353,2
2017-12-02,10000003,519,1100000,1100000,1100000,3,1
2017-12-02,10000003,583,1100000,1100000,1100000,1,1
2017-12-02,10000003,608,750000,750000,750000,2,2
2017-12-02,10000003,609,500000,500000,500000,1,1
2017-12-02,10000003,621,5000000,5000000,5000000,1,1
2017-12-02,10000003,638,160000000,160000000,160000000,1,1
2017-12-02,10000003,650,1000000,1000000,1000000,1,1
2017-12-02,10000003,654,1700000,1700000,1700000,1,1
2017-12-02,10000003,657,1950000,1000000,2250000,4,4
2017-12-02,10000003,672,62500,50000,75000,4,4
2017-12-02,10000003,1236,1100000,1100000,1100000,1,1
2017-12-02,10000003,1319,1964444.22,1390000,1980000,9,4
2017-12-02,10000003,1403,150000,150000,150000,4,1
2017-12-02,10000003,1541,1500000,1500000,1500000,2,2
2017-12-02,10000003,1999,1250000,1250000,1250000,2,1
2017-12-02,10000003,2048,758333.33,758333.33,758333.33,1,1
2017-12-02,10000003,2281,4490000,4490000,4490000,18,1
2017-12-02,10000003,2436,2900000,2900000,2900000,1,1
2017-12-02,10000003,2478,2999999.91,2999999.91,2999999.91,2,1
2017-12-02,10000003,2486,35000,35000,35000,5,1
2017-12-02,10000003,2534,200000,200000,200000,1,1
2017-12-02,10000003,2629,849.99,849.99,849.99,5000,2
2017-12-02,10000003,2679,203.75,203.75,203.75,100000,1
2017-12-02,10000003,2977,1000000,1000000,1000000,4,1
2017-12-02,10000003,3389,280000,280000,280000,1,1
2017-12-02,10000003,4383,2700000,2700000,2700000,1,1
2017-12-02,10000003,4403,2499999.96,2499999.96,2499999.96,1,1
2017-12-02,10000003,4405,1620000,1620000,1620000,1,1
2017-12-02,10000003,5973,516000.83,516000.83,516000.83,1,1
2017-12-02,10000003,6173,1000000,1000000,1000000,5,1
2017-12-02,10000003,11134,25500,25500,25500,1,1
2017-12-02,10000003,11198,35567853,35567853,35567853,1,1
2017-12-02,10000003,16240,1100000,1100000,1100000,1,1
2017-12-02,10000003,16273,199.98,100,199.99,3500,6
2017-12-02,10000003,17843,125000000,125000000,125000000,1,1
2017-12-02,10000003,17889,910.1,910.1,910.1,50000,1
2017-12-02,10000003,20307,80,80,80,59245,4
2017-12-02,10000003,20353,4000000,4000000,4000000,2,1
2017-12-02,10000003,21096,3500000.01,3500000.01,3500000.01,1,1
2017-12-02,10000003,21906,550,550,550,20000,1
2017-12-02,10000003,22542,280000,280000,280000,2,1
2017-12-02,10000003,23057,3200000,3200000,3200000,21,2
2017-12-02,10000003,23527,500000,500000,500000,2,1
2017-12-02,10000003,23705,50000,50000,50000,5,1
2017-12-02,10000003,24417,1950000,1800000,2000000,4,2
2017-12-02,10000003,24438,2500000,2500000,2500000,1,1
2017-12-02,10000003,24492,156.33,156.33,156.33,22667,3
2017-12-02,10000003,24513,599.97,599.97,599.97,40000,1
2017-12-02,10000003,26088,14999999.99,14999999.99,14999999.99,1,1
2017-12-02,10000003,27395,2000,2000,2000,15000,1
2017-12-02,10000003,28300,39800000.02,39800000.02,39800000.02,2,1
2017-12-02,10000003,28846,900099003.78,900099003.78,900099003.78,1,1
2017-12-02,10000003,29001,100000,100000,100000,4,1
2017-12-02,10000003,29988,130000000,130000000,130000000,1,1
2017-12-02,10000003,30013,20000,20000,20000,8,1
2017-12-02,10000003,30028,950000,950000,950000,36,1
2017-12-02,10000003,31111,12500000.04,12500000.04,12500000.04,2,1
2017-12-02,10000003,31378,29999999.96,29999999.96,29999999.96,1,1
2017-12-02,10000003,31680,999999,999999,999999,1,1
2017-12-02,10000003,31698,11400000.07,11400000.07,11400000.07,2,1
2017-12-02,10000003,31802,2150000,2150000,2150000,1,1
2017-12-02,10000003,31876,3559090.91,2900000,4250000,22,4
2017-12-02,10000003,31878,4000000,4000000,4000000,3,1
2017-12-02,10000003,32006,350000,350000,350000,10,1
2017-12-02,10000003,33180,499999,499999,499999,1,1
2017-12-02,10000003,33475,9888888.83,9000000,10000000,18,5
2017-12-02,10000003,33595,35000000,35000000,35000000,3,3
2017-12-02,10000003,33681,110000000,110000000,110000000,2,1
2017-12-02,10000003,34562,46900000,46900000,46900000,1,1
2017-12-02,10000003,35794,60000,60000,60000,2,2
2017-12-02,10000003,40520,958700000,958700000,958700000,1,1
2017-12-02,10000003,44992,2501000.81,2501000.81,2501000.81,42,1
2017-12-02,10000003,46156,59999999.98,59999999.98,59999999.98,1,1
2017-12-02,10000003,46367,8000,8000,8000,6,1
2017-12-02,10000005,34,5,5,5,982792,1
2017-12-02,10000005,35,1,1,1,26548869,1
2017-12-02,10000005,44,11600,11600,11600,2500,1
2017-12-02,10000005,210,179,179,179,500,2
2017-12-02,10000005,264,5000,5000,5000,1,1
2017-12-02,10000005,380,890729.17,890000,892187.5,3,3
2017-12-02,10000005,448,1500000,1500000,1500000,1,1
2017-12-02,10000005,488,215000.36,215000.36,215000.36,23,1
2017-12-02,10000005,519,1590000,1590000,1590000,3,3
2017-12-02,10000005,527,1290000,1280000,1300000,2,2
2017-12-02,10000005,578,119998,119998,119998,5,1
2017-12-02,10000005,582,650000,650000,650000,1,1
2017-12-02,10000005,583,799999,799999,799999,1,1
2017-12-02,10000005,584,500000,500000,500000,2,2
2017-12-02,10000005,585,880000,880000,880000,4,4
2017-12-02,10000005,605,600000,600000,600000,1,1
2017-12-02,10000005,609,450000,450000,450000,1,1
2017-12-02,10000005,621,10000000,10000000,10000000,4,1
2017-12-02,10000005,632,10000000,10000000,10000000,1,1
2017-12-02,10000005,654,1500000,1500000,1500000,1,1
2017-12-02,10000005,655,3000000,3000000,3000000,1,1
2017-12-02,10000005,657,3500000,3500000,3500000,4,4
2017-12-02,10000005,1306,809999.83,809999.83,809999.83,1,1
2017-12-02,10000005,1319,1153846.15,1000000,1199999.99,13,4
2017-12-02,10000005,1403,19999.98,19999.98,19999.98,1,1
2017-12-02,10000005,1405,700000,700000,700000,4,2
2017-12-02,10000005,1447,750000,750000,750000,1,1
2017-12-02,10000005,1541,1400000,1400000,1400000,1,1
2017-12-02,10000005,1855,1500000,1500000,1500000,1,1
2017-12-02,10000005,1877,1530854.31,1530854.31,1530854.31,7,1
2017-12-02,10000005,1952,1441626.05,1400000,1474999.5,7,6
2017-12-02,10000005,1977,99000,99000,99000,2,1
2017-12-02,10000005,1978,1599999.25,1599999,1600000,4,3
2017-12-02,10000005,2032,1000000,1000000,1000000,5,2
2017-12-02,10000005,2038,1374500,1349000,1400000,2,2
2017-12-02,10000005,2048,640666.67,540000,671111.45,5,5
2017-12-02,10000005,2161,600000,600000,600000,2,2
2017-12-02,10000005,2183,24000,24000,24000,9,2
2017-12-02,10000005,2185,1115663.41,1092772.01,1200000,10,4
2017-12-02,10000005,2203,20000,20000,20000,4,1
2017-12-02,10000005,2205,500450.17,1200.45,800000,8,2
2017-12-02,10000005,2281,2194399.55,87998.49,3090000,10,5
2017-12-02,10000005,2301,3000000,3000000,3000000,3,3
2017-12-02,10000005,2303,1900000,1900000,1900000,1,1
2017-12-02,10000005,2344,70000,70000,70000,156,1
2017-12-02,10000005,2345,97000,97000,97000,285,1
2017-12-02,10000005,2352,100000,100000,100000,570,1
2017-12-02,10000005,2390,490,490,490,126560,2
2017-12-02,10000005,2410,85000.13,85000.13,85000.13,6,1
2017-12-02,10000005,2456,500000,500000,500000,5,1
2017-12-02,10000005,2464,30000,30000,30000,11,3
2017-12-02,10000005,2476,199999,199999,199999,5,1
2017-12-02,10000005,2478,2088407.37,2000000,2140000,27,5
2017-12-02,10000005,2488,287458.63,1995.89,494041.48,36,5
2017-12-02,10000005,2525,650000,450000,850000,2,2
2017-12-02,10000005,2563,1899999,1899999,1899999,7,1
2017-12-02,10000005,2605,1013384.45,440000,5000000,18,13
2017-12-02,10000005,2801,1200,1200,1200,1000,1
2017-12-02,10000005,2905,1489998,1489998,1489998,4,2
2017-12-02,10000005,2961,101014.01,101014.01,101014.01,14,1
2017-12-02,10000005,2977,1000000.26,1000000.26,1000000.26,1,1
2017-12-02,10000005,2998,95000000,95000000,95000000,1,1
2017-12-02,10000005,3082,486571.97,101000.63,2800000,7,2
2017-12-02,10000005,3244,1866136.75,1850000,1995230.75,9,5
2017-12-02,10000005,3265,8450000,8000000,8900000,2,2
2017-12-02,10000005,3302,26000,26000,26000,1,1
2017-12-02,10000005,3306,100000,100000,100000,1,1
2017-12-02,10000005,3309,2000000,2000000,2000000,1,1
2017-12-02,10000005,3329,40000,40000,40000,2,2
2017-12-02,10000005,3332,700000,700000,700000,1,1
2017-12-02,10000005,3333,700000,700000,700000,1,1
2017-12-02,10000005,3422,80000,80000,80000,1,1
2017-12-02,10000005,3683,200,200,200,5120,1
2017-12-02,10000005,3687,1200,1200,1200,150,1
2017-12-02,10000005,3689,10200,10200,10200,9680,1
2017-12-02,10000005,3829,20000,20000,20000,9,1
2017-12-02,10000005,3831,1203867.54,1203867.54,1203867.54,1,1
2017-12-02,10000005,3841,1485575,1485575,1485575,6,5
2017-12-02,10000005,3888,1097000,1097000,1097000,5,1
2017-12-02,10000005,4025,399998.97,399998.94,399999,2,2
2017-12-02,10000005,4260,1699995.87,1699995.87,1699995.87,2,1
2017-12-02,10000005,4383,2299000,2299000,2299000,1,1
2017-12-02,10000005,4393,2000000,2000000,2000000,7,2
2017-12-02,10000005,4395,997999,997999,997999,2,2
2017-12-02,10000005,4397,2500000,2500000,2500000,1,1
2017-12-02,10000005,4405,1748999.99,1748999.99,1748999.99,1,1
2017-12-02,10000005,4435,107500.01,100000.01,130000,4,2
2017-12-02,10000005,4471,190000,190000,190000,4,1
2017-12-02,10000005,4573,250000.01,250000.01,250000.01,1,1
2017-12-02,10000005,4829,280000,280000,280000,1,1
2017-12-02,10000005,4871,999999.4,999999,999999.99,5,5
2017-12-02,10000005,5051,800000,800000,800000,1,1
2017-12-02,10000005,5320,199999.99,199999.99,199999.99,1,1
2017-12-02,10000005,5322,514827.92,514827.92,514827.92,1,1
2017-12-02,10000005,5443,250000,250000,250000,1,1
2017-12-02,10000005,5493,250000,250000,250000,3,3
2017-12-02,10000005,5533,493635.43,487271.86,499998.99,8,4
2017-12-02,10000005,5599,200000,200000,200000,2,1
2017-12-02,10000005,5971,299999.69,299999.69,299999.69,2,2
2017-12-02,10000005,5973,500000,500000,500000,2,2
2017-12-02,10000005,6173,300000,300000,300000,2,1
2017-12-02,10000005,6296,50000,50000,50000,2,1
2017-12-02,10000005,6527,249999.97,249999.97,249999.97,1,1
2017-12-02,10000005,8025,300000,300000,300000,7,2
2017-12-02,10000005,8117,650000,650000,650000,2,1
2017-12-02,10000005,8175,150000,150000,150000,2,1
2017-12-02,10000005,8225,199999.99,199999.99,199999.99,1,1
2017-12-02,10000005,8263,499999.98,499999.98,499999.98,2,1
2017-12-02,10000005,8529,253333.29,253333.29,253333.29,1,1
2017-12-02,10000005,8585,140000,140000,140000,3,1
2017-12-02,10000005,8748,99999.99,99999.99,99999.99,1,1
2017-12-02,10000005,9327,1188235.29,1100000,1350000,17,3
2017-12-02,10000005,9580,500000,500000,500000,1,1
2017-12-02,10000005,9632,325000,150000,500000,2,2
2017-12-02,10000005,9734,550000,550000,550000,5,1
2017-12-02,10000005,10208,29000000,29000000,29000000,2,2
2017-12-02,10000005,10212,25899984,25899984,25899984,2,2
2017-12-02,10000005,10216,25099928,25099928,25099928,3,3
2017-12-02,10000005,10221,29999999,29999999,29999999,3,3
2017-12-02,10000005,10225,27000000,27000000,27000000,2,2
2017-12-02,10000005,10850,1000000,1000000,1000000,3,3
2017-12-02,10000005,10998,499998.25,499998,499999,8,4
2017-12-02,10000005,11132,350000,350000,350000,1,1
2017-12-02,10000005,11176,30000000,30000000,30000000,1,1
2017-12-02,10000005,11200,45000000,45000000,45000000,1,1
2017-12-02,10000005,11269,612524.96,11990.55,1000000,5,4
2017-12-02,10000005,11317,400000,400000,400000,2,1
2017-12-02,10000005,11325,500000,500000,500000,4,3
2017-12-02,10000005,11370,2324999.75,2000000,3299999,4,4
2017-12-02,10000005,11387,20000000,20000000,20000000,1,1
2017-12-02,10000005,11563,190000,190000,190000,3,1
2017-12-02,10000005,11578,5000000,5000000,5000000,1,1
2017-12-02,10000005,11644,3499987.2,3499987.2,3499987.2,1,1
2017-12-02,10000005,11646,2399996.2,2399996.2,2399996.2,2,2
2017-12-02,10000005,11648,1700000,1700000,1700000,1,1
2017-12-02,10000005,12052,250000,250000,250000,1,1
2017-12-02,10000005,12058,4699999.86,4699999.86,4699999.86,1,1
2017-12-02,10000005,12198,1900000,1900000,1900000,1,1
2017-12-02,10000005,12612,100,100,100,5000,2
2017-12-02,10000005,12631,68.9,68.9,68.9,2000,1
2017-12-02,10000005,12633,69,69,69,2000,1
2017-12-02,10000005,12779,250,250,250,10000,1
2017-12-02,10000005,13261,27999999.57,27999999.57,27999999.57,1,1
2017-12-02,10000005,15508,50000,50000,50000,10,1
2017-12-02,10000005,15729,54999995,54999995,54999995,2,1
2017-12-02,10000005,16242,1100000,1100000,1100000,2,2
2017-12-02,10000005,16272,666,666,666,20000,2
2017-12-02,10000005,16273,30.25,30.25,30.25,2417132,34
2017-12-02,10000005,16275,2000,2000,2000,7933,2
2017-12-02,10000005,16311,250000,250000,250000,1,1
2017-12-02,10000005,16367,300000,300000,300000,1,1
2017-12-02,10000005,16371,200000,200000,200000,1,1
2017-12-02,10000005,16383,280000,280000,280000,1,1
2017-12-02,10000005,16391,500000,500000,500000,2,2
2017-12-02,10000005,16455,100000,100000,100000,1,1
2017-12-02,10000005,16475,800000,800000,800000,1,1
2017-12-02,10000005,16495,100000,100000,100000,2,1
2017-12-02,10000005,16497,800000,800000,800000,1,1
2017-12-02,10000005,17366,251977.28,140588.23,330526.32,7,3
2017-12-02,10000005,17482,2496801.54,2496801.54,2496801.54,2,1
2017-12-02,10000005,17715,250000000,250000000,250000000,1,1
2017-12-02,10000005,17843,82500000.38,82500000.38,82500000.38,2,2
2017-12-02,10000005,17887,870,870,870,338000,8
2017-12-02,10000005,17888,870,870,870,50000,1
2017-12-02,10000005,17889,999,999,999,58000,3
2017-12-02,10000005,17938,104500,59000,150000,2,2
2017-12-02,10000005,18068,950000,950000,950000,1,1
2017-12-02,10000005,18594,700000,700000,700000,4,1
2017-12-02,10000005,18596,600000,600000,600000,4,1
2017-12-02,10000005,18598,600000,600000,600000,4,1
2017-12-02,10000005,18624,700000,700000,700000,4,1
2017-12-02,10000005,19806,1949999.99,1949999.99,1949999.99,2,1
2017-12-02,10000005,19814,258999.66,258999.66,258999.66,1,1
2017-12-02,10000005,20353,4350000,4000000,4700000,2,2
2017-12-02,10000005,21096,2306249.85,1900000,3500000,16,10
2017-12-02,10000005,21603,15555555,15555555,15555555,1,1
2017-12-02,10000005,21640,864465.85,6291.73,1300000,16,3
2017-12-02,10000005,21894,1425,1425,1425,7000,2
2017-12-02,10000005,21902,1697,1697,1697,37000,3
2017-12-02,10000005,21918,1249.99,1249.99,1249.99,2000,1
2017-12-02,10000005,21924,800,800,800,400,1
2017-12-02,10000005,21935,2199,2199,2199,2000,1
2017-12-02,10000005,22175,100498.99,100498.99,100498.99,1,1
2017-12-02,10000005,22177,41999.99,41999.99,41999.99,1,1
2017-12-02,10000005,22778,139980,139980,139980,20,1
2017-12-02,10000005,23025,25.21,25.21,25.21,3164,1
2017-12-02,10000005,23055,3250000,3250000,3250000,12,1
2017-12-02,10000005,23057,3000000,3000000,3000000,8,1
2017-12-02,10000005,23061,4906250,4500000,5000000,32,4
2017-12-02,10000005,23527,400000,400000,400000,12,5
2017-12-02,10000005,23533,1000000,1000000,1000000,1,1
2017-12-02,10000005,23566,1400000,1400000,1400000,1,1
2017-12-02,10000005,23707,12307.69,10000,40000,39,5
2017-12-02,10000005,24283,50000000,50000000,50000000,1,1
2017-12-02,10000005,24348,2200000,2200000,2200000,6,1
2017-12-02,10000005,24395,999998,999998,999998,3,1
2017-12-02,10000005,24417,1999999,1999999,1999999,3,1
2017-12-02,10000005,24427,2000000,2000000,2000000,2,1
2017-12-02,10000005,24438,1033333.35,800000,1150000.02,3,3
2017-12-02,10000005,24533,640,640,640,2807,2
2017-12-02,10000005,24700,55000000,55000000,55000000,1,1
2017-12-02,10000005,25565,500000,500000,500000,2,1
2017-12-02,10000005,25861,108497.98,108497.98,108497.98,2,2
2017-12-02,10000005,25956,29999997,29999997,29999997,1,1
2017-12-02,10000005,26076,15000000,15000000,15000000,1,1
2017-12-02,10000005,26088,12490000,12490000,12490000,2,1
2017-12-02,10000005,26929,200000,200000,200000,1,1
2017-12-02,10000005,27127,2699999,2699999,2699999,2,2
2017-12-02,10000005,27339,2500,2500,2500,400,1
2017-12-02,10000005,27351,2999.98,2999.98,2999.98,575,1
2017-12-02,10000005,27361,9.78,9.78,9.78,2576,3
2017-12-02,10000005,27371,894.83,894.83,894.83,2500,4
2017-12-02,10000005,27381,495.66,10.78,980.54,2000,3
2017-12-02,10000005,27387,1110.14,1110.14,1110.14,4000,4
2017-12-02,10000005,27916,1064098.58,1064098.58,1064098.58,4,1
2017-12-02,10000005,27918,1200000,1200000,1200000,5,1
2017-12-02,10000005,28209,1700000,1700000,1700000,1,1
2017-12-02,10000005,28215,14901.64,14901.64,14901.64,4,1
2017-12-02,10000005,28270,3990000,3990000,3990000,2,1
2017-12-02,10000005,28282,5000000,5000000,5000000,2,1
2017-12-02,10000005,28294,1500000,1500000,1500000,35,6
2017-12-02,10000005,28332,1998.6,1998.6,1998.6,2000,1
2017-12-02,10000005,28576,1699999,1699999,1699999,3,1
2017-12-02,10000005,28668,103.77,103.77,103.77,1050,1
2017-12-02,10000005,28756,33989949,33989949,33989949,1,1
2017-12-02,10000005,28999,30000,30000,30000,4,3
2017-12-02,10000005,29001,26363.63,19999.99,30000,11,6
2017-12-02,10000005,29009,19999.99,19999.99,19999.99,2,2
2017-12-02,10000005,29011,19999.99,19999.99,19999.99,1,1
2017-12-02,10000005,30013,16687.03,16687.03,16687.03,8,1
2017-12-02,10000005,30028,89000,89000,89000,8,1
2017-12-02,10000005,30486,799999,799999,799999,4,1
2017-12-02,10000005,30488,753842.69,600000,999991,13,2
2017-12-02,10000005,30993,99800000,99800000,99800000,2,1
2017-12-02,10000005,31055,2000000,2000000,2000000,3,1
2017-12-02,10000005,31105,600000,600000,600000,1,1
2017-12-02,10000005,31111,4900000,4900000,4900000,4,3
2017-12-02,10000005,31119,1399999.49,1199999,1599999.97,6,2
2017-12-02,10000005,31125,14000000,14000000,14000000,1,1
2017-12-02,10000005,31153,862919.99,862919.99,862919.99,1,1
2017-12-02,10000005,31159,519999.19,399998.99,1000000,5,3
2017-12-02,10000005,31165,4499999,4499999,4499999,1,1
2017-12-02,10000005,31171,4900000,4900000,4900000,2,1
2017-12-02,10000005,31177,549509,549509,549509,1,1
2017-12-02,10000005,31183,3400000,3400000,3400000,3,2
2017-12-02,10000005,31185,24999998.99,24999998.99,24999998.99,1,1
2017-12-02,10000005,31220,9999999,9999999,9999999,1,1
2017-12-02,10000005,31246,9499999.99,9499999.99,9499999.99,1,1
2017-12-02,10000005,31280,3500000,3500000,3500000,4,2
2017-12-02,10000005,31282,12000000,12000000,12000000,1,1
2017-12-02,10000005,31300,349999,349999,349999,1,1
2017-12-02,10000005,31306,11500000,11500000,11500000,3,3
2017-12-02,10000005,31364,6800000,6800000,6800000,1,1
2017-12-02,10000005,31372,1750000,1750000,1750000,5,2
2017-12-02,10000005,31680,800000,800000,800000,1,1
2017-12-02,10000005,31716,199999,199999,199999,1,1
2017-12-02,10000005,31718,299999,299999,299999,3,3
2017-12-02,10000005,31760,8499999.99,8499999.99,8499999.99,3,3
2017-12-02,10000005,31788,533271.58,500000,599814.74,3,2
2017-12-02,10000005,31790,2466737.68,2001065.22,2500000,15,7
2017-12-02,10000005,31866,3900000,3900000,3900000,16,8
2017-12-02,10000005,31882,3045019.61,3000000,3090039.22,12,5
2017-12-02,10000005,31888,2800000,2800000,2800000,3,1
2017-12-02,10000005,31890,3410702.68,2100000,4972576.48,11,4
2017-12-02,10000005,31892,2750000,2750000,2750000,123,28
2017-12-02,10000005,32006,278.57,278.57,278.57,47,1
2017-12-02,10000005,32014,172377.46,1152.38,299999,97,8
2017-12-02,10000005,32872,1500000,1500000,1500000,1,1
2017-12-02,10000005,33003,500000,500000,500000,10,1
2017-12-02,10000005,33094,100000,100000,100000,1,1
2017-12-02,10000005,33180,300000,300000,300000,1,1
2017-12-02,10000005,33468,75000000,75000000,75000000,3,3
2017-12-02,10000005,33474,2875656.67,2800000,3190000,6,3
2017-12-02,10000005,33475,11008063.52,11000000,12000000,19,7
2017-12-02,10000005,33704,50000,50000,50000,1,1
2017-12-02,10000005,33824,1700000,1700000,1700000,1,1
2017-12-02,10000005,35659,95000,95000,95000,4,4
2017-12-02,10000005,35660,30000,30000,30000,6,6
2017-12-02,10000005,35661,485000,470000,500000,2,2
2017-12-02,10000005,37135,29500000,29500000,29500000,1,1
2017-12-02,10000005,37451,1300000,1300000,1300000,3,1
2017-12-02,10000005,40351,223500000,223500000,223500000,1,1
2017-12-02,10000005,40559,14500000,14500000,14500000,15,1
2017-12-02,10000005,40565,28316666.67,26900000,32000000,18,2
2017-12-02,10000005,40662,250000000,250000000,250000000,1,1
2017-12-02,10000005,41032,80000,80000,80000,1,1
2017-12-02,10000005,41033,350000,350000,350000,1,1
2017-12-02,10000005,41034,1000000,1000000,1000000,3,1
2017-12-02,10000005,41218,24285714.29,20000000,35000000,7,6
2017-12-02,10000005,41411,55000000,55000000,55000000,1,1
2017-12-02,10000005,41493,187000000,187000000,187000000,1,1
2017-12-02,10000005,43702,1000000,1000000,1000000,1,1
2017-12-02,10000005,46381,1,1,1,1,1
2017-12-02,10000006,22,4500,4500,4500,893,2
2017-12-02,10000006,183,14,14,14,200,1
2017-12-02,10000006,185,100,100,100,5000,1
2017-12-02,10000006,380,788000,788000,788000,38,6
2017-12-02,10000006,438,4990000,4990000,4990000,1,1
2017-12-02,10000006,440,6888000,6888000,6888000,1,1
2017-12-02,10000006,448,2770000,2770000,2770000,6,4
2017-12-02,10000006,482,1588888,1588888,1588888,4,2
2017-12-02,10000006,519,1678999.2,1678999,1679000,5,4
2017-12-02,10000006,527,1460000,1460000,1460000,1,1
2017-12-02,10000006,565,63000,63000,63000,3,2
2017-12-02,10000006,585,1310000,1300000,1350000,5,5
2017-12-02,10000006,594,1000000,1000000,1000000,3,3
2017-12-02,10000006,605,1500000,1500000,1500000,2,2
2017-12-02,10000006,620,13000000,13000000,13000000,1,1
2017-12-02,10000006,622,12999999.96,12999999.96,12999999.96,1,1
2017-12-02,10000006,627,13000000,13000000,13000000,1,1
2017-12-02,10000006,632,11500000,10000000,13000000,2,2
2017-12-02,10000006,649,3000000,3000000,3000000,2,2
2017-12-02,10000006,650,2016666.67,2016666.67,2016666.67,3,3
2017-12-02,10000006,651,2500000,2499999.99,2500000,2,2
2017-12-02,10000006,655,2699999.86,999999,3000000,7,7
2017-12-02,10000006,657,2253964.29,1000000,3000000,14,10
2017-12-02,10000006,1182,1494049.99,1493999.99,1495000,40,8
2017-12-02,10000006,1248,1419747.42,1328357.85,1498999.74,11,6
2017-12-02,10000006,1317,208294,144057.97,219000,14,5
2017-12-02,10000006,1319,1089676.91,1088000,1089999.99,65,15
2017-12-02,10000006,1355,1770000,1770000,1770000,1,1
2017-12-02,10000006,1405,1587764.7,1586999.99,1600000,17,10
2017-12-02,10000006,1447,1494000,1494000,1494000,1,1
2017-12-02,10000006,1541,1987000,1987000,1987000,3,2
2017-12-02,10000006,1877,2300000,2300000,2300000,7,3
2017-12-02,10000006,1952,1889000,1889000,1889000,13,3
2017-12-02,10000006,1978,1795000,1795000,1795000,16,4
2017-12-02,10000006,1999,2429999.66,2429998.99,2429999.99,3,3
2017-12-02,10000006,2024,2540000,2540000,2540000,1,1
2017-12-02,10000006,2032,949000,949000,949000,3,3
2017-12-02,10000006,2046,49000,49000,49000,2,2
2017-12-02,10000006,2048,796230.77,796000,799999.97,13,10
2017-12-02,10000006,2173,98000,98000,98000,10,1
2017-12-02,10000006,2175,1100000,1100000,1100000,10,2
2017-12-02,10000006,2203,49666.73,49666.73,49666.73,2,1
2017-12-02,10000006,2254,1666666.67,1500000,2500000,24,3
2017-12-02,10000006,2281,2763846.46,2700000,3999000,21,10
2017-12-02,10000006,2301,2216000,2050000,2548000,3,3
2017-12-02,10000006,2364,1000000,1000000,1000000,1,1
2017-12-02,10000006,2446,2600000,2600000,2600000,15,4
2017-12-02,10000006,2454,50000,50000,50000,5,2
2017-12-02,10000006,2478,2384985.13,2383996,2384997,36,7
2017-12-02,10000006,2486,55061.86,55000,55600,97,3
2017-12-02,10000006,2488,599999,599998.99,599999,31,7
2017-12-02,10000006,2524,1629130.43,1500000,2490000,23,3
2017-12-02,10000006,2525,1500000,1500000,1500000,20,1
2017-12-02,10000006,2533,1571428.57,1500000,3000000,21,3
2017-12-02,10000006,2534,1500000,1500000,1500000,20,1
2017-12-02,10000006,2549,1547619.05,1500000,2500000,21,2
2017-12-02,10000006,2550,1500000,1500000,1500000,19,1
2017-12-02,10000006,2551,1500000,1500000,1500000,20,1
2017-12-02,10000006,2553,1449999.98,1449999.98,1449999.98,2,2
2017-12-02,10000006,2605,796999.5,796999,797000,10,7
2017-12-02,10000006,2613,287,287,287,10000,3
2017-12-02,10000006,2629,526.7,526.7,526.7,5000,1
2017-12-02,10000006,2873,640000,640000,640000,3,1
2017-12-02,10000006,2961,5999989,5999989,5999989,12,1
2017-12-02,10000006,3244,1988000,1988000,1988000,5,3
2017-12-02,10000006,3340,979999.99,979999.99,979999.99,3,3
2017-12-02,10000006,3410,1999999.99,1999999.99,1999999.99,1,1
2017-12-02,10000006,3451,330000,330000,330000,1,1
2017-12-02,10000006,3496,3500000,3500000,3500000,1,1
2017-12-02,10000006,3520,1989999.98,1989999.98,1989999.98,6,1
2017-12-02,10000006,3829,99900,99900,99900,1,1
2017-12-02,10000006,3831,1666000,1666000,1666000,1,1
2017-12-02,10000006,3841,2289166,1490000,2448999,6,5
2017-12-02,10000006,3888,2200000,2200000,2200000,2,2
2017-12-02,10000006,4025,350000,350000,350000,5,3
2017-12-02,10000006,4246,20000,20000,20000,7000,1
2017-12-02,10000006,4310,68899999.97,68899999.97,68899999.97,1,1
2017-12-02,10000006,4383,2930000,2930000,2930000,2,2
2017-12-02,10000006,4391,1500000,1500000,1500000,1,1
2017-12-02,10000006,4403,1500000,1500000,1500000,2,2
2017-12-02,10000006,4405,1997666.33,1997000,1997999.5,12,5
2017-12-02,10000006,4471,90000,90000,90000,1,1
2017-12-02,10000006,4833,499000,499000,499000,1,1
2017-12-02,10000006,4871,498999.99,498999.99,498999.99,6,6
2017-12-02,10000006,5047,200000,200000,200000,4,2
2017-12-02,10000006,5051,184000,184000,184000,1,1
2017-12-02,10000006,5322,150000,150000,150000,2,2
2017-12-02,10000006,5363,100000,100000,100000,1,1
2017-12-02,10000006,5405,184887.99,184887.99,184887.99,1,1
2017-12-02,10000006,5443,120000,120000,120000,1,1
2017-12-02,10000006,5445,265459.43,265459.43,265459.43,2,2
2017-12-02,10000006,5599,450000,450000,450000,4,2
2017-12-02,10000006,5933,99999.99,99999.99,99999.99,1,1
2017-12-02,10000006,5945,345748.78,345748.78,345748.78,1,1
2017-12-02,10000006,5955,129551.77,129551.76,129551.77,6,6
2017-12-02,10000006,5971,450000,450000,450000,3,3
2017-12-02,10000006,5973,850000,850000,850000,5,5
2017-12-02,10000006,5975,270000,270000,270000,3,3
2017-12-02,10000006,6003,188888,188888,188888,1,1
2017-12-02,10000006,6005,172440.34,172440.34,172440.34,1,1
2017-12-02,10000006,6073,368888,368888,368888,1,1
2017-12-02,10000006,6131,999999,999999,999999,2,2
2017-12-02,10000006,6160,100000,100000,100000,3,3
2017-12-02,10000006,6569,188888,188888,188888,2,1
2017-12-02,10000006,8023,190000,190000,190000,6,2
2017-12-02,10000006,8027,2480000,2480000,2480000,2,1
2017-12-02,10000006,8135,840000,840000,840000,8,4
2017-12-02,10000006,8175,600000,600000,600000,6,4
2017-12-02,10000006,8263,100000,100000,100000,23,4
2017-12-02,10000006,8517,3300000,3300000,3300000,2,2
2017-12-02,10000006,8529,194555,194555,194555,12,2
2017-12-02,10000006,8579,100000,100000,100000,5,1
2017-12-02,10000006,8585,149000,149000,149000,3,2
2017-12-02,10000006,8748,117899.98,117899.98,117899.98,2,2
2017-12-02,10000006,8903,800000,800000,800000,5,1
2017-12-02,10000006,9135,1200000,1200000,1200000,5,1
2017-12-02,10000006,9333,750000,750000,750000,3,1
2017-12-02,10000006,9491,3049889.96,2500000,3265918,39,3
2017-12-02,10000006,9497,1000000,1000000,1000000,6,1
2017-12-02,10000006,9582,1,1,1,1,1
2017-12-02,10000006,9632,200000,199999.99,200000,5,5
2017-12-02,10000006,9646,100000,100000,100000,1,1
2017-12-02,10000006,9899,14999999.98,14999999.98,14999999.98,3,3
2017-12-02,10000006,9941,15000000,15000000,15000000,2,2
2017-12-02,10000006,9942,15000000,15000000,15000000,4,4
2017-12-02,10000006,9943,15000000,15000000,15000000,3,3
2017-12-02,10000006,9956,12500000,12500000,12500000,1,1
2017-12-02,10000006,10190,1389999.91,1300000,2289999,22,2
2017-12-02,10000006,10208,28780331.99,28780331.99,28780331.99,2,2
2017-12-02,10000006,10212,30939931.03,28879862.06,33000000,2,2
2017-12-02,10000006,10216,28744000,28744000,28744000,2,2
2017-12-02,10000006,10221,33000000,33000000,33000000,2,2
2017-12-02,10000006,10225,28270000,28270000,28270000,2,2
2017-12-02,10000006,10246,250000,250000,250000,20,3
2017-12-02,10000006,10250,1100000,1100000,1100000,5,1
2017-12-02,10000006,10688,100000,100000,100000,5,1
2017-12-02,10000006,10850,1438289.78,1436869.35,1438999.99,3,3
2017-12-02,10000006,10858,4397000,4397000,4397000,1,1
2017-12-02,10000006,10998,175000,150000,300000,20,7
2017-12-02,10000006,11134,40000,40000,40000,1,1
2017-12-02,10000006,11198,42999999,42999999,42999999,2,2
2017-12-02,10000006,11229,1207764,1207764,1207764,1,1
2017-12-02,10000006,11269,1386999.99,1386999.99,1386999.99,16,7
2017-12-02,10000006,11285,46000,46000,46000,100,1
2017-12-02,10000006,11289,9000,9000,9000,40,1
2017-12-02,10000006,11317,600000,600000,600000,1,1
2017-12-02,10000006,11327,1500000,1500000,1500000,1,1
2017-12-02,10000006,11370,3989999.99,3989999.99,3989999.99,7,7
2017-12-02,10000006,11563,990000,990000,990000,1,1
2017-12-02,10000006,12058,3999000,3999000,3999000,1,1
2017-12-02,10000006,12076,8800000,8800000,8800000,1,1
2017-12-02,10000006,12084,13900000,13900000,13900000,1,1
2017-12-02,10000006,12775,1000,1000,1000,3000,1
2017-12-02,10000006,15729,40000000,40000000,40000000,1,1
2017-12-02,10000006,16272,690,690,690,100000,1
2017-12-02,10000006,16273,149.99,149.99,149.99,25120,35
2017-12-02,10000006,16274,1159.97,1159.97,1159.97,137500,9
2017-12-02,10000006,16275,6132.44,6132.44,6132.44,7750,5
2017-12-02,10000006,16278,2459258.67,2000000,2688888,6,3
2017-12-02,10000006,16297,300000,300000,300000,10,3
2017-12-02,10000006,16303,2000000,2000000,2000000,1,1
2017-12-02,10000006,16367,280000,280000,280000,2,2
2017-12-02,10000006,16375,290000,290000,290000,1,1
2017-12-02,10000006,16391,600000,600000,600000,2,2
2017-12-02,10000006,16469,150000,150000,150000,1,1
2017-12-02,10000006,16477,219709.31,219709.31,219709.31,2,1
2017-12-02,10000006,16491,100000,100000,100000,2,1
2017-12-02,10000006,16499,400000,400000,400000,1,1
2017-12-02,10000006,16507,200000,200000,200000,1,1
2017-12-02,10000006,17366,1149500.36,400000,1316056,22,7
2017-12-02,10000006,17367,600000,600000,600000,4,1
2017-12-02,10000006,17478,28899997,28899997,28899997,2,1
2017-12-02,10000006,17482,2533330.66,2500000,2549995.99,6,2
2017-12-02,10000006,17843,89937907.86,89937907.86,89937907.86,1,1
2017-12-02,10000006,17887,1297.99,1297.99,1297.99,392900,10
2017-12-02,10000006,17888,1067,1067,1067,170000,3
2017-12-02,10000006,17889,1188.52,1188.52,1188.52,223000,8
2017-12-02,10000006,17938,99444,99000,99888,4,3
2017-12-02,10000006,17940,1899999.99,1899999.99,1899999.99,1,1
2017-12-02,10000006,18639,148888,148888,148888,2,1
2017-12-02,10000006,19286,8500000,8500000,8500000,2,1
2017-12-02,10000006,19923,100000,100000,100000,1,1
2017-12-02,10000006,19929,100000,100000,100000,1,1
2017-12-02,10000006,20351,1959999.96,1959999.96,1959999.96,3,2
2017-12-02,10000006,20353,4454051.18,4454000,4454076.77,6,2
2017-12-02,10000006,21096,2926896.95,2899564.89,3500000,22,20
2017-12-02,10000006,21638,1444000,1444000,1444000,2,1
2017-12-02,10000006,21894,1290,1290,1290,2160,2
2017-12-02,10000006,21896,880,880,880,4500,2
2017-12-02,10000006,21898,899.99,899.99,899.99,2000,2
2017-12-02,10000006,21902,1496,1496,1496,27500,7
2017-12-02,10000006,21904,907.1,907.1,907.1,3000,2
2017-12-02,10000006,22175,180000,180000,180000,3,3
2017-12-02,10000006,22177,282962.67,280000,288888,3,3
2017-12-02,10000006,22291,1552624.98,800000.16,1640097.57,9,6
2017-12-02,10000006,22542,500000,500000,500000,2,2
2017-12-02,10000006,22544,69606107.83,69606107.83,69606107.83,1,1
2017-12-02,10000006,22546,47124648,47124648,47124648,3,1
2017-12-02,10000006,22578,999999.99,999999.99,999999.99,2,2
2017-12-02,10000006,22778,187605.31,187605.31,187605.31,19,1
2017-12-02,10000006,22782,3000000,3000000,3000000,2,1
2017-12-02,10000006,23009,849.99,849.99,849.99,2200,2
2017-12-02,10000006,23061,4887999,4887999,4887999,143,9
2017-12-02,10000006,23527,597789.76,596999.99,597987.23,10,7
2017-12-02,10000006,23563,121000,121000,121000,11,3
2017-12-02,10000006,23566,1000000,1000000,1000000,1,1
2017-12-02,10000006,23707,44999.98,44999.98,44999.98,25,3
2017-12-02,10000006,24242,19700000,19700000,19700000,1,1
2017-12-02,10000006,24283,53000000,53000000,53000000,5,2
2017-12-02,10000006,24348,2026896.17,1400000,2528016.39,9,5
2017-12-02,10000006,24395,500000,500000,500000,6,5
2017-12-02,10000006,24417,2708000,2708000,2708000,2,1
2017-12-02,10000006,24427,2497999.99,2496999.99,2498999.99,2,2
2017-12-02,10000006,24438,1648999.99,1648999.99,1648999.99,8,6
2017-12-02,10000006,24495,500,500,500,1500,1
2017-12-02,10000006,24497,200.1,200.1,200.1,10000,2
2017-12-02,10000006,24571,10000000,10000000,10000000,1,1
2017-12-02,10000006,25571,100000,100000,100000,1,1
2017-12-02,10000006,25590,60000,60000,60000,25,1
2017-12-02,10000006,25861,449999.98,449999.98,449999.99,21,6
2017-12-02,10000006,26374,88500000,88500000,88500000,1,1
2017-12-02,10000006,27361,1399,1399,1399,7013,2
2017-12-02,10000006,27381,1400.14,1400.14,1400.14,1500,2
2017-12-02,10000006,27387,1416.96,1416.96,1416.96,1700,2
2017-12-02,10000006,27429,2100,2100,2100,1000,1
2017-12-02,10000006,27920,1400000,1400000,1400000,2,1
2017-12-02,10000006,28332,1999,1999,1999,2000,2
2017-12-02,10000006,28334,1499.99,1499.99,1499.99,2000,1
2017-12-02,10000006,28336,800,800,800,100,1
2017-12-02,10000006,28576,799999,799999,799999,6,1
2017-12-02,10000006,28578,2000000,2000000,2000000,6,1
2017-12-02,10000006,28668,289000,289000,289000,8,1
2017-12-02,10000006,28756,44000000,44000000,44000000,1,1
2017-12-02,10000006,28999,100000,100000,100000,12,4
2017-12-02,10000006,29001,29135.97,29100,29435.57,21,10
2017-12-02,10000006,29005,24988,24988,24988,5,1
2017-12-02,10000006,29009,34998.11,34998.11,34998.11,23,5
2017-12-02,10000006,29011,24894,24888,24900,20,4
2017-12-02,10000006,29248,2500000,2500000,2500000,3,3
2017-12-02,10000006,30486,746000,746000,746000,11,2
2017-12-02,10000006,30488,749000,749000,749000,40,4
2017-12-02,10000006,31055,2148333.33,2140000,2150000,6,3
2017-12-02,10000006,31085,4500000,4500000,4500000,8,3
2017-12-02,10000006,31105,460000,460000,460000,3,1
2017-12-02,10000006,31119,3000000,3000000,3000000,7,3
2017-12-02,10000006,31159,895311.61,894999.99,895500,11,6
2017-12-02,10000006,31163,49999998.98,49999998.98,49999998.98,3,2
2017-12-02,10000006,31177,749999.88,749999.87,749999.9,4,3
2017-12-02,10000006,31238,349999,349999,349999,1,1
2017-12-02,10000006,31300,990000,990000,990000,1,1
2017-12-02,10000006,31358,1000000,1000000,1000000,3,1
2017-12-02,10000006,31372,1866000,1866000,1866000,11,6
2017-12-02,10000006,31378,12969999.33,12969999,12969999.99,3,2
2017-12-02,10000006,31716,590000,590000,590000,1,1
2017-12-02,10000006,31718,517784.44,517000,518961.1,5,5
2017-12-02,10000006,31730,410000,410000,410000,3,2
2017-12-02,10000006,31742,600000,600000,600000,1,1
2017-12-02,10000006,31752,250000,250000,250000,1,1
2017-12-02,10000006,31788,350000,350000,350000,6,2
2017-12-02,10000006,31790,2458890.44,2404561.76,2477000,8,3
2017-12-02,10000006,31888,1980000,1980000,1980000,7,2
2017-12-02,10000006,31890,3044645,3044645,3044645,8,2
2017-12-02,10000006,31892,2955999.8,2159998,3000000,50,16
2017-12-02,10000006,31894,4449000,4449000,4449000,6,1
2017-12-02,10000006,31998,98043.11,98043.11,98043.11,30,1
2017-12-02,10000006,32006,149999,149999,149999,130,2
2017-12-02,10000006,32780,2500000,2500000,2500000,1,1
2017-12-02,10000006,32782,120,120,120,280,1
2017-12-02,10000006,32787,94117.64,49999.99,199999.99,17,3
2017-12-02,10000006,32876,1580000,1580000,1580000,1,1
2017-12-02,10000006,32880,2000000,2000000,2000000,2,2
2017-12-02,10000006,33101,434200.48,434200.48,434200.48,2,1
2017-12-02,10000006,33178,188888,188888,188888,1,1
2017-12-02,10000006,33474,3000000,3000000,3000000,3,3
2017-12-02,10000006,33475,10543226.48,10471945.15,11999999,45,21
2017-12-02,10000006,33699,1000000,1000000,1000000,1,1
2017-12-02,10000006,33702,230000000,230000000,230000000,1,1
2017-12-02,10000006,33822,100000,100000,100000,1,1
2017-12-02,10000006,33824,2885251.48,2880000,3319998,11,8
2017-12-02,10000006,34593,26999999.88,26999999.88,26999999.88,1,1
2017-12-02,10000006,35656,188888,188888,188888,3,3
2017-12-02,10000006,35657,380000,380000,380000,1,1
2017-12-02,10000006,35661,823058.83,823058.83,823058.83,1,1
2017-12-02,10000006,40348,45000000,45000000,45000000,4,3
2017-12-02,10000006,40354,40000000,40000000,40000000,2,2
2017-12-02,10000006,40356,100000000,100000000,100000000,1,1
2017-12-02,10000006,40361,3999999.99,3999999.99,3999999.99,40,2
2017-12-02,10000006,40559,12363103.45,11400000,12870000,58,4
2017-12-02,10000006,41031,100000,100000,100000,2,1
2017-12-02,10000006,41032,133333.33,100000,200000,3,2
2017-12-02,10000006,41033,66666.66,66666.66,66666.66,5,2
2017-12-02,10000006,41155,30000,30000,30000,8,1
2017-12-02,10000006,41411,60000000,60000000,60000000,2,2
2017-12-02,10000006,41489,98990.57,98990.57,98990.57,579,8
2017-12-02,10000006,41490,2500000,2500000,2500000,120,2
2017-12-02,10000006,41491,50000000,50000000,50000000,1,1
2017-12-02,10000006,44102,3500000,3500000,3500000,2,2
2017-12-02,10000006,44992,3000000.01,3000000.01,3000000.01,796,4
2017-12-02,10000006,45632,45000000,45000000,45000000,1,1
2017-12-02,10000007,34,6,6,6,640000,2
2017-12-02,10000007,35,4.32,4.32,4.32,2786604,1
2017-12-02,10000007,36,65,65,65,3,1
2017-12-02,10000007,37,47,47,47,244222,3
2017-12-02,10000007,38,400,400,400,3522,3
2017-12-02,10000007,39,850,850,850,7912,1
2017-12-02,10000007,211,16,16,16,1200,1
2017-12-02,10000007,448,9000000.03,9000000.03,9000000.03,1,1
2017-12-02,10000007,519,1395000,1395000,1395000,3,1
2017-12-02,10000007,527,2250000,2250000,2250000,1,1
2017-12-02,10000007,584,590000,590000,590000,1,1
2017-12-02,10000007,605,900000,900000,900000,1,1
2017-12-02,10000007,626,9900000,9900000,9900000,3,1
2017-12-02,10000007,649,2000000,2000000,2000000,1,1
2017-12-02,10000007,657,2500000,2500000,2500000,1,1
2017-12-02,10000007,1319,659375,625000,900000,8,6
2017-12-02,10000007,1405,884375,635000,2000000,16,8
2017-12-02,10000007,2183,28000,28000,28000,5,1
2017-12-02,10000007,2195,1400000,1400000,1400000,5,1
2017-12-02,10000007,2254,800000,800000,800000,1,1
2017-12-02,10000007,2281,3100000,3100000,3100000,2,1
2017-12-02,10000007,2333,1400000,1400000,1400000,1,1
2017-12-02,10000007,2404,1000000,1000000,1000000,7,2
2017-12-02,10000007,2454,8000,8000,8000,5,1
2017-12-02,10000007,2488,650000,650000,650000,5,1
2017-12-02,10000007,2524,793333.33,780000,800000,3,2
2017-12-02,10000007,2525,800000,800000,800000,1,1
2017-12-02,10000007,2534,800000,800000,800000,1,1
2017-12-02,10000007,2549,780000,780000,780000,1,1
2017-12-02,10000007,2551,1000000,1000000,1000000,1,1
2017-12-02,10000007,2605,444000,380000,540000,5,4
2017-12-02,10000007,2679,599.99,599.99,599.99,20000,1
2017-12-02,10000007,2869,2800000,2800000,2800000,12,1
2017-12-02,10000007,2998,70000000,70000000,70000000,1,1
2017-12-02,10000007,3244,1800000,1800000,1800000,2,2
2017-12-02,10000007,3440,340000,340000,340000,1,1
2017-12-02,10000007,3504,4000000,4000000,4000000,3,1
2017-12-02,10000007,3831,850000,850000,850000,3,3
2017-12-02,10000007,3888,2000000,2000000,2000000,1,1
2017-12-02,10000007,3898,18375000,18000000,18500000,4,4
2017-12-02,10000007,4246,18000,18000,18000,7382,1
2017-12-02,10000007,4254,1207678,1207678,1207678,2,2
2017-12-02,10000007,4256,5750000,5750000,5750000,3,3
2017-12-02,10000007,4310,75000000,75000000,75000000,1,1
2017-12-02,10000007,4405,1800000,1800000,1800000,3,1
2017-12-02,10000007,5302,150000,150000,150000,6,6
2017-12-02,10000007,5439,23500,23500,23500,1,1
2017-12-02,10000007,5973,522500,510000,525000,6,6
2017-12-02,10000007,8117,105000,105000,105000,19,7
2017-12-02,10000007,8517,3455000,3454999.99,3455000,3,3
2017-12-02,10000007,9943,14000000,14000000,14000000,1,1
2017-12-02,10000007,10190,1900000,1900000,1900000,3,1
2017-12-02,10000007,10246,8000,8000,8000,25,1
2017-12-02,10000007,10998,200000,200000,200000,1,1
2017-12-02,10000007,11084,1000000,1000000,1000000,1,1
2017-12-02,10000007,11184,34000000,34000000,34000000,1,1
2017-12-02,10000007,11196,39480000,39480000,39480000,1,1
2017-12-02,10000007,11198,42315000,42315000,42315000,1,1
2017-12-02,10000007,11370,2400000,2300000,2500000,2,2
2017-12-02,10000007,11563,240000,240000,240000,1,1
2017-12-02,10000007,11577,4500000,4500000,4500000,1,1
2017-12-02,10000007,11578,6950000,6949999.99,6950000,5,5
2017-12-02,10000007,11640,950000,950000,950000,3,1
2017-12-02,10000007,12032,41800000,41800000,41800000,2,2
2017-12-02,10000007,12038,44770000,44770000,44770000,3,3
2017-12-02,10000007,12068,5350000,5350000,5350000,4,4
2017-12-02,10000007,12076,4218750,4000000,4250000,16,2
2017-12-02,10000007,12084,6000000,6000000,6000000,5,2
2017-12-02,10000007,12775,558,558,558,2000,1
2017-12-02,10000007,13209,56375000,56375000,56375000,1,1
2017-12-02,10000007,13261,45000000.01,45000000.01,45000000.01,4,1
2017-12-02,10000007,15463,2914888.89,2914000,2915000,9,3
2017-12-02,10000007,16273,99.99,99.99,99.99,10075,14
2017-12-02,10000007,16274,805,805,805,115097,32
2017-12-02,10000007,17482,2000000,2000000,2000000,2,1
2017-12-02,10000007,17738,543000000,543000000,543000000,1,1
2017-12-02,10000007,17888,745,745,745,10000,1
2017-12-02,10000007,17889,869,869,869,30000,3
2017-12-02,10000007,19208,158700000.01,158700000.01,158700000.01,1,1
2017-12-02,10000007,19739,3500000,3500000,3500000,5,1
2017-12-02,10000007,19814,50000,50000,50000,3,3
2017-12-02,10000007,20306,70,70,70,50000,1
2017-12-02,10000007,21096,2690625.34,1920000,3500000.78,16,9
2017-12-02,10000007,21894,1350,1350,1350,3000,2
2017-12-02,10000007,21898,800,800,800,500,1
2017-12-02,10000007,21902,1400,1400,1400,1000,1
2017-12-02,10000007,21918,1100,1100,1100,1912,1
2017-12-02,10000007,22229,5500000,5500000,5500000,4,1
2017-12-02,10000007,22291,1225000,1000000,1250000,10,6
2017-12-02,10000007,22456,73500000,73500000,73500000,1,1
2017-12-02,10000007,22778,168000,168000,168000,26,1
2017-12-02,10000007,23527,325000,325000,325000,1,1
2017-12-02,10000007,23707,24000,24000,24000,10,1
2017-12-02,10000007,24348,350000,350000,350000,4,1
2017-12-02,10000007,24427,1490000,1490000,1490000,1,1
2017-12-02,10000007,24438,1500000,1500000,1500000,1,1
2017-12-02,10000007,24443,1500000,1500000,1500000,1,1
2017-12-02,10000007,24492,999.99,999.99,999.99,4000,1
2017-12-02,10000007,24533,850,850,850,34000,1
2017-12-02,10000007,24698,49500000,49500000,49500000,1,1
2017-12-02,10000007,25861,101937.5,99999.99,120000,16,3
2017-12-02,10000007,27339,2903,2903,2903,7238,7
2017-12-02,10000007,27345,2577,2577,2577,6405,12
2017-12-02,10000007,27351,2443,2443,2443,2200,3
2017-12-02,10000007,27359,2785,2785,2785,2500,2
2017-12-02,10000007,27914,2025335,2025335,2025335,7,2
2017-12-02,10000007,27920,1295000,1295000,1295000,29,4
2017-12-02,10000007,28576,1000000,1000000,1000000,2,1
2017-12-02,10000007,28578,990000,990000,990000,5,1
2017-12-02,10000007,28646,5160000,5160000,5160000,1,1
2017-12-02,10000007,28668,29250,29250,29250,265,6
2017-12-02,10000007,28999,50000,50000,50000,1,1
2017-12-02,10000007,29015,10950,10950,10950,8,8
2017-12-02,10000007,30544,8000000,8000000,8000000,1,1
2017-12-02,10000007,30548,8000000,8000000,8000000,1,1
2017-12-02,10000007,30549,8000000,8000000,8000000,1,1
2017-12-02,10000007,30552,8000000,8000000,8000000,1,1
2017-12-02,10000007,31119,1800000,1800000,1800000,3,1
2017-12-02,10000007,31177,270000,270000,270000,3,3
2017-12-02,10000007,31358,750000,750000,750000,5,5
2017-12-02,10000007,31586,678000,678000,678000,2,2
2017-12-02,10000007,31620,445000,445000,445000,3,3
2017-12-02,10000007,31892,4000000,4000000,4000000,5,1
2017-12-02,10000007,31936,10320000,10320000,10320000,3,3
2017-12-02,10000007,32006,135000,135000,135000,111,7
2017-12-02,10000007,32014,274999.99,274999.99,274999.99,100,1
2017-12-02,10000007,32787,35000,35000,35000,10,1
2017-12-02,10000007,33474,2500000,2500000,2500000,2,2
2017-12-02,10000007,33475,11000000,11000000,11000000,3,1
2017-12-02,10000007,35657,132000,132000,132000,1,1
2017-12-02,10000007,35659,800000,800000,800000,1,1
2017-12-02,10000007,36910,8275000,8275000,8275000,2,1
2017-12-02,10000007,40559,11615384.62,11500000,12000000,13,2
2017-12-02,10000007,41489,740740.59,399999,800000,27,2
2017-12-02,10000007,41490,985000,985000,985000,11,2
2017-12-02,10000007,45626,60000000,60000000,60000000,1,1
2017-12-02,10000008,34,4,4,4,163479,1
2017-12-02,10000008,36,25,25,55,247079,3
2017-12-02,10000008,37,53.99,53.99,53.99,15317584,2
2017-12-02,10000008,38,300,300,300,25642,2
2017-12-02,10000008,39,1149.99,1149.99,1149.99,283215,3
2017-12-02,10000008,40,1000,1000,1000,905,1
2017-12-02,10000008,394,1000000,1000000,1000000,2,1
2017-12-02,10000008,448,1416749.99,1333500.97,1499999,2,2
2017-12-02,10000008,527,1199999.95,1199999.95,1199999.95,3,1
2017-12-02,10000008,631,5000000,5000000,5000000,1,1
2017-12-02,10000008,657,1500000,1500000,1500000,1,1
2017-12-02,10000008,1335,330000,330000,330000,1,1
2017-12-02,10000008,1447,750000,750000,750000,2,1
2017-12-02,10000008,1877,1200000,1200000,1200000,6,1
2017-12-02,10000008,1944,2500000,2500000,2500000,1,1
2017-12-02,10000008,2048,596285.71,581428.57,600000,5,5
2017-12-02,10000008,2183,30000,30000,30000,5,1
2017-12-02,10000008,2185,2000000,2000000,2000000,4,3
2017-12-02,10000008,2205,450000,450000,450000,13,3
2017-12-02,10000008,2281,3250000,3250000,3250000,2,1
2017-12-02,10000008,2454,19800,19000,20000,5,2
2017-12-02,10000008,2478,2200000,2200000,2200000,8,4
2017-12-02,10000008,2506,350,350,350,2000,2
2017-12-02,10000008,2508,480,480,480,6323,2
2017-12-02,10000008,2510,350,350,350,1000,1
2017-12-02,10000008,2525,1500000,1500000,1500000,1,1
2017-12-02,10000008,2547,1000000,1000000,1000000,1,1
2017-12-02,10000008,2549,1000000,1000000,1000000,1,1
2017-12-02,10000008,2553,1200000,1200000,1200000,1,1
2017-12-02,10000008,2605,399999,399999,399999,4,1
2017-12-02,10000008,2913,1900000,1900000,1900000,4,1
2017-12-02,10000008,3082,2500000,2500000,2500000,3,1
2017-12-02,10000008,3178,950000,950000,950000,6,1
2017-12-02,10000008,3244,1399999,1399999,1399999,1,1
2017-12-02,10000008,3256,10000000,10000000,10000000,1,1
2017-12-02,10000008,3324,125000,125000,125000,2,2
2017-12-02,10000008,3326,400000,400000,400000,1,1
2017-12-02,10000008,3427,125000,125000,125000,1,1
2017-12-02,10000008,3456,12000000,12000000,12000000,2,2
2017-12-02,10000008,3598,1300000,1300000,1300000,2,1
2017-12-02,10000008,3831,750000,750000,750000,3,2
2017-12-02,10000008,4027,110000,110000,110000,2,1
2017-12-02,10000008,4385,5400000,5400000,5400000,1,1
2017-12-02,10000008,5443,120000,120000,120000,2,1
2017-12-02,10000008,5533,28000,28000,28000,3,1
2017-12-02,10000008,5973,420000,420000,420000,2,1
2017-12-02,10000008,6001,3000000,3000000,3000000,2,2
2017-12-02,10000008,8117,180000,180000,180000,7,3
2017-12-02,10000008,8517,3700000,3700000,3700000,3,2
2017-12-02,10000008,10190,1200000,1200000,1200000,3,3
2017-12-02,10000008,10246,5352.94,5352.94,5352.94,16,3
2017-12-02,10000008,11134,10000,10000,10000,2,2
2017-12-02,10000008,11370,2000000,2000000,2000000,1,1
2017-12-02,10000008,11377,27000000,27000000,27000000,1,1
2017-12-02,10000008,11387,27000000,27000000,27000000,1,1
2017-12-02,10000008,11577,6000000,6000000,6000000,2,1
2017-12-02,10000008,11578,5666666,5000000,5999999,3,3
2017-12-02,10000008,12038,28000000,28000000,28000000,1,1
2017-12-02,10000008,12487,3600000,3600000,3600000,1,1
2017-12-02,10000008,12612,55,55,55,11400,3
2017-12-02,10000008,12773,160,160,160,3000,1
2017-12-02,10000008,15479,5200000,5200000,5200000,3,1
2017-12-02,10000008,15891,125000000,125000000,125000000,1,1
2017-12-02,10000008,16069,125000,125000,125000,1,1
2017-12-02,10000008,16273,78.5,57,100,2000,2
2017-12-02,10000008,17559,65000000,65000000,65000000,1,1
2017-12-02,10000008,17843,80000000,80000000,80000000,1,1
2017-12-02,10000008,19814,40000,40000,40000,2,2
2017-12-02,10000008,22229,4800000,4800000,4800000,2,1
2017-12-02,10000008,22291,2200000,2200000,2200000,7,4
2017-12-02,10000008,22456,72000000,72000000,72000000,2,1
2017-12-02,10000008,22782,1500000,1500000,1500000,2,1
2017-12-02,10000008,23527,350000,350000,350000,2,1
2017-12-02,10000008,23719,50000,50000,50000,4,2
2017-12-02,10000008,24348,1800000,1800000,1800000,2,1
2017-12-02,10000008,24443,1600000,1600000,1600000,1,1
2017-12-02,10000008,24486,125,125,125,5000,1
2017-12-02,10000008,24698,45000000,45000000,45000000,1,1
2017-12-02,10000008,25715,1100000,1100000,1100000,6,1
2017-12-02,10000008,26929,999999,999999,999999,1,1
2017-12-02,10000008,27419,1300,1300,1300,5000,1
2017-12-02,10000008,27914,1750000,1750000,1750000,1,1
2017-12-02,10000008,27916,1200000,1200000,1200000,5,1
2017-12-02,10000008,27920,1200000,1200000,1200000,3,1
2017-12-02,10000008,28576,1250000,1250000,1250000,5,1
2017-12-02,10000008,28578,1250000,1250000,1250000,3,1
2017-12-02,10000008,28646,5999999,5999999,5999999,2,1
2017-12-02,10000008,28668,27000,27000,27000,791,4
2017-12-02,10000008,30836,2000000,2000000,2000000,1,1
2017-12-02,10000008,31063,420000,420000,420000,1,1
2017-12-02,10000008,31117,1000000,1000000,1000000,3,1
2017-12-02,10000008,31322,220000,220000,220000,1,1
2017-12-02,10000008,31358,1999999,1999999,1999999,1,1
2017-12-02,10000008,31360,3000000,3000000,3000000,1,1
2017-12-02,10000008,31586,360000,360000,360000,2,2
2017-12-02,10000008,31620,350000,350000,350000,3,3
2017-12-02,10000008,31790,2200000,2200000,2200000,6,2
2017-12-02,10000008,31892,2910714.29,2750000,3000000,14,6
2017-12-02,10000008,31932,55000000,55000000,55000000,3,1
2017-12-02,10000008,32006,137995.14,133985.43,140000,12,2
2017-12-02,10000008,32787,255000,255000,255000,2,1
2017-12-02,10000008,32819,3000000,3000000,3000000,2,2
2017-12-02,10000008,33076,599999.98,599999.98,599999.98,1,1
2017-12-02,10000008,33475,11000000,11000000,11000000,1,1
2017-12-02,10000008,33890,1499999,1499999,1499999,4,2
2017-12-02,10000008,35660,18250,11500,25000,2,2
2017-12-02,10000008,35685,1200000,1200000,1200000,1,1
2017-12-02,10000008,40334,20000,20000,20000,1,1
2017-12-02,10000008,44992,1410060.01,1410051,1410065,6385,6
2017-12-02,10000009,35,3.27,3.27,3.27,3155004,1
2017-12-02,10000009,36,40,40,40,532307,4
2017-12-02,10000009,37,30,30,30,3499112,2
2017-12-02,10000009,38,170,170,170,16671,1
2017-12-02,10000009,40,1100,1100,1100,3000,1
2017-12-02,10000009,205,161,161,161,12460,3
2017-12-02,10000009,206,20,20,20,20000,1
2017-12-02,10000009,246,3000,3000,3000,4,1
2017-12-02,10000009,263,10000,10000,10000,90,1
2017-12-02,10000009,440,4500000,4500000,4500000,1,1
2017-12-02,10000009,447,200000,200000,200000,1,1
2017-12-02,10000009,448,2019962.02,1800000,2199905,5,3
2017-12-02,10000009,519,1250000,1250000,1250000,1,1
2017-12-02,10000009,527,1110000,1049999.99,1200000,5,4
2017-12-02,10000009,586,589999.98,589999.98,589999.98,1,1
2017-12-02,10000009,589,1000000,1000000,1000000,1,1
2017-12-02,10000009,620,10000000,10000000,10000000,1,1
2017-12-02,10000009,632,3999999,3999999,3999999,2,1
2017-12-02,10000009,634,10000000,5000000,15000000,2,2
2017-12-02,10000009,648,2700000,2700000,2700000,3,3
2017-12-02,10000009,654,2000000,2000000,2000000,1,1
2017-12-02,10000009,655,1700000,1699999.99,1700000,4,2
2017-12-02,10000009,657,3266666.67,3000000,3800000,3,3
2017-12-02,10000009,1236,620000,620000,620000,1,1
2017-12-02,10000009,1248,1500000.08,1500000.08,1500000.08,1,1
2017-12-02,10000009,1306,245249.98,499.99,489999.98,6,4
2017-12-02,10000009,1317,498999.88,498999.88,498999.88,7,2
2017-12-02,10000009,1319,882075.47,725000,999999.99,53,20
2017-12-02,10000009,1355,750000,750000,750000,1,1
2017-12-02,10000009,1405,811721.83,774878.88,980000.08,33,12
2017-12-02,10000009,1447,940000,940000,940000,2,1
2017-12-02,10000009,1541,1199500,1199500,1199500,1,1
2017-12-02,10000009,1877,1699800,1699750,1700000,5,2
2017-12-02,10000009,1999,1431332.84,1431332.84,1431332.84,5,2
2017-12-02,10000009,2024,1499999.99,1499999.99,1499999.99,1,1
2017-12-02,10000009,2026,140000000,140000000,140000000,1,1
2017-12-02,10000009,2027,210000000,210000000,210000000,1,1
2017-12-02,10000009,2032,649999.56,500000,799999,9,5
2017-12-02,10000009,2038,1500000,1500000,1500000,3,2
2017-12-02,10000009,2048,746117.07,626866.63,924999.54,5,5
2017-12-02,10000009,2175,1450000,1450000,1450000,10,2
2017-12-02,10000009,2185,1080649.34,925000,1142909.08,7,2
2017-12-02,10000009,2195,2251072,2251072,2251072,1,1
2017-12-02,10000009,2205,351.41,351.41,351.41,5,1
2017-12-02,10000009,2254,1500000,1500000,1500000,1,1
2017-12-02,10000009,2281,3000000,3000000,3000000,1,1
2017-12-02,10000009,2297,2299999.5,2299999.5,2299999.5,2,1
2017-12-02,10000009,2299,2499999.33,1500000,2999999,3,3
2017-12-02,10000009,2301,2599998.96,2599998.96,2599998.96,1,1
2017-12-02,10000009,2303,1999999.98,1999999.98,1999999.98,1,1
2017-12-02,10000009,2456,505000,505000,505000,6,2
2017-12-02,10000009,2476,40000,40000,40000,10,1
2017-12-02,10000009,2478,1773863.69,12500.65,1949999.99,44,10
2017-12-02,10000009,2486,11000,11000,11000,5,1
2017-12-02,10000009,2488,490000,490000,490000,144,12
2017-12-02,10000009,2524,3200000,500000,5000000,5,2
2017-12-02,10000009,2525,190000,190000,190000,1,1
2017-12-02,10000009,2534,5000000,5000000,5000000,2,1
2017-12-02,10000009,2550,549000,549000,549000,1,1
2017-12-02,10000009,2605,414200,382500,541000,5,4
2017-12-02,10000009,2629,800.09,800.09,800.09,13000,2
2017-12-02,10000009,2679,300,300,300,2000,1
2017-12-02,10000009,2881,650000.08,650000.08,650000.08,2,1
2017-12-02,10000009,3074,1250000,1250000,1250000,3,1
2017-12-02,10000009,3082,2799750,2799750,2799750,2,1
2017-12-02,10000009,3244,1716666.67,1600000,1950000,6,5
2017-12-02,10000009,3265,7500000,7500000,7500000,1,1
2017-12-02,10000009,3328,1540000.24,1540000.24,1540000.24,1,1
2017-12-02,10000009,3340,2150000.24,2150000.24,2150000.24,1,1
2017-12-02,10000009,3405,100000,100000,100000,1,1
2017-12-02,10000009,3433,100000,100000,100000,1,1
2017-12-02,10000009,3530,2450000,2450000,2450000,2,1
2017-12-02,10000009,3578,2200000.08,2200000.08,2200000.08,1,1
2017-12-02,10000009,3831,1299999,1299999,1299999,2,1
2017-12-02,10000009,3841,1525000,1500000,1600000,4,3
2017-12-02,10000009,3888,1299998.97,1299998.97,1299998.97,3,2
2017-12-02,10000009,3898,17061224,17061224,17061224,1,1
2017-12-02,10000009,4246,22000,22000,22000,13310,3
2017-12-02,10000009,4247,22000,22000,22000,14000,1
2017-12-02,10000009,4250,3000000,3000000,3000000,4,1
2017-12-02,10000009,4308,61999998.82,61999998.82,61999998.82,1,1
2017-12-02,10000009,4383,1800000,1800000,1800000,6,2
2017-12-02,10000009,4403,550124.99,550124.99,550124.99,1,1
2017-12-02,10000009,4405,1999999.13,1999999,2000000,8,5
2017-12-02,10000009,4871,500000,500000,500000,1,1
2017-12-02,10000009,5320,35000,35000,35000,1,1
2017-12-02,10000009,5405,1000000,1000000,1000000,1,1
2017-12-02,10000009,5971,250000,250000,250000,3,2
2017-12-02,10000009,5973,499998.91,499998.91,499998.91,1,1
2017-12-02,10000009,5975,124625,124500,124750,2,2
2017-12-02,10000009,6005,3952,3952,3952,1,1
2017-12-02,10000009,8089,9541.32,9541.32,9541.32,2,1
2017-12-02,10000009,8517,3000000,3000000,3000000,1,1
2017-12-02,10000009,9899,10999999.5,10999999,11000000,2,2
2017-12-02,10000009,9941,11032677.55,11032677.55,11032677.55,1,1
2017-12-02,10000009,9942,11316732,11000000,11633464,2,2
2017-12-02,10000009,9943,10999990,10999990,10999990,1,1
2017-12-02,10000009,10212,21999998.97,21999998.97,21999998.97,1,1
2017-12-02,10000009,10216,25000000,25000000,25000000,1,1
2017-12-02,10000009,10850,1000000.08,1000000.08,1000000.08,1,1
2017-12-02,10000009,10858,1750000,1750000,1750000,1,1
2017-12-02,10000009,11084,3000000,3000000,3000000,1,1
2017-12-02,10000009,11178,40499998.75,38000000,42999997.5,4,4
2017-12-02,10000009,11184,42500000,42500000,42500000,1,1
2017-12-02,10000009,11186,43058332.33,39000000,43174997,6,5
2017-12-02,10000009,11196,28000000,28000000,28000000,1,1
2017-12-02,10000009,11198,47000000,47000000,47000000,1,1
2017-12-02,10000009,11269,899999.54,800000.08,999999,2,2
2017-12-02,10000009,11309,99999,99999,99999,3,2
2017-12-02,10000009,11349,1,1,1,1,1
2017-12-02,10000009,11370,3125000,2750000,3500000,2,2
2017-12-02,10000009,11399,15.07,15.07,15.07,1646,1
2017-12-02,10000009,11577,5500000,5500000,5500000,1,1
2017-12-02,10000009,11578,7583333.33,7500000,7749999.99,3,2
2017-12-02,10000009,11640,1737499.63,1299999,2000000,8,3
2017-12-02,10000009,12034,42500000,42500000,42500000,2,2
2017-12-02,10000009,12093,9500000,9500000,9500000,1,1
2017-12-02,10000009,12625,120,120,120,2000,1
2017-12-02,10000009,12785,200,200,200,1000,1
2017-12-02,10000009,12789,150,150,150,2000,1
2017-12-02,10000009,13261,26999999.5,26999999,26999999.99,2,2
2017-12-02,10000009,14059,3500000,3500000,3500000,1,1
2017-12-02,10000009,15510,34000,34000,34000,10,1
2017-12-02,10000009,15681,129998999,129998999,129998999,1,1
2017-12-02,10000009,15729,40999982.67,40000000,42999948,3,2
2017-12-02,10000009,16236,1000000,1000000,1000000,2,2
2017-12-02,10000009,16242,670000,670000,670000,1,1
2017-12-02,10000009,16269,450000,450000,450000,24,1
2017-12-02,10000009,16272,200,200,200,1172648,2
2017-12-02,10000009,16273,70,70,70,113701,67
2017-12-02,10000009,16274,900,900,900,9000,1
2017-12-02,10000009,16275,4000,4000,5000,13273,14
2017-12-02,10000009,16441,500000.09,500000.09,500000.09,3,1
2017-12-02,10000009,16451,133333,100000,199999,3,3
2017-12-02,10000009,16477,600000,600000,600000,1,1
2017-12-02,10000009,16495,373750.05,250000,456250.09,5,3
2017-12-02,10000009,16535,2000000,2000000,2000000,1,1
2017-12-02,10000009,17476,25342342.22,25342342.22,25342342.22,1,1
2017-12-02,10000009,17480,11250.01,11250.01,11250.01,1,1
2017-12-02,10000009,17482,2661764.71,2000000,2750000,17,3
2017-12-02,10000009,17559,65000000,65000000,65000000,1,1
2017-12-02,10000009,17843,50232501.48,12990002.99,87474999.97,4,3
2017-12-02,10000009,17887,1150,1150,1150,191810,8
2017-12-02,10000009,17888,875,875,875,478075,15
2017-12-02,10000009,17889,820,820,950,462949,7
2017-12-02,10000009,17912,2900000,2900000,2900000,1,1
2017-12-02,10000009,17930,43000000,43000000,43000000,1,1
2017-12-02,10000009,18038,499000,499000,499000,2,1
2017-12-02,10000009,18807,9999999,9999999,9999999,1,1
2017-12-02,10000009,19207,248500000,248500000,248500000,1,1
2017-12-02,10000009,19286,13859999.99,13859999.99,13859999.99,2,2
2017-12-02,10000009,19739,3500000,3500000,3500000,1,1
2017-12-02,10000009,20280,79999921.81,79999921.81,79999921.81,1,1
2017-12-02,10000009,20353,2999999.97,2999999.97,2999999.97,1,1
2017-12-02,10000009,20452,74999990,74999990,74999990,3,1
2017-12-02,10000009,20743,5999.99,5999.99,5999.99,6280,1
2017-12-02,10000009,21096,67584782.61,2437500,1500000000,23,21
2017-12-02,10000009,21640,900000,900000,900000,7,1
2017-12-02,10000009,21890,45258652,45258652,45258652,1,1
2017-12-02,10000009,21896,825,825,825,1000,1
2017-12-02,10000009,21898,700.08,700.08,700.08,842,1
2017-12-02,10000009,21924,700.08,700.08,700.08,2000,1
2017-12-02,10000009,22175,500000,500000,500000,1,1
2017-12-02,10000009,22229,4000000,4000000,4000000,8,2
2017-12-02,10000009,22291,1130361.7,1000865.4,1259858,4,2
2017-12-02,10000009,22542,75000,75000,75000,40,1
2017-12-02,10000009,22546,7124648,7124648,7124648,1,1
2017-12-02,10000009,22551,47500000.24,47500000.24,47500000.24,1,1
2017-12-02,10000009,22578,2450000.24,2450000.24,2450000.24,1,1
2017-12-02,10000009,22778,161886.79,160000,165000,53,2
2017-12-02,10000009,23025,749.99,749.99,749.99,3000,1
2017-12-02,10000009,23055,3750000,3750000,3750000,20,1
2017-12-02,10000009,23061,3750000,3750000,3750000,134,7
2017-12-02,10000009,23527,544336.07,544336.07,544336.07,3,1
2017-12-02,10000009,23533,300000,300000,300000,1,1
2017-12-02,10000009,23707,34199,34199,34199,6,1
2017-12-02,10000009,24242,3550000.24,3550000.24,3550000.24,1,1
2017-12-02,10000009,24305,3800000,3800000,3800000,2,1
2017-12-02,10000009,24348,1200000,1200000,1200000,2,1
2017-12-02,10000009,24427,1713636.09,1650000,1999999,11,7
2017-12-02,10000009,24438,1800000,1500000,2400000,3,2
2017-12-02,10000009,24483,1000000000,1000000000,1000000000,1,1
2017-12-02,10000009,24490,300,300,300,5000,1
2017-12-02,10000009,24492,254,254,254,1000,1
2017-12-02,10000009,24513,555,555,555,33170,4
2017-12-02,10000009,24531,500,500,500,9520,2
2017-12-02,10000009,24533,700,700,700,9700,5
2017-12-02,10000009,24558,2000000,2000000,2000000,2,1
2017-12-02,10000009,24698,27500000,25000000,30000000,2,2
2017-12-02,10000009,25715,2000000,2000000,2000000,2,1
2017-12-02,10000009,25810,2450000.01,2450000.01,2450000.01,1,1
2017-12-02,10000009,25861,314285.71,314285.71,314285.71,1,1
2017-12-02,10000009,26076,1499999,1499999,1499999,1,1
2017-12-02,10000009,26088,9999999,9999999,9999999,2,1
2017-12-02,10000009,26929,314998.71,314998.71,314998.71,1,1
2017-12-02,10000009,26931,6000000.08,6000000.08,6000000.08,1,1
2017-12-02,10000009,27127,900000,900000,900000,1,1
2017-12-02,10000009,27345,3499,3499,3499,100,1
2017-12-02,10000009,27401,1600,1600,1600,1000,1
2017-12-02,10000009,27405,1500,1500,1500,1000,1
2017-12-02,10000009,27413,1400,1400,1400,21000,2
2017-12-02,10000009,27419,1600.09,1600.09,1600.09,1000,1
2017-12-02,10000009,27429,2500.08,2500.08,2500.08,12416,3
2017-12-02,10000009,28215,1400000,1400000,1400000,10,1
2017-12-02,10000009,28576,1804999.67,859999,2750000,6,3
2017-12-02,10000009,28578,800000,800000,800000,3,1
2017-12-02,10000009,28606,775000000,775000000,775000000,1,1
2017-12-02,10000009,28646,6000000,6000000,6000000,4,3
2017-12-02,10000009,28668,22000,22000,22000,10703,6
2017-12-02,10000009,28999,26749.5,18999,50000,8,4
2017-12-02,10000009,29001,32285.43,18999.5,50000,7,4
2017-12-02,10000009,29009,100000,100000,100000,6,1
2017-12-02,10000009,29011,100000,100000,100000,1,1
2017-12-02,10000009,30486,12010.53,12010.53,12010.53,16,1
2017-12-02,10000009,30836,33264,33264,33264,4,1
2017-12-02,10000009,30993,49999998.95,49999998.95,49999998.95,2,1
2017-12-02,10000009,31009,750000,750000,750000,3,2
2017-12-02,10000009,31055,2299999,2299999,2299999,3,1
2017-12-02,10000009,31155,2600000,2600000,2600000,6,2
2017-12-02,10000009,31159,700123.08,699946.99,700181.77,8,3
2017-12-02,10000009,31161,2000000,2000000,2000000,4,3
2017-12-02,10000009,31177,575000,575000,575000,1,1
2017-12-02,10000009,31183,5047677.87,5047677.87,5047677.87,1,1
2017-12-02,10000009,31201,1199999,1199999,1199999,1,1
2017-12-02,10000009,31213,420000,420000,420000,4,2
2017-12-02,10000009,31280,10000000.08,10000000.08,10000000.08,1,1
2017-12-02,10000009,31358,1200000,1200000,1200000,3,1
2017-12-02,10000009,31360,4500000.07,4500000.07,4500000.07,1,1
2017-12-02,10000009,31364,7000000.08,7000000.08,7000000.08,3,2
2017-12-02,10000009,31372,2500000.08,2500000.08,2500000.08,2,1
2017-12-02,10000009,31600,2500000,2500000,2500000,1,1
2017-12-02,10000009,31718,650000,650000,650000,1,1
2017-12-02,10000009,31730,516666,516666,516666,1,1
2017-12-02,10000009,31742,299999.99,299999.99,299999.99,1,1
2017-12-02,10000009,31790,2499998.7,2499998.7,2499998.7,2,1
2017-12-02,10000009,31792,42999999.55,42999999.55,42999999.55,1,1
2017-12-02,10000009,31892,3349999.32,3299998.86,3400000,20,5
2017-12-02,10000009,31894,3499995,3499995,3499995,2,1
2017-12-02,10000009,31900,62999999,62999999,62999999,1,1
2017-12-02,10000009,31928,23000000.08,23000000.08,23000000.08,1,1
2017-12-02,10000009,31998,100000,100000,100000,30,1
2017-12-02,10000009,32006,199999.99,199999.99,199999.99,36,2
2017-12-02,10000009,32342,2500000,2500000,2500000,116,2
2017-12-02,10000009,32458,630000000,630000000,630000000,1,1
2017-12-02,10000009,32772,400000.01,400000.01,400000.01,1,1
2017-12-02,10000009,32780,2000000,2000000,2000000,1,1
2017-12-02,10000009,32819,1700000,1700000,1700000,1,1
2017-12-02,10000009,33076,666666,666666,666666,1,1
2017-12-02,10000009,33101,1250000,1250000,1250000,1,1
2017-12-02,10000009,33474,2202950,1890000,2289874.99,10,7
2017-12-02,10000009,33475,9942441.86,8669767.44,10000000,8,3
2017-12-02,10000009,33681,108280000,100000000,110000000,10,8
2017-12-02,10000009,33699,990000,990000,990000,1,1
2017-12-02,10000009,33816,52500.1,52500.1,52500.1,1,1
2017-12-02,10000009,33824,1400000,1400000,1400000,1,1
2017-12-02,10000009,33844,146333332,146333332,146333332,1,1
2017-12-02,10000009,34562,37966666.67,4000000.01,54950000,3,3
2017-12-02,10000009,34595,200000000,200000000,200000000,1,1
2017-12-02,10000009,35659,125434.83,50869.57,200000.09,2,2
2017-12-02,10000009,35661,600000,600000,600000,1,1
2017-12-02,10000009,35680,3950000.24,3950000.24,3950000.24,1,1
2017-12-02,10000009,35795,25000,25000,25000,1,1
2017-12-02,10000009,40361,4000000,4000000,4000000,3,1
2017-12-02,10000009,40519,438700000.02,438700000.02,438700000.02,1,1
2017-12-02,10000009,40553,9000000,9000000,9000000,10,1
2017-12-02,10000009,40554,8333333.33,8000000,9000000,12,2
2017-12-02,10000009,40559,12500000,12500000,12500000,26,4
2017-12-02,10000009,40570,27699999,27699999,27699999,6,1
2017-12-02,10000009,40572,131500000.24,131500000.24,131500000.24,1,1
2017-12-02,10000009,40659,43749437.24,43749437.24,43749437.24,1,1
2017-12-02,10000009,41238,70000000,70000000,70000000,1,1
2017-12-02,10000009,41486,27999998.99,27999998.99,27999998.99,2,1
2017-12-02,10000009,41489,9615.66,9615.66,9615.66,150,1
2017-12-02,10000009,41490,1049999.5,1049999.5,1049999.5,117,5
2017-12-02,10000009,41566,194999999,194999999,194999999,1,1
2017-12-02,10000009,42829,900,900,900,5000,1
2017-12-02,10000009,42830,900,900,900,5000,1
2017-12-02,10000009,46156,40000000,40000000,40000000,1,1
2017-12-02,10000010,34,5.03,5.03,5.03,140165577,21
2017-12-02,10000010,35,5.25,5.25,5.25,25214156,20
2017-12-02,10000010,36,66.75,66.75,66.75,9581048,21
2017-12-02,10000010,37,46.69,46.69,46.69,1559241,22
2017-12-02,10000010,38,337.21,337.21,337.21,365283,20
2017-12-02,10000010,39,1005.53,1005.53,1005.53,109622,16
2017-12-02,10000010,40,1153.19,1153.19,1153.19,42963,17
2017-12-02,10000010,209,55,55,55,5000,1
2017-12-02,10000010,434,55000,55000,55000,2,2
2017-12-02,10000010,440,3500000,3500000,3500000,1,1
2017-12-02,10000010,448,1800000,1800000,1800000,2,2
2017-12-02,10000010,605,750000,750000,750000,1,1
2017-12-02,10000010,627,9199989.55,9199989.55,9199989.55,1,1
2017-12-02,10000010,654,2000000,2000000,2000000,1,1
2017-12-02,10000010,655,1400000,1300000,1500000,2,2
2017-12-02,10000010,656,2000000,2000000,2000000,1,1
2017-12-02,10000010,1317,265000,265000,265000,5,3
2017-12-02,10000010,1319,900000,900000,900000,9,4
2017-12-02,10000010,1403,20000,20000,20000,1,1
2017-12-02,10000010,1405,1000000,1000000,1000000,1,1
2017-12-02,10000010,1952,2750000,2750000,2750000,1,1
2017-12-02,10000010,1987,500000,500000,500000,1,1
2017-12-02,10000010,2048,694999,694999,694999,1,1
2017-12-02,10000010,2185,899999.8,899999.8,899999.8,5,1
2017-12-02,10000010,2436,2577586.21,2000000,2650000,29,5
2017-12-02,10000010,2466,500000,500000,500000,6,1
2017-12-02,10000010,2488,394210.53,350000,424000,95,6
2017-12-02,10000010,2549,999999,999999,999999,1,1
2017-12-02,10000010,2553,1399999,1399999,1399999,1,1
2017-12-02,10000010,2605,380000,380000,380000,4,4
2017-12-02,10000010,3616,31000000,31000000,31000000,1,1
2017-12-02,10000010,3841,1560000,1560000,1560000,2,1
2017-12-02,10000010,4260,1999999.84,1999999.84,1999999.84,2,2
2017-12-02,10000010,4405,3126006.93,3126006.93,3126006.93,13,2
2017-12-02,10000010,5599,120000,120000,120000,1,1
2017-12-02,10000010,5971,375000,375000,375000,2,2
2017-12-02,10000010,5973,695000,695000,695000,1,1
2017-12-02,10000010,10998,999999.01,999999.01,999999.01,3,1
2017-12-02,10000010,11192,39999999,39999999,39999999,1,1
2017-12-02,10000010,11578,5499898.97,5499898.97,5499898.97,1,1
2017-12-02,10000010,12076,7000000,7000000,7000000,1,1
2017-12-02,10000010,13261,24999999,24999999,24999999,1,1
2017-12-02,10000010,16272,660,550,680,399000,7
2017-12-02,10000010,16273,125,91.5,150,26650,41
2017-12-02,10000010,16274,948.9,948.9,948.9,373000,12
2017-12-02,10000010,16275,4500,4500,4500,101500,2
2017-12-02,10000010,16278,2156398.57,2156398.57,2156398.57,2,1
2017-12-02,10000010,16649,7764.02,7764.02,7764.02,60736,1
2017-12-02,10000010,17366,1000000,1000000,1000000,2,1
2017-12-02,10000010,17887,975,975,975,461250,10
2017-12-02,10000010,17888,823,823,823,100000,1
2017-12-02,10000010,17889,860,860,860,57037,2
2017-12-02,10000010,18624,800000,800000,800000,4,1
2017-12-02,10000010,20703,75000000,75000000,75000000,1,1
2017-12-02,10000010,21096,1881250,1800000,2000000,16,13
2017-12-02,10000010,22229,4984799.78,4984799.78,4984799.78,2,1
2017-12-02,10000010,22778,142601.43,142601.43,142601.43,50,1
2017-12-02,10000010,23059,4282220.44,4249999.99,4394992,9,2
2017-12-02,10000010,23061,4621621.62,3500000,5500000,37,3
2017-12-02,10000010,23705,47500,45000,50000,10,2
2017-12-02,10000010,23707,7500,7500,7500,5,1
2017-12-02,10000010,24427,1529438.66,1529438.66,1529438.66,2,1
2017-12-02,10000010,27343,250,250,250,1,1
2017-12-02,10000010,28578,959999.03,959999.03,959999.03,6,2
2017-12-02,10000010,29001,20000,20000,20000,1,1
2017-12-02,10000010,29011,15000,15000,15000,5,1
2017-12-02,10000010,30488,800000,800000,800000,7,1
2017-12-02,10000010,31017,29999999.98,29999999.98,29999999.98,1,1
2017-12-02,10000010,31119,2200000,2200000,2200000,3,1
2017-12-02,10000010,31159,350000,350000,350000,3,3
2017-12-02,10000010,31179,1844999.94,1844999.94,1844999.94,1,1
2017-12-02,10000010,32006,100000,100000,100000,29,1
2017-12-02,10000010,32880,300000,300000,300000,3,3
2017-12-02,10000010,33474,1999999,1999999,1999999,3,1
2017-12-02,10000010,33475,9875000,9500000,10000000,4,4
2017-12-02,10000010,33591,6000000,6000000,6000000,1,1
2017-12-02,10000010,40351,160000000,160000000,160000000,1,1
2017-12-02,10000010,40357,130000000,130000000,130000000,1,1
2017-12-02,10000010,41236,55000000,55000000,55000000,1,1
2017-12-02,10000010,41411,50000000,50000000,50000000,1,1
2017-12-02,10000010,41489,40000,40000,40000,186,5
2017-12-02,10000010,41491,39999999,39999999,39999999,1,1
2017-12-02,10000010,45746,5000000,5000000,5000000,1,1
2017-12-02,10000010,45748,10000000,10000000,10000000,1,1
2017-12-02,10000010,46004,3002768,3002768,3002768,2,1
2017-12-02,10000010,46372,2200000,2200000,2200000,2,1
2017-12-02,10000011,34,4.75,4.75,4.75,6125000,1
2017-12-02,10000011,35,3.45,2,4.9,4250000,2
2017-12-02,10000011,36,66.69,66.69,66.69,378607,3
2017-12-02,10000011,37,45.45,45.45,45.45,60280,1
2017-12-02,10000011,185,20,20,20,2000,1
2017-12-02,10000011,211,75,75,75,1500,1
2017-12-02,10000011,448,1834746.73,1779998.97,1998990,4,4
2017-12-02,10000011,484,10000,10000,10000,2,2
2017-12-02,10000011,527,1299998.73,1299998.73,1299998.73,2,2
2017-12-02,10000011,594,548998,548998,548998,1,1
2017-12-02,10000011,608,500000,500000,500000,1,1
2017-12-02,10000011,627,10999998.99,10999998.99,10999998.99,2,2
2017-12-02,10000011,650,1698998,1698998,1698998,1,1
2017-12-02,10000011,652,1698998,1698998,1698998,1,1
2017-12-02,10000011,654,1575000,1575000,1575000,1,1
2017-12-02,10000011,656,1849499,1698998,2000000,2,2
2017-12-02,10000011,657,1700000,1700000,1700000,1,1
2017-12-02,10000011,1183,698996,698996,698996,2,1
2017-12-02,10000011,1248,1200000,1200000,1200000,1,1
2017-12-02,10000011,1317,479999.95,479999.95,479999.95,5,1
2017-12-02,10000011,1319,1299332,948998,1999999.99,3,3
2017-12-02,10000011,1405,1165887.33,798998,3899999.99,9,4
2017-12-02,10000011,2048,799665.97,798998,799999.96,3,3
2017-12-02,10000011,2185,1100000,1000000,1199999.99,10,2
2017-12-02,10000011,2205,597996,597996,597996,43,2
2017-12-02,10000011,2254,1000000,1000000,1000000,1,1
2017-12-02,10000011,2267,2.5,2.5,2.5,1735280,1
2017-12-02,10000011,2270,4.5,4.5,4.5,1857237,1
2017-12-02,10000011,2272,2.7,2.7,2.7,2330843,2
2017-12-02,10000011,2297,2199998.35,2199998.35,2199998.35,1,1
2017-12-02,10000011,2299,2298998,2298998,2298998,3,2
2017-12-02,10000011,2306,6.5,6.5,6.5,1608447,1
2017-12-02,10000011,2403,9000000,9000000,9000000,2,1
2017-12-02,10000011,2406,1055000,1055000,1055000,2,1
2017-12-02,10000011,2446,2497998,2497998,2497998,5,1
2017-12-02,10000011,2456,599666,598998,600000,3,2
2017-12-02,10000011,2478,3799998.69,3799998.69,3799998.69,1,1
2017-12-02,10000011,2486,9000,9000,9000,5,1
2017-12-02,10000011,2488,537873,459998,548998,8,4
2017-12-02,10000011,2495,550000,550000,550000,2,1
2017-12-02,10000011,2505,550000,550000,550000,2,1
2017-12-02,10000011,2510,999.99,999.99,999.99,500,1
2017-12-02,10000011,2524,250000,100000,300000,4,2
2017-12-02,10000011,2605,548997,548997,548997,1,1
2017-12-02,10000011,3138,2245205.48,2245205.48,2245205.48,19,4
2017-12-02,10000011,3170,897998,897998,897998,4,3
2017-12-02,10000011,3178,897996,897996,897996,2,1
2017-12-02,10000011,3193,7999999,7999999,7999999,1,1
2017-12-02,10000011,3320,10000,10000,10000,1,1
2017-12-02,10000011,3530,1899998.97,1899998.97,1899998.97,1,1
2017-12-02,10000011,3568,1397998,1397998,1397998,1,1
2017-12-02,10000011,3683,400,400,400,3360,1
2017-12-02,10000011,3841,1498998,1498998,1498998,1,1
2017-12-02,10000011,3898,19999999.99,19999999.99,19999999.99,1,1
2017-12-02,10000011,4027,666666.69,666666.69,666666.69,1,1
2017-12-02,10000011,4383,1999999,1999999,1999999,1,1
2017-12-02,10000011,4613,4000000,4000000,4000000,1,1
2017-12-02,10000011,5011,398995,398995,398995,1,1
2017-12-02,10000011,5051,248995,248995,248995,1,1
2017-12-02,10000011,5405,199999,199999,199999,1,1
2017-12-02,10000011,5439,98998,98998,98998,1,1
2017-12-02,10000011,5973,628822.52,628822.52,628822.52,1,1
2017-12-02,10000011,6437,98000,98000,98000,1,1
2017-12-02,10000011,8027,1498996,1498996,1498996,5,1
2017-12-02,10000011,9848,80000,80000,80000,180,1
2017-12-02,10000011,9899,11998998,11998998,11998998,2,2
2017-12-02,10000011,9942,11750000,11500000,12000000,2,2
2017-12-02,10000011,9943,12000000,12000000,12000000,1,1
2017-12-02,10000011,9950,4499999,4499999,4499999,1,1
2017-12-02,10000011,9956,12000000,12000000,12000000,1,1
2017-12-02,10000011,10190,1564594.6,1564594.6,1564594.6,4,2
2017-12-02,10000011,10998,249832.99,148998,249999.98,6,3
2017-12-02,10000011,11129,40000,40000,40000,2,1
2017-12-02,10000011,11132,25000,25000,25000,1,1
2017-12-02,10000011,11200,35998998,35998998,35998998,1,1
2017-12-02,10000011,11269,922375.98,897996,958945.96,5,4
2017-12-02,10000011,11287,11998,11998,11998,20,1
2017-12-02,10000011,11289,44998,44998,44998,20,1
2017-12-02,10000011,11317,730158.74,730158.74,730158.74,3,3
2017-12-02,10000011,11370,2498887.88,2498887.88,2498887.88,1,1
2017-12-02,10000011,11577,5833333.3,5833333.3,5833333.3,1,1
2017-12-02,10000011,11578,6998998,6998998,6998998,1,1
2017-12-02,10000011,12076,5999998.95,5999998.95,5999998.95,2,2
2017-12-02,10000011,12198,1998997,1998997,1998997,3,2
2017-12-02,10000011,12271,6998998,6998998,6998998,3,1
2017-12-02,10000011,12612,98,98,98,2000,1
2017-12-02,10000011,12614,34,34,34,5500,2
2017-12-02,10000011,12773,225,225,225,1500,1
2017-12-02,10000011,12777,250,250,250,1500,1
2017-12-02,10000011,12785,250,250,250,13900,5
2017-12-02,10000011,12789,150,150,150,15898,5
2017-12-02,10000011,12814,1000000,1000000,1000000,5,1
2017-12-02,10000011,12816,1920000,1920000,1920000,6,1
2017-12-02,10000011,13003,2999998.95,2999998.95,2999998.95,1,1
2017-12-02,10000011,13256,29999999,29999999,29999999,1,1
2017-12-02,10000011,13279,275000,275000,275000,2,1
2017-12-02,10000011,15331,755,755,755,71,2
2017-12-02,10000011,15479,3833333.33,3500000,4000000,3,3
2017-12-02,10000011,15891,124998998,124998998,124998998,1,1
2017-12-02,10000011,16273,199.99,199.99,199.99,5786,15
2017-12-02,10000011,16274,750,750,750,217689,3
2017-12-02,10000011,16275,5000,5000,5000,1000,1
2017-12-02,10000011,16278,2396998,2396998,2396998,2,1
2017-12-02,10000011,16467,666666.69,666666.69,666666.69,2,2
2017-12-02,10000011,16477,248998,248998,248998,4,1
2017-12-02,10000011,16636,2900,2900,2900,756,1
2017-12-02,10000011,16639,2500,2500,2500,29,1
2017-12-02,10000011,16648,8000,8000,8000,834,1
2017-12-02,10000011,17480,24998998,24998998,24998998,1,1
2017-12-02,10000011,17559,68998998,68998998,68998998,1,1
2017-12-02,10000011,17888,699.99,699.99,699.99,130000,3
2017-12-02,10000011,17889,850,850,850,20000,1
2017-12-02,10000011,17912,4866633,4599899,5000000,6,2
2017-12-02,10000011,17938,50000,50000,50000,1,1
2017-12-02,10000011,18048,72000,72000,72000,4,1
2017-12-02,10000011,19814,666666.69,666666.69,666666.69,2,2
2017-12-02,10000011,21096,2814666.16,1999999.99,2995498.99,6,5
2017-12-02,10000011,21898,600,600,600,200000,1
2017-12-02,10000011,22291,1298998,1298998,1298998,3,2
2017-12-02,10000011,22542,40000,40000,40000,5,1
2017-12-02,10000011,22778,215563.64,200000,242800,66,2
2017-12-02,10000011,23009,897,897,897,3000,1
2017-12-02,10000011,23025,999.96,999.96,999.96,10500,3
2017-12-02,10000011,23061,4200000,4200000,4200000,9,1
2017-12-02,10000011,24348,1698998,1698998,1698998,2,1
2017-12-02,10000011,24493,200,200,200,8000,1
2017-12-02,10000011,24497,20.23,20.23,20.23,500,1
2017-12-02,10000011,25589,4900,4900,4900,5,1
2017-12-02,10000011,25590,110000,110000,110000,3,1
2017-12-02,10000011,25593,8500,8500,8500,573,4
2017-12-02,10000011,25595,18000,18000,18000,486,4
2017-12-02,10000011,25597,4000,4000,4000,370,3
2017-12-02,10000011,25598,10000,10000,10000,376,4
2017-12-02,10000011,25599,1800,1800,1800,427,4
2017-12-02,10000011,25600,25000,25000,25000,481,4
2017-12-02,10000011,25601,5500,5500,5500,506,4
2017-12-02,10000011,25602,15000,15000,15000,545,4
2017-12-02,10000011,25612,750000,750000,750000,69,2
2017-12-02,10000011,25614,520000,520000,520000,106,3
2017-12-02,10000011,25616,19000,19000,19000,89,4
2017-12-02,10000011,25617,350000,350000,350000,30,1
2017-12-02,10000011,25618,15000,15000,15000,47,3
2017-12-02,10000011,25619,513265.31,500000,525000,49,2
2017-12-02,10000011,25620,45000,45000,45000,32,3
2017-12-02,10000011,25621,850000,850000,850000,35,2
2017-12-02,10000011,25861,198998,198998,198998,2,1
2017-12-02,10000011,27127,1789999.89,1599999.77,1980000,2,2
2017-12-02,10000011,27345,3000,3000,3000,1000,1
2017-12-02,10000011,27351,325,325,325,2000,1
2017-12-02,10000011,28576,1298998,1298998,1298998,1,1
2017-12-02,10000011,28578,3750000,3750000,3750000,2,1
2017-12-02,10000011,28668,29999.99,29999.99,29999.99,180,2
2017-12-02,10000011,31011,2500000,2500000,2500000,2,2
2017-12-02,10000011,31045,548997.97,548997.97,548997.97,2,1
2017-12-02,10000011,31047,2500000,2500000,2500000,1,1
2017-12-02,10000011,31053,36998998,36998998,36998998,1,1
2017-12-02,10000011,31055,2300000,2300000,2300000,7,4
2017-12-02,10000011,31063,548997.98,548997.98,548997.98,1,1
2017-12-02,10000011,31071,36998998,36998998,36998998,1,1
2017-12-02,10000011,31165,5998998,5998998,5998998,2,1
2017-12-02,10000011,31171,5498998,5498998,5498998,1,1
2017-12-02,10000011,31754,598998,598998,598998,2,2
2017-12-02,10000011,31790,2298998,2298998,2298998,4,3
2017-12-02,10000011,32006,198998,198998,198998,106,6
2017-12-02,10000011,32819,1298998,1298998,1298998,1,1
2017-12-02,10000011,33101,897998,897998,897998,1,1
2017-12-02,10000011,33103,2900000,2900000,2900000,1,1
2017-12-02,10000011,34201,200000,200000,200000,1,1
2017-12-02,10000011,34204,200000.04,200000.04,200000.04,3,1
2017-12-02,10000011,34205,100000,100000,100000,1,1
2017-12-02,10000011,34206,143869,143869,143869,1,1
2017-12-02,10000011,35659,198000,198000,198000,1,1
2017-12-02,10000011,35661,648998,648998,648998,1,1
2017-12-02,10000011,36910,9000000,9000000,9000000,1,1
2017-12-02,10000011,40361,2872629.77,2872629.77,2872629.77,26,2
2017-12-02,10000011,41490,1250000,1250000,1250000,100,1
2017-12-02,10000011,42829,3200.01,3200.01,3200.01,1000,1
2017-12-02,10000011,42830,3200,3200,3200,1000,1
2017-12-02,10000011,46355,248998,248998,248998,2,1
2017-12-02,10000011,46367,450000,450000,450000,4,2
2017-12-02,10000011,46369,315998.67,248998,450000,6,3
2017-12-02,10000012,20,1438.49,1438.49,1438.49,152008,24
2017-12-02,10000012,34,6,6,6,700003,4
2017-12-02,10000012,36,78,78,78,90000,1
2017-12-02,10000012,39,1999.01,1999.01,1999.01,5000,1
2017-12-02,10000012,185,99.75,99.75,99.75,2000,1
2017-12-02,10000012,198,200,200,200,3000,1
2017-12-02,10000012,199,274,250,297.99,6000,2
2017-12-02,10000012,200,200.99,200.99,200.99,3000,1
2017-12-02,10000012,201,200.99,200.99,200.99,3000,1
2017-12-02,10000012,203,400,400,400,12200,3
2017-12-02,10000012,209,107.99,107.99,107.99,21000,3
2017-12-02,10000012,210,64.86,64.86,64.86,1681,2
2017-12-02,10000012,211,59.44,59.44,59.44,3000,1
2017-12-02,10000012,212,74.93,74.93,74.93,887,3
2017-12-02,10000012,222,140,140,140,14060,5
2017-12-02,10000012,226,150,150,150,2000,1
2017-12-02,10000012,230,85,85,85,1000,1
2017-12-02,10000012,264,500,500,500,70,2
2017-12-02,10000012,377,199999.98,199999.98,199999.98,1,1
2017-12-02,10000012,380,965443.77,818106.37,990000,21,5
2017-12-02,10000012,400,954879.8,700000,1209759.6,2,2
2017-12-02,10000012,438,3800000,3800000,3800000,2,2
2017-12-02,10000012,439,9999.98,9999.98,9999.98,1,1
2017-12-02,10000012,440,5990000,5990000,5990000,2,2
2017-12-02,10000012,448,2527543.69,1970000,2898444.15,10,10
2017-12-02,10000012,488,200000,200000,200000,7,2
2017-12-02,10000012,519,1566974.69,1358655.12,1790000,15,8
2017-12-02,10000012,527,1675031.52,1450000.1,2476666,19,4
2017-12-02,10000012,583,1499999.98,1499999.98,1499999.98,1,1
2017-12-02,10000012,584,1583333.33,1500000,2000000,6,4
2017-12-02,10000012,585,750000,749999.99,750000,2,2
2017-12-02,10000012,586,1649999.75,1500000,1999999,4,4
2017-12-02,10000012,593,1244345.67,1111111,1261000,9,9
2017-12-02,10000012,598,2000000,2000000,2000000,1,1
2017-12-02,10000012,602,1500000,1500000,1500000,1,1
2017-12-02,10000012,603,1000000,1000000,1000000,1,1
2017-12-02,10000012,606,1000,1000,1000,1,1
2017-12-02,10000012,607,1999999,1999999,1999999,2,1
2017-12-02,10000012,609,1499999.97,1499999.97,1499999.97,6,6
2017-12-02,10000012,621,13100000,12200000,14000000,2,2
2017-12-02,10000012,624,8700000,8700000,8700000,2,1
2017-12-02,10000012,626,11500000,11000000,12000000,2,2
2017-12-02,10000012,648,3500000.01,3500000.01,3500000.01,1,1
2017-12-02,10000012,650,2249000,2249000,2249000,1,1
2017-12-02,10000012,651,2000000,2000000,2000000,1,1
2017-12-02,10000012,652,5000000,5000000,5000000,1,1
2017-12-02,10000012,655,2924847.24,2774541.75,2999999.99,3,3
2017-12-02,10000012,657,4000000,4000000,4000000,2,2
2017-12-02,10000012,1182,487999.77,487999,488000,13,4
2017-12-02,10000012,1228,500,500,500,3000,2
2017-12-02,10000012,1230,350,350,355,20111,20
2017-12-02,10000012,1236,726000,726000,726000,2,2
2017-12-02,10000012,1248,1424315.59,1408631.18,1440000,2,2
2017-12-02,10000012,1306,567761.86,420000,715523.72,4,4
2017-12-02,10000012,1317,220555.31,50000,239999,36,5
2017-12-02,10000012,1319,1210791.5,1156218.01,1286998,43,14
2017-12-02,10000012,1335,781665.75,708888,999999,8,2
2017-12-02,10000012,1355,1014000,748999.99,1229000,8,8
2017-12-02,10000012,1405,919826.72,845000,989000,60,25
2017-12-02,10000012,1445,489987,489987,489987,1,1
2017-12-02,10000012,1447,753000,731000,774999.99,2,2
2017-12-02,10000012,1541,1324499.75,1250000,1398999.5,4,4
2017-12-02,10000012,1855,1400000,1400000,1400000,1,1
2017-12-02,10000012,1875,40000,40000,40000,4,1
2017-12-02,10000012,1877,1682224.88,1309002.28,1799996,22,5
2017-12-02,10000012,1952,1657472.49,1487889.97,2199000,4,4
2017-12-02,10000012,1969,2578999.97,2208000,2949999.93,6,2
2017-12-02,10000012,1978,1757615.78,1699989.95,1926262,10,6
2017-12-02,10000012,1987,1268498.98,1199997.96,1337000,2,2
2017-12-02,10000012,1999,1369200,969999.99,1499000,5,5
2017-12-02,10000012,2024,1530000,1530000,1530000,2,2
2017-12-02,10000012,2032,1036997.28,1036997.28,1036997.28,1,1
2017-12-02,10000012,2046,70500,61000,80000,14,12
2017-12-02,10000012,2048,738433.1,599999.98,739998.99,30,22
2017-12-02,10000012,2109,1890957.99,1890957.98,1890958,3,2
2017-12-02,10000012,2161,1300000,1300000,1300000,1,1
2017-12-02,10000012,2173,98000,98000,98000,9,1
2017-12-02,10000012,2175,1225455.5,1199999.99,1333333,30,9
2017-12-02,10000012,2183,50352.24,49494.11,54197.9,29,6
2017-12-02,10000012,2185,1345243.86,1333331.98,1391941.28,31,8
2017-12-02,10000012,2193,139999.99,139999.98,140000,8,2
2017-12-02,10000012,2203,11495.23,10456.01,12000,52,10
2017-12-02,10000012,2205,647349.74,624688.86,662700,40,14
2017-12-02,10000012,2281,2998591.96,2597995.98,3000000,27,13
2017-12-02,10000012,2297,1995000,1995000,1995000,1,1
2017-12-02,10000012,2299,2320000,2320000,2320000,1,1
2017-12-02,10000012,2301,2358203.74,2210925.35,2684584,5,5
2017-12-02,10000012,2303,2550000,2550000,2550000,1,1
2017-12-02,10000012,2364,1450000,1450000,1450000,1,1
2017-12-02,10000012,2404,1750000,1750000,1750000,2,1
2017-12-02,10000012,2410,1612654.41,1498998.99,1953620.65,4,2
2017-12-02,10000012,2420,5499000,5499000,5499000,6,2
2017-12-02,10000012,2446,2400000,2400000,2400000,5,1
2017-12-02,10000012,2454,22726.06,18000,24999.99,52,8
2017-12-02,10000012,2456,494936.7,459998.74,656646.12,46,9
2017-12-02,10000012,2464,128573.92,60000,249434.81,30,7
2017-12-02,10000012,2466,770934.27,750000,776999.99,22,6
2017-12-02,10000012,2476,100000,100000,100000,25,1
2017-12-02,10000012,2478,1900000,1900000,1900000,11,2
2017-12-02,10000012,2486,45000,45000,45000,146,18
2017-12-02,10000012,2488,450000,449999.99,479000,203,35
2017-12-02,10000012,2524,888000,888000,888000,1,1
2017-12-02,10000012,2547,1199999.99,1199999.99,1199999.99,3,2
2017-12-02,10000012,2549,462500,450000,500000,4,2
2017-12-02,10000012,2550,999999.99,999999.99,999999.99,2,2
2017-12-02,10000012,2551,999999.99,999999.99,999999.99,1,1
2017-12-02,10000012,2553,1646873.74,1599991.65,1670314.78,3,2
2017-12-02,10000012,2563,2700000,2700000,2700000,1,1
2017-12-02,10000012,2605,674279.98,609989.9,999999,25,20
2017-12-02,10000012,2613,350,350,350,1000,1
2017-12-02,10000012,2629,692.99,692.99,692.99,5000,1
2017-12-02,10000012,2679,200,200,200,9000,3
2017-12-02,10000012,2873,897176.74,867237.11,899499.5,9,7
2017-12-02,10000012,2881,958111.1,898999.99,974999.99,9,2
2017-12-02,10000012,2889,1222967.74,1099000,1388258.05,7,2
2017-12-02,10000012,2913,1599999,1599999,1599999,4,1
2017-12-02,10000012,2929,4568888.76,3900000,4640000,45,4
2017-12-02,10000012,2961,7119999.99,5999999.98,8100000,15,2
2017-12-02,10000012,2969,2499997,2499995,2499999,6,2
2017-12-02,10000012,3033,1529962.67,1300000,1989888,9,2
2017-12-02,10000012,3074,1500873.52,1500873.52,1500873.52,2,1
2017-12-02,10000012,3082,3000000.12,3000000.12,3000000.12,6,1
2017-12-02,10000012,3122,4242470.28,4242470.28,4242470.28,8,1
2017-12-02,10000012,3138,2490990,2490990,2490990,6,1
2017-12-02,10000012,3178,1396731.81,1372881,1666649.78,9,4
2017-12-02,10000012,3242,70000,70000,70000,1,1
2017-12-02,10000012,3244,2522755.2,1774998.5,2658551.71,11,11
2017-12-02,10000012,3256,10716665.81,9499998.99,11899998.95,6,6
2017-12-02,10000012,3265,15089323.67,10178647.33,20000000,2,2
2017-12-02,10000012,3297,500000,500000,500000,1,1
2017-12-02,10000012,3304,499999.76,499999.76,499999.76,1,1
2017-12-02,10000012,3320,1249994.52,1249994.52,1249994.52,1,1
2017-12-02,10000012,3322,999999.99,999999.99,999999.99,1,1
2017-12-02,10000012,3330,689888,689888,689888,1,1
2017-12-02,10000012,3333,3000000,3000000,3000000,1,1
2017-12-02,10000012,3348,999999.99,999999.99,999999.99,1,1
2017-12-02,10000012,3355,50000,50000,50000,2,2
2017-12-02,10000012,3356,1199999.99,1199999.99,1199999.99,2,2
2017-12-02,10000012,3357,1999999.99,1999999.99,1999999.99,1,1
2017-12-02,10000012,3359,1799999.96,1799999.96,1799999.96,1,1
2017-12-02,10000012,3405,999999,999999,999999,1,1
2017-12-02,10000012,3421,899998.82,899998.82,899998.82,1,1
2017-12-02,10000012,3423,500000,500000,500000,2,2
2017-12-02,10000012,3430,3249995.82,1499991.62,5000000.01,2,2
2017-12-02,10000012,3439,1599995.49,1599995.49,1599995.49,1,1
2017-12-02,10000012,3451,999999.98,999999.98,999999.98,1,1
2017-12-02,10000012,3530,1855000,1855000,1855000,1,1
2017-12-02,10000012,3540,1500000,1500000,1500000,2,2
2017-12-02,10000012,3554,10000,10000,10000,200,1
2017-12-02,10000012,3568,1300000,1000000,1599999.99,2,2
2017-12-02,10000012,3578,3990000,3990000,3990000,1,1
2017-12-02,10000012,3647,600000,600000,600000,10,1
2017-12-02,10000012,3829,471695.03,250000,661719.34,13,7
2017-12-02,10000012,3831,1090657.5,923999.99,1508862.78,17,10
2017-12-02,10000012,3841,1890992.01,1429887.24,2178999.99,31,20
2017-12-02,10000012,3888,1725196.62,1425935.39,1742925.61,4,3
2017-12-02,10000012,3895,33007936.49,33007936.49,33007936.49,1,1
2017-12-02,10000012,3898,17576907.46,12500000,19750000,13,10
2017-12-02,10000012,4025,459317.58,213976.37,950000,3,3
2017-12-02,10000012,4027,139999,139999,139999,3,3
2017-12-02,10000012,4254,1248267.74,1134999.75,1474803.71,3,3
2017-12-02,10000012,4256,3400000,3400000,3400000,1,1
2017-12-02,10000012,4260,2830000,2830000,2830000,1,1
2017-12-02,10000012,4312,26000,26000,26000,6861,1
2017-12-02,10000012,4383,2299997.45,2299997.45,2299997.45,2,2
2017-12-02,10000012,4393,277054.21,200000,298000,14,8
2017-12-02,10000012,4395,849999,849999,849999,1,1
2017-12-02,10000012,4403,599925,549900,750000,4,4
2017-12-02,10000012,4405,1552255.6,1499874.44,1961569.57,31,17
2017-12-02,10000012,4435,199106.65,199106.65,199106.65,2,2
2017-12-02,10000012,4471,880000.31,880000.31,880000.31,1,1
2017-12-02,10000012,4477,226102.09,194687.89,387888,17,4
2017-12-02,10000012,4529,999999,999999,999999,1,1
2017-12-02,10000012,4613,850000.56,850000.56,850000.56,1,1
2017-12-02,10000012,4787,399999,399999,399999,2,2
2017-12-02,10000012,4833,334879.53,323000,346759.06,2,2
2017-12-02,10000012,4871,286998.84,286998.45,287000,4,4
2017-12-02,10000012,5011,424556.63,399998.95,498229.66,4,4
2017-12-02,10000012,5137,152088.73,147943.66,155542.95,11,5
2017-12-02,10000012,5141,195688.99,195688.99,195688.99,1,1
2017-12-02,10000012,5239,369866.95,369866.95,369866.95,2,1
2017-12-02,10000012,5245,290051,290035.99,290066,4,2
2017-12-02,10000012,5301,87399.98,70000,98999.96,10,5
2017-12-02,10000012,5302,339990.18,70000,399988,11,5
2017-12-02,10000012,5399,54000,54000,54000,1,1
2017-12-02,10000012,5403,151997,151997,151997,1,1
2017-12-02,10000012,5405,166943.49,124999,208887.99,4,4
2017-12-02,10000012,5439,52000,49000,69999.99,7,3
2017-12-02,10000012,5443,210200.65,129994.29,317142.46,7,7
2017-12-02,10000012,5445,216222,99000,333444,2,2
2017-12-02,10000012,5493,299999.97,299999.96,299999.97,12,3
2017-12-02,10000012,5533,403567,403566.99,403567,9,4
2017-12-02,10000012,5599,95999.92,80000,99999.9,5,3
2017-12-02,10000012,5839,1858306.72,1700845.92,1898999,8,8
2017-12-02,10000012,5933,239793.53,239793.53,239793.54,7,5
2017-12-02,10000012,5945,499463.11,399993.89,598932.33,4,4
2017-12-02,10000012,5955,207499.96,207499.96,207499.96,2,2
2017-12-02,10000012,5971,265414.22,200115,287180.63,8,8
2017-12-02,10000012,5973,822854.51,729887.84,1000000,14,9
2017-12-02,10000012,5975,200300.58,83987.84,530214.49,4,4
2017-12-02,10000012,6001,300000,300000,300000,1,1
2017-12-02,10000012,6003,70666.67,70000,73999.99,6,6
2017-12-02,10000012,6005,297000,297000,297000,1,1
2017-12-02,10000012,6131,175487.31,175487.31,175487.31,1,1
2017-12-02,10000012,6159,314374.26,218948.51,409800,2,2
2017-12-02,10000012,6160,78653.85,77000,98500,13,10
2017-12-02,10000012,6173,499000,499000,499000,1,1
2017-12-02,10000012,6296,199999.14,199999,200000,14,9
2017-12-02,10000012,6325,99000,99000,99000,1,1
2017-12-02,10000012,6437,344689,344689,344689,1,1
2017-12-02,10000012,6485,199992,199992,199992,1,1
2017-12-02,10000012,6569,511110.86,511110.86,511110.86,1,1
2017-12-02,10000012,7369,200000,200000,200000,6,1
2017-12-02,10000012,7373,1000000,1000000,1000000,12,3
2017-12-02,10000012,7447,900000,900000,900000,8,1
2017-12-02,10000012,7583,200000,200000,200000,10,1
2017-12-02,10000012,8007,699264.71,699264.71,699264.71,2,1
2017-12-02,10000012,8089,770000,770000,770000,29,1
2017-12-02,10000012,8091,699999,699999,699999,6,3
2017-12-02,10000012,8101,350000,350000,350000,3,1
2017-12-02,10000012,8105,1999999,1999999,1999999,4,1
2017-12-02,10000012,8113,387500,387500,387500,3,1
2017-12-02,10000012,8117,163999.99,163999.99,163999.99,3,1
2017-12-02,10000012,8175,561258.89,499999.29,745037.96,4,4
2017-12-02,10000012,8177,678571.29,499999.5,750000,7,4
2017-12-02,10000012,8225,242396.3,240000,242995.38,5,4
2017-12-02,10000012,8263,232499.69,210499.93,237999.63,5,4
2017-12-02,10000012,8335,499999,499999,499999,3,1
2017-12-02,10000012,8419,262000,262000,262000,2,2
2017-12-02,10000012,8433,999998.99,999998.99,999998.99,1,1
2017-12-02,10000012,8517,4250000,4250000,4250000,1,1
2017-12-02,10000012,8521,293546,293546,293546,16,7
2017-12-02,10000012,8529,499034.43,190000,1127103.31,9,5
2017-12-02,10000012,8579,999000,999000,999000,1,1
2017-12-02,10000012,8635,300000,300000,300000,1,1
2017-12-02,10000012,8748,70000,70000,70000,2,2
2017-12-02,10000012,9135,800998,800998,800998,6,1
2017-12-02,10000012,9327,2231441.1,1100000,2877978.87,22,4
2017-12-02,10000012,9451,2545169.1,1199999.5,3434106.41,20,8
2017-12-02,10000012,9580,300000,300000,300000,1,1
2017-12-02,10000012,9622,84500,83000,86000,2,2
2017-12-02,10000012,9632,447998,447998,447998,19,11
2017-12-02,10000012,9646,209023.72,209023.72,209023.72,1,1
2017-12-02,10000012,9734,333444,333444,333444,3,1
2017-12-02,10000012,9808,508333.34,500000,516666.67,2,2
2017-12-02,10000012,9899,14972498.96,14889999,14999998.94,4,4
2017-12-02,10000012,9941,12499998,12499998,12499998,2,2
2017-12-02,10000012,9942,13063999.8,12679999.99,14999999,5,5
2017-12-02,10000012,9943,13399998.57,13399998.15,13399998.98,2,2
2017-12-02,10000012,9947,3000000,3000000,3000000,5,1
2017-12-02,10000012,9956,14719444.24,14699999.99,14777777,4,3
2017-12-02,10000012,10151,9898899.5,9898899.5,9898899.5,2,1
2017-12-02,10000012,10155,8896678.2,8896678.2,8896678.2,1,1
2017-12-02,10000012,10165,4289996.82,4289996.82,4289996.82,1,1
2017-12-02,10000012,10190,1275499.52,1199999.99,1419999,16,8
2017-12-02,10000012,10204,4000000,4000000,4000000,1,1
2017-12-02,10000012,10208,25410434.65,24575899.54,27000000,15,6
2017-12-02,10000012,10212,26296293.6,25999996.45,26888887.99,6,6
2017-12-02,10000012,10216,26776638.38,25999994.55,27990000.04,9,9
2017-12-02,10000012,10221,26499995.49,25999990.98,26999999.99,2,2
2017-12-02,10000012,10225,25500000,25500000,25500000,3,3
2017-12-02,10000012,10228,23400000,23400000,23400000,1,1
2017-12-02,10000012,10694,755338.42,755338.42,755338.42,3,1
2017-12-02,10000012,10850,1200000,1200000,1200000,1,1
2017-12-02,10000012,10858,1888888,1888888,1888888,1,1
2017-12-02,10000012,10870,110000,110000,110000,5,5
2017-12-02,10000012,10998,437500.02,250000.03,1000000,4,3
2017-12-02,10000012,11084,3994689,3994689,3994689,2,2
2017-12-02,10000012,11105,200000,200000,200000,4,2
2017-12-02,10000012,11134,119999.99,119999.99,119999.99,1,1
2017-12-02,10000012,11174,28000000,28000000,28000000,1,1
2017-12-02,10000012,11178,40000000,40000000,40000000,1,1
2017-12-02,10000012,11186,49000000,49000000,49000000,1,1
2017-12-02,10000012,11196,44833499.99,44500500,44999999.99,3,3
2017-12-02,10000012,11198,42967000,41900000,43500500,3,3
2017-12-02,10000012,11200,39577670.28,39577670.28,39577670.28,1,1
2017-12-02,10000012,11229,1999998.48,1999998.48,1999998.48,1,1
2017-12-02,10000012,11269,1056333.33,835000,1499000,9,3
2017-12-02,10000012,11285,40789.47,40789.47,40789.47,120,2
2017-12-02,10000012,11287,29904.99,29904.99,29904.99,41,2
2017-12-02,10000012,11289,24000,24000,24000,55,1
2017-12-02,10000012,11317,300000,300000,300000,1,1
2017-12-02,10000012,11325,500000,500000,500000,1,1
2017-12-02,10000012,11351,1,1,1,1,1
2017-12-02,10000012,11370,2305283.54,2295998.97,2415277.83,8,7
2017-12-02,10000012,11377,26000000,26000000,26000000,1,1
2017-12-02,10000012,11379,35000000,35000000,35000000,1,1
2017-12-02,10000012,11381,38000000,38000000,38000000,1,1
2017-12-02,10000012,11489,800000,800000,800000,1,1
2017-12-02,10000012,11563,633453.8,402500,726000,8,6
2017-12-02,10000012,11577,4999976.1,4900000,5399940.26,5,5
2017-12-02,10000012,11578,7343413.57,6632661.78,7875872.16,5,5
2017-12-02,10000012,11579,9000000,9000000,9000000,1,1
2017-12-02,10000012,11584,4900000,4900000,4900000,2,2
2017-12-02,10000012,11640,2099999.99,2099999.99,2099999.99,1,1
2017-12-02,10000012,11644,3049999.99,2500000,3599999.98,2,2
2017-12-02,10000012,11646,2602500,1955000,3250000,4,4
2017-12-02,10000012,11648,1400000,1200000,1600000,2,2
2017-12-02,10000012,11961,264450000.25,253000000,275900000.49,2,2
2017-12-02,10000012,11965,285000000,285000000,285000000,2,2
2017-12-02,10000012,11978,200966714.79,200966714.79,200966714.79,2,2
2017-12-02,10000012,11985,200000000,200000000,200000000,1,1
2017-12-02,10000012,12003,170000000,170000000,170000000,3,1
2017-12-02,10000012,12005,330000000,330000000,330000000,1,1
2017-12-02,10000012,12032,29333333.33,29000000,30000000,3,3
2017-12-02,10000012,12034,29000000,29000000,29000000,1,1
2017-12-02,10000012,12038,30000000,30000000,30000000,2,1
2017-12-02,10000012,12042,24400000,24400000,24400000,7,1
2017-12-02,10000012,12058,3798997.68,3798997.68,3798997.68,1,1
2017-12-02,10000012,12076,6467893.38,6411840.08,6580000,3,3
2017-12-02,10000012,12084,13000000,13000000,13000000,1,1
2017-12-02,10000012,12198,1499999.99,1250000,1999999.97,9,2
2017-12-02,10000012,12208,9900000,9900000,9900000,1,1
2017-12-02,10000012,12209,19000000,19000000,19000000,2,2
2017-12-02,10000012,12259,4938936,4938936,4938936,2,2
2017-12-02,10000012,12267,4111480.38,3800000,4899982.36,17,9
2017-12-02,10000012,12484,8900000,8900000,8900000,1,1
2017-12-02,10000012,12485,9900000,9900000,9900000,1,1
2017-12-02,10000012,12487,8899999.99,8899999.99,8899999.99,1,1
2017-12-02,10000012,12608,99.99,99.99,99.99,4230,3
2017-12-02,10000012,12612,78,78,78,5500,2
2017-12-02,10000012,12625,90,90,90,4430,4
2017-12-02,10000012,12761,960,960,960,2965,3
2017-12-02,10000012,12765,798.99,798.99,798.99,12000,2
2017-12-02,10000012,12767,389,389,389,500,1
2017-12-02,10000012,12771,200,200,200,1600,2
2017-12-02,10000012,12773,178.89,178.89,178.89,3000,1
2017-12-02,10000012,12775,779,779,779,8200,4
2017-12-02,10000012,12777,199,199,199,10000,1
2017-12-02,10000012,12785,130,110,150,20000,2
2017-12-02,10000012,12801,250,250,250,27075,8
2017-12-02,10000012,12805,247,247,247,23240,18
2017-12-02,10000012,13003,2828244.7,2828244.7,2828244.7,1,1
2017-12-02,10000012,13216,26342454.56,22954571.48,27095506.48,6,5
2017-12-02,10000012,13222,37999999,37999999,37999999,1,1
2017-12-02,10000012,13244,27000000,27000000,27000000,1,1
2017-12-02,10000012,13259,28000000,28000000,28000000,1,1
2017-12-02,10000012,13261,35433332.66,30249999,45799999.98,3,3
2017-12-02,10000012,13262,1700000,1700000,1700000,1,1
2017-12-02,10000012,13287,1500000,1500000,1500000,1,1
2017-12-02,10000012,14248,115000000,115000000,115000000,3,2
2017-12-02,10000012,14278,1222222,1222222,1222222,5,1
2017-12-02,10000012,15457,2100000,2100000,2100000,8,2
2017-12-02,10000012,15464,9300000,9300000,9300000,6,1
2017-12-02,10000012,15466,3150000,3150000,3150000,8,2
2017-12-02,10000012,15477,10889997.27,10889997.27,10889997.27,1,1
2017-12-02,10000012,15479,3994689,3994689,3994689,4,1
2017-12-02,10000012,15510,562624,120000,1005247.99,2,2
2017-12-02,10000012,15587,4500,4500,4500,187,1
2017-12-02,10000012,15588,8000,8000,8000,54,2
2017-12-02,10000012,15589,15000,15000,15000,17,2
2017-12-02,10000012,15590,20000,20000,20000,10,2
2017-12-02,10000012,15625,4500,4500,4500,8,1
2017-12-02,10000012,15626,8000,8000,8000,12,2
2017-12-02,10000012,15627,15000,15000,15000,2,1
2017-12-02,10000012,15628,20000,20000,20000,8,1
2017-12-02,10000012,15629,25000,25000,25000,45,4
2017-12-02,10000012,15630,230007.9,230007.9,230007.91,19,2
2017-12-02,10000012,15631,210006.44,210006.37,210006.52,67,2
2017-12-02,10000012,15632,500003.33,500003.33,500003.33,17,3
2017-12-02,10000012,15646,50000,50000,50000,15,3
2017-12-02,10000012,15660,30000,30000,30000,18,4
2017-12-02,10000012,15661,842006.55,842006.45,842006.64,28,2
2017-12-02,10000012,15681,115000000,115000000,115000000,1,1
2017-12-02,10000012,15729,39209370.4,36528322.6,44571466,3,3
2017-12-02,10000012,15889,41000000,25000000,57000000,2,2
2017-12-02,10000012,15891,130000000,130000000,130000000,1,1
2017-12-02,10000012,15994,25000,25000,25000,17,2
2017-12-02,10000012,15997,30000,30000,30000,3,1
2017-12-02,10000012,15998,50000,50000,50000,14,2
2017-12-02,10000012,16002,30000.01,30000.01,30000.01,6,2
2017-12-02,10000012,16069,100000,100000,100000,1,1
2017-12-02,10000012,16118,65000,65000,65000,345,23
2017-12-02,10000012,16119,10000,10000,10000,420,2
2017-12-02,10000012,16120,35000,35000,35000,118,22
2017-12-02,10000012,16121,65000,65000,65000,172,23
2017-12-02,10000012,16122,150000,150000,150000,100,24
2017-12-02,10000012,16123,200000,199999.99,200000,75,22
2017-12-02,10000012,16124,1000000,1000000,1000000,380,25
2017-12-02,10000012,16125,2000000,2000000,2000000,151,28
2017-12-02,10000012,16179,4500,4500,4500,6,1
2017-12-02,10000012,16180,12000,12000,12000,7,1
2017-12-02,10000012,16181,25000,25000,25000,1,1
2017-12-02,10000012,16182,12000,12000,12000,4,1
2017-12-02,10000012,16227,60333333.33,57000000,61999999.99,3,2
2017-12-02,10000012,16238,2000000,2000000,2000000,3,2
2017-12-02,10000012,16240,2000000,2000000,2000000,2,2
2017-12-02,10000012,16273,190,165,197.99,37730,45
2017-12-02,10000012,16274,1219.29,1219.29,1219.29,109801,4
2017-12-02,10000012,16275,6199.99,6199.99,6199.99,4600,4
2017-12-02,10000012,16297,100000,100000,100000,23,4
2017-12-02,10000012,16299,275000,45000,390000,6,2
2017-12-02,10000012,16301,70000,70000,70000,5,3
2017-12-02,10000012,16303,603699.96,603699.96,603699.96,7,2
2017-12-02,10000012,16359,189999.99,189999.99,189999.99,1,1
2017-12-02,10000012,16389,500000,500000,500000,1,1
2017-12-02,10000012,16457,3750000,3750000,3750000,1,1
2017-12-02,10000012,16467,399333.33,160000,878000,3,3
2017-12-02,10000012,16477,987999.94,987999.94,987999.94,1,1
2017-12-02,10000012,16505,2600000,2600000,2600000,2,2
2017-12-02,10000012,16591,54999999.99,54999999.99,54999999.99,1,1
2017-12-02,10000012,17366,222380.31,199997.99,500000,15,8
2017-12-02,10000012,17367,1300000,1300000,1300000,1,1
2017-12-02,10000012,17559,72738095.13,70857142.7,76500000,6,5
2017-12-02,10000012,17619,24000000,24000000,24000000,1,1
2017-12-02,10000012,17715,259999666.83,240000000,299999000.48,3,2
2017-12-02,10000012,17720,145554364,145554364,145554364,1,1
2017-12-02,10000012,17738,629999500.06,624999000.11,635000000,2,2
2017-12-02,10000012,17841,16000000,16000000,16000000,1,1
2017-12-02,10000012,17843,79250000.01,78500000,80000000.02,4,4
2017-12-02,10000012,17871,2000000,2000000,2000000,1,1
2017-12-02,10000012,17887,1399.01,1399.01,1399.01,70000,4
2017-12-02,10000012,17888,999.98,999.98,999.98,130500,4
2017-12-02,10000012,17889,1149.99,1149.99,1149.99,145000,5
2017-12-02,10000012,17928,67427499.96,67427499.96,67427499.96,1,1
2017-12-02,10000012,17930,75990979.98,75990979.98,75990979.98,1,1
2017-12-02,10000012,18639,247499.74,148998.99,265999.88,6,6
2017-12-02,10000012,18692,49999999,49999998,49999999.99,2,2
2017-12-02,10000012,18789,84874999.96,84874999.96,84874999.96,1,1
2017-12-02,10000012,18841,2499999.99,2499999.99,2499999.99,4,1
2017-12-02,10000012,18937,64777777.78,63000000,65000000,9,9
2017-12-02,10000012,18941,63750000,55000000,65000000,8,8
2017-12-02,10000012,18945,84908571.43,84680000.01,85000000,7,7
2017-12-02,10000012,19045,145000000,145000000,145000000,1,1
2017-12-02,10000012,19325,54000000,54000000,54000000,1,1
2017-12-02,10000012,19359,230000000,230000000,230000000,1,1
2017-12-02,10000012,19739,3900000,3900000,3900000,6,4
2017-12-02,10000012,19806,1319000,1319000,1319000,2,2
2017-12-02,10000012,19810,199999.99,199999.99,199999.99,1,1
2017-12-02,10000012,19812,50000,50000,50000,1,1
2017-12-02,10000012,19923,259999.53,120000.06,399999,4,2
2017-12-02,10000012,19925,70000,70000,70000,3,1
2017-12-02,10000012,19935,120000.06,120000.06,120000.06,2,1
2017-12-02,10000012,19937,660000.21,660000.21,660000.21,8,3
2017-12-02,10000012,19942,50000.06,50000.06,50000.06,2,1
2017-12-02,10000012,19944,237500,80000,500000,8,2
2017-12-02,10000012,19948,150000,150000,150000,2,1
2017-12-02,10000012,19950,100000,100000,100000,3,1
2017-12-02,10000012,20213,19000000,19000000,19000000,1,1
2017-12-02,10000012,20353,2888888.88,2499999.98,3375000,9,5
2017-12-02,10000012,21096,2785933.1,1999999.99,2999999.99,22,13
2017-12-02,10000012,21638,1748000,1748000,1748000,18,5
2017-12-02,10000012,21640,1288999.31,1288999,1289000,39,9
2017-12-02,10000012,21790,50000,50000,50000,1,1
2017-12-02,10000012,21791,50000,50000,50000,1,1
2017-12-02,10000012,21867,230,230,230,1000,1
2017-12-02,10000012,21888,50000000,50000000,50000000,2,2
2017-12-02,10000012,21890,50000000,50000000,50000000,1,1
2017-12-02,10000012,21894,1309.99,1309.99,1309.99,19692,10
2017-12-02,10000012,21896,984,820,1091.99,13350,8
2017-12-02,10000012,21898,749,739.92,750,6790,5
2017-12-02,10000012,21902,1245.99,1245.99,1245.99,5302,7
2017-12-02,10000012,21904,1282.47,1282.47,1282.47,11080,4
2017-12-02,10000012,21906,894.03,894.03,894.03,30913,5
2017-12-02,10000012,21918,1295,1294,1646.99,9851,11
2017-12-02,10000012,21922,978.97,978.97,978.97,5472,3
2017-12-02,10000012,21924,927.71,927.71,927.71,3717,4
2017-12-02,10000012,21926,1500,1500,1500,1500,2
2017-12-02,10000012,21935,1240,1240,1240,2772,3
2017-12-02,10000012,21937,750,750,750,3000,2
2017-12-02,10000012,22175,248977.09,248977.09,248977.09,2,2
2017-12-02,10000012,22177,113651.85,113651.85,113651.85,3,2
2017-12-02,10000012,22291,1458999.96,1250000,1487999.99,18,10
2017-12-02,10000012,22456,80499999.99,80000000,80999999.98,2,2
2017-12-02,10000012,22761,40000000,40000000,40000000,1,1
2017-12-02,10000012,22778,160000,160000,160000,42,3
2017-12-02,10000012,22782,2074981.49,2074981.49,2074981.49,1,1
2017-12-02,10000012,22977,980,980,980,33200,2
2017-12-02,10000012,23009,887.99,887.99,887.99,320,1
2017-12-02,10000012,23013,1100,1100,1100,1000,1
2017-12-02,10000012,23025,840,840,840,57955,31
2017-12-02,10000012,23027,725,725,725,1500,1
2017-12-02,10000012,23029,1199.99,1199.99,1199.99,18017,8
2017-12-02,10000012,23031,1165.67,1165.67,1165.67,162,1
2017-12-02,10000012,23033,1075.01,1075.01,1075.01,9132,6
2017-12-02,10000012,23035,1050,1050,1050,8000,2
2017-12-02,10000012,23059,4433333.33,4400000,4500000,30,3
2017-12-02,10000012,23061,3839000,3839000,3839000,44,2
2017-12-02,10000012,23071,1003808.91,579999,1568888.8,7,2
2017-12-02,10000012,23073,111111,111111,111111,1,1
2017-12-02,10000012,23089,560266.3,560266.3,560266.3,66,3
2017-12-02,10000012,23091,250000,250000,250000,3,1
2017-12-02,10000012,23527,658610.65,649999.99,668993,42,24
2017-12-02,10000012,23533,733000,733000,733000,1,1
2017-12-02,10000012,23561,151818.17,151818.17,151818.17,5,1
2017-12-02,10000012,23563,174999.99,174999.99,174999.99,20,1
2017-12-02,10000012,23566,1899999.95,1899999.95,1899999.95,1,1
2017-12-02,10000012,23702,960600,960600,960600,25,3
2017-12-02,10000012,23705,131885.52,98771.04,165000,20,4
2017-12-02,10000012,23707,33000,22000.01,34801.23,247,28
2017-12-02,10000012,23711,15000,15000,15000,9,1
2017-12-02,10000012,23719,15000,15000,15000,5,1
2017-12-02,10000012,23729,190000,190000,190000,5,1
2017-12-02,10000012,23911,1230000000,1230000000,1230000000,1,1
2017-12-02,10000012,24283,50000000,50000000,50000000,1,1
2017-12-02,10000012,24348,2866000,2866000,2866000,3,3
2017-12-02,10000012,24395,476900,476900,476900,2,2
2017-12-02,10000012,24417,1830999.99,1830999.99,1830999.99,1,1
2017-12-02,10000012,24427,2552906.88,1923999.98,2789999.99,28,8
2017-12-02,10000012,24438,1510589.88,1233769.79,1648999.93,3,2
2017-12-02,10000012,24471,200,200,200,2903,1
2017-12-02,10000012,24477,100,100,100,3600,1
2017-12-02,10000012,24486,190,190,190,11000,4
2017-12-02,10000012,24488,200,200,200,17000,6
2017-12-02,10000012,24490,290,290,290,10200,5
2017-12-02,10000012,24494,370,370,370,4000,3
2017-12-02,10000012,24495,250,250,250,1000,1
2017-12-02,10000012,24497,488,488,488,700,1
2017-12-02,10000012,24499,70,70,70,3400,3
2017-12-02,10000012,24511,489.16,489.16,489.16,1000,1
2017-12-02,10000012,24698,40000000,40000000,40000000,1,1
2017-12-02,10000012,24702,55000000.09,55000000.09,55000000.09,2,2
2017-12-02,10000012,25235,799998.57,799998.57,799998.57,1,1
2017-12-02,10000012,25563,3266233,3266233,3266233,1,1
2017-12-02,10000012,25589,500.04,500.04,500.04,1,1
2017-12-02,10000012,25590,22018.85,22018.85,22018.85,4,1
2017-12-02,10000012,25593,500.05,500.05,500.05,7,1
2017-12-02,10000012,25595,8000.42,8000.42,8000.42,7,1
2017-12-02,10000012,25598,10034.27,10034.27,10034.27,7,1
2017-12-02,10000012,25599,440.02,440.02,440.02,2,1
2017-12-02,10000012,25600,20001.27,20001.27,20001.27,18,1
2017-12-02,10000012,25602,1501.7,1501.7,1501.7,3,1
2017-12-02,10000012,25707,650000,650000,650000,5,1
2017-12-02,10000012,25715,1733333.33,1450000,1899999.99,27,6
2017-12-02,10000012,25719,6799999,6799999,6799999,1,1
2017-12-02,10000012,25861,399999.99,399999.98,399999.99,8,2
2017-12-02,10000012,25894,19199999.99,16000000,23999999.98,5,2
2017-12-02,10000012,25896,20994689,20994689,20994689,2,1
2017-12-02,10000012,25948,6494689,6494689,6494689,3,1
2017-12-02,10000012,25954,11500000,11500000,11500000,2,1
2017-12-02,10000012,26070,11990990,11990990,11990990,2,2
2017-12-02,10000012,26078,1600000,1600000,1600000,1,1
2017-12-02,10000012,26082,1500000.78,1500000.78,1500000.78,1,1
2017-12-02,10000012,26088,13990000,13990000,13990000,3,1
2017-12-02,10000012,26302,149179500.02,148679000,149680000.03,2,2
2017-12-02,10000012,26374,84500000,84500000,84500000,2,1
2017-12-02,10000012,26929,513713.14,454427.41,987999,9,8
2017-12-02,10000012,27115,500000,500000,500000,1,1
2017-12-02,10000012,27127,1740000,1350000,2000000,5,5
2017-12-02,10000012,27143,1991627.13,1487440.7,3000000,3,3
2017-12-02,10000012,27325,600,600,600,16000,1
2017-12-02,10000012,27339,2700,2700,2700,200,2
2017-12-02,10000012,27351,3343,3343,3343,1000,1
2017-12-02,10000012,27359,2690,2690,2690,1390,3
2017-12-02,10000012,27361,1497.99,1497.99,1497.99,7640,6
2017-12-02,10000012,27371,1117,1117,1117,2400,6
2017-12-02,10000012,27377,2962.92,2962.92,2962.92,2000,1
2017-12-02,10000012,27381,1049.5,1049.5,1049.5,10000,1
2017-12-02,10000012,27387,1295.2,1295.2,1295.2,2840,5
2017-12-02,10000012,27395,2949.68,2949.68,2949.68,2000,1
2017-12-02,10000012,27401,1499.99,1499.99,1499.99,11000,5
2017-12-02,10000012,27405,1499.99,1499.99,1499.99,15500,8
2017-12-02,10000012,27413,1499.99,1499.99,1499.99,8500,4
2017-12-02,10000012,27419,1599.97,1599.97,1599.97,25426,10
2017-12-02,10000012,27423,2911.79,2911.79,2911.79,2000,1
2017-12-02,10000012,27429,2788.32,2788.32,2788.32,2000,1
2017-12-02,10000012,27435,1222.94,1222.94,1222.94,1000,1
2017-12-02,10000012,27447,1322.13,1322.13,1322.13,1000,1
2017-12-02,10000012,27453,1200,1200,1200,3293,2
2017-12-02,10000012,27912,1500000,1500000,1500000,1,1
2017-12-02,10000012,27914,2299999.99,2299999.98,2299999.99,2,2
2017-12-02,10000012,27920,1513850.21,1340000,1600000,40,7
2017-12-02,10000012,27924,1331785.41,1240000,1371122.01,30,9
2017-12-02,10000012,28201,1099999.98,1099999.98,1099999.98,8,1
2017-12-02,10000012,28209,1990000,1990000,1990000,5,1
2017-12-02,10000012,28211,899332.71,698999.56,1299999,9,3
2017-12-02,10000012,28213,1399999.5,999999,1800000,10,2
2017-12-02,10000012,28215,1088846.15,1000000,1210000,26,7
2017-12-02,10000012,28332,1598,1598,1598,3300,4
2017-12-02,10000012,28334,1500,1500,1500,4300,4
2017-12-02,10000012,28336,904.95,904.95,904.95,1400,1
2017-12-02,10000012,28576,2000000,2000000,2000000,2,1
2017-12-02,10000012,28646,6649999.99,5600000,6999999.98,4,4
2017-12-02,10000012,28668,29799.99,28990,29999,5108,40
2017-12-02,10000012,28756,40000000,40000000,40000000,1,1
2017-12-02,10000012,28999,46793.91,15000,50000,54,7
2017-12-02,10000012,29001,115924.2,15999,990000,40,8
2017-12-02,10000012,29003,45000,45000,45000,15,1
2017-12-02,10000012,29005,18600,15000,27000,10,4
2017-12-02,10000012,29007,40900,40900,40900,3,2
2017-12-02,10000012,29009,75967.32,15000,146999,31,15
2017-12-02,10000012,29011,22223.26,10989.98,37499.99,10,7
2017-12-02,10000012,29013,16422.93,13887.9,24999.99,16,9
2017-12-02,10000012,29015,15145.88,15000,17166.99,40,6
2017-12-02,10000012,29248,1833332,1000000,1999998,6,3
2017-12-02,10000012,29984,190000000,190000000,190000000,1,1
2017-12-02,10000012,30013,82666.67,50000,99000,24,2
2017-12-02,10000012,30028,199999.98,199999.98,199999.98,16,2
2017-12-02,10000012,30486,794233.07,758999.98,849000,41,5
2017-12-02,10000012,30488,634944.51,621988.68,686767.83,10,2
2017-12-02,10000012,30744,200000,200000,200000,7,1
2017-12-02,10000012,30745,500000,500000,500000,4,1
2017-12-02,10000012,30987,600000,600000,600000,7,2
2017-12-02,10000012,31009,450000,450000,450000,2,1
2017-12-02,10000012,31011,2718518.55,2718518.55,2718518.55,2,2
2017-12-02,10000012,31045,655096.32,655096.32,655096.32,3,2
2017-12-02,10000012,31047,3382732.64,3294689,3558819.91,3,2
2017-12-02,10000012,31051,10900000.58,10900000.58,10900000.58,1,1
2017-12-02,10000012,31055,2795962.79,2489907,2999999.98,5,2
2017-12-02,10000012,31063,799999,799999,799999,1,1
2017-12-02,10000012,31083,777007.37,777007.37,777007.37,1,1
2017-12-02,10000012,31105,341195.22,337673.31,350000,7,6
2017-12-02,10000012,31107,1098986.8,1098986.8,1098986.8,1,1
2017-12-02,10000012,31111,6094165.33,6094165.33,6094165.33,1,1
2017-12-02,10000012,31113,13500000,13500000,13500000,3,1
2017-12-02,10000012,31117,369998.77,369888,370032,13,2
2017-12-02,10000012,31119,1139999.5,1139999.5,1139999.5,1,1
2017-12-02,10000012,31125,10500000,10500000,10500000,2,1
2017-12-02,10000012,31153,520686.24,390989,820846.19,10,7
2017-12-02,10000012,31159,448888.83,380000,500000,36,8
2017-12-02,10000012,31161,1600000,1600000,1600000,6,3
2017-12-02,10000012,31165,4723333.33,4570000.01,4799999.99,6,3
2017-12-02,10000012,31167,17990990,17990990,17990990,2,1
2017-12-02,10000012,31179,2027777.56,1655555.11,2400000,2,2
2017-12-02,10000012,31183,4833333.33,4500000,5500000,3,2
2017-12-02,10000012,31238,250000,250000,250000,1,1
2017-12-02,10000012,31262,170000,170000,170000,4,2
2017-12-02,10000012,31268,2200000,2200000,2200000,1,1
2017-12-02,10000012,31274,894750,890000,909000,4,4
2017-12-02,10000012,31280,11400000.07,11400000.07,11400000.07,1,1
2017-12-02,10000012,31286,1300000,1300000,1300000,4,3
2017-12-02,10000012,31298,567170,567170,567170,9,3
2017-12-02,10000012,31358,1049211.6,1048423.2,1050000,4,4
2017-12-02,10000012,31360,4232910.05,4232910.05,4232910.05,2,1
2017-12-02,10000012,31366,29000000.01,29000000.01,29000000.01,1,1
2017-12-02,10000012,31370,533333.33,500000,600000,9,4
2017-12-02,10000012,31372,1525333.33,1400000,1681999.99,9,6
2017-12-02,10000012,31376,6017106.43,6017106.43,6017106.43,1,1
2017-12-02,10000012,31478,494689,494689,494689,2,1
2017-12-02,10000012,31562,1190990,1190990,1190990,2,2
2017-12-02,10000012,31586,480000,480000,480000,1,1
2017-12-02,10000012,31598,1256000,1256000,1256000,3,2
2017-12-02,10000012,31600,199999.99,199999.99,199999.99,36,1
2017-12-02,10000012,31652,30200000.07,30200000.07,30200000.07,1,1
2017-12-02,10000012,31656,150000,150000,150000,1,1
2017-12-02,10000012,31670,1000000,1000000,1000000,2,1
2017-12-02,10000012,31676,12394689,12394689,12394689,1,1
2017-12-02,10000012,31682,500000,500000,500000,2,1
2017-12-02,10000012,31716,309760.52,309760.52,309760.52,4,3
2017-12-02,10000012,31718,783306.13,650000,1035744.94,13,9
2017-12-02,10000012,31722,3307756.35,2961634.53,4000000,3,2
2017-12-02,10000012,31724,7195555.2,6459999.8,8666666,3,3
2017-12-02,10000012,31728,100000,100000,100000,1,1
2017-12-02,10000012,31748,7494689,7494689,7494689,1,1
2017-12-02,10000012,31758,7000000,7000000,7000000,1,1
2017-12-02,10000012,31776,100000,100000,100000,1,1
2017-12-02,10000012,31788,512909.34,449095,994068.69,19,11
2017-12-02,10000012,31790,2016090.66,1909989.54,2440489,40,15
2017-12-02,10000012,31792,45000000,45000000,45000000,2,1
2017-12-02,10000012,31794,9066666.66,7200000,9999999.99,3,2
2017-12-02,10000012,31796,24373902.91,23999999,24956505.35,10,7
2017-12-02,10000012,31812,26000000,26000000,26000000,3,1
2017-12-02,10000012,31864,2785699.99,2785699.99,2785700,7,3
2017-12-02,10000012,31866,3206415.61,2999999.98,3400000,23,9
2017-12-02,10000012,31874,3101175.83,3099999.27,3109999.98,17,8
2017-12-02,10000012,31876,4501000,4501000,4501000,2,1
2017-12-02,10000012,31878,4799999.98,4799999.98,4799999.98,2,1
2017-12-02,10000012,31880,2798888.88,2798888.88,2798888.88,8,2
2017-12-02,10000012,31882,2860071.43,2700000,2949000,14,5
2017-12-02,10000012,31884,3608246.57,3500000,3932986.28,4,2
2017-12-02,10000012,31886,3200000,3200000,3200000,2,1
2017-12-02,10000012,31888,2192585.29,2169966.57,2230000,25,6
2017-12-02,10000012,31890,2568689.65,2518999.99,2950000,58,11
2017-12-02,10000012,31892,3432173.9,2899999.99,3920000,23,7
2017-12-02,10000012,31894,2802000.76,2800000,2807002.67,7,2
2017-12-02,10000012,31926,13000000,13000000,13000000,2,1
2017-12-02,10000012,31928,15833332.52,12749998.78,22000000,6,5
2017-12-02,10000012,31932,40000000,40000000,40000000,2,1
2017-12-02,10000012,31936,15562499.75,15562499.75,15562499.75,1,1
2017-12-02,10000012,31998,149857.36,149857.36,149857.36,16,1
2017-12-02,10000012,32006,154988.96,154988.96,154988.96,1076,27
2017-12-02,10000012,32014,100000,100000,100000,248,8
2017-12-02,10000012,32772,999999,999999,999999,2,1
2017-12-02,10000012,32787,55000,55000,55000,3,1
2017-12-02,10000012,32872,2609362.88,2609362.88,2609362.88,4,3
2017-12-02,10000012,32876,2200000,2200000,2200000,5,1
2017-12-02,10000012,32878,2187499.5,1474999.61,2899999.38,2,2
2017-12-02,10000012,32880,1300000,1300000,1300000,2,2
2017-12-02,10000012,33005,333333.33,333333.33,333333.33,2,2
2017-12-02,10000012,33007,300000,300000,300000,5,1
2017-12-02,10000012,33011,100000,100000,100000,1,1
2017-12-02,10000012,33076,689999.07,100000,999999,10,6
2017-12-02,10000012,33078,2999999.99,2999999.99,2999999.99,1,1
2017-12-02,10000012,33091,1999999.99,1999999.99,1999999.99,1,1
2017-12-02,10000012,33092,969999.96,969999.96,969999.96,1,1
2017-12-02,10000012,33101,740920.89,675000,806841.78,2,2
2017-12-02,10000012,33157,178500000,178500000,178500000,1,1
2017-12-02,10000012,33332,123000,123000,123000,50,1
2017-12-02,10000012,33450,3792289.58,3792289.58,3792289.58,3,1
2017-12-02,10000012,33474,1816666.67,1745000,2175000,6,4
2017-12-02,10000012,33475,9620522.43,9559000,10200000,44,24
2017-12-02,10000012,33513,30000000,30000000,30000000,1,1
2017-12-02,10000012,33520,45000000,45000000,45000000,1,1
2017-12-02,10000012,33577,500000,500000,500000,46,1
2017-12-02,10000012,33697,31666666.64,31666666.64,31666666.64,4,1
2017-12-02,10000012,33699,99998,99998,99998,1,1
2017-12-02,10000012,33706,75000,75000,75000,4,1
2017-12-02,10000012,33824,1876441.87,1861999.97,2020860.84,11,6
2017-12-02,10000012,33890,1127486.11,1107486.11,1314972.22,30,4
2017-12-02,10000012,33894,5928571.21,5928571.21,5928571.21,1,1
2017-12-02,10000012,34260,220000,220000,220000,30,1
2017-12-02,10000012,34264,2236538.46,1900000,2250000,26,10
2017-12-02,10000012,34828,41000000,41000000,41000000,2,1
2017-12-02,10000012,35656,99950,99949.99,99950,4,3
2017-12-02,10000012,35657,169433.16,159866.81,200000,4,4
2017-12-02,10000012,35658,247192.8,228988,274500,5,5
2017-12-02,10000012,35659,268333.33,185000,310000,3,2
2017-12-02,10000012,35660,199810.35,160000,290426.08,8,8
2017-12-02,10000012,35661,560957.6,521915.2,600000,2,2
2017-12-02,10000012,35771,2140054.91,1533000,2241230.73,7,3
2017-12-02,10000012,35790,2426403.02,2334636.86,2977000,7,2
2017-12-02,10000012,35794,30508.86,9239.14,51778.57,2,2
2017-12-02,10000012,35795,50399.69,50399.69,50399.69,1,1
2017-12-02,10000012,36910,10396995.23,10119523.98,10847886,21,8
2017-12-02,10000012,36911,8301012.8,7752532,8500000,5,4
2017-12-02,10000012,36912,6784086.6,6650000,6897716.49,20,5
2017-12-02,10000012,40520,962298333.33,962290000,962300000,6,3
2017-12-02,10000012,40571,26000000,26000000,26000000,3,2
2017-12-02,10000012,41033,550000,550000,550000,1,1
2017-12-02,10000012,41034,284380.37,284148.01,285000,22,9
2017-12-02,10000012,41155,68888,68888,68888,3,2
2017-12-02,10000012,41212,23000000,23000000,23000000,1,1
2017-12-02,10000012,41220,89990990,89990990,89990990,1,1
2017-12-02,10000012,41249,60000000,60000000,60000000,1,1
2017-12-02,10000012,41330,5000000,5000000,5000000,3,1
2017-12-02,10000012,41489,88888.88,88888.88,88888.88,330,3
2017-12-02,10000012,41490,1480000,1480000,1480000,10,1
2017-12-02,10000012,41491,42775000,42775000,42775000,1,1
2017-12-02,10000012,42529,1000000,1000000,1000000,3,1
2017-12-02,10000012,42829,900,900,900,500,1
2017-12-02,10000012,42830,900,900,900,500,1
2017-12-02,10000012,42834,724.57,724.57,724.57,5500,3
2017-12-02,10000012,42835,1115,1115,1115,300,1
2017-12-02,10000012,42836,1115,1115,1115,300,1
2017-12-02,10000012,42837,1115,1115,1115,300,1
2017-12-02,10000012,42839,2999,2999,2999,500,1
2017-12-02,10000012,42840,2999,2999,2999,800,2
2017-12-02,10000012,43552,2999997.2,2999997,2999999,10,2
2017-12-02,10000012,43554,4000000,4000000,4000000,5,2
2017-12-02,10000012,43556,3929496.21,3929496.21,3929496.21,2,1
2017-12-02,10000012,43896,1875000,1875000,1875000,1,1
2017-12-02,10000012,44992,3478998.99,3478998.99,3478998.99,2753,17
2017-12-02,10000012,45010,190000,190000,190000,15,1
2017-12-02,10000012,45589,55000000,55000000,55000000,1,1
2017-12-02,10000012,45591,46000000,46000000,46000000,1,1
2017-12-02,10000012,45593,23000000,23000000,23000000,1,1
2017-12-02,10000012,45602,60000000,60000000,60000000,1,1
2017-12-02,10000012,45613,76000000,76000000,76000000,1,1
2017-12-02,10000012,45619,41000000,41000000,41000000,2,2
2017-12-02,10000012,45625,45000000,45000000,45000000,1,1
2017-12-02,10000012,45633,49750000,49750000,49750000,1,1
2017-12-02,10000012,45998,4187500,3531250,5500000,6,2
2017-12-02,10000012,45999,12450000,12450000,12450000,3,1
2017-12-02,10000012,46003,10000000,10000000,10000000,1,1
2017-12-02,10000012,46004,1500000,1500000,1500000,2,1
2017-12-02,10000012,46005,7071428.57,6700000,8000000,7,3
2017-12-02,10000012,46008,750000,750000,750000,8,1
2017-12-02,10000013,34,4.4,4.4,4.4,46371164,12
2017-12-02,10000013,35,3,3,3,45585494,10
2017-12-02,10000013,36,66,55,75.99,535039,8
2017-12-02,10000013,37,30,30,30,542677,8
2017-12-02,10000013,38,300,300,300,111030,9
2017-12-02,10000013,39,800,800,800,110234,10
2017-12-02,10000013,40,950,950,950,38658,9
2017-12-02,10000013,201,350,350,350,36600,3
2017-12-02,10000013,202,285,285,285,7000,4
2017-12-02,10000013,204,350,350,350,3000,1
2017-12-02,10000013,207,99,99,99,5000,1
2017-12-02,10000013,212,19.99,19.99,19.99,4000,1
2017-12-02,10000013,377,15997.49,15997.49,15997.49,2,1
2017-12-02,10000013,380,892500,585000,1200000,6,2
2017-12-02,10000013,434,46666.67,10000,120000,3,3
2017-12-02,10000013,439,85000,85000,85000,20,1
2017-12-02,10000013,440,5300000,5300000,5300000,1,1
2017-12-02,10000013,444,46333.33,45000,49000,3,3
2017-12-02,10000013,448,1676187.38,1645000,1707374.75,2,2
2017-12-02,10000013,450,25000,25000,25000,10,1
2017-12-02,10000013,483,10000,10000,10000,4,2
2017-12-02,10000013,526,40000,40000,40000,2,1
2017-12-02,10000013,527,1164285.72,1128571.43,1200000,2,2
2017-12-02,10000013,578,114272.73,99000,120000,11,4
2017-12-02,10000013,588,10000,10000,10000,1,1
2017-12-02,10000013,590,449000,449000,449000,1,1
2017-12-02,10000013,592,349999.99,349999.99,349999.99,9,1
2017-12-02,10000013,593,449969.99,449969.99,449969.99,1,1
2017-12-02,10000013,602,365000,365000,365000,1,1
2017-12-02,10000013,605,616666.67,550000,750000,3,3
2017-12-02,10000013,607,760000,750000,800000,5,3
2017-12-02,10000013,620,7000000,7000000,7000000,1,1
2017-12-02,10000013,621,9000000,9000000,9000000,1,1
2017-12-02,10000013,650,1200000,1200000,1200000,1,1
2017-12-02,10000013,654,1460000,1400000,1500000,5,5
2017-12-02,10000013,655,1430000,1325000,1500000,5,5
2017-12-02,10000013,656,1400000,1200000.01,1500000,3,2
2017-12-02,10000013,657,1494285.71,1480000,1500000,7,7
2017-12-02,10000013,672,27981.97,19945.9,32000,3,3
2017-12-02,10000013,1248,1092735.2,1092735.2,1092735.2,3,1
2017-12-02,10000013,1317,25340.89,24999,27392.26,7,3
2017-12-02,10000013,1319,910120.08,891548.32,940000,52,9
2017-12-02,10000013,1333,73000,73000,73000,3,1
2017-12-02,10000013,1403,29105.26,24000,30000,38,4
2017-12-02,10000013,1405,745551.89,740092.84,750000,49,9
2017-12-02,10000013,1422,1000000,1000000,1000000,1,1
2017-12-02,10000013,1541,1250698.25,1200000,1400000,4,4
2017-12-02,10000013,1877,1380998.5,1250000,1490163.92,11,2
2017-12-02,10000013,1944,1300000,1300000,1300000,1,1
2017-12-02,10000013,1952,1425000,1400000,1450000,2,2
2017-12-02,10000013,1978,1500000,1500000,1500000,2,2
2017-12-02,10000013,1999,953999.5,908000,999999,4,2
2017-12-02,10000013,2024,1500000,1500000,1500000,1,1
2017-12-02,10000013,2032,636999.5,634999,639000,6,2
2017-12-02,10000013,2046,14350,13700,15000,2,2
2017-12-02,10000013,2048,649933.33,600000,800000,15,8
2017-12-02,10000013,2173,45833.25,45833.25,45833.25,7,1
2017-12-02,10000013,2175,1200000,1200000,1200000,4,1
2017-12-02,10000013,2185,1051578.65,1000000,1154735.94,15,2
2017-12-02,10000013,2193,209680.23,208774.22,210000,23,3
2017-12-02,10000013,2195,2316666.66,1950000,2499999.99,15,2
2017-12-02,10000013,2203,4749.74,3999,4999.98,8,2
2017-12-02,10000013,2205,412142.85,200000,474999.99,35,2
2017-12-02,10000013,2254,400000,400000,400000,1,1
2017-12-02,10000013,2281,3801813.24,3710599.97,4999999,15,10
2017-12-02,10000013,2293,120000,120000,120000,1,1
2017-12-02,10000013,2301,2550000,2550000,2550000,1,1
2017-12-02,10000013,2333,1200000,1200000,1200000,1,1
2017-12-02,10000013,2364,1500000,1500000,1500000,4,2
2017-12-02,10000013,2392,850,850,850,3333,1
2017-12-02,10000013,2399,770,770,770,914,1
2017-12-02,10000013,2446,2069991.95,2069991.95,2069991.95,6,1
2017-12-02,10000013,2456,454917.11,416654.08,493180.15,20,3
2017-12-02,10000013,2466,500000,500000,500000,1,1
2017-12-02,10000013,2488,539875.42,480000,596604.62,29,6
2017-12-02,10000013,2524,800000,800000,800000,4,1
2017-12-02,10000013,2525,495000,495000,495000,1,1
2017-12-02,10000013,2533,400000,400000,400000,1,1
2017-12-02,10000013,2534,555000,555000,555000,1,1
2017-12-02,10000013,2550,400000,400000,400000,1,1
2017-12-02,10000013,2551,400000,400000,400000,1,1
2017-12-02,10000013,2553,1200000,1200000,1200000,1,1
2017-12-02,10000013,2603,20000,20000,20000,2,1
2017-12-02,10000013,2605,918750,750000,2100000,8,4
2017-12-02,10000013,2613,149,149,149,500,1
2017-12-02,10000013,2621,766,700,766,17200,3
2017-12-02,10000013,2629,735,735,735,47000,2
2017-12-02,10000013,2868,3000000,3000000,3000000,20,1
2017-12-02,10000013,2870,1100000,1100000,1100000,24,1
2017-12-02,10000013,2905,700000,700000,700000,2,1
2017-12-02,10000013,2998,59000000,59000000,59000000,1,1
2017-12-02,10000013,3057,5300000,5300000,5300000,4,1
2017-12-02,10000013,3178,1000000,1000000,1000000,5,1
2017-12-02,10000013,3244,1700000,1700000,1700000,1,1
2017-12-02,10000013,3297,25000,25000,25000,5,1
2017-12-02,10000013,3331,40000,40000,40000,6,1
2017-12-02,10000013,3342,500000,500000,500000,1,1
2017-12-02,10000013,3343,300000,300000,300000,5,5
2017-12-02,10000013,3387,150000,150000,150000,1,1
2017-12-02,10000013,3406,360000,360000,360000,1,1
2017-12-02,10000013,3409,380000,380000,380000,1,1
2017-12-02,10000013,3427,129999.99,129999.99,129999.99,1,1
2017-12-02,10000013,3504,3125000,2750000,3500000,2,2
2017-12-02,10000013,3520,1841654.01,1841654.01,1841654.01,3,1
2017-12-02,10000013,3530,1900000,1900000,1900000,6,2
2017-12-02,10000013,3538,198000,198000,198000,1,1
2017-12-02,10000013,3540,2599999.98,2599999.98,2599999.98,1,1
2017-12-02,10000013,3568,1000000,1000000,1000000,1,1
2017-12-02,10000013,3578,2400000,2400000,2400000,2,1
2017-12-02,10000013,3608,1600000,1600000,1600000,2,1
2017-12-02,10000013,3831,764666.67,764000,765000,3,2
2017-12-02,10000013,3839,95000,95000,95000,2,1
2017-12-02,10000013,3841,1563225.4,1344838.1,2000000,6,2
2017-12-02,10000013,3887,150000,150000,150000,3,2
2017-12-02,10000013,4027,64499.93,64499.93,64499.93,1,1
2017-12-02,10000013,4051,23000,23000,23000,100,1
2017-12-02,10000013,4247,23000,23000,23000,50,1
2017-12-02,10000013,4250,3000000,3000000,3000000,3,1
2017-12-02,10000013,4254,1499999.99,1499999.99,1499999.99,4,1
2017-12-02,10000013,4260,3000000,3000000,3000000,1,1
2017-12-02,10000013,4312,21000,21000,21000,33000,3
2017-12-02,10000013,4383,1627500,1627500,1627500,1,1
2017-12-02,10000013,4405,1391087.09,1250000,2000000,26,5
2017-12-02,10000013,5011,250000,250000,250000,1,1
2017-12-02,10000013,5405,30000,30000,30000,1,1
2017-12-02,10000013,5445,30000,30000,30000,7,1
2017-12-02,10000013,5839,3068181.8,2999999.98,3750000,11,2
2017-12-02,10000013,5955,130000,130000,130000,2,1
2017-12-02,10000013,5973,697420.37,544840.75,850000,4,4
2017-12-02,10000013,5975,666666.66,500000,999999.98,3,3
2017-12-02,10000013,6003,25000,25000,25000,1,1
2017-12-02,10000013,7367,1500000,1500000,1500000,36,2
2017-12-02,10000013,8027,2000000,2000000,2000000,6,1
2017-12-02,10000013,8091,90000,90000,90000,4,1
2017-12-02,10000013,8529,300000,300000,300000,1,1
2017-12-02,10000013,9580,120000,120000,120000,1,1
2017-12-02,10000013,9632,400000,400000,400000,2,1
2017-12-02,10000013,9832,11499.99,11499.99,11499.99,2000,1
2017-12-02,10000013,9834,130000,130000,130000,300,2
2017-12-02,10000013,9836,11054,11054,11054,140,1
2017-12-02,10000013,9838,11999,11999,11999,60,1
2017-12-02,10000013,9848,72251.72,72251.72,72251.72,4883,2
2017-12-02,10000013,10208,25421666.66,24632500,26999999.99,3,3
2017-12-02,10000013,10212,26000000,25000000,26999999.99,2,2
2017-12-02,10000013,10216,25987500,24975000,26999999.99,2,2
2017-12-02,10000013,10221,25666666.66,25000000,26999999.99,3,3
2017-12-02,10000013,10225,26666666.66,25000000,27500000,3,3
2017-12-02,10000013,10246,14410.49,13943.08,14800,11,2
2017-12-02,10000013,10250,1105000,1105000,1105000,8,1
2017-12-02,10000013,10850,802659.11,749584.92,855733.3,2,2
2017-12-02,10000013,10858,1250000,1250000,1250000,1,1
2017-12-02,10000013,10998,244666.31,243999,244999.96,6,3
2017-12-02,10000013,11082,1100000,1100000,1100000,1,1
2017-12-02,10000013,11129,31666.67,31000,32000,3,3
2017-12-02,10000013,11176,35500000,35500000,35500000,1,1
2017-12-02,10000013,11184,36000000,34000000,38000000,2,2
2017-12-02,10000013,11186,50000000,50000000,50000000,1,1
2017-12-02,10000013,11196,34500000,34500000,34500000,1,1
2017-12-02,10000013,11200,31250000,27500000,35000000,2,2
2017-12-02,10000013,11202,31666666.67,30000000,35000000,3,3
2017-12-02,10000013,11269,670049.84,670049.84,670049.84,2,2
2017-12-02,10000013,11285,5500,5500,5500,25,1
2017-12-02,10000013,11287,5500,5500,5500,50,1
2017-12-02,10000013,11289,5000,5000,5000,140,1
2017-12-02,10000013,11295,4500,4500,4500,2,1
2017-12-02,10000013,11370,2940000,2200000,3680000,2,2
2017-12-02,10000013,11395,600000,600000,600000,2,1
2017-12-02,10000013,11399,7600,7600,7600,1000,1
2017-12-02,10000013,11441,14000000,14000000,14000000,1,1
2017-12-02,10000013,11557,30000,30000,30000,55,1
2017-12-02,10000013,11563,290000,259999.99,300000,4,3
2017-12-02,10000013,11577,5499999.99,5499999.99,5499999.99,2,2
2017-12-02,10000013,11578,6500000,6500000,6500000,6,4
2017-12-02,10000013,11584,350000,350000,350000,1,1
2017-12-02,10000013,11640,850000,850000,850000,5,2
2017-12-02,10000013,12056,52558.37,48245.49,100000,12,2
2017-12-02,10000013,12058,3600000,3600000,3600000,1,1
2017-12-02,10000013,12076,7199999.99,7199999.99,7199999.99,1,1
2017-12-02,10000013,12210,1000000,1000000,1000000,1,1
2017-12-02,10000013,12803,450,450,450,2001,1
2017-12-02,10000013,12814,375000,375000,375000,9,1
2017-12-02,10000013,12818,180000,180000,180000,3,1
2017-12-02,10000013,12820,1500000,1500000,1500000,8,1
2017-12-02,10000013,13003,2172499.25,2000000,2229999,4,3
2017-12-02,10000013,13216,22000000,22000000,22000000,1,1
2017-12-02,10000013,13260,26000000,26000000,26000000,2,1
2017-12-02,10000013,13969,238999999.99,238999999.99,238999999.99,1,1
2017-12-02,10000013,15681,110000000,105000000,120000000,6,3
2017-12-02,10000013,15729,36000000,36000000,36000000,2,1
2017-12-02,10000013,15907,135000000,135000000,135000000,1,1
2017-12-02,10000013,16272,399,300,497.99,305000,6
2017-12-02,10000013,16273,140,25,150,17050,18
2017-12-02,10000013,16274,795,795,795,100000,1
2017-12-02,10000013,16275,4000,4000,4000,51764,2
2017-12-02,10000013,16281,330000,330000,330000,2,1
2017-12-02,10000013,16467,500000,500000,500000,1,1
2017-12-02,10000013,16640,6720,6720,6720,800,1
2017-12-02,10000013,16650,76000,76000,76000,72000,3
2017-12-02,10000013,16682,18999,18999,18999,4027,2
2017-12-02,10000013,17478,21468571.42,21468571.42,21468571.42,2,2
2017-12-02,10000013,17482,2032666.66,1800000,2148999.99,6,3
2017-12-02,10000013,17718,140000000,140000000,140000000,1,1
2017-12-02,10000013,17843,80000000,80000000,80000000,2,1
2017-12-02,10000013,17887,900,900,900,511013,20
2017-12-02,10000013,17889,850,850,850,75000,1
2017-12-02,10000013,17912,4100000,4100000,4100000,2,1
2017-12-02,10000013,17918,569999999,569999999,569999999,1,1
2017-12-02,10000013,17938,350000,350000,350000,5,1
2017-12-02,10000013,18025,450050,400100,500000,2,2
2017-12-02,10000013,18040,139999.99,139999.99,139999.99,5,1
2017-12-02,10000013,18064,156000,156000,156000,10,1
2017-12-02,10000013,18590,764754.36,721028.82,850000,75,5
2017-12-02,10000013,18592,632533.33,550000,632999.99,60,4
2017-12-02,10000013,18594,524590.17,449180.33,900000,88,6
2017-12-02,10000013,18596,500000,500000,500000,35,4
2017-12-02,10000013,18598,848148.15,700000,860000,81,3
2017-12-02,10000013,18602,300000,300000,300000,6,1
2017-12-02,10000013,18608,850000,850000,850000,14,2
2017-12-02,10000013,18612,350000,350000,350000,4,1
2017-12-02,10000013,18614,450000,450000,450000,4,1
2017-12-02,10000013,18624,871010.44,850000,899999.99,72,5
2017-12-02,10000013,18626,495000,495000,495000,10,1
2017-12-02,10000013,18635,200000,200000,200000,15,2
2017-12-02,10000013,18637,350000,350000,350000,5,1
2017-12-02,10000013,18639,472482.62,466799.41,478165.83,4,4
2017-12-02,10000013,19040,69400000,69400000,69400000,1,1
2017-12-02,10000013,19187,75000000,75000000,75000000,1,1
2017-12-02,10000013,20209,1079999.99,1000000,1099999.99,5,2
2017-12-02,10000013,20210,900000,900000,900000,1,1
2017-12-02,10000013,20526,100000000,100000000,100000000,1,1
2017-12-02,10000013,21096,4115736.01,2981896.6,15000000,10,7
2017-12-02,10000013,21740,1200,1200,1200,2500,1
2017-12-02,10000013,21815,6500155.29,6500155.29,6500155.29,8,1
2017-12-02,10000013,21898,490,490,490,750,2
2017-12-02,10000013,21922,800,800,800,6000,1
2017-12-02,10000013,21937,999.99,999.99,999.99,2000,1
2017-12-02,10000013,22175,257249.92,249499.84,265000,2,2
2017-12-02,10000013,22177,300000,300000,300000,2,2
2017-12-02,10000013,22291,997999,997999,997999,3,2
2017-12-02,10000013,22551,35000000,35000000,35000000,1,1
2017-12-02,10000013,22559,70000000,70000000,70000000,1,1
2017-12-02,10000013,22576,126000,126000,126000,1,1
2017-12-02,10000013,22778,190000,190000,190000,50,1
2017-12-02,10000013,23055,3300000,3281931.6,3362000,189,13
2017-12-02,10000013,23059,3500000,3500000,3500000,9,1
2017-12-02,10000013,23061,2718666,2718666,2718666,9,1
2017-12-02,10000013,23113,1000000,1000000,1000000,5,1
2017-12-02,10000013,23525,109995.92,109995.92,109995.92,5,1
2017-12-02,10000013,23527,287496.26,287496.26,287496.26,5,2
2017-12-02,10000013,23566,480000,480000,480000,1,1
2017-12-02,10000013,23707,6431.91,6431.91,6431.91,35,2
2017-12-02,10000013,23757,1100000000,1100000000,1100000000,1,1
2017-12-02,10000013,23911,1250000000,1250000000,1250000000,1,1
2017-12-02,10000013,24242,20000000,20000000,20000000,1,1
2017-12-02,10000013,24283,49187500,46750000,50000000,8,4
2017-12-02,10000013,24305,4254320.99,4100000,4562962.96,6,2
2017-12-02,10000013,24348,1399999.25,1399999,1400000,4,4
2017-12-02,10000013,24395,400000,400000,400000,1,1
2017-12-02,10000013,24417,1646999.98,1643999.96,1650000,2,2
2017-12-02,10000013,24427,1485397.01,1450000,1520794.01,2,2
2017-12-02,10000013,24438,1447508.49,1237542.43,1500000,5,2
2017-12-02,10000013,24490,180,180,180,30000,1
2017-12-02,10000013,24499,400,400,400,3000,1
2017-12-02,10000013,24509,800,800,800,18000,2
2017-12-02,10000013,24515,500,500,500,5000,1
2017-12-02,10000013,24533,550,550,550,23875,2
2017-12-02,10000013,25235,180000,180000,180000,1,1
2017-12-02,10000013,25563,1999000,1999000,1999000,1,1
2017-12-02,10000013,25595,14040.01,14040.01,14040.01,142,2
2017-12-02,10000013,25598,11000,11000,11000,566,1
2017-12-02,10000013,25600,25001,25001,25001,1252,3
2017-12-02,10000013,25605,12000,12000,12000,26,1
2017-12-02,10000013,25620,44000,44000,44000,7,1
2017-12-02,10000013,25861,125166.67,119000,155000,6,3
2017-12-02,10000013,25948,6000000,6000000,6000000,3,1
2017-12-02,10000013,26888,30600000,30600000,30600000,16,2
2017-12-02,10000013,27064,50000000,50000000,50000000,2,2
2017-12-02,10000013,27175,1500000,1500000,1500000,1,1
2017-12-02,10000013,27351,2700,2700,2700,400,1
2017-12-02,10000013,27359,2658.24,2658.24,2658.24,1500,3
2017-12-02,10000013,27423,1800,1800,1800,30000,1
2017-12-02,10000013,28213,1225013.61,1100081.65,1250000,12,3
2017-12-02,10000013,28262,450000,450000,450000,7,1
2017-12-02,10000013,28361,8000,8000,8000,150,2
2017-12-02,10000013,28362,170000,170000,170000,59,1
2017-12-02,10000013,28363,140000,140000,140000,107,3
2017-12-02,10000013,28364,24000,24000,24000,121,3
2017-12-02,10000013,28366,2300000,2300000,2300000,18,1
2017-12-02,10000013,28420,300000,300000,300000,263,1
2017-12-02,10000013,28435,399518.86,399518.86,399518.86,182,1
2017-12-02,10000013,28439,549104.01,549104.01,549104.01,1291,1
2017-12-02,10000013,28576,1275000,1000000,1550000,8,4
2017-12-02,10000013,28578,978788.62,978788.62,978788.62,2,1
2017-12-02,10000013,28583,70000000,70000000,70000000,1,1
2017-12-02,10000013,28585,25000000,25000000,25000000,1,1
2017-12-02,10000013,28606,693069241.29,690000000,700000000,4,4
2017-12-02,10000013,28668,28741.72,28741.72,28741.72,2014,5
2017-12-02,10000013,28756,38485000,38485000,38485000,1,1
2017-12-02,10000013,28758,45000000,45000000,45000000,1,1
2017-12-02,10000013,28999,13000,13000,13000,1,1
2017-12-02,10000013,29001,15000,15000,15000,7,3
2017-12-02,10000013,30013,9998.08,9998.08,9998.08,16,1
2017-12-02,10000013,30028,65833.33,64999.99,67500,24,2
2017-12-02,10000013,30486,550000,500000,600000,16,2
2017-12-02,10000013,30488,492255.32,485000,520000,47,5
2017-12-02,10000013,30836,1650000,1650000,1650000,6,1
2017-12-02,10000013,30993,98700000.01,98700000.01,98700000.01,2,1
2017-12-02,10000013,31045,280000,280000,280000,2,2
2017-12-02,10000013,31057,12000000,12000000,12000000,3,1
2017-12-02,10000013,31111,4500000,4500000,4500000,4,2
2017-12-02,10000013,31117,600000,600000,600000,3,1
2017-12-02,10000013,31119,1580000,1580000,1580000,6,2
2017-12-02,10000013,31125,12036000,12036000,12036000,1,1
2017-12-02,10000013,31153,340000,340000,340000,1,1
2017-12-02,10000013,31159,350000,350000,350000,1,1
2017-12-02,10000013,31163,49999986.68,49999986.68,49999986.68,3,2
2017-12-02,10000013,31165,4492400,4154000,5000000,10,3
2017-12-02,10000013,31171,4563000,4563000,4563000,6,2
2017-12-02,10000013,31173,10738000,10738000,10738000,3,1
2017-12-02,10000013,31177,325000,325000,325000,2,1
2017-12-02,10000013,31213,299999.99,299999.99,299999.99,2,1
2017-12-02,10000013,31324,1200000,1200000,1200000,2,1
2017-12-02,10000013,31358,999999,999999,999999,1,1
2017-12-02,10000013,31360,3434226.19,3434226.19,3434226.19,1,1
2017-12-02,10000013,31372,1206000,1206000,1206000,2,1
2017-12-02,10000013,31374,64300000.01,50000000,78600000.02,6,3
2017-12-02,10000013,31444,500000,500000,500000,2,2
2017-12-02,10000013,31456,1600000,1600000,1600000,1,1
2017-12-02,10000013,31570,5310000,5310000,5310000,1,1
2017-12-02,10000013,31718,331250,325000,350000,4,4
2017-12-02,10000013,31724,5000000,5000000,5000000,1,1
2017-12-02,10000013,31760,5192000,5192000,5192000,2,2
2017-12-02,10000013,31790,2222727.27,2100000,2250000,11,4
2017-12-02,10000013,31796,25538245.61,25538245.61,25538245.61,3,1
2017-12-02,10000013,31802,2599999.99,2599999.99,2599999.99,4,1
2017-12-02,10000013,31866,4000000,4000000,4000000,1,1
2017-12-02,10000013,31870,4400000,4400000,4400000,15,2
2017-12-02,10000013,31942,73500000,73500000,73500000,1,1
2017-12-02,10000013,32014,205000,205000,205000,5,1
2017-12-02,10000013,32774,100000,99999.99,100000,5,4
2017-12-02,10000013,32780,1000000,1000000,1000000,1,1
2017-12-02,10000013,32787,25199.6,21499.5,40000,25,3
2017-12-02,10000013,32819,1250000,1250000,1250000,1,1
2017-12-02,10000013,33003,200000,200000,200000,10,1
2017-12-02,10000013,33180,99999.99,99999.99,99999.99,1,1
2017-12-02,10000013,33281,50000000,50000000,50000000,1,1
2017-12-02,10000013,33330,14999.99,14999.99,14999.99,1000,1
2017-12-02,10000013,33362,27800,27800,27800,268,1
2017-12-02,10000013,33450,3100000,3100000,3100000,6,1
2017-12-02,10000013,33468,60500000,60500000,60500000,1,1
2017-12-02,10000013,33474,1829375,1800000,2035000,8,2
2017-12-02,10000013,33475,9997690.77,9996998,9999998,13,4
2017-12-02,10000013,33595,40000000,40000000,40000000,1,1
2017-12-02,10000013,33697,32000000,32000000,32000000,4,1
2017-12-02,10000013,33824,1040000,1040000,1040000,1,1
2017-12-02,10000013,33844,110000000,110000000,110000000,2,1
2017-12-02,10000013,33852,176833333.33,169000000,180750000,3,3
2017-12-02,10000013,34496,1500000,1500000,1500000,1,1
2017-12-02,10000013,34533,999999.99,999999.99,999999.99,1,1
2017-12-02,10000013,34562,57500000,57500000,57500000,1,1
2017-12-02,10000013,35658,650000,650000,650000,1,1
2017-12-02,10000013,35659,425000,425000,425000,1,1
2017-12-02,10000013,35660,307748,307748,307748,1,1
2017-12-02,10000013,35661,887500,875000,899999.99,2,2
2017-12-02,10000013,35683,65000000,65000000,65000000,1,1
2017-12-02,10000013,35685,1300000,1300000,1300000,1,1
2017-12-02,10000013,36909,8008192,8008192,8008192,1,1
2017-12-02,10000013,37135,25100000,25100000,25100000,1,1
2017-12-02,10000013,37479,975000,975000,975000,10,2
2017-12-02,10000013,40345,7500000,7500000,7500000,18,1
2017-12-02,10000013,40346,10000000,10000000,10000000,15,3
2017-12-02,10000013,40351,238500000.01,238500000.01,238500000.01,3,2
2017-12-02,10000013,40354,35866666.68,27000000,53600000.04,3,2
2017-12-02,10000013,40358,3000000,3000000,3000000,18,2
2017-12-02,10000013,40556,12400000,12390000,12500000,188,11
2017-12-02,10000013,40557,9499999.99,9499999.99,9499999.99,18,1
2017-12-02,10000013,40559,9655172.4,8999999.99,9999999.99,58,4
2017-12-02,10000013,40570,21999999.99,21999999.99,21999999.99,12,1
2017-12-02,10000013,40571,24999999,24999999,24999999,6,1
2017-12-02,10000013,40659,29529999.02,29059998.04,30000000,2,2
2017-12-02,10000013,40714,52390948.68,52390948.68,52390948.68,1,1
2017-12-02,10000013,41155,10000,10000,10000,4,1
2017-12-02,10000013,41218,45000000,45000000,45000000,1,1
2017-12-02,10000013,41236,30999998.91,30999998.91,30999998.91,1,1
2017-12-02,10000013,41238,71000000,71000000,71000000,1,1
2017-12-02,10000013,41411,31199920,30000000,32999799.99,5,5
2017-12-02,10000013,41415,160000000,120000000,170000000,4,3
2017-12-02,10000013,41486,31089968.54,31089968.54,31089968.54,1,1
2017-12-02,10000013,41492,104000000,104000000,104000000,2,1
2017-12-02,10000013,42244,72000000,72000000,72000000,1,1
2017-12-02,10000013,42529,600000,600000,600000,1,1
2017-12-02,10000013,42695,900,900,900,5000,2
2017-12-02,10000013,42696,1000,1000,1000,3000,1
2017-12-02,10000013,42829,560,555,570,6000,3
2017-12-02,10000013,42830,600,600,600,9000,3
2017-12-02,10000013,43551,6300000.02,6300000.02,6300000.02,2,1
2017-12-02,10000013,43555,3850000,3850000,3850000,2,1
2017-12-02,10000013,43694,59700000,59700000,59700000,5,1
2017-12-02,10000013,43699,225000,225000,225000,7,2
2017-12-02,10000013,44992,3450316.64,3450316.64,3450316.64,500,1
2017-12-02,10000013,45589,55000000,55000000,55000000,1,1
2017-12-02,10000013,45635,258620000,258620000,258620000,1,1
2017-12-02,10000013,46356,1019999.6,999999.5,1100000,20,4
2017-12-02,10000013,46365,156250,125000,175000,32,3
2017-12-02,10000013,46366,1305882.35,1200000,1400000,34,3
2017-12-02,10000013,46368,1100000,1099999.99,1100000,20,2
2017-12-02,10000013,46370,1600000,1600000,1600000,28,1
2017-12-02,10000013,46372,1199999.99,1199999.99,1199999.99,2,1
2017-12-02,10000013,46679,1720,1720,1720,1,1
2017-12-02,10000013,46685,80,80,80,1,1
2017-12-02,10000013,46686,63,63,63,1,1
2017-12-02,10000014,19,1000,1000,1000,40,1
2017-12-02,10000014,22,120,120,120,4,1
2017-12-02,10000014,34,5.16,5.16,5.16,65528762,25
2017-12-02,10000014,35,3.5,3.5,3.5,33182243,30
2017-12-02,10000014,36,68.99,68.99,68.99,4954594,25
2017-12-02,10000014,37,41,25,46.49,1246295,23
2017-12-02,10000014,38,390,390,390,570122,25
2017-12-02,10000014,39,1000,1000,1000,175847,20
2017-12-02,10000014,40,1179.99,1179.99,1179.99,40989,19
2017-12-02,10000014,44,13000,13000,13000,105,2
2017-12-02,10000014,184,23.16,23.16,23.16,5652,4
2017-12-02,10000014,185,17.99,17.99,17.99,20960,10
2017-12-02,10000014,189,75,75,75,1000,1
2017-12-02,10000014,191,80,80,80,100,1
2017-12-02,10000014,192,100,100,100,4000,2
2017-12-02,10000014,193,103.55,103.55,103.55,16000,4
2017-12-02,10000014,201,276.88,276.88,276.88,10000,1
2017-12-02,10000014,209,46.53,46.53,46.53,5000,2
2017-12-02,10000014,210,19.39,19.39,19.39,21360,5
2017-12-02,10000014,212,21,21,21,3000,1
2017-12-02,10000014,215,6.72,6.72,6.72,11020,7
2017-12-02,10000014,222,23.37,23.37,23.37,61840,24
2017-12-02,10000014,230,60,60,60,30000,2
2017-12-02,10000014,231,24,24,24,5000,1
2017-12-02,10000014,238,207.17,207.17,207.17,5000,1
2017-12-02,10000014,266,4.62,4.62,4.62,1000,1
2017-12-02,10000014,267,474.99,474.99,474.99,1000,1
2017-12-02,10000014,377,12000,11999.99,12000,7,5
2017-12-02,10000014,380,735194,705582,750000,24,14
2017-12-02,10000014,394,249999.98,249999.98,249999.98,1,1
2017-12-02,10000014,399,67250,67250,67250,1,1
2017-12-02,10000014,434,100000,100000,100000,5,5
2017-12-02,10000014,438,4003168.79,3347277.4,4267997.92,15,10
2017-12-02,10000014,439,74752.46,73000,75453.44,14,13
2017-12-02,10000014,440,6601900.6,5999999.99,6930998.9,16,16
2017-12-02,10000014,442,6999,6999,6999,10,10
2017-12-02,10000014,444,999999,999999,999999,1,1
2017-12-02,10000014,447,94999.99,94999.99,94999.99,9,6
2017-12-02,10000014,448,2325299.52,1811570,2499998.7,53,52
2017-12-02,10000014,452,65000,65000,65000,6,4
2017-12-02,10000014,462,1999999,1999999,1999999,3,1
2017-12-02,10000014,482,1423428,1423428,1423428,7,4
2017-12-02,10000014,483,34999.99,34999.99,35000,8,4
2017-12-02,10000014,484,35713.54,9998.97,99999.98,14,4
2017-12-02,10000014,485,5994.71,5994.71,5994.71,2,1
2017-12-02,10000014,486,42000,42000,42000,3,1
2017-12-02,10000014,499,17010.74,16825.25,18000,19,5
2017-12-02,10000014,519,1445668.1,1399999.95,1685810.99,63,34
2017-12-02,10000014,523,18644.84,18644.84,18644.84,2,2
2017-12-02,10000014,526,80575.08,79999.58,88056.51,14,11
2017-12-02,10000014,527,1338352.8,1110000,1448999.99,34,29
2017-12-02,10000014,533,63681.82,63681.82,63681.82,1,1
2017-12-02,10000014,562,24916.66,19899.99,50000,12,4
2017-12-02,10000014,563,31552.28,31552.27,31552.29,59,13
2017-12-02,10000014,564,27903.09,26956.84,35000,17,4
2017-12-02,10000014,578,101200.77,89000.01,117998.9,12,8
2017-12-02,10000014,582,493999.98,493999.98,493999.98,1,1
2017-12-02,10000014,583,556351.04,494999,997999.98,9,9
2017-12-02,10000014,584,495554.71,379998.91,1249999.99,27,13
2017-12-02,10000014,585,633333.33,600000,1000000,12,4
2017-12-02,10000014,586,500000,500000,500000,3,3
2017-12-02,10000014,587,484249.99,436999.96,500000,4,2
2017-12-02,10000014,589,683333.67,600000,850001,3,3
2017-12-02,10000014,590,1056937.49,1056937.49,1056937.49,1,1
2017-12-02,10000014,592,485999.9,485999.9,485999.9,1,1
2017-12-02,10000014,593,650000,500000,700000,4,4
2017-12-02,10000014,594,500000,500000,500000,3,3
2017-12-02,10000014,597,999999.99,999999.99,999999.99,2,2
2017-12-02,10000014,598,493999.99,493999.99,493999.99,1,1
2017-12-02,10000014,599,419951.8,419948.24,419952.39,7,7
2017-12-02,10000014,601,1,1,1,1,1
2017-12-02,10000014,603,400000,300000,450000,3,3
2017-12-02,10000014,605,545555.49,540000,549999.88,9,9
2017-12-02,10000014,607,489166.26,100000,549999.97,6,6
2017-12-02,10000014,608,525666.67,389000,998500,9,9
2017-12-02,10000014,609,424999.9,424999.9,424999.9,2,2
2017-12-02,10000014,620,11111109.95,11111109.85,11111110.05,4,4
2017-12-02,10000014,621,11789473.67,10000000,12000000,19,19
2017-12-02,10000014,622,12024663.99,11899995.99,12274000,3,3
2017-12-02,10000014,623,10899999.99,10899999.99,10899999.99,1,1
2017-12-02,10000014,626,10009921.52,1299999.95,10999887.88,10,8
2017-12-02,10000014,627,11749999.47,10000000,13499998.94,4,3
2017-12-02,10000014,628,9999999.9,9999999.9,9999999.9,1,1
2017-12-02,10000014,629,12411666.66,12411666.66,12411666.66,2,2
2017-12-02,10000014,631,9555442.55,9555442.54,9555442.55,4,4
2017-12-02,10000014,632,10500000,10500000,10500000,3,2
2017-12-02,10000014,634,7000000,7000000,7000000,1,1
2017-12-02,10000014,638,167999999.99,167999999.99,167999999.99,1,1
2017-12-02,10000014,639,165499999.99,165499999.99,165499999.99,1,1
2017-12-02,10000014,643,181999999.99,181999999.99,181999999.99,1,1
2017-12-02,10000014,644,160999999.98,145000000,168999999.97,3,3
2017-12-02,10000014,649,44041824.11,4499996.97,123125478.39,3,3
2017-12-02,10000014,650,2255166.62,1500000,2899999.9,6,4
2017-12-02,10000014,653,2999985.89,2999985.89,2999985.89,1,1
2017-12-02,10000014,654,1300000,1100000,1500000,2,2
2017-12-02,10000014,655,1784748.03,1623309.05,2000000,7,6
2017-12-02,10000014,656,2783298.17,1850000,2999949,6,6
2017-12-02,10000014,657,2450056.52,2200000,2500000,7,7
2017-12-02,10000014,672,249999.99,249999.99,249999.99,2,2
2017-12-02,10000014,1182,24654.97,24654.97,24654.97,8,5
2017-12-02,10000014,1183,1198857.13,1198000,1198999.99,7,4
2017-12-02,10000014,1201,48989.93,48989.93,48989.93,5,1
2017-12-02,10000014,1223,500,500,500,62,1
2017-12-02,10000014,1230,20,20,20,30,1
2017-12-02,10000014,1236,1104094.74,949999,1190995,20,17
2017-12-02,10000014,1244,42476.37,42476.37,42476.37,8,5
2017-12-02,10000014,1248,2141330.84,2141330.84,2141330.84,1,1
2017-12-02,10000014,1304,28451.33,28451.33,28451.33,1,1
2017-12-02,10000014,1306,733349.98,345999.99,776000,20,18
2017-12-02,10000014,1317,2799.65,2799.65,2799.65,11,5
2017-12-02,10000014,1319,819942.13,819942.13,819942.13,121,41
2017-12-02,10000014,1333,44637.87,44637.87,44637.87,4,4
2017-12-02,10000014,1335,702499.87,699999.97,749998,20,8
2017-12-02,10000014,1353,9430.94,9430.94,9430.94,1,1
2017-12-02,10000014,1355,1081623.5,950000,1240995.99,16,14
2017-12-02,10000014,1403,69999.99,69999.99,69999.99,2,2
2017-12-02,10000014,1405,899999.83,899999.83,979980.4,167,76
2017-12-02,10000014,1422,1299982.64,1299982.64,1299982.64,4,1
2017-12-02,10000014,1436,1700000,1700000,1700000,1,1
2017-12-02,10000014,1447,793638.83,702999.78,828500,18,6
2017-12-02,10000014,1539,87499.99,87499.99,87499.99,3,2
2017-12-02,10000014,1541,1349730.58,1149240,1599998,34,23
2017-12-02,10000014,1559,2909999,2909999,2909999,1,1
2017-12-02,10000014,1565,450000,450000,450000,1,1
2017-12-02,10000014,1808,32599.2,32599.2,32599.2,2,1
2017-12-02,10000014,1875,16750,15000,18500,4,2
2017-12-02,10000014,1877,1622411.37,1495500,1699992.88,83,21
2017-12-02,10000014,1944,1844999.9,1844999.9,1844999.9,2,1
2017-12-02,10000014,1948,30793.61,30000,31587.22,2,2
2017-12-02,10000014,1952,1717407.05,1643390,2199995.68,48,27
2017-12-02,10000014,1955,30884.78,30000,31769.55,2,2
2017-12-02,10000014,1956,30000,30000,30000,1,1
2017-12-02,10000014,1957,28015.77,27023.66,30000,3,2
2017-12-02,10000014,1958,32500,30000,35000,2,2
2017-12-02,10000014,1964,2200000,2200000,2200000,1,1
2017-12-02,10000014,1969,2688990,2688990,2688990,3,3
2017-12-02,10000014,1973,32000,32000,32000,3,2
2017-12-02,10000014,1978,1549743,1499490,1599995.99,6,3
2017-12-02,10000014,1987,1311666.12,1225000,1399999,15,13
2017-12-02,10000014,1999,1300473.69,1089999.99,1498899.97,33,20
2017-12-02,10000014,2006,12999998.81,12999998.81,12999998.81,1,1
2017-12-02,10000014,2018,96500,96500,96500,1,1
2017-12-02,10000014,2024,3269620.66,2499999.99,3654431,3,3
2017-12-02,10000014,2032,638131.05,625000,663997.77,32,13
2017-12-02,10000014,2046,12857.13,9999.99,50000,14,11
2017-12-02,10000014,2048,721098.99,721098.98,722000,176,156
2017-12-02,10000014,2109,2275865,2275865,2275865,1,1
2017-12-02,10000014,2117,2346238.48,2200653.57,2491823.39,2,2
2017-12-02,10000014,2161,1069332,703998,1800000,3,3
2017-12-02,10000014,2173,151000,40000,225000,20,3
2017-12-02,10000014,2175,1145661.53,1100000,1249000,65,11
2017-12-02,10000014,2183,29610.54,29483.32,31327.98,29,7
2017-12-02,10000014,2185,1230091.87,1099000,1456927,34,8
2017-12-02,10000014,2193,180998.18,180707.12,197079.38,35,8
2017-12-02,10000014,2195,2438997.24,2285999.83,2599992.74,40,11
2017-12-02,10000014,2203,4407.14,4406,5000,135,30
2017-12-02,10000014,2205,579382.37,480000,579382.38,275,56
2017-12-02,10000014,2254,500000,500000,500000,1,1
2017-12-02,10000014,2281,3099993.44,3099993,3099999.95,125,81
2017-12-02,10000014,2297,2499680,2499680,2499680,1,1
2017-12-02,10000014,2299,2311989.99,2311989.99,2311989.99,1,1
2017-12-02,10000014,2301,2745596.11,2459397.65,3049994.45,18,17
2017-12-02,10000014,2303,2038330.5,1799999,2109994.99,6,5
2017-12-02,10000014,2319,8253.81,8253.81,8253.81,4001,2
2017-12-02,10000014,2333,2518793.17,2497994.06,2600000,5,5
2017-12-02,10000014,2352,109990,109990,109990,1,1
2017-12-02,10000014,2364,1361837.57,992999.79,1697999.99,21,12
2017-12-02,10000014,2392,600,600,600,7000,2
2017-12-02,10000014,2393,340,340,340,12000,3
2017-12-02,10000014,2396,300,300,300,12040,2
2017-12-02,10000014,2398,431.6,431.6,431.6,18100,3
2017-12-02,10000014,2399,566,566,566,12040,2
2017-12-02,10000014,2400,394.05,394.05,394.05,6100,1
2017-12-02,10000014,2401,790.02,790.02,790.02,6000,1
2017-12-02,10000014,2404,1630925.57,1350000,1764472,46,11
2017-12-02,10000014,2410,1599995.98,1599995.98,1599995.98,5,1
2017-12-02,10000014,2420,5687499.99,5499999.99,6000000,8,2
2017-12-02,10000014,2444,80882.35,75000,114999.99,17,3
2017-12-02,10000014,2446,2039994.5,2039991,2039998,10,2
2017-12-02,10000014,2454,5314.25,5314.25,5314.25,107,22
2017-12-02,10000014,2456,423256.44,400000,549999.5,100,21
2017-12-02,10000014,2463,6210.15,6210.15,6210.15,4202,2
2017-12-02,10000014,2466,424000,424000,424000,5,1
2017-12-02,10000014,2476,81558.22,81558.22,81558.22,5,1
2017-12-02,10000014,2478,2268500,2249000,2288000,10,3
2017-12-02,10000014,2486,12498.79,12000,12748.19,3,2
2017-12-02,10000014,2488,479999,479999,487000,359,63
2017-12-02,10000014,2495,1000000,1000000,1000000,1,1
2017-12-02,10000014,2505,599999,599999,599999,1,1
2017-12-02,10000014,2506,425,425,425,4000,2
2017-12-02,10000014,2508,400,400,400,6580,5
2017-12-02,10000014,2512,25,25,25,305,1
2017-12-02,10000014,2514,6,6,6,4000,4
2017-12-02,10000014,2524,542116.1,499999.85,626348.61,3,3
2017-12-02,10000014,2525,276666.67,230000,300000,3,2
2017-12-02,10000014,2533,472222.22,250000,500000,9,5
2017-12-02,10000014,2534,883556.35,534225.41,1000000,4,3
2017-12-02,10000014,2537,99414.79,99414.79,99414.79,4,4
2017-12-02,10000014,2539,1449999,1449999,1449999,1,1
2017-12-02,10000014,2545,40000,40000,40000,1,1
2017-12-02,10000014,2547,1036666.39,1036666.39,1036666.39,1,1
2017-12-02,10000014,2549,437499.99,300000,500000,24,6
2017-12-02,10000014,2550,480031.22,480031.22,480031.22,2,2
2017-12-02,10000014,2551,530880.5,300000,1499999.99,7,4
2017-12-02,10000014,2553,1227104.29,1139865.42,1342999.99,21,19
2017-12-02,10000014,2559,1700000,1700000,1700000,4,3
2017-12-02,10000014,2563,2000000,1999999.99,2000000,4,3
2017-12-02,10000014,2571,1700000,1700000,1700000,4,3
2017-12-02,10000014,2575,1933333.33,1900000,2000000,6,4
2017-12-02,10000014,2603,18109.09,17995.44,19018.32,9,6
2017-12-02,10000014,2605,525999.98,399999.96,527076.86,112,81
2017-12-02,10000014,2613,200,200,200,5502,7
2017-12-02,10000014,2629,349.94,349.94,349.94,2000,2
2017-12-02,10000014,2647,119.98,119.98,119.98,1000,1
2017-12-02,10000014,2817,119.98,119.98,119.98,2000,1
2017-12-02,10000014,2873,1055813.97,1000000,1199999.24,41,14
2017-12-02,10000014,2881,700276.76,699998.65,704833.93,24,7
2017-12-02,10000014,2889,822538.82,818997.53,825759.85,36,7
2017-12-02,10000014,2897,1966665.32,1750000,2074997.99,12,3
2017-12-02,10000014,2905,644999,644999,644999,3,1
2017-12-02,10000014,2913,2374999.99,2199999.99,2549999.99,18,4
2017-12-02,10000014,2921,1500000,1500000,1500000,4,1
2017-12-02,10000014,2929,4015307.69,3500000,4456999.99,13,3
2017-12-02,10000014,2937,2500000,2500000,2500000,4,1
2017-12-02,10000014,2961,3661528.13,3661528.13,3661528.13,8,2
2017-12-02,10000014,2969,2403308.4,1731920.54,2499999.97,36,8
2017-12-02,10000014,2977,1378256.16,1301080.89,1401080.89,31,6
2017-12-02,10000014,2993,849999.99,849999.99,849999.99,10,1
2017-12-02,10000014,2998,71499999.95,66500000,72000000,6,6
2017-12-02,10000014,3001,610000,610000,610000,4,2
2017-12-02,10000014,3009,1950000,1950000,1950000,8,1
2017-12-02,10000014,3025,2221995.99,2221995.99,2221995.99,3,1
2017-12-02,10000014,3033,1149950,1000000,1299900,8,3
2017-12-02,10000014,3041,1272636.36,1200000,1999000,11,4
2017-12-02,10000014,3057,4250995.99,4250995.99,4250995.99,4,1
2017-12-02,10000014,3074,1428309.21,1279477.51,1599999.99,38,13
2017-12-02,10000014,3082,2149998.97,2149998.97,2149998.97,6,1
2017-12-02,10000014,3098,895995.99,895995.99,895995.99,1,1
2017-12-02,10000014,3106,2250000,2250000,2250000,5,1
2017-12-02,10000014,3130,2099999.99,2099999.99,2099999.99,2,2
2017-12-02,10000014,3138,2278112.93,2247642,2300000,30,5
2017-12-02,10000014,3146,2271428.56,2200000,2299999.98,14,3
2017-12-02,10000014,3162,603750,595000,699999.99,12,5
2017-12-02,10000014,3170,1000458.09,999990,1004208.44,27,7
2017-12-02,10000014,3178,1347374.57,1100000,1384998.06,32,9
2017-12-02,10000014,3184,1999999,1999999,1999999,2,2
2017-12-02,10000014,3242,78333,67500,99999,3,3
2017-12-02,10000014,3244,1913558.67,1849999.98,2000000,49,48
2017-12-02,10000014,3256,9449496.19,8999999,10298993.96,10,9
2017-12-02,10000014,3265,8973634.63,7069999.99,9499998,11,10
2017-12-02,10000014,3293,80000,80000,80000,10,3
2017-12-02,10000014,3301,149999.98,149999.98,149999.98,1,1
2017-12-02,10000014,3303,84250,21000,147500,2,2
2017-12-02,10000014,3304,400000,400000,400000,1,1
2017-12-02,10000014,3306,110000,110000,110000,1,1
2017-12-02,10000014,3321,20000,20000,20000,1,1
2017-12-02,10000014,3324,259848.15,227272.23,325000,3,3
2017-12-02,10000014,3325,549500,499000,600000,2,2
2017-12-02,10000014,3326,425000,425000,425000,1,1
2017-12-02,10000014,3328,199999,199999,199999,1,1
2017-12-02,10000014,3330,149999,149999,149999,1,1
2017-12-02,10000014,3331,199999,199999,199999,1,1
2017-12-02,10000014,3332,599999,599999,599999,1,1
2017-12-02,10000014,3333,539999.67,510000,599999,3,3
2017-12-02,10000014,3336,4999999,4999999,4999999,1,1
2017-12-02,10000014,3337,4999999,4999999,4999999,1,1
2017-12-02,10000014,3338,4999999,4999999,4999999,1,1
2017-12-02,10000014,3339,4999999,4999999,4999999,2,2
2017-12-02,10000014,3340,650000,650000,650000,1,1
2017-12-02,10000014,3341,399999,399999,399999,1,1
2017-12-02,10000014,3343,399999,399999,399999,1,1
2017-12-02,10000014,3349,100000,100000,100000,1,1
2017-12-02,10000014,3351,499999,499999,499999,1,1
2017-12-02,10000014,3385,199999,199999,199999,1,1
2017-12-02,10000014,3389,399999,399999,399999,1,1
2017-12-02,10000014,3403,499999,499999,499999,1,1
2017-12-02,10000014,3405,650000,650000,650000,1,1
2017-12-02,10000014,3406,399999,399999,399999,2,2
2017-12-02,10000014,3421,328333.33,328333.33,328333.33,1,1
2017-12-02,10000014,3430,599999,599999,599999,1,1
2017-12-02,10000014,3440,305999.4,165000,399999,5,5
2017-12-02,10000014,3441,499999,499999,499999,1,1
2017-12-02,10000014,3488,1075000,1075000,1075000,2,2
2017-12-02,10000014,3496,2299979,2299979,2299979,1,1
2017-12-02,10000014,3504,3063951.5,2900000,3555806,4,3
2017-12-02,10000014,3512,2000000,2000000,2000000,2,1
2017-12-02,10000014,3528,175500,175500,175500,2,2
2017-12-02,10000014,3530,2299873.85,2299000,2299998.68,8,5
2017-12-02,10000014,3540,2209999.99,2209999.99,2209999.99,1,1
2017-12-02,10000014,3542,452020000,441300000,462740000,2,2
2017-12-02,10000014,3554,3000,3000,3000,226,6
2017-12-02,10000014,3568,907408.46,900995.99,1000000,17,16
2017-12-02,10000014,3578,2814507.47,2410434.62,3998898,4,3
2017-12-02,10000014,3608,1399995,1200000,1599989.99,2,2
2017-12-02,10000014,3616,33000000,33000000,33000000,1,1
2017-12-02,10000014,3683,350,350,350,12440,2
2017-12-02,10000014,3689,10000,10000,10000,305,2
2017-12-02,10000014,3691,9921,9921,9921,4000,1
2017-12-02,10000014,3693,10220.41,10220,10220.82,4000,2
2017-12-02,10000014,3725,15201.11,15201.11,15201.11,4000,2
2017-12-02,10000014,3766,1249999.99,1249999.99,1249999.99,5,3
2017-12-02,10000014,3828,11246,11246,11246,4000,3
2017-12-02,10000014,3829,52715.26,50895.87,99999,21,18
2017-12-02,10000014,3831,1227072.07,1199999.99,1320110.96,51,38
2017-12-02,10000014,3841,1558603.45,1349999.99,1799997.98,86,52
2017-12-02,10000014,3887,18799.99,18799.99,18799.99,1,1
2017-12-02,10000014,3888,1552815.64,1500000,1600000,21,19
2017-12-02,10000014,3898,18124999.88,18124999.88,18124999.88,4,3
2017-12-02,10000014,3939,2599999,2599999,2599999,1,1
2017-12-02,10000014,3943,1500000,1500000,1500000,2,2
2017-12-02,10000014,3949,3058957.49,2627915,3489999.98,2,2
2017-12-02,10000014,3955,2449999.87,2399999.73,2500000,2,2
2017-12-02,10000014,3995,3400738.16,3250922.7,4000000,10,3
2017-12-02,10000014,4025,111538.46,100000,249999.99,13,13
2017-12-02,10000014,4027,164785.71,159999.99,300000,28,21
2017-12-02,10000014,4247,21750,21750,21750,5250,2
2017-12-02,10000014,4254,1316582.25,999998.51,2499499.5,12,9
2017-12-02,10000014,4256,4000000,4000000,4000000,2,1
2017-12-02,10000014,4258,2096563.82,2096563.82,2096563.82,3,2
2017-12-02,10000014,4260,2393766.44,1822944.08,3249999.98,5,5
2017-12-02,10000014,4292,115000000,115000000,115000000,1,1
2017-12-02,10000014,4302,67999999.99,67999999.99,67999999.99,1,1
2017-12-02,10000014,4306,60099998.75,60099998.75,60099998.75,1,1
2017-12-02,10000014,4310,70000000,70000000,70000000,1,1
2017-12-02,10000014,4312,30000,30000,30000,111,1
2017-12-02,10000014,4349,349999999.99,349999999.99,349999999.99,2,2
2017-12-02,10000014,4358,89554.25,89554.25,89554.25,1,1
2017-12-02,10000014,4383,2045905.59,1864763.98,2200000,5,5
2017-12-02,10000014,4385,4500000,4500000,4500000,2,2
2017-12-02,10000014,4393,122238.14,119988.9,129548.17,17,7
2017-12-02,10000014,4395,681005.66,679078.86,722327.13,15,9
2017-12-02,10000014,4399,6488998.97,6488998.97,6488998.97,1,1
2017-12-02,10000014,4401,30000000,30000000,30000000,1,1
2017-12-02,10000014,4403,412321.41,389285.71,419999.98,4,4
2017-12-02,10000014,4405,1684628,1332999.91,1899999.31,73,33
2017-12-02,10000014,4435,11860.53,11860.53,11860.53,1,1
2017-12-02,10000014,4471,168999.99,168999.99,168999.99,3,3
2017-12-02,10000014,4477,70711.47,70229.14,71111.11,11,8
2017-12-02,10000014,4573,349999,349999,349999,5,5
2017-12-02,10000014,4609,73991,73991,73991,1,1
2017-12-02,10000014,4787,380000,380000,380000,1,1
2017-12-02,10000014,4833,330000,325000,350000,5,5
2017-12-02,10000014,4871,69463.17,49998.99,168899.99,4,4
2017-12-02,10000014,5007,188783,188783,188783,1,1
2017-12-02,10000014,5011,335000,300000,350000,4,4
2017-12-02,10000014,5051,149999.95,149999.94,149999.95,2,2
2017-12-02,10000014,5091,8144,8144,8144,19,2
2017-12-02,10000014,5137,49994.93,49994.93,49994.93,2,2
2017-12-02,10000014,5141,199999.98,199999.98,199999.98,7,7
2017-12-02,10000014,5239,54999.99,54999.99,54999.99,7,4
2017-12-02,10000014,5245,3400,3400,3400,2,2
2017-12-02,10000014,5282,100017.1,100017.1,100017.1,1,1
2017-12-02,10000014,5302,37483.33,37483.33,37483.33,3,1
2017-12-02,10000014,5322,45900,45900,45900,6,4
2017-12-02,10000014,5363,14258.32,14258.32,14258.32,2,1
2017-12-02,10000014,5365,12976.67,12900,12998.57,27,3
2017-12-02,10000014,5399,65000,65000,65000,2,2
2017-12-02,10000014,5403,29731.65,28000,29998.05,15,11
2017-12-02,10000014,5405,15881.79,11999.99,18793,7,7
2017-12-02,10000014,5439,38327.72,35000,129899,18,14
2017-12-02,10000014,5443,206084.21,200000,241400,19,14
2017-12-02,10000014,5445,58250,30000,68000,12,12
2017-12-02,10000014,5493,53988.83,53988.83,53988.83,1,1
2017-12-02,10000014,5533,25940.99,25669.35,29743.97,30,9
2017-12-02,10000014,5599,48795.05,34394.58,200000,23,11
2017-12-02,10000014,5631,39634.5,39634.5,39634.5,1,1
2017-12-02,10000014,5647,49998.99,49998.99,49998.99,1,1
2017-12-02,10000014,5721,50000,50000,50000,3,1
2017-12-02,10000014,5839,1725477.45,1625996.62,1899989.94,25,25
2017-12-02,10000014,5869,9.9,9.9,9.9,1,1
2017-12-02,10000014,5933,189990,189990,189990,7,4
2017-12-02,10000014,5945,550000,550000,550000,1,1
2017-12-02,10000014,5955,186769.23,134999.99,200000,13,11
2017-12-02,10000014,5971,54296.78,45581.99,69999.99,46,38
2017-12-02,10000014,5973,580939.19,560000,584855.89,76,72
2017-12-02,10000014,5975,143418.16,137241.6,148500,35,13
2017-12-02,10000014,6001,44478.91,36998.57,69999.99,25,23
2017-12-02,10000014,6003,24947.69,12713.85,79999.99,11,7
2017-12-02,10000014,6005,5400,5400,5400,6,4
2017-12-02,10000014,6131,17584.25,17584.25,17584.25,5,1
2017-12-02,10000014,6159,25478.19,25477,25478.98,5,3
2017-12-02,10000014,6160,41513.3,40240.29,50000,23,13
2017-12-02,10000014,6296,15535.38,15272.42,17639.04,9,7
2017-12-02,10000014,6569,49704.03,49704.03,49704.03,7,6
2017-12-02,10000014,6673,1,1,1,1,1
2017-12-02,10000014,6721,249999.98,249999.98,249999.98,4,2
2017-12-02,10000014,6919,59999,59999,59999,3,2
2017-12-02,10000014,6923,210000,210000,210000,5,1
2017-12-02,10000014,7043,5000,5000,5000,1,1
2017-12-02,10000014,7085,5000,5000,5000,1,1
2017-12-02,10000014,7127,5000,5000,5000,1,1
2017-12-02,10000014,7367,1710272.31,1430816.95,1799999.99,36,6
2017-12-02,10000014,7539,150000,150000,150000,2,1
2017-12-02,10000014,7581,180000,180000,180000,7,3
2017-12-02,10000014,7625,899999.99,899999.99,899999.99,6,1
2017-12-02,10000014,7663,999999,999999,999999,5,1
2017-12-02,10000014,7703,1299998,1299998,1299998,5,1
2017-12-02,10000014,8023,74990,74990,74990,4,1
2017-12-02,10000014,8027,1906083,1906083,1906083,31,8
2017-12-02,10000014,8089,546998.89,540000,546998.89,116,24
2017-12-02,10000014,8091,416666.67,250000,500000,9,3
2017-12-02,10000014,8105,1955060.34,1955059.89,1955060.89,11,2
2017-12-02,10000014,8117,105733.88,80000,199999,25,8
2017-12-02,10000014,8175,12082.26,1200,12555.4,24,10
2017-12-02,10000014,8177,1.01,1.01,1.01,1,1
2017-12-02,10000014,8225,115876.17,71070.88,560000,22,13
2017-12-02,10000014,8263,47068.88,29999.98,74999.99,29,9
2017-12-02,10000014,8419,89999.99,89999.99,89999.99,7,4
2017-12-02,10000014,8427,115000,80000,150000,4,2
2017-12-02,10000014,8433,832591.3,539999,999997.99,27,24
2017-12-02,10000014,8517,4548421.05,4500000,4621999.99,19,19
2017-12-02,10000014,8521,568748.03,474992.12,600000,8,8
2017-12-02,10000014,8529,93216.06,76997,249999.94,32,16
2017-12-02,10000014,8535,84376.46,84376.46,84376.46,18,6
2017-12-02,10000014,8537,87495,64998,124990,8,2
2017-12-02,10000014,8585,118471.71,10283.48,127882.99,25,10
2017-12-02,10000014,8641,486704.42,350000,538983.64,7,3
2017-12-02,10000014,8748,300000,300000,300000,1,1
2017-12-02,10000014,8785,489999.95,489999.95,489999.95,3,1
2017-12-02,10000014,9411,2199999.08,2199999.08,2199999.08,7,1
2017-12-02,10000014,9451,2847340.98,2375000,3298996.71,28,8
2017-12-02,10000014,9457,1400000,1400000,1400000,4,1
2017-12-02,10000014,9491,5548996.97,5300000,5797993.94,16,2
2017-12-02,10000014,9556,144999.99,144999.99,144999.99,1,1
2017-12-02,10000014,9568,199999,199999,199999,1,1
2017-12-02,10000014,9580,103651.67,83970,150000,6,6
2017-12-02,10000014,9582,1000000,1000000,1000000,1,1
2017-12-02,10000014,9622,47472.12,47472.12,47472.12,1,1
2017-12-02,10000014,9632,510654.28,498996.3,549999.95,35,23
2017-12-02,10000014,9668,166247.5,164995,175000,48,3
2017-12-02,10000014,9678,333479.94,200439.81,400000,12,2
2017-12-02,10000014,9680,500000,500000,500000,1,1
2017-12-02,10000014,9744,50000,50000,50000,1,1
2017-12-02,10000014,9772,81666.63,75000,83333.29,5,2
2017-12-02,10000014,9784,45000,45000,45000,7,4
2017-12-02,10000014,9808,275000,275000,275000,1,1
2017-12-02,10000014,9832,8900,8900,8900,4640,3
2017-12-02,10000014,9842,16003.99,16003.99,16003.99,300,1
2017-12-02,10000014,9848,90000,90000,90000,20,1
2017-12-02,10000014,9899,11825320.07,11106998.94,12399976.98,9,9
2017-12-02,10000014,9941,11853794.67,10345999.94,12499995,10,10
2017-12-02,10000014,9942,11859103.6,10115999.88,12499990.95,9,9
2017-12-02,10000014,9943,12014429.93,10409999.88,12387384.94,10,10
2017-12-02,10000014,9944,104080.5,100000,106412.22,11,6
2017-12-02,10000014,9950,3989999.99,3989999.99,3989999.99,2,1
2017-12-02,10000014,9956,10329820.38,10025499.99,10938461.16,3,3
2017-12-02,10000014,10190,1674020.64,1500000,1897994.76,43,29
2017-12-02,10000014,10208,24516666.64,23000000,25100000,6,6
2017-12-02,10000014,10212,25719997.95,23999999,28299996.37,5,5
2017-12-02,10000014,10216,24814281.97,24500000,25049993.45,7,7
2017-12-02,10000014,10221,24879497.8,23000000,26000000,6,6
2017-12-02,10000014,10225,23000000,23000000,23000000,2,2
2017-12-02,10000014,10246,5995.95,5995.95,5995.95,173,15
2017-12-02,10000014,10250,1999999.16,1999997.97,1999999.95,20,4
2017-12-02,10000014,10629,7528.06,7528.05,7528.06,2,2
2017-12-02,10000014,10631,662221.96,479999.88,750000,9,4
2017-12-02,10000014,10678,49992.9,49992.9,49992.9,15,3
2017-12-02,10000014,10680,910214.25,875428.5,1000000,12,4
2017-12-02,10000014,10688,594999.98,594999.98,594999.98,4,2
2017-12-02,10000014,10836,44995,44995,44995,1,1
2017-12-02,10000014,10858,1600000,1600000,1600000,1,1
2017-12-02,10000014,10880,749999.99,749999.99,749999.99,3,2
2017-12-02,10000014,10998,83493.16,47999.96,149999.68,74,25
2017-12-02,10000014,11082,875000,875000,875000,1,1
2017-12-02,10000014,11129,481999.99,50000,697999.99,6,6
2017-12-02,10000014,11132,60000,60000,60000,1,1
2017-12-02,10000014,11134,50000,50000,50000,12,3
2017-12-02,10000014,11172,42000000,42000000,42000000,2,2
2017-12-02,10000014,11174,35000000,35000000,35000000,1,1
2017-12-02,10000014,11176,42831517.99,42831517.99,42831517.99,4,4
2017-12-02,10000014,11178,46292305.53,45499996.99,57799999.99,13,13
2017-12-02,10000014,11182,36680999.58,34999999,37542999.74,6,5
2017-12-02,10000014,11184,39749998.41,39499997.99,39999998.82,2,2
2017-12-02,10000014,11186,43804229.8,35000000,46850000,10,10
2017-12-02,10000014,11196,44170343.06,43339999.68,44644824.99,11,9
2017-12-02,10000014,11198,44140624.88,43999999.7,45000000,8,8
2017-12-02,10000014,11200,39999997.95,39999997.95,39999997.95,2,2
2017-12-02,10000014,11202,44009460.51,43499949,44499916.34,21,19
2017-12-02,10000014,11239,650000,650000,650000,1,1
2017-12-02,10000014,11269,1142388.57,930000,1377550.62,43,21
2017-12-02,10000014,11277,218201.1,218201.1,218201.1,1,1
2017-12-02,10000014,11285,9000,9000,9000,350,2
2017-12-02,10000014,11287,7478.09,7478.09,7478.09,109,2
2017-12-02,10000014,11289,9999.92,9999.92,9999.92,437,12
2017-12-02,10000014,11295,150979.99,150979.99,150979.99,1,1
2017-12-02,10000014,11297,332000,332000,332000,1,1
2017-12-02,10000014,11301,66998.33,66998.33,66998.33,1,1
2017-12-02,10000014,11303,118742.5,118742.5,118742.5,1,1
2017-12-02,10000014,11309,400000,400000,400000,1,1
2017-12-02,10000014,11311,79999,79999,79999,2,1
2017-12-02,10000014,11317,445457.14,440000,478200,7,5
2017-12-02,10000014,11325,616285.77,578000,645000.2,7,5
2017-12-02,10000014,11327,216250,155000,400000,4,2
2017-12-02,10000014,11349,499999.99,499999.99,499999.99,1,1
2017-12-02,10000014,11351,52692.69,50000,85005,13,2
2017-12-02,10000014,11370,1989461.89,1949997.19,2052055.76,63,50
2017-12-02,10000014,11377,30000000,30000000,30000000,1,1
2017-12-02,10000014,11381,39332698.52,38000000,48664444.83,7,5
2017-12-02,10000014,11387,36000000,36000000,36000000,1,1
2017-12-02,10000014,11399,9000,9000,9000,11373,2
2017-12-02,10000014,11433,10000000,10000000,10000000,1,1
2017-12-02,10000014,11563,252472.74,247454.59,320000,35,28
2017-12-02,10000014,11566,120000,120000,120000,1,1
2017-12-02,10000014,11572,499999,499999,499999,1,1
2017-12-02,10000014,11577,4965439.4,4871239.33,4977999.41,17,13
2017-12-02,10000014,11578,6996428.41,6900000,7119998.99,35,34
2017-12-02,10000014,11579,4999999.99,4999999.99,4999999.99,1,1
2017-12-02,10000014,11640,1021995.21,1021990,1049999.96,19,11
2017-12-02,10000014,11642,1389748.74,1000000,1779497.48,4,3
2017-12-02,10000014,11644,1574996.74,1499999,1599995.99,4,4
2017-12-02,10000014,11646,2464444.49,2100000,2510000.05,9,9
2017-12-02,10000014,11648,2144576.45,1799998.01,2353010.03,7,7
2017-12-02,10000014,11957,240000000,240000000,240000000,1,1
2017-12-02,10000014,11961,329999999.99,329999999.99,329999999.99,1,1
2017-12-02,10000014,11963,310999998.69,310999998.69,310999998.69,1,1
2017-12-02,10000014,11978,274999999,274999999,274999999,1,1
2017-12-02,10000014,12032,54600000,53000000,55000000,5,5
2017-12-02,10000014,12034,36999998.99,31000000,42999997.98,2,2
2017-12-02,10000014,12038,39601749.5,39350000,39853499,4,4
2017-12-02,10000014,12056,49123.93,49123.93,49123.93,3,3
2017-12-02,10000014,12058,3407148.33,3297999.99,3428978,6,6
2017-12-02,10000014,12068,3800000,3800000,3800000,1,1
2017-12-02,10000014,12076,6403332.48,6300000,6559999.93,6,6
2017-12-02,10000014,12084,11300000,11300000,11300000,1,1
2017-12-02,10000014,12093,6000000,6000000,6000000,1,1
2017-12-02,10000014,12196,400000,400000,400000,1,1
2017-12-02,10000014,12198,1490593.95,1349999.97,2136969.84,20,9
2017-12-02,10000014,12199,5500000,5500000,5500000,2,2
2017-12-02,10000014,12202,2000000,2000000,2000000,1,1
2017-12-02,10000014,12204,3100000,3100000,3100000,1,1
2017-12-02,10000014,12259,5798999.22,5798999,5798999.33,3,2
2017-12-02,10000014,12265,175000,175000,175000,1,1
2017-12-02,10000014,12267,4490350.01,4199999.99,4499999,11,8
2017-12-02,10000014,12269,319000,319000,319000,1,1
2017-12-02,10000014,12271,7423999,7095995.99,7500000,8,4
2017-12-02,10000014,12274,107708.5,107708.5,107708.5,5,5
2017-12-02,10000014,12356,2689596,1172256,3600000,8,2
2017-12-02,10000014,12365,175000,175000,175000,1,1
2017-12-02,10000014,12366,175000,175000,175000,1,1
2017-12-02,10000014,12367,119000,119000,119000,1,1
2017-12-02,10000014,12441,75000,75000,75000,2,2
2017-12-02,10000014,12442,225000,225000,225000,1,1
2017-12-02,10000014,12557,224999.49,150000,299998.98,16,2
2017-12-02,10000014,12559,371427.93,300000,424998.88,21,3
2017-12-02,10000014,12563,96428.46,88999.85,115000,14,3
2017-12-02,10000014,12565,107422.9,78999.98,157163,22,4
2017-12-02,10000014,12608,73.97,73.97,73.97,22333,8
2017-12-02,10000014,12612,58.96,58.96,58.96,22240,19
2017-12-02,10000014,12614,74.93,74.93,74.93,18373,18
2017-12-02,10000014,12618,44.9,44.9,44.9,36210,22
2017-12-02,10000014,12620,34,34,34,19143,17
2017-12-02,10000014,12625,54.06,51.6,58.29,7635,7
2017-12-02,10000014,12631,99,99,99,2501,4
2017-12-02,10000014,12633,62,62,62,3400,5
2017-12-02,10000014,12753,304999999.98,304999999.98,304999999.98,1,1
2017-12-02,10000014,12761,899.87,899.87,899.87,2000,2
2017-12-02,10000014,12765,846.93,846.93,846.93,2000,2
2017-12-02,10000014,12767,369.1,369.1,369.1,7500,3
2017-12-02,10000014,12771,200,200,200,8201,6
2017-12-02,10000014,12773,209.99,209.99,209.99,7140,5
2017-12-02,10000014,12775,610,610,610,3000,2
2017-12-02,10000014,12777,199.99,168.98,200,15500,6
2017-12-02,10000014,12779,750,750,750,1000,1
2017-12-02,10000014,12785,115,115,115,8700,6
2017-12-02,10000014,12787,222,222,222,3000,1
2017-12-02,10000014,12789,125,125,125,6253,4
2017-12-02,10000014,12791,239.99,239.99,239.99,8000,2
2017-12-02,10000014,12801,205,205,205,8000,3
2017-12-02,10000014,12803,260,260,260,5000,1
2017-12-02,10000014,12805,115,115,115,8000,4
2017-12-02,10000014,12807,220,220,220,5000,1
2017-12-02,10000014,12814,350000,350000,350000,20,2
2017-12-02,10000014,12816,540370.3,419999,550000,54,2
2017-12-02,10000014,12818,463692.26,247000,559999.93,13,3
2017-12-02,10000014,12820,779474.4,375999.87,1989898,16,2
2017-12-02,10000014,12822,309090.91,275000,400000,11,2
2017-12-02,10000014,12826,228143.09,219946.76,249999.96,11,2
2017-12-02,10000014,13001,3499000,3499000,3499000,24,10
2017-12-02,10000014,13003,2725657.84,2600000,2744989.8,15,11
2017-12-02,10000014,13216,27799792.51,25000000,28499989.86,5,3
2017-12-02,10000014,13261,32833332.99,29749999.49,38999999.99,3,3
2017-12-02,10000014,13279,500000,500000,500000,1,1
2017-12-02,10000014,13974,4507999.99,4507999.99,4507999.99,1,1
2017-12-02,10000014,13978,4299999.94,4299999.94,4299999.94,2,2
2017-12-02,10000014,13984,6700000,6700000,6700000,1,1
2017-12-02,10000014,14072,42000000,42000000,42000000,1,1
2017-12-02,10000014,14090,500000,500000,500000,1,1
2017-12-02,10000014,14096,5000000,5000000,5000000,1,1
2017-12-02,10000014,14146,32499998.65,30000000,34999997.29,2,2
2017-12-02,10000014,14250,94999999.24,94999999.24,94999999.24,1,1
2017-12-02,10000014,14266,62999999,62999999,62999999,1,1
2017-12-02,10000014,15457,1399999,1399999,1399999,1,1
2017-12-02,10000014,15463,3237683.85,2489889.99,3300000,13,6
2017-12-02,10000014,15479,4245679.01,3677777.78,4700000,9,2
2017-12-02,10000014,15806,99500000,85000000,114000000,2,2
2017-12-02,10000014,15887,59000000,59000000,59000000,1,1
2017-12-02,10000014,15963,165000000,165000000,165000000,1,1
2017-12-02,10000014,16227,50498997.9,50498997.9,50498997.9,1,1
2017-12-02,10000014,16229,47030959.02,20000000,53384931.71,5,5
2017-12-02,10000014,16233,46999999.96,46999999.95,46999999.97,2,2
2017-12-02,10000014,16236,1749000,1749000,1749000,1,1
2017-12-02,10000014,16238,1192000.04,730000.11,1500000,5,4
2017-12-02,10000014,16240,1724661.13,1499000,1849988.9,6,6
2017-12-02,10000014,16242,1699909.12,1497942.13,1969198.44,7,7
2017-12-02,10000014,16269,450000,450000,450000,7,1
2017-12-02,10000014,16272,569.99,350,600,299000,7
2017-12-02,10000014,16273,65,65,65.99,175467,76
2017-12-02,10000014,16274,917.71,917.71,917.71,769000,7
2017-12-02,10000014,16275,4980,4980,4980,10735,16
2017-12-02,10000014,16278,1980999.99,1850000,2242999.97,6,4
2017-12-02,10000014,16281,500000,250000,750000,2,2
2017-12-02,10000014,16309,12600,12600,12600,1,1
2017-12-02,10000014,16339,1.01,1.01,1.01,1,1
2017-12-02,10000014,16391,2312500,1900000,5000000,4,3
2017-12-02,10000014,16431,168785.83,168785.83,168785.83,3,3
2017-12-02,10000014,16433,79999.99,79999.99,79999.99,1,1
2017-12-02,10000014,16435,17996,17996,17996,2,2
2017-12-02,10000014,16447,93000,93000,93000,3,1
2017-12-02,10000014,16467,200000,200000,200000,1,1
2017-12-02,10000014,16475,253571.43,200000,300000,7,3
2017-12-02,10000014,16495,258908,258908,258908,10,4
2017-12-02,10000014,16497,51493.97,2987.93,100000,2,2
2017-12-02,10000014,16519,138325.56,14998.99,199988.85,18,4
2017-12-02,10000014,16527,600000,600000,600000,3,3
2017-12-02,10000014,16642,5800,5800,5800,200,1
2017-12-02,10000014,16670,220.22,220.22,220.22,615600,1
2017-12-02,10000014,17366,175475.88,49999,250000,21,13
2017-12-02,10000014,17367,400000,400000,400000,1,1
2017-12-02,10000014,17476,35195056.57,25585171.82,39999998.95,3,3
2017-12-02,10000014,17478,25000000,25000000,25000000,1,1
2017-12-02,10000014,17480,18988463.23,13551162.52,19999999.94,12,12
2017-12-02,10000014,17482,2235119.46,1900000,2248999.34,25,14
2017-12-02,10000014,17668,2499.94,2499.94,2499.94,2000,1
2017-12-02,10000014,17703,22000000,22000000,22000000,1,1
2017-12-02,10000014,17715,242999994.87,235999989.73,250000000,2,2
2017-12-02,10000014,17718,114999999,114999999,114999999,1,1
2017-12-02,10000014,17738,539999999.99,539999999.99,539999999.99,1,1
2017-12-02,10000014,17841,19449987,19449987,19449987,2,2
2017-12-02,10000014,17843,78826666.55,74989999.82,86500000,12,11
2017-12-02,10000014,17887,960.58,960.5,962.15,1207444,19
2017-12-02,10000014,17888,898.83,898.83,898.83,840888,9
2017-12-02,10000014,17889,999,999,999,1091444,9
2017-12-02,10000014,17895,255000.02,255000.02,255000.02,2,1
2017-12-02,10000014,17912,4100000,4100000,4100000,2,1
2017-12-02,10000014,17920,292999999.99,291999999.99,293999999.99,2,2
2017-12-02,10000014,17926,62999999.98,62999999.98,62999999.98,4,4
2017-12-02,10000014,17928,68999999.96,68999999.96,68999999.96,1,1
2017-12-02,10000014,17938,26140.98,18999.99,129015.79,32,31
2017-12-02,10000014,17940,1000000,1000000,1000000,1,1
2017-12-02,10000014,17978,250000,250000,250000,33,2
2017-12-02,10000014,18068,3766897,3766897,3766897,4,1
2017-12-02,10000014,18590,750000,750000,750000,3,1
2017-12-02,10000014,18624,901754.35,900000,999999.99,57,7
2017-12-02,10000014,18639,26821.28,24995.97,39600.33,8,8
2017-12-02,10000014,18676,131250000,131250000,131250000,1,1
2017-12-02,10000014,18692,36000000,36000000,36000000,1,1
2017-12-02,10000014,19281,1300000.04,1300000.04,1300000.04,1,1
2017-12-02,10000014,19283,3300000.07,3300000.07,3300000.07,1,1
2017-12-02,10000014,19295,288699999.99,288699999.99,288699999.99,1,1
2017-12-02,10000014,19325,38999999.99,38999999.99,38999999.99,1,1
2017-12-02,10000014,19500,50000,50000,50000,5,1
2017-12-02,10000014,19660,1499999.99,1499999.99,1499999.99,1,1
2017-12-02,10000014,19739,4275421.4,3550842.77,5000000.02,6,2
2017-12-02,10000014,19744,2000000,2000000,2000000,1,1
2017-12-02,10000014,19806,1824950.18,1824950.18,1824950.18,1,1
2017-12-02,10000014,19814,47300,45000,80000,20,10
2017-12-02,10000014,19921,366875,225000,508750,2,2
2017-12-02,10000014,19927,40799.99,30999.99,80000,10,6
2017-12-02,10000014,19931,100000,100000,100000,15,1
2017-12-02,10000014,19939,57457.09,52447.55,80000,11,6
2017-12-02,10000014,19946,97001.58,92107.43,98225.12,10,6
2017-12-02,10000014,19950,99999.98,99999.98,99999.98,1,1
2017-12-02,10000014,19952,67380.29,64225.36,80000,10,6
2017-12-02,10000014,20213,7500000,7500000,7500000,1,1
2017-12-02,10000014,20306,67.99,67.99,67.99,10000,1
2017-12-02,10000014,20314,60000,60000,60000,1,1
2017-12-02,10000014,20315,1500000,1500000,1500000,1,1
2017-12-02,10000014,20342,70000000,70000000,70000000,1,1
2017-12-02,10000014,20349,1159081.73,1098997.95,1339333.05,4,4
2017-12-02,10000014,20351,1600000,1600000,1600000,1,1
2017-12-02,10000014,20353,3804870.86,3346388.43,4000990.25,10,7
2017-12-02,10000014,20411,130000,130000,130000,100,1
2017-12-02,10000014,20413,115000,115000,115000,6,1
2017-12-02,10000014,20416,115000,115000,115000,3,1
2017-12-02,10000014,20418,135000,135000,135000,10,1
2017-12-02,10000014,20420,200000,200000,200000,5,1
2017-12-02,10000014,20495,1499999,1499999,1499999,1,1
2017-12-02,10000014,20703,75000000,75000000,75000000,1,1
2017-12-02,10000014,21071,75000,75000,75000,1,1
2017-12-02,10000014,21096,2062287.29,1800999.77,2399986,75,43
2017-12-02,10000014,21638,1023172.73,1006344.65,1040000.81,4,3
2017-12-02,10000014,21640,1068523.98,1049000,1234997.99,61,15
2017-12-02,10000014,21791,1999.9,1999.9,1999.9,2,2
2017-12-02,10000014,21888,49000000,49000000,49000000,1,1
2017-12-02,10000014,21889,43990288.65,43990288.65,43990288.65,1,1
2017-12-02,10000014,21890,49000000,49000000,49000000,1,1
2017-12-02,10000014,21894,1523.87,1447.46,1540.99,44044,11
2017-12-02,10000014,21896,815,815,815,44780,21
2017-12-02,10000014,21898,780.75,780.75,780.77,27655,23
2017-12-02,10000014,21902,1373.27,1373.27,1373.27,7660,5
2017-12-02,10000014,21904,1113.39,1113.39,1113.39,9486,9
2017-12-02,10000014,21906,921,921,921,10802,10
2017-12-02,10000014,21910,1690.26,1690.26,1742.61,4000,3
2017-12-02,10000014,21912,993.93,993.93,993.93,1600,2
2017-12-02,10000014,21914,664.87,664.87,664.87,500,1
2017-12-02,10000014,21918,1719.91,1719.91,1719.91,12000,7
2017-12-02,10000014,21922,831,831,831,49294,21
2017-12-02,10000014,21924,899.99,899.99,899.99,11515,7
2017-12-02,10000014,21926,1346.09,1346.09,1346.09,2500,2
2017-12-02,10000014,21928,1299.98,1299.98,1299.98,1000,1
2017-12-02,10000014,21935,1693.42,1693.42,1693.42,8000,3
2017-12-02,10000014,21937,898.99,749.08,898.99,10100,6
2017-12-02,10000014,21939,504.14,504.14,504.14,360,1
2017-12-02,10000014,22175,91568.88,90000,94420.43,16,16
2017-12-02,10000014,22177,82728.24,82000,83040.35,30,24
2017-12-02,10000014,22229,4736519.01,4300000,4820342.43,22,5
2017-12-02,10000014,22291,1496999.97,1496999.97,1496999.97,112,50
2017-12-02,10000014,22456,84718249.49,84499998.98,84936500,6,6
2017-12-02,10000014,22460,73000000,73000000,73000000,3,3
2017-12-02,10000014,22464,85124994.97,83000000,93000000,4,4
2017-12-02,10000014,22534,26999999,26999999,26999999,1,1
2017-12-02,10000014,22536,199999,199999,199999,1,1
2017-12-02,10000014,22541,12500000,12500000,12500000,2,2
2017-12-02,10000014,22542,39196.52,30000,39996,25,17
2017-12-02,10000014,22546,289045000,289045000,289045000,1,1
2017-12-02,10000014,22548,198150000.05,118300000.09,278000000,2,2
2017-12-02,10000014,22576,54999.99,54999.99,54999.99,3,2
2017-12-02,10000014,22778,192000,144990,193988.97,762,21
2017-12-02,10000014,22782,1615227.36,1479453,1751990,14,14
2017-12-02,10000014,22961,809.94,809.94,809.94,6500,5
2017-12-02,10000014,23009,690.21,690.21,690.21,45629,36
2017-12-02,10000014,23015,749.99,749.99,749.99,6832,6
2017-12-02,10000014,23017,1129.99,1129.99,1129.99,3200,3
2017-12-02,10000014,23023,1000,1000,1000,8800,7
2017-12-02,10000014,23025,747,697.32,747.99,40082,17
2017-12-02,10000014,23031,994.99,994.99,994.99,1500,2
2017-12-02,10000014,23033,720,720,720,4000,2
2017-12-02,10000014,23039,1098.99,1098.99,1098.99,1000,1
2017-12-02,10000014,23055,3393659.04,3091269.05,3544854.04,15,3
2017-12-02,10000014,23071,350841.48,289999.99,411682.96,16,4
2017-12-02,10000014,23075,750000,750000,750000,10,1
2017-12-02,10000014,23079,499424.23,499424.23,499424.23,12,3
2017-12-02,10000014,23087,75,75,75,1,1
2017-12-02,10000014,23089,709854.8,669000,717282.95,13,4
2017-12-02,10000014,23097,614933.01,606592.31,617941,15,5
2017-12-02,10000014,23103,900000,900000,900000,5,1
2017-12-02,10000014,23473,85499.98,85499.98,85499.98,5,1
2017-12-02,10000014,23527,291165.97,278999.7,300000,44,23
2017-12-02,10000014,23533,119666.67,119000,120000,3,2
2017-12-02,10000014,23563,178633.33,85899.99,225000,9,2
2017-12-02,10000014,23566,549999,549999,549999,1,1
2017-12-02,10000014,23705,99999.99,99999.99,99999.99,6,2
2017-12-02,10000014,23707,7114.93,7114.93,7114.93,236,46
2017-12-02,10000014,23711,16152.06,16152.06,16152.06,154,2
2017-12-02,10000014,23715,2500,2500,2500,4,1
2017-12-02,10000014,23719,9094.01,9094.01,9094.01,128,2
2017-12-02,10000014,23727,3896.22,3896.22,3896.22,5,1
2017-12-02,10000014,23731,35666.67,35666.67,35666.67,4,1
2017-12-02,10000014,24242,1999997,1999995,1999999,2,2
2017-12-02,10000014,24283,62000000,62000000,62000000,3,1
2017-12-02,10000014,24305,5199999.99,5199999.99,5199999.99,4,1
2017-12-02,10000014,24348,1749999.99,1500000,1799999.99,6,3
2017-12-02,10000014,24395,348076.72,300000,400000,7,5
2017-12-02,10000014,24417,1656577.36,1500000,1899993.82,9,7
2017-12-02,10000014,24427,1645184.86,1515999.97,1799999.99,6,6
2017-12-02,10000014,24438,1337932.16,1199999.97,1475864.35,4,3
2017-12-02,10000014,24443,1000000,1000000,1000000,1,1
2017-12-02,10000014,24445,400000,400000,400000,2,1
2017-12-02,10000014,24471,69,68.99,69,200,2
2017-12-02,10000014,24473,60,60,60,2966,2
2017-12-02,10000014,24475,88.98,88.98,88.98,2000,1
2017-12-02,10000014,24486,120,120,120,15000,3
2017-12-02,10000014,24488,120,120,120,2000,1
2017-12-02,10000014,24490,349.98,349.98,349.98,35000,3
2017-12-02,10000014,24492,164,164,164,5000,3
2017-12-02,10000014,24493,203.68,203.68,203.68,1850,2
2017-12-02,10000014,24495,95.06,95.06,95.06,5589,5
2017-12-02,10000014,24497,120.85,120.85,120.85,5137,4
2017-12-02,10000014,24499,122.18,122.18,122.18,5125,4
2017-12-02,10000014,24501,99,99,99,1000,1
2017-12-02,10000014,24507,584.95,584.95,584.95,2000,1
2017-12-02,10000014,24509,500,500,500,7000,2
2017-12-02,10000014,24511,478.96,478.96,478.96,2000,2
2017-12-02,10000014,24519,1398.35,1398.35,1398.35,1000,1
2017-12-02,10000014,24692,180000000,180000000,180000000,1,1
2017-12-02,10000014,24694,138843361.33,99000000,178686722.65,2,2
2017-12-02,10000014,24698,49779999.36,48999999.99,50299998.9,5,5
2017-12-02,10000014,24702,48713139.36,46997993.87,53500000,7,7
2017-12-02,10000014,25266,2665043.55,2664999.99,2665304.97,14,8
2017-12-02,10000014,25349,27000000,27000000,27000000,1,1
2017-12-02,10000014,25561,40000,40000,40000,1,1
2017-12-02,10000014,25563,2100000,2100000,2100000,2,1
2017-12-02,10000014,25565,126922.21,126922.21,126922.21,22,7
2017-12-02,10000014,25589,4500,4500,4500,4,1
2017-12-02,10000014,25590,125000,125000,125000,969,10
2017-12-02,10000014,25592,8000.05,8000.05,8000.05,328,7
2017-12-02,10000014,25593,9000,9000,9000,434,2
2017-12-02,10000014,25594,71344.46,71344.46,71344.46,516,3
2017-12-02,10000014,25595,20000,20000,20000,109,1
2017-12-02,10000014,25597,4000,4000,4000,279,5
2017-12-02,10000014,25598,11000,11000,11000,1099,10
2017-12-02,10000014,25599,900,900,900,295,5
2017-12-02,10000014,25600,29500,29500,29500,866,7
2017-12-02,10000014,25601,3500,3500,3500,376,8
2017-12-02,10000014,25602,14000,14000,14000,106,1
2017-12-02,10000014,25603,29000,29000,29000,78,2
2017-12-02,10000014,25605,35000.04,35000.04,35000.04,375,8
2017-12-02,10000014,25607,65000.24,65000.24,65000.24,1,1
2017-12-02,10000014,25609,300000,300000,300000,51,5
2017-12-02,10000014,25611,63000,63000,63000,24,2
2017-12-02,10000014,25612,700000,700000,700000,5,1
2017-12-02,10000014,25616,10000,10000,10000,17,2
2017-12-02,10000014,25617,370006,370006,370006,48,5
2017-12-02,10000014,25618,16000,16000,16000,52,6
2017-12-02,10000014,25619,700008,700008,700008,95,6
2017-12-02,10000014,25620,40000,40000,40000,17,3
2017-12-02,10000014,25621,1000000,1000000,1000000,1,1
2017-12-02,10000014,25624,4096969.67,3999999,4100000,66,10
2017-12-02,10000014,25625,3206000.01,3206000.01,3206000.01,1,1
2017-12-02,10000014,25707,621984.14,621984.14,621984.14,5,1
2017-12-02,10000014,25715,1634705.88,1490000.01,1694999.99,17,3
2017-12-02,10000014,25718,3000000,3000000,3000000,1,1
2017-12-02,10000014,25719,100000,100000,100000,1,1
2017-12-02,10000014,25736,10999999.99,10999999.99,10999999.99,2,2
2017-12-02,10000014,25812,8000000,8000000,8000000,2,1
2017-12-02,10000014,25861,191603.19,147899.97,1143999.96,68,24
2017-12-02,10000014,25888,12999999.47,12999999.47,12999999.47,1,1
2017-12-02,10000014,25894,13211058.31,12055299.09,13499998.05,10,6
2017-12-02,10000014,25896,26999998.98,26999998.98,26999998.98,2,2
2017-12-02,10000014,25948,7722664.9,6295999.99,9973994.72,6,4
2017-12-02,10000014,26066,6229974.8,6229974.8,6229974.8,1,1
2017-12-02,10000014,26068,7000000,7000000,7000000,1,1
2017-12-02,10000014,26076,2498998.9,2498998.9,2498998.9,2,2
2017-12-02,10000014,26088,8500000,8200000,9200000,10,5
2017-12-02,10000014,26252,90000,90000,90000,1,1
2017-12-02,10000014,26256,750000,750000,750000,1,1
2017-12-02,10000014,26261,193749.25,193749.25,193749.25,1,1
2017-12-02,10000014,26420,60000000,60000000,60000000,1,1
2017-12-02,10000014,26890,12999999,12999999,12999999,1,1
2017-12-02,10000014,26892,7000000,7000000,7000000,1,1
2017-12-02,10000014,26912,1732488.32,1732488.32,1732488.32,3,1
2017-12-02,10000014,26929,123578.62,117999,161354.15,26,15
2017-12-02,10000014,26931,3819999.75,3819999.74,3819999.75,4,4
2017-12-02,10000014,27068,800000,800000,800000,2,1
2017-12-02,10000014,27127,1260777.02,810999.93,1412499.26,18,13
2017-12-02,10000014,27143,1509776.65,1499998.99,1548887.29,15,6
2017-12-02,10000014,27315,1273.45,1200,1346.9,2000,2
2017-12-02,10000014,27321,1023.99,1023.99,1023.99,1000,1
2017-12-02,10000014,27327,840,840,840,1648,5
2017-12-02,10000014,27333,824.99,824.99,824.99,1000,1
2017-12-02,10000014,27339,1999,1999,1999,2500,4
2017-12-02,10000014,27345,3976.99,3976.99,3976.99,4000,2
2017-12-02,10000014,27351,3079.84,3079.84,3079.84,600,2
2017-12-02,10000014,27359,1999,1999,1999,2000,1
2017-12-02,10000014,27361,1428.96,1428.96,1428.96,39266,31
2017-12-02,10000014,27371,1257.91,1257.91,1257.91,38951,35
2017-12-02,10000014,27377,2026.39,2026.39,2026.39,3638,3
2017-12-02,10000014,27381,1399.99,1399.99,1399.99,40030,39
2017-12-02,10000014,27387,1971.64,1900,1971.65,35422,31
2017-12-02,10000014,27395,1700,1700,1700,1200,1
2017-12-02,10000014,27401,1398.79,1398.79,1398.79,3300,3
2017-12-02,10000014,27413,1586.93,1586.93,1586.93,5992,3
2017-12-02,10000014,27429,1699.6,1699.6,1699.6,3180,2
2017-12-02,10000014,27435,2137.99,2137.99,2137.99,5000,3
2017-12-02,10000014,27441,1734.12,1734.12,1734.12,3000,3
2017-12-02,10000014,27447,1607,1607,1607,3036,3
2017-12-02,10000014,27453,1750.93,1750.93,1750.93,2000,2
2017-12-02,10000014,27912,1000000,1000000,1000000,15,4
2017-12-02,10000014,27914,2066581.49,1699745.49,2249999.99,6,6
2017-12-02,10000014,27916,1116450.76,999881,1256334.48,11,2
2017-12-02,10000014,27918,1194324.37,1000000,1200000,44,7
2017-12-02,10000014,27920,1098911,1050000,1190621.78,140,29
2017-12-02,10000014,27922,750000,750000,750000,5,1
2017-12-02,10000014,27924,1277270.45,1200000,1300000,22,4
2017-12-02,10000014,28073,8950000,8900000,9000000,2,2
2017-12-02,10000014,28197,2299999.97,2299999.97,2299999.97,5,1
2017-12-02,10000014,28199,2400000,2400000,2400000,5,1
2017-12-02,10000014,28209,1350000,1350000,1350000,5,1
2017-12-02,10000014,28213,1499998.91,1499998.91,1499998.91,5,1
2017-12-02,10000014,28215,887518.75,800149.97,900000,8,3
2017-12-02,10000014,28326,782,782,782,11600,3
2017-12-02,10000014,28332,1463.72,1463.72,1463.72,4000,3
2017-12-02,10000014,28334,1097.15,1097.15,1097.15,7822,8
2017-12-02,10000014,28404,69000,69000,69000,13,1
2017-12-02,10000014,28430,2199.99,2199.99,2199.99,40498,1
2017-12-02,10000014,28576,1103392.07,1099999.93,1157352.16,24,11
2017-12-02,10000014,28578,1139999.9,1100000,1139999.99,42,10
2017-12-02,10000014,28646,4999999.89,4999999.89,4999999.89,1,1
2017-12-02,10000014,28668,27887.74,26489.97,27887.98,12884,152
2017-12-02,10000014,28756,41592378.23,38691661,42140676.2,5,5
2017-12-02,10000014,28758,40250000,39000000,43999999.99,4,4
2017-12-02,10000014,28999,11343.17,10999.99,15017,17,14
2017-12-02,10000014,29001,13605.29,12056.17,19999,19,12
2017-12-02,10000014,29005,10172.39,10172.39,10172.39,7,5
2017-12-02,10000014,29007,11892.92,11892.92,11892.92,7,5
2017-12-02,10000014,29009,13855.93,12414.56,16999,36,23
2017-12-02,10000014,29011,21815.97,19999.98,29999.99,55,32
2017-12-02,10000014,29013,25000,25000,25000,4,4
2017-12-02,10000014,29015,10000,10000,10000,7,5
2017-12-02,10000014,29248,599000,599000,599000,1,1
2017-12-02,10000014,29337,71000000,71000000,71000000,1,1
2017-12-02,10000014,29990,247000000,247000000,247000000,1,1
2017-12-02,10000014,30013,9999.99,9999.99,9999.99,272,26
2017-12-02,10000014,30028,82000,82000,82000,16,1
2017-12-02,10000014,30486,590999.95,542500,648478.55,190,19
2017-12-02,10000014,30488,512999.98,512999.98,512999.98,314,32
2017-12-02,10000014,30651,1999999,1999999,1999999,1,1
2017-12-02,10000014,30832,1678918.18,1407295.94,1859999.68,5,5
2017-12-02,10000014,30834,2000000,2000000,2000000,1,1
2017-12-02,10000014,30836,1871428.57,1849999.99,1900000,7,4
2017-12-02,10000014,30987,548987.21,548987.18,548987.24,10,4
2017-12-02,10000014,30999,1699999.64,1200000,2199999.27,2,2
2017-12-02,10000014,31009,577777.78,500000,600000,9,7
2017-12-02,10000014,31011,2097969.55,2000000,2195939.1,6,6
2017-12-02,10000014,31015,9874999.99,9874999.99,9874999.99,1,1
2017-12-02,10000014,31021,499998.99,499998.99,499998.99,3,3
2017-12-02,10000014,31033,438000,438000,438000,3,3
2017-12-02,10000014,31045,1099998.95,1099998.95,1099998.95,8,5
2017-12-02,10000014,31047,2328571.43,2200000,2500000,7,6
2017-12-02,10000014,31051,10099999.99,10099999.99,10099999.99,4,1
2017-12-02,10000014,31055,2421499.04,1999999,2499998.84,20,12
2017-12-02,10000014,31057,6949994.59,6949994.59,6949994.59,7,5
2017-12-02,10000014,31059,21150001.34,21150000.93,21150001.75,6,3
2017-12-02,10000014,31063,789796.79,598983.94,850000,5,4
2017-12-02,10000014,31065,2399999.99,2150000,3399999.96,5,5
2017-12-02,10000014,31069,9499997.68,9499997.68,9499997.68,2,1
2017-12-02,10000014,31083,699997.2,699997.19,699997.2,6,3
2017-12-02,10000014,31085,4211580.88,3900000,4315441.17,8,4
2017-12-02,10000014,31091,40000000,40000000,40000000,3,2
2017-12-02,10000014,31105,342842.3,339000,344489.01,10,6
2017-12-02,10000014,31107,2299999.7,2299999.7,2299999.7,1,1
2017-12-02,10000014,31111,4299999.93,4299999.93,4299999.93,2,2
2017-12-02,10000014,31117,454722.68,454159.79,455004.12,3,2
2017-12-02,10000014,31119,1682052.43,1620000,1699781.7,27,10
2017-12-02,10000014,31123,3999999.83,3999999.83,3999999.83,2,1
2017-12-02,10000014,31125,11074999.93,10149999.86,12000000,4,3
2017-12-02,10000014,31153,332831.75,251997.55,500000,72,37
2017-12-02,10000014,31155,1863631.62,1863631.62,1863631.62,4,2
2017-12-02,10000014,31159,456785.05,292996.29,500000,28,17
2017-12-02,10000014,31161,2149010.69,2100000,2198021.38,6,2
2017-12-02,10000014,31165,5535229.68,4909606.25,6720449.49,28,17
2017-12-02,10000014,31167,18999999.99,18000000,19999999.98,2,2
2017-12-02,10000014,31171,5357142.61,5299999.67,5500000,7,4
2017-12-02,10000014,31173,11999998.4,11999998.4,11999998.4,1,1
2017-12-02,10000014,31177,347765.72,315829.31,400000,28,16
2017-12-02,10000014,31179,1913997.85,1913997.81,1913998,6,6
2017-12-02,10000014,31183,4669444.02,4300000,5249999,18,14
2017-12-02,10000014,31185,10444443.99,10444443.99,10444443.99,2,2
2017-12-02,10000014,31201,230000,230000,230000,4,4
2017-12-02,10000014,31207,3349998.65,3349998.63,3349998.67,6,5
2017-12-02,10000014,31213,77827.95,76630.02,94000,29,20
2017-12-02,10000014,31215,1999999,1999999,1999999,1,1
2017-12-02,10000014,31238,190000,190000,190000,1,1
2017-12-02,10000014,31244,3499999.99,3499999.99,3499999.99,1,1
2017-12-02,10000014,31262,300000,300000,300000,1,1
2017-12-02,10000014,31274,253959.65,252952.93,260000,14,12
2017-12-02,10000014,31276,2000000,2000000,2000000,5,3
2017-12-02,10000014,31280,4874998.25,4874997.49,4874998.5,8,8
2017-12-02,10000014,31282,19999999.99,19999999.99,19999999.99,1,1
2017-12-02,10000014,31286,155405.82,149810.98,200000,18,9
2017-12-02,10000014,31288,564285.7,564285.7,564285.7,4,1
2017-12-02,10000014,31298,181554.25,179987.95,185468.33,28,15
2017-12-02,10000014,31304,4299999.95,4299999.95,4299999.95,1,1
2017-12-02,10000014,31322,312018.4,200000,324990,19,4
2017-12-02,10000014,31324,1786226.5,1772453,1800000,2,2
2017-12-02,10000014,31328,3500000,3500000,3500000,2,1
2017-12-02,10000014,31358,564524.77,533997.68,750000,19,16
2017-12-02,10000014,31360,3428085.64,3364749.03,3970876.03,23,13
2017-12-02,10000014,31364,4299999.94,4299999.94,4299999.94,4,4
2017-12-02,10000014,31366,27153850.95,27153850.95,27153850.95,1,1
2017-12-02,10000014,31370,268998.37,268998.36,268998.38,4,2
2017-12-02,10000014,31372,1213992.96,1125999.99,1239991.47,25,13
2017-12-02,10000014,31378,11942184.48,11942184.47,11942184.48,7,4
2017-12-02,10000014,31408,2150000,2000000,2300000,2,2
2017-12-02,10000014,31442,159000,159000,159000,1,1
2017-12-02,10000014,31444,899999,899999,899999,2,2
2017-12-02,10000014,31454,479999.92,479999.89,479999.93,3,2
2017-12-02,10000014,31484,4493999.34,4493999.34,4493999.34,2,1
2017-12-02,10000014,31526,1099999.98,1099999.98,1099999.98,9,9
2017-12-02,10000014,31562,844998.87,844998.87,844998.87,2,1
2017-12-02,10000014,31570,7499999,7499999,7499999,2,1
2017-12-02,10000014,31586,318999.95,318999.93,318999.96,3,3
2017-12-02,10000014,31588,1699999.99,1699999.99,1699999.99,2,1
2017-12-02,10000014,31598,416998.85,416998.8,416998.86,18,9
2017-12-02,10000014,31600,1830303.51,1830303.51,1830303.52,17,17
2017-12-02,10000014,31604,5999999.96,5999999.96,5999999.96,2,2
2017-12-02,10000014,31608,319984.88,319984.86,319984.89,9,9
2017-12-02,10000014,31620,558998.7,558998.7,558998.71,3,3
2017-12-02,10000014,31644,590000,590000,590000,1,1
2017-12-02,10000014,31668,259333.23,247999.89,350000,9,5
2017-12-02,10000014,31680,249997.57,249997.57,249997.57,10,5
2017-12-02,10000014,31686,6013348.85,6013348.85,6013348.85,1,1
2017-12-02,10000014,31692,220000,220000,220000,1,1
2017-12-02,10000014,31716,73957.52,70681.02,75000,41,26
2017-12-02,10000014,31718,427606.18,374999.04,610000,48,39
2017-12-02,10000014,31722,3425000,3400000,3600000,8,6
2017-12-02,10000014,31724,6363708.55,4999998.49,6491127.73,9,9
2017-12-02,10000014,31730,397999.47,397999.47,397999.47,1,1
2017-12-02,10000014,31740,239999,239999,239999,4,4
2017-12-02,10000014,31742,399994.89,399994.89,399994.89,1,1
2017-12-02,10000014,31752,147274.25,144000,148377.09,11,11
2017-12-02,10000014,31754,406989.6,333208.73,1251787.81,12,10
2017-12-02,10000014,31758,3999999.98,3999999.98,3999999.98,2,2
2017-12-02,10000014,31760,5959999.86,5899999.79,6050000,5,5
2017-12-02,10000014,31788,383496.61,280000,389897.29,66,31
2017-12-02,10000014,31790,2219216.81,2202277.85,2219216.87,141,75
2017-12-02,10000014,31794,9847916.23,4874997.48,10299999.79,12,7
2017-12-02,10000014,31796,25466633.02,24999900,25999999.38,15,10
2017-12-02,10000014,31802,2137537.34,2010738.48,2499999.72,7,5
2017-12-02,10000014,31864,2999999.99,2999999.99,2999999.99,4,1
2017-12-02,10000014,31866,3979999.75,3979999.75,3979999.75,14,3
2017-12-02,10000014,31870,5453999.86,5299999.98,5900000,50,8
2017-12-02,10000014,31872,3000000,3000000,3000000,5,1
2017-12-02,10000014,31882,2300000,2300000,2300000,2,1
2017-12-02,10000014,31890,1950000,1950000,1950000,2,1
2017-12-02,10000014,31892,3899997.99,3899997.99,3899997.99,5,1
2017-12-02,10000014,31900,50000000,50000000,50000000,1,1
2017-12-02,10000014,31926,20000000,20000000,20000000,1,1
2017-12-02,10000014,31928,14691736.74,14500000,16171999.88,19,15
2017-12-02,10000014,31932,58392574.55,58392574.55,58392574.55,1,1
2017-12-02,10000014,31982,124997.99,124997.99,124997.99,19,2
2017-12-02,10000014,32006,217998.99,217998.99,217998.99,685,35
2017-12-02,10000014,32014,324990.47,232999.83,329998.94,199,15
2017-12-02,10000014,32059,2799999.99,2799999.99,2799999.99,3,2
2017-12-02,10000014,32083,2000000,2000000,2000000,2,2
2017-12-02,10000014,32325,8000000,8000000,8000000,18,1
2017-12-02,10000014,32772,1014999.17,789999,1199999,12,7
2017-12-02,10000014,32780,1275999.93,1200000,1313999.9,6,6
2017-12-02,10000014,32782,14.66,12,19.99,30,3
2017-12-02,10000014,32787,35000,35000,35000,148,18
2017-12-02,10000014,32817,1300000,1300000,1300000,2,1
2017-12-02,10000014,32819,2530000,1099999.99,2900000,6,3
2017-12-02,10000014,32872,1449999.94,1449999.94,1449999.94,2,2
2017-12-02,10000014,32876,1200000,1200000,1200000,2,2
2017-12-02,10000014,32878,1999999.9,1999999.88,1999999.9,11,9
2017-12-02,10000014,32880,719473.68,410000,997999.99,38,18
2017-12-02,10000014,33003,555111.43,499789.03,600000,16,8
2017-12-02,10000014,33005,200000,200000,200000,1,1
2017-12-02,10000014,33009,264285.71,264285.71,264285.71,8,2
2017-12-02,10000014,33076,179325.31,149999.99,237891.82,29,29
2017-12-02,10000014,33091,149999,149999,149999,1,1
2017-12-02,10000014,33093,199999,199999,199999,3,3
2017-12-02,10000014,33094,199999,199999,199999,1,1
2017-12-02,10000014,33095,1324998,1324998,1324998,1,1
2017-12-02,10000014,33098,1650666.67,1250000,1851000,3,3
2017-12-02,10000014,33101,284833.27,249999.92,459000,6,5
2017-12-02,10000014,33103,336997.93,175000,498995.86,2,2
2017-12-02,10000014,33176,141750.94,141000,142001.25,4,4
2017-12-02,10000014,33178,82998.99,82998.99,82998.99,2,1
2017-12-02,10000014,33180,145666.65,145000,145999.98,18,15
2017-12-02,10000014,33199,1700000,1700000,1700000,2,1
2017-12-02,10000014,33332,28169.49,18000,30000,59,2
2017-12-02,10000014,33334,53599.99,53599.99,53599.99,115,2
2017-12-02,10000014,33400,5000000,5000000,5000000,1,1
2017-12-02,10000014,33448,108246.09,99741.04,112498.62,15,2
2017-12-02,10000014,33468,75703568.73,74271424.97,79999999.99,4,4
2017-12-02,10000014,33470,222779997.89,222779997.88,222779997.89,2,2
2017-12-02,10000014,33474,2645774.44,1879999.9,2887959.65,10,9
2017-12-02,10000014,33475,10071635.45,9999988,11000000,53,20
2017-12-02,10000014,33591,6000000,6000000,6000000,1,1
2017-12-02,10000014,33699,199999,199999,199999,1,1
2017-12-02,10000014,33706,8498.55,8498.55,8498.55,9,2
2017-12-02,10000014,33708,2299998.9,2299998.9,2299998.9,4,1
2017-12-02,10000014,33816,67171428.55,67171428.55,67171428.55,1,1
2017-12-02,10000014,33818,251999999.95,251999999.95,251999999.95,1,1
2017-12-02,10000014,33824,1449166.66,1244999.98,1489999.99,6,3
2017-12-02,10000014,33890,814083.28,780000,818952.36,40,11
2017-12-02,10000014,33892,4099999.77,4099999.76,4099999.78,6,2
2017-12-02,10000014,33894,4499997.24,4499997.24,4499997.24,6,2
2017-12-02,10000014,33896,9634642.83,8500000,10012857.1,12,4
2017-12-02,10000014,33915,395911.07,355275.5,497000,14,5
2017-12-02,10000014,33983,58749999.01,39999998,77500000.02,2,2
2017-12-02,10000014,34203,750000,750000,750000,3,2
2017-12-02,10000014,34204,1243750.01,859375.02,1500000,5,3
2017-12-02,10000014,34317,62067264.85,61825194.1,62309335.6,2,2
2017-12-02,10000014,34562,57313854.07,57313854.07,57313854.07,1,1
2017-12-02,10000014,34595,168499989.99,168499989.99,168499989.99,3,3
2017-12-02,10000014,34828,56421427.57,50000000,59999997.99,7,7
2017-12-02,10000014,35656,50455.99,45999.98,59368.02,3,3
2017-12-02,10000014,35657,152122.37,147999.99,182489.5,8,8
2017-12-02,10000014,35658,54248.38,49488.21,69999.99,70,66
2017-12-02,10000014,35659,59962.75,48598.33,90017.08,36,31
2017-12-02,10000014,35660,14250.55,13998,15500,34,34
2017-12-02,10000014,35661,467668.72,295337.46,639999.98,4,4
2017-12-02,10000014,35662,289130,250000,536955,7,6
2017-12-02,10000014,35680,1999999,1999999,1999999,2,2
2017-12-02,10000014,35683,69999993.99,69999993.99,69999993.99,1,1
2017-12-02,10000014,35771,1708324.94,1708324.94,1708324.94,1,1
2017-12-02,10000014,35790,2299669.15,2250000,2482227,25,15
2017-12-02,10000014,35794,22508.5,17017,28000,24,12
2017-12-02,10000014,35795,27756.38,24000,34017,16,8
2017-12-02,10000014,36912,7600000,7000000,8200000,2,2
2017-12-02,10000014,37453,15000000,15000000,15000000,3,1
2017-12-02,10000014,37457,34999999,34999999,34999999,1,1
2017-12-02,10000014,37460,39333333.33,39333333.33,39333333.33,1,1
2017-12-02,10000014,37482,78478833.61,78478833.61,78478833.61,1,1
2017-12-02,10000014,37483,64600000,64600000,64600000,2,1
2017-12-02,10000014,37488,3000000,3000000,3000000,1,1
2017-12-02,10000014,37503,4000000,4000000,4000000,1,1
2017-12-02,10000014,37599,1,1,1,1,1
2017-12-02,10000014,37615,24999999,24999999,24999999,3,3
2017-12-02,10000014,40328,5000000,5000000,5000000,1,1
2017-12-02,10000014,40334,99000,99000,99000,1,1
2017-12-02,10000014,40335,10000,10000,10000,1,1
2017-12-02,10000014,40348,50000000,50000000,50000000,1,1
2017-12-02,10000014,40357,142499999.41,130000000,154999998.82,2,2
2017-12-02,10000014,40520,888221755.57,887999971.74,888997998.98,9,8
2017-12-02,10000014,40556,12100000,12100000,12100000,54,3
2017-12-02,10000014,40559,10999995,10999995,10999995,34,1
2017-12-02,10000014,40661,65000000,65000000,65000000,2,2
2017-12-02,10000014,40714,60000000,60000000,60000000,1,1
2017-12-02,10000014,40717,120000000,120000000,120000000,1,1
2017-12-02,10000014,41034,110925,110925,110925,1,1
2017-12-02,10000014,41055,225000.75,200001,300000,4,2
2017-12-02,10000014,41056,200003.01,200003.01,200003.01,1,1
2017-12-02,10000014,41155,13526.82,12053.71,14999.93,14,9
2017-12-02,10000014,41215,28000000,28000000,28000000,1,1
2017-12-02,10000014,41218,37000000,37000000,37000000,1,1
2017-12-02,10000014,41220,67000000,67000000,67000000,2,2
2017-12-02,10000014,41486,23999999,23999999,23999999,1,1
2017-12-02,10000014,41489,12483.44,8995.9,12500,4147,5
2017-12-02,10000014,41490,1169998.86,1001999.99,1599990.95,265,4
2017-12-02,10000014,41491,39999989.34,39999989.34,39999989.34,1,1
2017-12-02,10000014,42244,64666666.67,64666666.67,64666666.67,1,1
2017-12-02,10000014,42522,240947786,240947786,240947786,1,1
2017-12-02,10000014,42527,686251.14,686251.14,686251.14,1,1
2017-12-02,10000014,42529,750000,750000,750000,1,1
2017-12-02,10000014,42530,777777,777777,777777,3,2
2017-12-02,10000014,42694,1121.99,1121.99,1121.99,6300,4
2017-12-02,10000014,42695,1923.59,1923.59,1923.59,6300,3
2017-12-02,10000014,42696,1450,1450,1450,2200,3
2017-12-02,10000014,42786,34000000,34000000,34000000,1,1
2017-12-02,10000014,42830,650,650,650,500,1
2017-12-02,10000014,42831,550,550,550,2000,1
2017-12-02,10000014,42832,1139.99,1139.99,1139.99,100,1
2017-12-02,10000014,42833,1000,1000,1000,700,3
2017-12-02,10000014,42837,1038,1038,1038,300,1
2017-12-02,10000014,42838,900.99,900.99,900.99,1900,5
2017-12-02,10000014,42839,1148.99,1148.99,1148.99,2600,4
2017-12-02,10000014,42840,859,859,859,2300,5
2017-12-02,10000014,43551,4999999,4999999,4999999,2,1
2017-12-02,10000014,43552,2888999.99,2888999.99,2888999.99,2,1
2017-12-02,10000014,43555,3833333.3,3799999.94,3900000,6,5
2017-12-02,10000014,43556,3901276.6,3851271.75,3951707,7,6
2017-12-02,10000014,43699,52655.59,50000,95000,44,3
2017-12-02,10000014,43702,436666.33,436666.33,436666.33,1,1
2017-12-02,10000014,43894,999955.2,999887.99,1000000,5,4
2017-12-02,10000014,43896,2089999.99,1500000,2679999.97,4,2
2017-12-02,10000014,44067,289999999,289999999,289999999,1,1
2017-12-02,10000014,44102,4312482.2,4249976.27,4500000,4,4
2017-12-02,10000014,44170,5000000,5000000,5000000,1,1
2017-12-02,10000014,44992,3054103.13,2954103.13,3073100.03,7413,20
2017-12-02,10000014,45589,52000000,52000000,52000000,1,1
2017-12-02,10000014,45595,53000000,53000000,53000000,3,3
2017-12-02,10000014,45607,43000000,43000000,43000000,1,1
2017-12-02,10000014,45613,71200000.02,71200000.02,71200000.02,2,2
2017-12-02,10000014,45619,56000000,47000000,65000000,2,2
2017-12-02,10000014,45633,50374999.89,45000000,55749999.77,2,2
2017-12-02,10000014,45746,1499999,1499999,1499999,2,2
2017-12-02,10000014,45773,26500000,26500000,26500000,1,1
2017-12-02,10000014,45911,4000000,4000000,4000000,1,1
2017-12-02,10000014,45999,12000000,12000000,12000000,3,1
2017-12-02,10000014,46005,7200000,7200000,7200000,1,1
2017-12-02,10000014,46356,1299999,1299999,1299999,10,1
2017-12-02,10000015,20,1424.9,1424.9,1424.9,80000,10
2017-12-02,10000015,34,5.25,5.25,5.25,1076933,8
2017-12-02,10000015,35,4.99,4.99,4.99,49003066,8
2017-12-02,10000015,36,78.99,78.99,78.99,2895730,8
2017-12-02,10000015,37,47.48,47.48,47.48,8100,5
2017-12-02,10000015,38,358.99,358.99,358.99,3632,5
2017-12-02,10000015,39,1999,1999,1999,4793,5
2017-12-02,10000015,40,1999.98,1999.98,1999.98,1334,3
2017-12-02,10000015,222,30,30,30,70,1
2017-12-02,10000015,264,99500,99500,99500,20,1
2017-12-02,10000015,483,1250000,1250000,1250000,3,1
2017-12-02,10000015,527,1300000,1300000,1300000,1,1
2017-12-02,10000015,584,4202875,4150000,4255750,2,2
2017-12-02,10000015,589,4555555,4555555,4555555,1,1
2017-12-02,10000015,602,2222222,2222222,2222222,1,1
2017-12-02,10000015,603,1000000,1000000,1000000,5,1
2017-12-02,10000015,605,5750000,5750000,5750000,1,1
2017-12-02,10000015,608,3888888,3888888,3888888,1,1
2017-12-02,10000015,1228,8114,8114,8114,1500,1
2017-12-02,10000015,1236,999999.98,999999.97,999999.98,6,2
2017-12-02,10000015,1317,499999.99,499999.99,499999.99,1,1
2017-12-02,10000015,1405,3158749.74,2149999,3494999.99,4,2
2017-12-02,10000015,1952,1000000,1000000,1000000,3,2
2017-12-02,10000015,2038,4156024.3,4156024.3,4156024.3,1,1
2017-12-02,10000015,2185,1350000,1350000,1350000,28,2
2017-12-02,10000015,2205,1000000,1000000,1000000,7,2
2017-12-02,10000015,2281,2850000,2850000,2850000,1,1
2017-12-02,10000015,2299,1600000,1600000,1600000,2,1
2017-12-02,10000015,2341,1200000,1200000,1200000,2,2
2017-12-02,10000015,2404,2499999.95,2499999.95,2499999.95,4,1
2017-12-02,10000015,2454,50000,50000,50000,15,1
2017-12-02,10000015,2456,999999.99,999999.99,999999.99,4,1
2017-12-02,10000015,2464,200000,200000,200000,8,1
2017-12-02,10000015,2466,999999.99,999999.99,999999.99,5,1
2017-12-02,10000015,2478,1999999.99,1999999.99,1999999.99,6,2
2017-12-02,10000015,2488,724999.5,450000,999999,10,4
2017-12-02,10000015,2553,1499999.98,1499999.97,1499999.98,2,2
2017-12-02,10000015,2605,1499999,1499999,1499999,4,1
2017-12-02,10000015,2629,1000,1000,1000,16000,1
2017-12-02,10000015,2977,3000000,3000000,3000000,7,1
2017-12-02,10000015,3170,2000000,2000000,2000000,3,1
2017-12-02,10000015,3361,4499998.99,4499998.99,4499998.99,1,1
2017-12-02,10000015,3363,4000000,4000000,4000000,1,1
2017-12-02,10000015,3530,1399984.97,1399984.97,1399984.97,1,1
2017-12-02,10000015,3841,3333330.66,3000000,3499995.99,3,3
2017-12-02,10000015,4027,1499999.99,1499999.99,1499999.99,1,1
2017-12-02,10000015,4051,24499.95,24499.95,24499.95,700,2
2017-12-02,10000015,4254,929999.66,929999.66,929999.66,14,2
2017-12-02,10000015,4393,1750000,1750000,1750000,1,1
2017-12-02,10000015,4403,648998.97,648998.97,648998.97,1,1
2017-12-02,10000015,5321,14828,14828,14828,1,1
2017-12-02,10000015,5439,300000,300000,300000,1,1
2017-12-02,10000015,5973,2500000,2500000,2500000,2,2
2017-12-02,10000015,6003,250000,250000,250000,1,1
2017-12-02,10000015,7287,1500000,1500000,1500000,5,1
2017-12-02,10000015,9580,489999.99,489999.99,489999.99,1,1
2017-12-02,10000015,10190,1300000,1300000,1300000,2,2
2017-12-02,10000015,11269,4900000,4900000,4900000,1,1
2017-12-02,10000015,11644,5000000,5000000,5000000,2,1
2017-12-02,10000015,11646,1970000,1970000,1970000,1,1
2017-12-02,10000015,12058,4000000,4000000,4000000,1,1
2017-12-02,10000015,12198,4400000,4400000,4400000,5,1
2017-12-02,10000015,12259,4499999.99,4499999.99,4499999.99,1,1
2017-12-02,10000015,12559,280600,280600,280600,10,1
2017-12-02,10000015,12612,149.99,149.99,149.99,65000,2
2017-12-02,10000015,12633,298,298,298,3004,1
2017-12-02,10000015,15609,15000,15000,15000,18,1
2017-12-02,10000015,15612,50000,50000,50000,16,2
2017-12-02,10000015,15614,100000,100000,100000,2,1
2017-12-02,10000015,15622,45000,45000,45000,45,2
2017-12-02,10000015,15640,50000,50000,50000,2,2
2017-12-02,10000015,15641,100000,100000,100000,1,1
2017-12-02,10000015,15642,60000,60000,60000,1,1
2017-12-02,10000015,15643,2000000,2000000,2000000,9,2
2017-12-02,10000015,15671,750000,750000,750000,64,3
2017-12-02,10000015,15672,100000,100000,100000,1,1
2017-12-02,10000015,15681,105000000,105000000,105000000,1,1
2017-12-02,10000015,15992,25000,25000,25000,23,1
2017-12-02,10000015,16001,30000,30000,30000,57,2
2017-12-02,10000015,16118,65000,65000,65000,30,1
2017-12-02,10000015,16120,35000,35000,35000,10,1
2017-12-02,10000015,16121,65000,65000,65000,16,1
2017-12-02,10000015,16122,150000,150000,150000,8,1
2017-12-02,10000015,16123,200000,200000,200000,6,1
2017-12-02,10000015,16124,1000000,1000000,1000000,30,1
2017-12-02,10000015,16125,2000000,2000000,2000000,10,1
2017-12-02,10000015,16273,740,700,740,3850,7
2017-12-02,10000015,16275,4000,4000,4000,2000,1
2017-12-02,10000015,16467,1000000,1000000,1000000,1,1
2017-12-02,10000015,17366,2000000,2000000,2000000,3,1
2017-12-02,10000015,17482,4750000,4750000,4750000,2,1
2017-12-02,10000015,17559,94999998.97,94999998.97,94999998.97,1,1
2017-12-02,10000015,17887,1799,1799,1799,20000,1
2017-12-02,10000015,17889,1100,950,1200,120000,5
2017-12-02,10000015,17928,80000000,80000000,80000000,1,1
2017-12-02,10000015,17938,1348400,1348400,1348400,1,1
2017-12-02,10000015,18639,984998.98,984998.98,984998.98,1,1
2017-12-02,10000015,19937,999997.97,999997.97,999997.97,4,1
2017-12-02,10000015,20420,50000.02,50000.02,50000.02,8,1
2017-12-02,10000015,21096,2868749.99,2799999.99,3449999.98,32,8
2017-12-02,10000015,21638,1449999.66,1449998,1449999.99,12,4
2017-12-02,10000015,22175,491999.99,491999.99,491999.99,1,1
2017-12-02,10000015,22291,1430800.81,1430800.81,1430800.81,3,1
2017-12-02,10000015,22542,350000,350000,350000,1,1
2017-12-02,10000015,22778,196315.16,190000,199999,57,2
2017-12-02,10000015,23057,2500000,2500000,2500000,9,1
2017-12-02,10000015,23527,1250000,1250000,1250000,1,1
2017-12-02,10000015,24242,11100000.02,11100000.02,11100000.02,1,1
2017-12-02,10000015,24283,40000000,40000000,40000000,3,2
2017-12-02,10000015,24348,2200000,2200000,2200000,1,1
2017-12-02,10000015,24417,1449993.99,1449993.99,1449993.99,2,1
2017-12-02,10000015,24488,147.57,147.57,147.57,3000,1
2017-12-02,10000015,25588,10000.28,10000.28,10000.28,4,1
2017-12-02,10000015,25598,10700.01,10700.01,10700.01,31,1
2017-12-02,10000015,25600,10000.01,10000.01,10000.01,36,1
2017-12-02,10000015,25601,5000,5000,5000,33,1
2017-12-02,10000015,25604,5000.02,5000.02,5000.02,1,1
2017-12-02,10000015,25861,3000000,3000000,3000000,3,1
2017-12-02,10000015,27361,940,940,940,1205,1
2017-12-02,10000015,27411,800.05,800.05,800.05,3000,1
2017-12-02,10000015,27413,2100,2100,2100,7500,2
2017-12-02,10000015,27435,1199.99,1199.99,1199.99,3000,2
2017-12-02,10000015,28213,800000,800000,800000,10,2
2017-12-02,10000015,28668,24306.96,24306.96,24306.96,200,1
2017-12-02,10000015,30013,288888,288888,288888,8,1
2017-12-02,10000015,31023,2380000,2380000,2380000,2,1
2017-12-02,10000015,31047,4250000,4250000,4250000,2,1
2017-12-02,10000015,31159,3000000,3000000,3000000,1,1
2017-12-02,10000015,31788,3000000,3000000,3000000,3,1
2017-12-02,10000015,31790,3374999.97,3374999.97,3374999.97,2,1
2017-12-02,10000015,31876,5000000,5000000,5000000,10,1
2017-12-02,10000015,31878,7156241.43,7156241.43,7156241.43,3,2
2017-12-02,10000015,32774,35900,35900,35900,1,1
2017-12-02,10000015,32872,4800000,4800000,4800000,2,2
2017-12-02,10000015,32880,1777777,1777777,1777777,1,1
2017-12-02,10000015,33005,499999,499999,499999,1,1
2017-12-02,10000015,33076,4140000,3000000,5280000,2,2
2017-12-02,10000015,33474,10000000,10000000,10000000,1,1
2017-12-02,10000015,33475,10800000,8000000,11499999.99,6,5
2017-12-02,10000015,33816,80000000,80000000,80000000,1,1
2017-12-02,10000015,34201,101000.01,101000.01,101000.01,1,1
2017-12-02,10000015,34206,101000.01,101000.01,101000.01,1,1
2017-12-02,10000015,34208,200000.1,200000.1,200000.1,1,1
2017-12-02,10000015,35659,126999.99,126999.99,126999.99,2,2
2017-12-02,10000015,36911,8166664,8166664,8166664,2,1
2017-12-02,10000015,40354,58800000.02,58800000.02,58800000.02,3,1
2017-12-02,10000015,40519,488525.88,488525.88,488525.88,5,1
2017-12-02,10000015,41155,1000000,1000000,1000000,2,2
2017-12-02,10000015,41489,61106.25,39000,97950,80,2
2017-12-02,10000016,18,58,58,58,5286964,116
2017-12-02,10000016,20,167.01,164,220,875562,80
2017-12-02,10000016,21,360,360,360,5200,1
2017-12-02,10000016,34,4,3.6,4.11,45385378,449
2017-12-02,10000016,35,4.25,4.25,4.25,12440098,318
2017-12-02,10000016,36,58,49.01,61.31,1662513,253
2017-12-02,10000016,37,43.01,43.01,43.01,10661298,175
2017-12-02,10000016,38,310,310,310,346910,140
2017-12-02,10000016,39,1100,1100,1100,25307,104
2017-12-02,10000016,40,1199,1199,1199,27899,80
2017-12-02,10000016,42,1345.18,800.09,1708.57,25,2
2017-12-02,10000016,43,355.98,345.21,356.26,233581,13
2017-12-02,10000016,44,11500,11500,11500,870,1
2017-12-02,10000016,45,25.05,24.97,25.07,130,12
2017-12-02,10000016,178,2.3,2.3,2.3,10200,4
2017-12-02,10000016,179,0.01,0.01,0.01,300,3
2017-12-02,10000016,180,9.39,9.39,9.39,1401,5
2017-12-02,10000016,181,9,9,9,247789,5
2017-12-02,10000016,182,0.01,0.01,0.01,101,2
2017-12-02,10000016,183,0.01,0.01,0.01,300,3
2017-12-02,10000016,184,1.01,1.01,1.01,300,3
2017-12-02,10000016,185,22.13,22.13,22.13,73292,2
2017-12-02,10000016,186,0.01,0.01,0.01,200,2
2017-12-02,10000016,188,0.01,0.01,0.01,100,1
2017-12-02,10000016,189,49,49,49,5100,2
2017-12-02,10000016,190,34,34,34,21000,4
2017-12-02,10000016,191,38,38,38,1700,3
2017-12-02,10000016,192,74,74,74,11000,4
2017-12-02,10000016,193,55,55,55,600,1
2017-12-02,10000016,196,1.03,1.03,1.03,500,4
2017-12-02,10000016,197,75,75,75,47556,2
2017-12-02,10000016,201,1.01,1.01,1.01,100,1
2017-12-02,10000016,202,650,650,650,163200,7
2017-12-02,10000016,203,240,240,240,69031,5
2017-12-02,10000016,204,230,230,230,11300,6
2017-12-02,10000016,205,319.99,319.99,319.99,6100,3
2017-12-02,10000016,206,60,60,60,15652,11
2017-12-02,10000016,207,60.11,60.11,60.11,7500,4
2017-12-02,10000016,208,50,50,50,69459,16
2017-12-02,10000016,209,62,62,62,132433,34
2017-12-02,10000016,210,11,11,11,602155,67
2017-12-02,10000016,211,12,12,12,168359,53
2017-12-02,10000016,212,20.5,19.9,21,28447,28
2017-12-02,10000016,213,12.13,12.13,15,13327,13
2017-12-02,10000016,215,4.2,4.15,5.79,144256,41
2017-12-02,10000016,216,8.59,7.5,8.59,48093,16
2017-12-02,10000016,217,8.85,8.8,8.93,25358,26
2017-12-02,10000016,218,6,6,6,298123,29
2017-12-02,10000016,219,8.27,8.13,8.72,55727,28
2017-12-02,10000016,220,10.39,8.4,11.99,48021,19
2017-12-02,10000016,221,10.5,10.5,10.5,45452,21
2017-12-02,10000016,222,19,16.75,20.99,610534,199
2017-12-02,10000016,223,22,22,22,45600,15
2017-12-02,10000016,224,34,34,34,46700,12
2017-12-02,10000016,225,28,28,28,42780,13
2017-12-02,10000016,226,31.61,31.61,31.61,18399,9
2017-12-02,10000016,227,60,60,60,5200,4
2017-12-02,10000016,228,45,45,45,50100,6
2017-12-02,10000016,229,42.5,42.5,42.5,24300,6
2017-12-02,10000016,230,66.13,66.13,66.13,146112,25
2017-12-02,10000016,233,47.5,47.5,47.5,96,1
2017-12-02,10000016,238,165,165,165,21400,8
2017-12-02,10000016,239,701.45,81.53,1400,18,7
2017-12-02,10000016,240,1187.3,0.01,2750,14,8
2017-12-02,10000016,241,83,0.01,663.96,8,8
2017-12-02,10000016,242,25.01,0.01,300,12,4
2017-12-02,10000016,243,71.44,0.01,500,7,5
2017-12-02,10000016,244,157.55,0.01,902.8,7,6
2017-12-02,10000016,245,136.53,0.01,1911.28,14,7
2017-12-02,10000016,246,4210.53,0.01,10000,19,7
2017-12-02,10000016,249,8605.72,8605.72,8605.72,1,1
2017-12-02,10000016,261,70000,70000,70000,1,1
2017-12-02,10000016,263,210.99,199.75,239.94,412,19
2017-12-02,10000016,264,470,470,470,1050,4
2017-12-02,10000016,266,6,5.75,12.5,190550,57
2017-12-02,10000016,267,55.9,55.9,55.9,100,1
2017-12-02,10000016,269,12.41,12.41,12.41,101,2
2017-12-02,10000016,377,10496.29,1000,12000,48,25
2017-12-02,10000016,380,702314.41,2777.78,857767,11,6
2017-12-02,10000016,393,19980,19980,19980,4,4
2017-12-02,10000016,394,646223.13,499995,890000,8,6
2017-12-02,10000016,399,20459.15,19999,22100.07,37,36
2017-12-02,10000016,400,518451.73,493995,699999.99,11,10
2017-12-02,10000016,434,72405.06,62500,97000,30,28
2017-12-02,10000016,438,2949999,2949999,2949999,1,1
2017-12-02,10000016,439,9000,8158.86,9000,119,92
2017-12-02,10000016,440,4402247.06,2725571.69,5240584.74,3,3
2017-12-02,10000016,442,22000,22000,22000,7,7
2017-12-02,10000016,444,29266.52,19999.99,49999.95,15,15
2017-12-02,10000016,447,69999,69999,69999,1,1
2017-12-02,10000016,448,1335219.2,470552.83,1950000,5,4
2017-12-02,10000016,456,132136.36,132136.36,132136.36,1,1
2017-12-02,10000016,482,1114143.4,1057007.77,1150000,60,33
2017-12-02,10000016,483,13943.88,5200,17249,53,40
2017-12-02,10000016,485,23200.13,23200.13,23200.13,1,1
2017-12-02,10000016,498,2000000,2000000,2000000,4,1
2017-12-02,10000016,499,14499,14000,17800,192,61
2017-12-02,10000016,501,52491.67,50000,99000,12,5
2017-12-02,10000016,519,1450000,1450000,1450000,6,2
2017-12-02,10000016,520,58000,58000,58000,2,1
2017-12-02,10000016,523,25305.56,21700,35000,9,7
2017-12-02,10000016,524,46500,40000,65000,4,4
2017-12-02,10000016,526,36756.92,7999,42777.77,11,11
2017-12-02,10000016,527,1339491.22,729233.58,2599999.99,4,4
2017-12-02,10000016,530,40000,40000,40000,1,1
2017-12-02,10000016,561,4460.95,3874.5,5990.98,53,37
2017-12-02,10000016,562,29692.87,3788.91,33333.33,42,30
2017-12-02,10000016,563,46124.04,40008.78,49989,8,5
2017-12-02,10000016,564,58844.31,55555,78999.99,24,11
2017-12-02,10000016,565,30545.94,25555.55,34999.99,80,45
2017-12-02,10000016,567,76993.38,72000,79250.06,15,5
2017-12-02,10000016,569,404992.07,374990,500000.36,10,5
2017-12-02,10000016,570,299000,299000,299000,5,1
2017-12-02,10000016,578,92155.56,80000,100000,40,36
2017-12-02,10000016,580,3000,3000,3000,1,1
2017-12-02,10000016,582,260260.88,170000,349999.99,27,27
2017-12-02,10000016,583,317285.71,270000,335000,28,24
2017-12-02,10000016,584,389250,325000,449500,8,6
2017-12-02,10000016,586,366466.67,349950,399500,3,3
2017-12-02,10000016,587,502000.53,500000.66,510000,5,2
2017-12-02,10000016,588,120,120,120,1,1
2017-12-02,10000016,589,390000,350000,410000,3,3
2017-12-02,10000016,590,420000,420000,420000,1,1
2017-12-02,10000016,591,295000,150000,440000,2,2
2017-12-02,10000016,593,475000,450000,500000,4,4
2017-12-02,10000016,594,425000,425000,425000,1,1
2017-12-02,10000016,596,80625.93,100,241677.78,3,3
2017-12-02,10000016,597,363500.02,225000,502000.03,2,2
2017-12-02,10000016,601,7542.16,3000.88,12124.65,13,13
2017-12-02,10000016,602,408653.77,400000,450000,26,24
2017-12-02,10000016,603,251253.67,210000,350000,48,46
2017-12-02,10000016,605,416688.35,400000,445000,32,29
2017-12-02,10000016,606,501,501,501,3,3
2017-12-02,10000016,607,2133333.31,1400000.03,2499999.95,3,3
2017-12-02,10000016,608,300000,300000,300000,1,1
2017-12-02,10000016,609,350000,350000,350000,1,1
2017-12-02,10000016,620,5051250.37,5051250.37,5051250.37,1,1
2017-12-02,10000016,621,10568063,10000000,12569000,18,18
2017-12-02,10000016,622,9200000,9200000,9200000,1,1
2017-12-02,10000016,623,11079845.77,10000000,16000000.02,13,13
2017-12-02,10000016,624,9499999.99,9499999.99,9499999.99,1,1
2017-12-02,10000016,626,11499333,10748999.5,13000000,3,3
2017-12-02,10000016,627,10566333.33,10550000,10599000,3,3
2017-12-02,10000016,628,12762501,10525002,15000000,2,2
2017-12-02,10000016,630,11999999.98,11999999.98,11999999.98,1,1
2017-12-02,10000016,631,5000001,5000001,5000001,1,1
2017-12-02,10000016,632,15775001,15775001,15775001,1,1
2017-12-02,10000016,633,8249999.99,8249999.99,8249999.99,1,1
2017-12-02,10000016,641,165499999,165499999,165499999,1,1
2017-12-02,10000016,643,194999999.99,194999999.99,194999999.99,1,1
2017-12-02,10000016,648,409000.01,365000,480000.01,26,24
2017-12-02,10000016,649,1219666.64,600000,1245000,33,29
2017-12-02,10000016,650,649999.5,400000,899999,2,2
2017-12-02,10000016,651,970000,970000,970000,1,1
2017-12-02,10000016,653,1500000,1500000,1500000,1,1
2017-12-02,10000016,654,1250000,1200000,1300000,2,2
2017-12-02,10000016,655,650000,650000,650000,1,1
2017-12-02,10000016,656,1139271.43,950000,1199999.99,7,7
2017-12-02,10000016,657,1362500,1350000,1450000,4,4
2017-12-02,10000016,672,18500,13250,19000,139,74
2017-12-02,10000016,683,2550000,2550000,2550000,2,2
2017-12-02,10000016,684,2150000,2150000,2150000,2,2
2017-12-02,10000016,685,2350000,2350000,2350000,2,2
2017-12-02,10000016,687,82500000,82500000,82500000,3,3
2017-12-02,10000016,786,60000,60000,60000,3,3
2017-12-02,10000016,790,999960,999960,999960,1,1
2017-12-02,10000016,808,900000,900000,900000,1,1
2017-12-02,10000016,811,150000,150000,150000,3,3
2017-12-02,10000016,812,160000,160000,160000,4,4
2017-12-02,10000016,813,180000,180000,180000,4,4
2017-12-02,10000016,814,140000,140000,140000,4,4
2017-12-02,10000016,819,20000,20000,20000,1,1
2017-12-02,10000016,820,60000,60000,60000,1,1
2017-12-02,10000016,821,90000,90000,90000,1,1
2017-12-02,10000016,879,20000,20000,20000,2,2
2017-12-02,10000016,880,30000,30000,30000,1,1
2017-12-02,10000016,881,40000,40000,40000,1,1
2017-12-02,10000016,882,50000,50000,50000,1,1
2017-12-02,10000016,883,60000,60000,60000,1,1
2017-12-02,10000016,884,70000,70000,70000,1,1
2017-12-02,10000016,885,80000,80000,80000,1,1
2017-12-02,10000016,886,100000,100000,100000,1,1
2017-12-02,10000016,887,80000,80000,80000,1,1
2017-12-02,10000016,889,165000,165000,165000,1,1
2017-12-02,10000016,890,205000,205000,205000,2,2
2017-12-02,10000016,891,235000,235000,235000,1,1
2017-12-02,10000016,892,275000,275000,275000,2,2
2017-12-02,10000016,893,325000,325000,325000,1,1
2017-12-02,10000016,949,2850000,2850000,2850000,1,1
2017-12-02,10000016,950,2850000,2850000,2850000,2,2
2017-12-02,10000016,952,2750000,2750000,2750000,3,3
2017-12-02,10000016,967,50000,50000,50000,11,11
2017-12-02,10000016,968,83500000,83500000,83500000,2,2
2017-12-02,10000016,977,81500000,81500000,81500000,1,1
2017-12-02,10000016,983,3487500,3487500,3487500,2,2
2017-12-02,10000016,984,7425000,7425000,7425000,3,3
2017-12-02,10000016,1010,47440,40000,49920,4,4
2017-12-02,10000016,1032,91160,91160,91160,1,1
2017-12-02,10000016,1067,316360,316360,316360,1,1
2017-12-02,10000016,1072,64500,64500,64500,3,3
2017-12-02,10000016,1112,20000,20000,20000,3,3
2017-12-02,10000016,1115,120000,120000,120000,2,2
2017-12-02,10000016,1116,150000,150000,150000,1,1
2017-12-02,10000016,1117,600000,600000,600000,1,1
2017-12-02,10000016,1118,200000,200000,200000,1,1
2017-12-02,10000016,1119,1200000,1200000,1200000,1,1
2017-12-02,10000016,1120,900000,900000,900000,1,1
2017-12-02,10000016,1121,1500000,1500000,1500000,2,2
2017-12-02,10000016,1122,6000000,6000000,6000000,1,1
2017-12-02,10000016,1123,2000000,2000000,2000000,1,1
2017-12-02,10000016,1124,12000000,12000000,12000000,1,1
2017-12-02,10000016,1125,15000000,15000000,15000000,1,1
2017-12-02,10000016,1126,9000000,9000000,9000000,1,1
2017-12-02,10000016,1129,750000,750000,750000,2,2
2017-12-02,10000016,1130,20000,20000,20000,8,8
2017-12-02,10000016,1131,31250,30000,35000,4,4
2017-12-02,10000016,1132,40000,40000,40000,7,7
2017-12-02,10000016,1133,50000,50000,50000,2,2
2017-12-02,10000016,1134,60000,60000,60000,1,1
2017-12-02,10000016,1135,70000,70000,70000,2,2
2017-12-02,10000016,1136,80000,80000,80000,3,3
2017-12-02,10000016,1137,100000,100000,100000,8,8
2017-12-02,10000016,1139,110000,110000,110000,1,1
2017-12-02,10000016,1140,150000,150000,150000,1,1
2017-12-02,10000016,1141,175000,175000,175000,1,1
2017-12-02,10000016,1148,400000,400000,400000,2,2
2017-12-02,10000016,1153,1000000,1000000,1000000,1,1
2017-12-02,10000016,1178,100000,100000,100000,3,2
2017-12-02,10000016,1182,43170.04,20400,150000,5,5
2017-12-02,10000016,1183,979999.96,979999.96,979999.96,1,1
2017-12-02,10000016,1185,32337.91,25000,49888.99,12,9
2017-12-02,10000016,1186,100000,100000,100000,1,1
2017-12-02,10000016,1195,168333.33,77500,349999.99,6,5
2017-12-02,10000016,1201,49772.73,48950,57999.99,22,3
2017-12-02,10000016,1202,6262.84,5301.35,6500,4,3
2017-12-02,10000016,1214,5000000,5000000,5000000,1,1
2017-12-02,10000016,1221,9000000,9000000,9000000,2,2
2017-12-02,10000016,1224,46,46,46,6729309,149
2017-12-02,10000016,1226,235.01,235.01,235.01,6348,3
2017-12-02,10000016,1227,62.04,62.04,62.04,77208,6
2017-12-02,10000016,1228,17,17,17,5984859,170
2017-12-02,10000016,1229,1400,1400,1400,1000,1
2017-12-02,10000016,1230,14.02,14.02,14.02,25059701,255
2017-12-02,10000016,1231,783.94,783.94,783.94,8534,4
2017-12-02,10000016,1236,592926.2,378778.78,699999.91,3,3
2017-12-02,10000016,1244,8755.55,777.77,20000,25,20
2017-12-02,10000016,1246,33750,27500,40000,2,2
2017-12-02,10000016,1247,41600,41600,41600,1,1
2017-12-02,10000016,1248,1099999.99,1099999.99,1099999.99,2,1
2017-12-02,10000016,1254,20000,20000,20000,1,1
2017-12-02,10000016,1255,41600,41600,41600,1,1
2017-12-02,10000016,1304,17959.6,12399,25000,5,5
2017-12-02,10000016,1306,449480.9,300000,599999.8,6,6
2017-12-02,10000016,1317,5204.93,1111.36,15200.13,96,46
2017-12-02,10000016,1318,16640,16640,16640,1,1
2017-12-02,10000016,1319,6781366.52,699999.97,499000000,83,34
2017-12-02,10000016,1335,763841.72,694999.87,786789,4,2
2017-12-02,10000016,1353,17200,12000,25000,5,4
2017-12-02,10000016,1354,99200,99200,99200,1,1
2017-12-02,10000016,1355,1012999.5,800000,1225999,2,2
2017-12-02,10000016,1403,23402.5,22560,25000,8,3
2017-12-02,10000016,1405,981679.26,899998.99,1399998.99,48,19
2017-12-02,10000016,1422,952124.34,952124.34,952124.34,8,5
2017-12-02,10000016,1445,35909.09,30000,40000,11,10
2017-12-02,10000016,1446,97440,97440,97440,1,1
2017-12-02,10000016,1447,456720.13,330213.78,899492.34,9,5
2017-12-02,10000016,1539,22253.19,21500,25488.57,17,13
2017-12-02,10000016,1540,99200,99200,99200,1,1
2017-12-02,10000016,1541,1378578.08,1377490.5,1679995,11,8
2017-12-02,10000016,1552,550000,550000,550000,2,1
2017-12-02,10000016,1808,59999.5,59999,59999.99,4,4
2017-12-02,10000016,1809,187420,187420,187420,1,1
2017-12-02,10000016,1810,13,13,13,24905,10
2017-12-02,10000016,1816,1,1,1,700,6
2017-12-02,10000016,1818,64.99,64.99,64.99,12121,4
2017-12-02,10000016,1820,52.61,52.61,52.61,1,1
2017-12-02,10000016,1822,4.01,4.01,4.01,312,3
2017-12-02,10000016,1824,99.08,99.08,99.08,1,1
2017-12-02,10000016,1826,150,150,150,31804,2
2017-12-02,10000016,1828,42.01,42.01,42.01,200,2
2017-12-02,10000016,1875,20666.67,20000,21000,12,4
2017-12-02,10000016,1876,90000,90000,90000,1,1
2017-12-02,10000016,1877,359208.04,202958.78,2000000.08,46,3
2017-12-02,10000016,1944,1499500,1499000,1500000,2,2
2017-12-02,10000016,1952,1896251.84,1650000,2309999.99,7,5
2017-12-02,10000016,1957,55000,55000,55000,5,1
2017-12-02,10000016,1963,29999.99,29999.99,29999.99,1,1
2017-12-02,10000016,1973,44000,40000,45000,5,4
2017-12-02,10000016,1977,21082.47,18800,22999.99,55,54
2017-12-02,10000016,1986,19500,19500,19500,1,1
2017-12-02,10000016,1987,649995.01,200000.01,1099990,2,2
2017-12-02,10000016,1998,50402.09,42500,97814.61,7,4
2017-12-02,10000016,1999,1607955.88,663647.07,1700000,8,3
2017-12-02,10000016,2018,57235.29,52000,60000,17,12
2017-12-02,10000016,2019,250000,250000,250000,1,1
2017-12-02,10000016,2020,130000,130000,130000,1,1
2017-12-02,10000016,2024,1647493.1,1294999.99,1999986.2,2,2
2017-12-02,10000016,2032,478822.84,211252.37,656995.7,13,8
2017-12-02,10000016,2038,850000,850000,850000,1,1
2017-12-02,10000016,2046,16884.07,13485.64,17998.99,75,65
2017-12-02,10000016,2047,50000,50000,50000,4,4
2017-12-02,10000016,2048,721012.61,275379.23,752000,53,25
2017-12-02,10000016,2108,42000,42000,42000,1,1
2017-12-02,10000016,2117,2027371.07,432113.21,2825000,3,2
2017-12-02,10000016,2173,32500,19500,64000,10,6
2017-12-02,10000016,2175,1749999.96,1299999.99,2199999.93,20,2
2017-12-02,10000016,2183,40000,40000,40000,140,22
2017-12-02,10000016,2184,1800000,1800000,1800000,1,1
2017-12-02,10000016,2185,1133928.84,1068397.56,1184974.68,70,13
2017-12-02,10000016,2193,66500.27,60000.01,120000,8,7
2017-12-02,10000016,2195,2200000,2200000,2200000,4,1
2017-12-02,10000016,2203,3299,3200,3500,115,36
2017-12-02,10000016,2204,200000,200000,200000,1,1
2017-12-02,10000016,2205,505197.35,500000,524499.98,38,7
2017-12-02,10000016,2254,80671.73,79999.97,81007.61,3,3
2017-12-02,10000016,2281,3364901.59,1796903.72,4000000,28,15
2017-12-02,10000016,2291,145200.13,145200.13,145200.13,2,2
2017-12-02,10000016,2293,100000,100000,100000,2,2
2017-12-02,10000016,2294,750000,750000,750000,3,3
2017-12-02,10000016,2295,138900.1,119999.99,145200.13,4,4
2017-12-02,10000016,2299,2475000,2399999.99,2500000,4,4
2017-12-02,10000016,2301,2014735.76,858958.03,2399995,4,4
2017-12-02,10000016,2303,2233333.33,2200000,2299999.99,3,3
2017-12-02,10000016,2329,5500,5500,5500,275,1
2017-12-02,10000016,2331,18454.55,18000,20000,11,10
2017-12-02,10000016,2332,97440,97440,97440,1,1
2017-12-02,10000016,2333,1188536.81,1000000,1234149.24,12,9
2017-12-02,10000016,2351,129000,129000,129000,4,1
2017-12-02,10000016,2364,985727.88,421455.76,1250000,4,3
2017-12-02,10000016,2398,350.03,350.03,350.03,360,1
2017-12-02,10000016,2400,422.02,422.02,422.02,26315,1
2017-12-02,10000016,2403,7500000,7500000,7500000,7,7
2017-12-02,10000016,2404,1243486.13,1197889,1250000,8,2
2017-12-02,10000016,2406,1084615.38,1000000,2100000,13,13
2017-12-02,10000016,2410,1428274.22,979449.01,1599993.99,31,6
2017-12-02,10000016,2436,2248266.09,1515899,2349999.99,21,7
2017-12-02,10000016,2444,79333.33,50000,100000,15,6
2017-12-02,10000016,2445,7000000,7000000,7000000,1,1
2017-12-02,10000016,2446,1713499.5,501000,2125999,20,5
2017-12-02,10000016,2454,3798.97,3500,3799.94,668,100
2017-12-02,10000016,2455,250000,250000,250000,2,2
2017-12-02,10000016,2456,499996.76,484999,499998.24,126,27
2017-12-02,10000016,2464,3499.99,3000,4299.99,169,49
2017-12-02,10000016,2465,300000,300000,300000,2,2
2017-12-02,10000016,2466,492239.18,99999,535995,50,10
2017-12-02,10000016,2476,34315.38,13049.99,38000,13,3
2017-12-02,10000016,2478,2999999.99,2999999.99,2999999.99,4,1
2017-12-02,10000016,2486,8000,7250,9000,238,45
2017-12-02,10000016,2487,400000,400000,400000,1,1
2017-12-02,10000016,2488,576382.17,499997.04,645999,94,19
2017-12-02,10000016,2495,500000,500000,500000,13,13
2017-12-02,10000016,2505,521428.57,500000,800000,14,14
2017-12-02,10000016,2507,7000000,7000000,7000000,2,2
2017-12-02,10000016,2508,38,38,38,315,4
2017-12-02,10000016,2509,10000000,10000000,10000000,2,2
2017-12-02,10000016,2510,5.17,5.17,5.17,100,1
2017-12-02,10000016,2511,8000000,8000000,8000000,2,2
2017-12-02,10000016,2512,13.99,13.99,13.99,4238,11
2017-12-02,10000016,2514,8.95,5,12.5,6302,12
2017-12-02,10000016,2516,7.25,7,9.99,7100,12
2017-12-02,10000016,2524,81000,81000,81000.01,46,9
2017-12-02,10000016,2525,81000,81000,81000,16,2
2017-12-02,10000016,2529,20000,20000,20000,1,1
2017-12-02,10000016,2530,187420,187420,187420,1,1
2017-12-02,10000016,2533,88060.23,81919.55,100341.59,3,3
2017-12-02,10000016,2534,81000,81000,81000,36,4
2017-12-02,10000016,2537,47079.42,30000,59888.99,7,7
2017-12-02,10000016,2538,187420,187420,187420,1,1
2017-12-02,10000016,2539,1500000,1500000,1500000,1,1
2017-12-02,10000016,2545,25000,25000,25000,3,3
2017-12-02,10000016,2546,187420,187420,187420,1,1
2017-12-02,10000016,2547,973332.5,928000,1199995,6,2
2017-12-02,10000016,2549,81000,81000,81000,38,8
2017-12-02,10000016,2550,81000,81000,81000,15,1
2017-12-02,10000016,2551,81000,81000,81000,8,1
2017-12-02,10000016,2553,1999493.9,1999493.9,1999493.9,1,1
2017-12-02,10000016,2567,2999989,2999989,2999989,1,1
2017-12-02,10000016,2571,2899990,2899990,2899990,1,1
2017-12-02,10000016,2575,1680000,1680000,1680000,1,1
2017-12-02,10000016,2603,7149.23,7099,7450,35,6
2017-12-02,10000016,2605,326981.85,194999.05,499997,86,12
2017-12-02,10000016,2613,10.02,10.02,10.02,1500,1
2017-12-02,10000016,2621,703.41,703.41,703.41,18390,5
2017-12-02,10000016,2629,100.43,15.02,100.43,75390,7
2017-12-02,10000016,2637,880,880,880,2500,1
2017-12-02,10000016,2679,17.03,17.03,17.03,34065,3
2017-12-02,10000016,2811,1655,1655,1655,2000,1
2017-12-02,10000016,2870,2400000.1,2400000.1,2400000.1,2,1
2017-12-02,10000016,2876,2345555.56,2300000,2350000,45,5
2017-12-02,10000016,2889,722379.08,722379.08,722379.08,4,2
2017-12-02,10000016,2998,56759000.34,35086002.36,64999999,4,4
2017-12-02,10000016,3074,551242.43,551242.43,551242.43,7,1
2017-12-02,10000016,3090,2123446.15,2123446.15,2123446.15,8,1
2017-12-02,10000016,3098,799999.98,799999.98,799999.98,1,1
2017-12-02,10000016,3138,2400000,2400000,2400000,5,1
2017-12-02,10000016,3170,899000,899000,899000,1,1
2017-12-02,10000016,3178,899999.9,899999.9,899999.9,3,1
2017-12-02,10000016,3184,1600000,1600000,1600000,8,8
2017-12-02,10000016,3242,50000,50000,50000,2,1
2017-12-02,10000016,3244,1993531.31,1877360.02,3100000.19,7,7
2017-12-02,10000016,3293,28000,28000,28000,7,2
2017-12-02,10000016,3297,25076.92,21000,40000,13,9
2017-12-02,10000016,3300,20000,20000,20000,1,1
2017-12-02,10000016,3301,27596.12,20000,150000,17,17
2017-12-02,10000016,3302,33500,20000,44000,8,8
2017-12-02,10000016,3303,29166.67,20000,75000,6,6
2017-12-02,10000016,3304,100033.57,100000,100453.26,27,27
2017-12-02,10000016,3305,135000,100000,310000,6,6
2017-12-02,10000016,3306,100000,100000,100000,2,2
2017-12-02,10000016,3307,2000000,2000000,2000000,2,2
2017-12-02,10000016,3308,2583333.33,2000000,5500000,6,6
2017-12-02,10000016,3309,2000000,2000000,2000000,4,4
2017-12-02,10000016,3312,60000,60000,60000,1,1
2017-12-02,10000016,3317,100000,100000,100000,2,2
2017-12-02,10000016,3318,80000,80000,80000,3,3
2017-12-02,10000016,3319,17285.71,999.99,20000,7,7
2017-12-02,10000016,3320,10097.56,10000,15000,41,41
2017-12-02,10000016,3321,19919.77,16500,20000,63,63
2017-12-02,10000016,3322,25000,25000,25000,4,4
2017-12-02,10000016,3323,30000,30000,30000,17,17
2017-12-02,10000016,3324,100000,100000,100000,21,21
2017-12-02,10000016,3325,400000,400000,400000,6,6
2017-12-02,10000016,3326,350000,350000,350000,3,3
2017-12-02,10000016,3327,20000,20000,20000,1,1
2017-12-02,10000016,3328,42420.22,40000,80000,17,17
2017-12-02,10000016,3329,40000,39999.99,40000,11,11
2017-12-02,10000016,3330,40066.65,40000,40205.62,40,40
2017-12-02,10000016,3331,40000,40000,40000,6,6
2017-12-02,10000016,3332,498888.89,480000,500000,18,18
2017-12-02,10000016,3333,500000,500000,500000,7,7
2017-12-02,10000016,3334,531276.57,500000,990000,47,46
2017-12-02,10000016,3335,500000,500000,500000,5,5
2017-12-02,10000016,3336,3434285.71,40000,4000000,7,7
2017-12-02,10000016,3337,4000000,4000000,4000000,6,6
2017-12-02,10000016,3338,4000000,4000000,4000000,8,8
2017-12-02,10000016,3339,4000000,4000000,4000000,3,3
2017-12-02,10000016,3340,311538.46,300000,449999.99,13,13
2017-12-02,10000016,3341,300000,300000,300000,5,5
2017-12-02,10000016,3342,299715.25,298006.73,300000,7,7
2017-12-02,10000016,3343,300000,300000,300000,1,1
2017-12-02,10000016,3345,5500000000,5500000000,5500000000,1,1
2017-12-02,10000016,3348,21080.8,20000,33510,25,25
2017-12-02,10000016,3349,75000,75000,75000,2,2
2017-12-02,10000016,3350,102822.58,100000,111290.32,4,4
2017-12-02,10000016,3351,400000,400000,400000,6,4
2017-12-02,10000016,3352,400000,400000,400000,5,4
2017-12-02,10000016,3354,2500000,2500000,2500000,4,4
2017-12-02,10000016,3355,20027.29,20000,20514.02,45,45
2017-12-02,10000016,3356,62446.05,60000,120000,25,25
2017-12-02,10000016,3357,188727.27,180000,372000,22,22
2017-12-02,10000016,3358,152500,100000,205000,2,2
2017-12-02,10000016,3359,200000,200000,200000,23,23
2017-12-02,10000016,3361,230769.15,200000,399999.5,13,13
2017-12-02,10000016,3363,19999.92,19999,20000,13,13
2017-12-02,10000016,3368,40000,40000,40000,1,1
2017-12-02,10000016,3373,1000000,1000000,1000000,2,2
2017-12-02,10000016,3380,20016.22,20000,20048.65,6,6
2017-12-02,10000016,3385,45669.22,150.25,50000,50,33
2017-12-02,10000016,3386,23000,20000,35000,5,4
2017-12-02,10000016,3387,132430.96,55500,150000,21,21
2017-12-02,10000016,3388,86611.16,6500.13,205000,9,9
2017-12-02,10000016,3389,280000,280000,280000,33,9
2017-12-02,10000016,3392,20000,20000,20000,4,4
2017-12-02,10000016,3393,30082.16,30000,30714.91,37,37
2017-12-02,10000016,3394,60000,60000,60000,8,8
2017-12-02,10000016,3395,80000,80000,80000,4,4
2017-12-02,10000016,3396,2000000,2000000,2000000,4,4
2017-12-02,10000016,3397,1200000,1000000,2000000,5,5
2017-12-02,10000016,3398,25000000,25000000,25000000,2,2
2017-12-02,10000016,3400,100000000,100000000,100000000,1,1
2017-12-02,10000016,3402,20000,20000,20000,1,1
2017-12-02,10000016,3403,300000,300000,300000,6,6
2017-12-02,10000016,3405,25000,25000,25000,21,21
2017-12-02,10000016,3406,339999.8,300000,499999,10,10
2017-12-02,10000016,3408,15000000,15000000,15000000,1,1
2017-12-02,10000016,3409,364062.5,350000,800000,32,9
2017-12-02,10000016,3410,450000,450000,450000,36,12
2017-12-02,10000016,3411,75000,75000,75000,2,2
2017-12-02,10000016,3412,450000,450000,450000,2,2
2017-12-02,10000016,3413,20000,20000,20000,2,2
2017-12-02,10000016,3416,28202.71,2.01,35000,36,22
2017-12-02,10000016,3417,40000,40000,40000,2,2
2017-12-02,10000016,3418,170800,170000,174000,5,5
2017-12-02,10000016,3419,169981.25,169975,170000,4,4
2017-12-02,10000016,3420,262000,210000,470000,5,5
2017-12-02,10000016,3421,145238.1,130000,450000,21,21
2017-12-02,10000016,3422,66802.67,816.01,80000,30,30
2017-12-02,10000016,3423,75045.07,75000,76171.81,26,26
2017-12-02,10000016,3424,79000,79000,79000,6,6
2017-12-02,10000016,3425,84000,84000,84000,4,4
2017-12-02,10000016,3426,20000,20000,20000,3,3
2017-12-02,10000016,3427,116666.67,100000,120000,6,6
2017-12-02,10000016,3428,88000,88000,88000,6,6
2017-12-02,10000016,3429,83500,1000,100000,6,6
2017-12-02,10000016,3430,500000,500000,500000,3,3
2017-12-02,10000016,3431,75000,75000,75000,11,11
2017-12-02,10000016,3432,124375,100000,197500,4,4
2017-12-02,10000016,3433,100000,100000,100000,11,11
2017-12-02,10000016,3434,80000,80000,80000,31,31
2017-12-02,10000016,3435,137500,125000,150000,2,2
2017-12-02,10000016,3436,14886.36,1250,20000,11,10
2017-12-02,10000016,3437,40001.03,40000,40004.13,4,4
2017-12-02,10000016,3438,40000,40000,40000,18,18
2017-12-02,10000016,3439,200000,200000,200000,10,10
2017-12-02,10000016,3440,220000,220000,220000,6,6
2017-12-02,10000016,3441,380000,380000,380000,10,10
2017-12-02,10000016,3442,500000,500000,500000,21,21
2017-12-02,10000016,3443,20000,20000,20000,2,2
2017-12-02,10000016,3444,90918.18,100,100000,11,11
2017-12-02,10000016,3446,99677.43,90000.09,100000,31,31
2017-12-02,10000016,3447,7500000,7500000,7500000,6,6
2017-12-02,10000016,3449,20000,20000,20000,2,2
2017-12-02,10000016,3450,30500,22500,38500,2,2
2017-12-02,10000016,3451,30002.7,30000,30029.75,11,11
2017-12-02,10000016,3452,40052.27,40000,40300.98,38,38
2017-12-02,10000016,3453,25000,25000,25000,3,3
2017-12-02,10000016,3454,340000,340000,340000,10,10
2017-12-02,10000016,3455,50000,30000,150000,6,6
2017-12-02,10000016,3456,10000000,10000000,10000000,2,2
2017-12-02,10000016,3467,48500,6500,50000,29,3
2017-12-02,10000016,3488,1013326.7,240000.11,1399989.99,3,3
2017-12-02,10000016,3496,520000,520000,520000,1,1
2017-12-02,10000016,3504,2605000,2100000,3110000,2,2
2017-12-02,10000016,3520,1600000,1600000,1600000,3,1
2017-12-02,10000016,3528,97719.38,89979,113200.13,3,2
2017-12-02,10000016,3529,400000,400000,400000,1,1
2017-12-02,10000016,3530,1488436.83,665311.52,1849999.48,6,4
2017-12-02,10000016,3539,800000,800000,800000,1,1
2017-12-02,10000016,3540,2750000,2750000,2750000,1,1
2017-12-02,10000016,3551,35966.67,35933.33,36000,2,2
2017-12-02,10000016,3554,9999.98,9999.98,9999.98,120,2
2017-12-02,10000016,3566,8142.86,8000,8500,7,6
2017-12-02,10000016,3578,2354968.82,2089001.46,2487952.5,3,2
2017-12-02,10000016,3587,49960,49960,49960,1,1
2017-12-02,10000016,3597,120700,120700,120700,1,1
2017-12-02,10000016,3607,312440,312440,312440,1,1
2017-12-02,10000016,3643,111.93,111.88,111.99,358648,8
2017-12-02,10000016,3645,364.19,364.19,364.19,2400,68
2017-12-02,10000016,3647,271.61,235.35,278.37,533992,32
2017-12-02,10000016,3651,996.42,0.01,1762.82,44,34
2017-12-02,10000016,3655,2544235.33,2544235.33,2544235.33,1,1
2017-12-02,10000016,3673,10.01,10.01,10.01,40,4
2017-12-02,10000016,3683,400,400,400,5160,8
2017-12-02,10000016,3685,496.18,496.18,496.36,56238,7
2017-12-02,10000016,3687,795,795,795,2107185,59
2017-12-02,10000016,3689,9308.01,9308.01,9308.01,16,1
2017-12-02,10000016,3705,100.01,100.01,100.01,20,2
2017-12-02,10000016,3707,100.01,100.01,100.01,20,2
2017-12-02,10000016,3709,100.01,100.01,100.01,20,2
2017-12-02,10000016,3715,90.38,90.38,90.38,536764,31
2017-12-02,10000016,3717,7.77,7.77,7.77,139,12
2017-12-02,10000016,3719,1002.13,1000.01,1004.24,20,2
2017-12-02,10000016,3731,400000,400000,400000,2,2
2017-12-02,10000016,3756,55000343.13,46000235.26,64000451,4,4
2017-12-02,10000016,3771,150.02,150.02,150.02,63,10
2017-12-02,10000016,3773,621.93,618.15,654.75,1562174,25
2017-12-02,10000016,3777,2861.95,2861.95,2861.95,14208,16
2017-12-02,10000016,3810,3500,3500,3500,10,1
2017-12-02,10000016,3812,141.05,141.05,141.05,15169,7
2017-12-02,10000016,3814,29,29,29,2476,14
2017-12-02,10000016,3822,100.41,100.01,101,50,5
2017-12-02,10000016,3826,100.01,100.01,100.01,20,2
2017-12-02,10000016,3828,10000,10000,10000,30,1
2017-12-02,10000016,3829,39774.91,32000,76500,28,19
2017-12-02,10000016,3830,124740,124740,124740,3,3
2017-12-02,10000016,3831,1192855.92,350000,1499999.99,14,8
2017-12-02,10000016,3839,65250,58500,72000,4,4
2017-12-02,10000016,3840,312420,312420,312420,3,3
2017-12-02,10000016,3841,1643745.65,559646.62,1788000,19,13
2017-12-02,10000016,3887,35675.21,29997.76,61883.89,10,7
2017-12-02,10000016,3888,992360.66,489113.41,1243984.28,3,2
2017-12-02,10000016,3893,44300000,44300000,44300000,1,1
2017-12-02,10000016,3895,38416319.98,35248999.99,39999979.98,3,3
2017-12-02,10000016,3898,16250000,16250000,16250000,2,1
2017-12-02,10000016,3978,3000000,3000000,3000000,1,1
2017-12-02,10000016,3982,3200000,3200000,3200000,1,1
2017-12-02,10000016,3988,3400000,3400000,3400000,1,1
2017-12-02,10000016,3994,3600000,3600000,3600000,1,1
2017-12-02,10000016,4025,55607.15,10650.02,156000,14,10
2017-12-02,10000016,4027,56607.87,16003.79,137816.03,6,5
2017-12-02,10000016,4171,500000,500000,500000,1,1
2017-12-02,10000016,4198,100000,100000,100000,1,1
2017-12-02,10000016,4242,1000000,1000000,1000000,3,3
2017-12-02,10000016,4250,4999999.99,4999999.99,4999999.99,3,2
2017-12-02,10000016,4254,1045000.36,335001.14,1399999.97,3,2
2017-12-02,10000016,4258,2322500,2245000,2399999.99,4,3
2017-12-02,10000016,4260,1800000,1800000,1800000,2,1
2017-12-02,10000016,4302,54525002,54525002,54525002,1,1
2017-12-02,10000016,4306,58000000,58000000,58000000,1,1
2017-12-02,10000016,4307,615000000,615000000,615000000,1,1
2017-12-02,10000016,4348,630000000,630000000,630000000,1,1
2017-12-02,10000016,4383,2202949.88,2202949.88,2202949.88,2,2
2017-12-02,10000016,4385,4500000,4500000,4500000,8,8
2017-12-02,10000016,4391,674999.5,600000,749999,2,2
2017-12-02,10000016,4393,81071.43,73000,99999.99,14,8
2017-12-02,10000016,4395,1313921.28,979263.84,1875000,6,5
2017-12-02,10000016,4403,800363.65,450545.49,1499999.97,3,3
2017-12-02,10000016,4405,1638664.78,1589995,1894996.99,18,9
2017-12-02,10000016,4411,600000,600000,600000,3,3
2017-12-02,10000016,4435,49188.8,44000,50000,10,7
2017-12-02,10000016,4471,203,203,203,2,2
2017-12-02,10000016,4477,7790.66,530,9000,28,5
2017-12-02,10000016,4529,73909.45,30000,100000,9,4
2017-12-02,10000016,4531,43948.41,119.06,87777.76,2,2
2017-12-02,10000016,4569,5,5,5,2,1
2017-12-02,10000016,4573,793750,697500,890000,4,3
2017-12-02,10000016,4609,3000,3000,3000,1,1
2017-12-02,10000016,4613,489999.92,489999.92,489999.92,1,1
2017-12-02,10000016,4787,30657.36,28000,67777.77,18,14
2017-12-02,10000016,4829,99900,99900,99900,1,1
2017-12-02,10000016,4831,100,100,100,2,2
2017-12-02,10000016,4833,133621.68,17000,191932.52,3,2
2017-12-02,10000016,4871,120000,90000,149999.99,2,2
2017-12-02,10000016,5009,514.31,500,700.06,7,6
2017-12-02,10000016,5011,77000.01,77000.01,77000.01,2,2
2017-12-02,10000016,5013,600,600,600,3,3
2017-12-02,10000016,5053,40000.02,40000.02,40000.02,1,1
2017-12-02,10000016,5089,945.52,100,1995,8,6
2017-12-02,10000016,5093,1201.97,1101.43,1317.65,33,28
2017-12-02,10000016,5137,821.87,600,3395,9,9
2017-12-02,10000016,5141,11919.9,600,27767.77,12,8
2017-12-02,10000016,5175,87502.21,17.78,99999.99,8,4
2017-12-02,10000016,5177,7.77,7.77,7.77,2,2
2017-12-02,10000016,5217,17.78,17.78,17.78,1,1
2017-12-02,10000016,5239,9675.73,5000,10500,60,31
2017-12-02,10000016,5245,19626.57,99.99,24997.77,26,15
2017-12-02,10000016,5279,10.01,10,10.01,7,7
2017-12-02,10000016,5281,637.5,500,1050,4,4
2017-12-02,10000016,5282,502.72,5.44,1000,4,4
2017-12-02,10000016,5299,1000.01,1000.01,1000.01,3,3
2017-12-02,10000016,5301,250,200,300,4,4
2017-12-02,10000016,5302,1000,1000,1000,2,2
2017-12-02,10000016,5319,5000,5000,5000,11,9
2017-12-02,10000016,5320,10500,5000,25000,4,4
2017-12-02,10000016,5321,515.02,500.04,525.01,5,5
2017-12-02,10000016,5322,602.51,600,605.01,2,2
2017-12-02,10000016,5339,255,10,500,2,2
2017-12-02,10000016,5340,1000,1000,1000,2,1
2017-12-02,10000016,5342,4005,10,8000,2,2
2017-12-02,10000016,5361,7750.01,600,14900.01,2,2
2017-12-02,10000016,5363,1000,1000,1000,8,7
2017-12-02,10000016,5399,21105.44,5000,120000,9,8
2017-12-02,10000016,5403,149285.71,15000,489999.99,7,4
2017-12-02,10000016,5405,5000,5000,5000,7,7
2017-12-02,10000016,5439,41855.03,5000,249999.96,7,7
2017-12-02,10000016,5443,64900.98,152.04,100000,7,6
2017-12-02,10000016,5445,9000,5000,15000,10,7
2017-12-02,10000016,5493,90734.18,87777.77,95000,13,7
2017-12-02,10000016,5533,97999.96,94999.91,99999.99,5,3
2017-12-02,10000016,5599,35365.9,5.51,75777.77,15,9
2017-12-02,10000016,5631,51607.15,1501.01,77777.77,13,7
2017-12-02,10000016,5647,60000,60000,60000,2,2
2017-12-02,10000016,5683,180000,180000,180000,1,1
2017-12-02,10000016,5721,116104.26,110000,122208.52,4,4
2017-12-02,10000016,5745,5,5,5,2,2
2017-12-02,10000016,5747,755.01,10.01,1500,2,2
2017-12-02,10000016,5755,5,5,5,1,1
2017-12-02,10000016,5757,43000.01,43000.01,43000.01,3,2
2017-12-02,10000016,5759,5.04,5.04,5.04,2,2
2017-12-02,10000016,5839,2042592.81,900001,2600000,9,9
2017-12-02,10000016,5867,1.01,1.01,1.01,3,1
2017-12-02,10000016,5869,1,1,1,7,2
2017-12-02,10000016,5871,74999.99,74999.99,74999.99,1,1
2017-12-02,10000016,5933,223949.99,198000,249899.98,2,2
2017-12-02,10000016,5945,345000.34,300000.79,399999.99,14,9
2017-12-02,10000016,5955,280200.01,149999,549999.97,5,5
2017-12-02,10000016,5971,29600.25,5000.11,50000,20,20
2017-12-02,10000016,5973,339697.21,299999,409999,48,37
2017-12-02,10000016,5975,27500.38,22500,35000,13,9
2017-12-02,10000016,6001,64399.05,18750,99888.99,32,30
2017-12-02,10000016,6003,9317.78,860,13883.89,23,23
2017-12-02,10000016,6005,26342.9,16949,144514,10,8
2017-12-02,10000016,6073,2000,2000,2000,2,2
2017-12-02,10000016,6131,10822.75,2000.05,99999.99,12,12
2017-12-02,10000016,6135,140052.15,104.31,279999.99,4,4
2017-12-02,10000016,6159,19667.96,100.04,67777.73,12,9
2017-12-02,10000016,6160,13010.79,100.02,16378.39,18,15
2017-12-02,10000016,6173,24506,8,98000,4,3
2017-12-02,10000016,6176,26613.99,200,67777.77,27,7
2017-12-02,10000016,6296,2912.5,575,5250,4,4
2017-12-02,10000016,6325,99767.76,99767.76,99767.76,6,4
2017-12-02,10000016,6437,42214.61,6000.5,59929,13,13
2017-12-02,10000016,6439,6237.15,852,27777.77,5,5
2017-12-02,10000016,6441,29677.64,1000,46909,11,9
2017-12-02,10000016,6443,6583.33,1000,13500,6,6
2017-12-02,10000016,6485,18406.6,500,109100.01,19,17
2017-12-02,10000016,6527,10780.34,350.43,100000,10,10
2017-12-02,10000016,6569,30577.78,15000,95000,18,16
2017-12-02,10000016,6637,137143.96,7.78,159999.99,7,2
2017-12-02,10000016,6673,7.77,7.77,7.77,1,1
2017-12-02,10000016,6715,7.77,7.77,7.77,1,1
2017-12-02,10000016,6863,102.03,102.03,102.03,1,1
2017-12-02,10000016,6963,624553.45,624553.45,624553.45,5,1
2017-12-02,10000016,6965,0.44,0.44,0.44,2,1
2017-12-02,10000016,6999,23113.5,23113.5,23113.5,1,1
2017-12-02,10000016,7001,16100,16100,16100,1,1
2017-12-02,10000016,7005,23500,23500,23500,2,1
2017-12-02,10000016,7043,150,150,150,3,2
2017-12-02,10000016,7045,106000.05,106000.05,106000.05,1,1
2017-12-02,10000016,7085,44500,44500,44500,2,2
2017-12-02,10000016,7087,100.01,100.01,100.01,1,1
2017-12-02,10000016,7125,100000,100000,100000,5,2
2017-12-02,10000016,7127,100000,100000,100000,1,1
2017-12-02,10000016,7131,130000.01,130000.01,130000.01,4,2
2017-12-02,10000016,7247,37799.79,37799.79,37799.79,2,2
2017-12-02,10000016,7249,18200.28,500.71,30000,15,8
2017-12-02,10000016,7251,13222.22,2000,18500,9,7
2017-12-02,10000016,7253,34191.89,3787.84,95000,3,3
2017-12-02,10000016,7287,570354.67,349999,599999,28,10
2017-12-02,10000016,7289,34558.98,30000,69426.9,24,11
2017-12-02,10000016,7291,41646.09,40000,65554.4,35,17
2017-12-02,10000016,7293,71532.25,500,75983.94,62,24
2017-12-02,10000016,7327,557952.82,557952.82,557952.82,6,1
2017-12-02,10000016,7329,120250,1000,160000,8,4
2017-12-02,10000016,7333,223750,222000,229000,8,3
2017-12-02,10000016,7367,1717390.95,1349999.5,2499999.99,23,12
2017-12-02,10000016,7369,225297.3,200000,226000,37,4
2017-12-02,10000016,7371,8.25,3.01,10,4,2
2017-12-02,10000016,7373,30063.01,30063.01,30063.01,3,1
2017-12-02,10000016,7411,45000,45000,45000,1,1
2017-12-02,10000016,7447,1618181.78,299999.79,1749999.98,11,3
2017-12-02,10000016,7451,156000.1,156000.1,156000.1,2,1
2017-12-02,10000016,7453,145001.15,145001.15,145001.15,4,2
2017-12-02,10000016,7487,653333.33,460000,750000,3,2
2017-12-02,10000016,7489,79990,79990,79990,3,1
2017-12-02,10000016,7493,150000,150000,150000,102,2
2017-12-02,10000016,7535,370000,370000,370000,3,1
2017-12-02,10000016,7537,109723.85,108575.31,110777.77,7,5
2017-12-02,10000016,7539,39571.83,525.5,59095,6,4
2017-12-02,10000016,7579,2199999.99,2199999.99,2199999.99,3,1
2017-12-02,10000016,7581,179990,179990,179990,3,1
2017-12-02,10000016,7583,80283.95,8000,87000,9,7
2017-12-02,10000016,7585,387711.11,1777.77,645000,5,4
2017-12-02,10000016,7621,1,1,1,1,1
2017-12-02,10000016,7663,25000.79,25000.79,25000.79,1,1
2017-12-02,10000016,7669,247500.25,1,330000,4,3
2017-12-02,10000016,7705,10,10,10,1,1
2017-12-02,10000016,7707,20.38,20.38,20.38,2,2
2017-12-02,10000016,7709,698000,698000,698000,2,1
2017-12-02,10000016,7787,133502.06,133502.06,133502.06,1,1
2017-12-02,10000016,7997,195000,195000,195000,5,2
2017-12-02,10000016,8007,200213.84,162856.26,249951.22,18,7
2017-12-02,10000016,8023,199999.99,199999.99,199999.99,5,1
2017-12-02,10000016,8025,808.46,808.46,808.46,2,2
2017-12-02,10000016,8027,1123029.08,901002.79,1456064,7,4
2017-12-02,10000016,8089,561998.98,300011.79,950000,34,17
2017-12-02,10000016,8091,121463.65,6099.99,134849,63,25
2017-12-02,10000016,8101,107571.43,1500,150000,7,4
2017-12-02,10000016,8103,104040.16,502.33,129999.99,4,4
2017-12-02,10000016,8105,2288977.71,1100200,2800000,18,10
2017-12-02,10000016,8113,81700,16750,125000,5,2
2017-12-02,10000016,8117,41995.58,10000.8,136729.93,16,4
2017-12-02,10000016,8133,12265.81,21.07,49000,4,4
2017-12-02,10000016,8175,9003.34,5.01,27000,6,4
2017-12-02,10000016,8177,270051.51,103.02,790000,6,4
2017-12-02,10000016,8225,73439.92,70000,75000,23,13
2017-12-02,10000016,8263,55044.33,44000,152555,15,11
2017-12-02,10000016,8295,74999.99,25000,99999.99,3,3
2017-12-02,10000016,8297,60000,60000,60000,1,1
2017-12-02,10000016,8335,97899.92,97899.92,97899.92,2,1
2017-12-02,10000016,8427,99343.43,75000,135000,11,8
2017-12-02,10000016,8433,589875,430000,1069500,8,8
2017-12-02,10000016,8517,3043472.92,2125002.79,3699999.99,8,6
2017-12-02,10000016,8521,169999.91,40000.79,195452.58,24,18
2017-12-02,10000016,8529,87240.68,35000.11,118585.02,8,4
2017-12-02,10000016,8531,5000,5000,5000,2,1
2017-12-02,10000016,8535,6000,6000,6000,1,1
2017-12-02,10000016,8537,5999.94,5999.76,6000.03,3,3
2017-12-02,10000016,8585,500,500,500,3,1
2017-12-02,10000016,8635,50092.52,185.04,100000,2,2
2017-12-02,10000016,8639,225000,225000,225000,1,1
2017-12-02,10000016,8748,44115.03,33333,114513.99,16,12
2017-12-02,10000016,8785,225000,225000,225000,1,1
2017-12-02,10000016,8815,7777.8,7777.8,7777.8,1,1
2017-12-02,10000016,8817,16990,16990,16990,1,1
2017-12-02,10000016,8821,35000,35000,35000,1,1
2017-12-02,10000016,8863,217778.79,217778.79,217778.79,1,1
2017-12-02,10000016,8865,27500,27500,27500,11,1
2017-12-02,10000016,9073,0.01,0.01,0.01,1,1
2017-12-02,10000016,9135,750020.31,111.22,999990,8,2
2017-12-02,10000016,9213,50000,50000,50000,2,2
2017-12-02,10000016,9249,150000,150000,150000,3,2
2017-12-02,10000016,9415,200000.1,200000,200000.77,8,2
2017-12-02,10000016,9493,201000.01,201000.01,201000.01,1,1
2017-12-02,10000016,9521,100.03,100.03,100.03,7,6
2017-12-02,10000016,9568,16250.03,2500.05,30000,2,2
2017-12-02,10000016,9580,20000,20000,20000,2,2
2017-12-02,10000016,9582,14500,4000,25000,2,2
2017-12-02,10000016,9608,1458.34,1000,1500,12,11
2017-12-02,10000016,9622,16700.02,5000.02,36000,10,10
2017-12-02,10000016,9632,368627.78,299995,457058.93,31,27
2017-12-02,10000016,9646,9625.01,5000.01,18000,8,8
2017-12-02,10000016,9660,11222.22,5000,33000,9,8
2017-12-02,10000016,9668,200001,200001,200001,3,3
2017-12-02,10000016,9670,1000,1000,1000,2,2
2017-12-02,10000016,9680,1000,1000,1000,1,1
2017-12-02,10000016,9728,70000,10000,160000.01,5,5
2017-12-02,10000016,9734,155001,155001,155001,3,1
2017-12-02,10000016,9744,1000,1000,1000,1,1
2017-12-02,10000016,9762,170002,170002,170002,1,1
2017-12-02,10000016,9784,98000,1000,195000,2,2
2017-12-02,10000016,9800,163001,163001,163001,5,3
2017-12-02,10000016,9826,383.48,332.5,383.48,8832,9
2017-12-02,10000016,9828,750,750,750,38520,1
2017-12-02,10000016,9830,9502.07,9502.07,9502.07,5,1
2017-12-02,10000016,9832,9333.33,9000,10000,15,2
2017-12-02,10000016,9850,428.03,428.03,445.1,207128,10
2017-12-02,10000016,9852,44.53,44.53,44.53,973288,27
2017-12-02,10000016,9899,12059800.19,11999999.97,12799500.5,5,4
2017-12-02,10000016,9941,11549999.84,10650000,13349999.49,6,6
2017-12-02,10000016,9942,11699999.67,11050000,12999999.01,3,3
2017-12-02,10000016,9943,11699999.98,11499999.9,12500000,4,4
2017-12-02,10000016,9944,63435.27,53980,96934,34,25
2017-12-02,10000016,9945,249940,249940,249940,2,2
2017-12-02,10000016,9950,3240000,2850000,4800000,5,2
2017-12-02,10000016,9956,11124875.04,10250000.09,11999749.99,4,4
2017-12-02,10000016,10039,3116.5,1998,13375,83,75
2017-12-02,10000016,10040,3360,3360,3360,6,6
2017-12-02,10000016,10155,10999990,10999990,10999990,1,1
2017-12-02,10000016,10156,30000000,30000000,30000000,1,1
2017-12-02,10000016,10190,655000,655000,655000,2,2
2017-12-02,10000016,10208,25316666.33,24225000,27499999,3,3
2017-12-02,10000016,10212,22039724.92,16019175.8,25049999.49,3,3
2017-12-02,10000016,10216,24225000,23550000,24899999.99,2,2
2017-12-02,10000016,10221,22789798.89,16246600.01,23500000,5,4
2017-12-02,10000016,10225,19951862.89,12005588.79,23924999.94,3,3
2017-12-02,10000016,10246,8500,7777.76,9499.99,110,31
2017-12-02,10000016,10247,19986000,19986000,19986000,1,1
2017-12-02,10000016,10250,1352884.04,1200000,1699999.99,26,5
2017-12-02,10000016,10629,6491.74,4800,6999,13,7
2017-12-02,10000016,10631,449999.99,449999.99,449999.99,7,1
2017-12-02,10000016,10678,12334.47,800,18000,72,50
2017-12-02,10000016,10679,90000,90000,90000,2,2
2017-12-02,10000016,10688,37628.42,796.96,53400,13,7
2017-12-02,10000016,10690,28568.75,25000,79000,32,15
2017-12-02,10000016,10692,34554.77,16750,57777,14,6
2017-12-02,10000016,10694,194947.46,124999,224999.99,19,13
2017-12-02,10000016,10836,29501.56,28000,32625.76,18,10
2017-12-02,10000016,10837,364640,364640,364640,1,1
2017-12-02,10000016,10838,160000,140000,200000,3,3
2017-12-02,10000016,10839,1458560,1458560,1458560,1,1
2017-12-02,10000016,10840,400000,400000,400000,1,1
2017-12-02,10000016,10841,5854720,5854720,5854720,1,1
2017-12-02,10000016,10850,1125960.15,899999,1348995,15,11
2017-12-02,10000016,10858,1438332.53,515000.23,1974997.84,6,6
2017-12-02,10000016,10868,127000,1000,190000,3,3
2017-12-02,10000016,10870,51333.33,2000,149999.99,3,3
2017-12-02,10000016,10872,37500,32500,40000,6,6
2017-12-02,10000016,10878,5000,5000,5000,1,1
2017-12-02,10000016,10880,179999.96,179999.96,179999.96,1,1
2017-12-02,10000016,10882,71000.01,71000.01,71000.01,4,2
2017-12-02,10000016,10886,60000.01,60000.01,60000.01,2,2
2017-12-02,10000016,10998,41759.09,25600,45000,66,25
2017-12-02,10000016,11082,940000,940000,940000,1,1
2017-12-02,10000016,11083,1199998.5,1199998,1199999,2,2
2017-12-02,10000016,11084,1999990,1999990,1999990,1,1
2017-12-02,10000016,11105,405764.3,11500,477767.77,13,8
2017-12-02,10000016,11129,34590.81,17500,49499.95,11,11
2017-12-02,10000016,11130,50000,50000,50000,1,1
2017-12-02,10000016,11132,7385.45,3250,20000,11,5
2017-12-02,10000016,11134,29102.28,13000,30000.01,66,59
2017-12-02,10000016,11135,50000,50000,50000,3,3
2017-12-02,10000016,11176,35000000,35000000,35000000,1,1
2017-12-02,10000016,11178,30477766.05,15955532.1,45000000,2,2
2017-12-02,10000016,11184,15999457.09,15999457.09,15999457.09,1,1
2017-12-02,10000016,11190,13500199.76,13500199.76,13500199.76,1,1
2017-12-02,10000016,11192,25649999.99,23299999.98,28000000,2,2
2017-12-02,10000016,11198,36000000,36000000,36000000,1,1
2017-12-02,10000016,11200,28000000,28000000,28000000,1,1
2017-12-02,10000016,11207,500000,500000,500000,18,18
2017-12-02,10000016,11259,995000,995000,995000,1,1
2017-12-02,10000016,11267,241666.67,240000,245000,6,5
2017-12-02,10000016,11269,296579.44,296579.44,296579.44,1,1
2017-12-02,10000016,11283,3000,3000,3000,110,3
2017-12-02,10000016,11285,4000,4000,4000,60,2
2017-12-02,10000016,11289,6100.01,6100.01,6100.01,784,10
2017-12-02,10000016,11299,999999.99,999999.99,999999.99,1,1
2017-12-02,10000016,11303,90000,90000,90000,1,1
2017-12-02,10000016,11309,91000.06,91000.06,91000.06,3,3
2017-12-02,10000016,11311,94102.02,94102.02,94102.02,1,1
2017-12-02,10000016,11317,270000.49,250000.79,369999,6,5
2017-12-02,10000016,11319,250005.79,250005.79,250005.79,2,2
2017-12-02,10000016,11325,422002.79,422002.79,422002.79,2,1
2017-12-02,10000016,11327,384000.79,384000.79,384000.79,2,1
2017-12-02,10000016,11341,2456.61,22.01,3500.01,10,8
2017-12-02,10000016,11343,3184.73,3184.73,3184.73,4,4
2017-12-02,10000016,11349,51416.4,21752,95913,5,4
2017-12-02,10000016,11370,1907463.55,32600,2000000,22,15
2017-12-02,10000016,11379,30714501.15,30714501.15,30714501.15,1,1
2017-12-02,10000016,11381,28000000,28000000,28000000,2,1
2017-12-02,10000016,11393,25000000,25000000,25000000,1,1
2017-12-02,10000016,11395,500000,500000,500000,26,3
2017-12-02,10000016,11399,9005,9005,9005,3,1
2017-12-02,10000016,11400,25950000,25950000,25950000,1,1
2017-12-02,10000016,11433,9500000,8000000,10000000,4,4
2017-12-02,10000016,11441,10000000,10000000,10000000,3,3
2017-12-02,10000016,11442,10000000,10000000,10000000,3,3
2017-12-02,10000016,11443,9625000,2000000,10000000,8,8
2017-12-02,10000016,11444,10000000,10000000,10000000,3,3
2017-12-02,10000016,11445,8666666.33,5999999,10000000,3,3
2017-12-02,10000016,11446,10000000,10000000,10000000,6,6
2017-12-02,10000016,11447,9000000,9000000,9000000,1,1
2017-12-02,10000016,11448,10000000,10000000,10000000,3,3
2017-12-02,10000016,11449,10000000,10000000,10000000,3,3
2017-12-02,10000016,11450,10000000,10000000,10000000,5,5
2017-12-02,10000016,11451,10000000,10000000,10000000,1,1
2017-12-02,10000016,11452,10000000,10000000,10000000,1,1
2017-12-02,10000016,11453,10000000,10000000,10000000,6,6
2017-12-02,10000016,11454,10000000,10000000,10000000,2,2
2017-12-02,10000016,11455,10000000,10000000,10000000,3,3
2017-12-02,10000016,11475,455.63,364.56,485.99,4,2
2017-12-02,10000016,11476,411.98,411.98,411.98,1,1
2017-12-02,10000016,11478,200,200,200,100,1
2017-12-02,10000016,11484,399.98,399.98,399.98,3,1
2017-12-02,10000016,11486,300,300,300,100,1
2017-12-02,10000016,11489,356666.11,304593.46,460811.42,3,2
2017-12-02,10000016,11529,10000000,10000000,10000000,2,2
2017-12-02,10000016,11541,17777.77,17777.77,17777.77,8,1
2017-12-02,10000016,11561,277497.49,200000,699989.96,4,4
2017-12-02,10000016,11562,3500000,3500000,3500000,1,1
2017-12-02,10000016,11563,318977.23,285000,422600.07,33,24
2017-12-02,10000016,11566,126666.67,120000,240000,18,18
2017-12-02,10000016,11569,400000,400000,400000,3,3
2017-12-02,10000016,11572,400000,400000,400000,5,3
2017-12-02,10000016,11574,2000000,2000000,2000000,4,4
2017-12-02,10000016,11577,5474982.83,5449999.99,5749948.5,6,6
2017-12-02,10000016,11578,7253333.35,4000000.08,7900000,6,6
2017-12-02,10000016,11579,3500000,3500000,3500000,44,21
2017-12-02,10000016,11584,74285.71,60000,75000,21,21
2017-12-02,10000016,11613,99940,99940,99940,1,1
2017-12-02,10000016,11614,298240,298240,298240,1,1
2017-12-02,10000016,11620,98700,98700,98700,1,1
2017-12-02,10000016,11621,99000,99000,99000,1,1
2017-12-02,10000016,11640,794443.33,749997.99,1300000,9,5
2017-12-02,10000016,11644,2812174.94,2812174.94,2812174.94,1,1
2017-12-02,10000016,11689,4777.77,4777.77,4777.77,4,1
2017-12-02,10000016,11732,1,1,1,1,1
2017-12-02,10000016,11798,399680,399680,399680,1,1
2017-12-02,10000016,11803,499980,499980,499980,1,1
2017-12-02,10000016,11855,230,230,230,61940,4
2017-12-02,10000016,11859,282640,282640,282640,1,1
2017-12-02,10000016,11870,282640,282640,282640,1,1
2017-12-02,10000016,11872,364560,364560,364560,1,1
2017-12-02,10000016,11873,364560,364560,364560,1,1
2017-12-02,10000016,11887,282640,282640,282640,1,1
2017-12-02,10000016,11889,282640,282640,282640,1,1
2017-12-02,10000016,11890,282640,282640,282640,1,1
2017-12-02,10000016,11891,282640,282640,282640,1,1
2017-12-02,10000016,12003,165999999,165999999,165999999,1,1
2017-12-02,10000016,12019,139997996.19,139997996.19,139997996.19,1,1
2017-12-02,10000016,12032,47300000,47300000,47300000,2,1
2017-12-02,10000016,12034,20325001.01,20325001.01,20325001.01,1,1
2017-12-02,10000016,12052,238504.84,226427.11,250582.58,4,4
2017-12-02,10000016,12056,49441.17,43992.67,50000,18,18
2017-12-02,10000016,12057,322560,322560,322560,1,1
2017-12-02,10000016,12058,3083778.78,1251337.33,3999999.5,3,3
2017-12-02,10000016,12066,258333.33,250000,275000,3,3
2017-12-02,10000016,12068,5999999,5999999,5999999,1,1
2017-12-02,10000016,12076,9499999.98,8999999.99,9999999.97,2,2
2017-12-02,10000016,12084,10747826.28,10747826.28,10747826.28,1,1
2017-12-02,10000016,12092,885714.29,200000,1000000,7,6
2017-12-02,10000016,12093,3900000,3500000,4000000,5,5
2017-12-02,10000016,12095,4000000,4000000,4000000,2,2
2017-12-02,10000016,12096,28000000,28000000,28000000,6,5
2017-12-02,10000016,12179,40000000,40000000,40000000,3,3
2017-12-02,10000016,12180,374962.96,374000,375000,27,4
2017-12-02,10000016,12181,350000,350000,350000,27,3
2017-12-02,10000016,12182,325000,325000,325000,29,5
2017-12-02,10000016,12183,275000,275000,275000,28,4
2017-12-02,10000016,12184,250000,250000,250000,29,5
2017-12-02,10000016,12185,225000,225000,225000,47,2
2017-12-02,10000016,12186,200000,200000,200000,46,1
2017-12-02,10000016,12187,175000,175000,175000,46,1
2017-12-02,10000016,12188,150000,150000,150000,48,3
2017-12-02,10000016,12189,400000,400000,400000,49,4
2017-12-02,10000016,12190,125000,125000,125000,47,2
2017-12-02,10000016,12191,75333.61,75000,92013.89,51,6
2017-12-02,10000016,12192,103431.37,100000,275000,51,6
2017-12-02,10000016,12193,50000,50000,50000,58,4
2017-12-02,10000016,12194,300000,300000,300000,29,5
2017-12-02,10000016,12195,25000,25000,25000,53,8
2017-12-02,10000016,12196,300000,300000,300000,14,5
2017-12-02,10000016,12198,2550000,2550000,2550000,3,2
2017-12-02,10000016,12203,13499993.5,13499988,13499999,2,2
2017-12-02,10000016,12205,11499993,10999998,11999988,2,2
2017-12-02,10000016,12206,3000000,3000000,3000000,1,1
2017-12-02,10000016,12207,7544461.3,7544461.3,7544461.3,1,1
2017-12-02,10000016,12209,13948980.49,13897983.98,13999977,2,2
2017-12-02,10000016,12210,1749994.5,1600000,1799989,4,4
2017-12-02,10000016,12214,3998974,3998974,3998974,1,1
2017-12-02,10000016,12215,13789487.6,13789487.6,13789487.6,1,1
2017-12-02,10000016,12259,1621001.19,1621001.19,1621001.19,1,1
2017-12-02,10000016,12267,3839999,3839999,3839999,1,1
2017-12-02,10000016,12271,6999000,6999000,6999000,1,1
2017-12-02,10000016,12274,171374.83,85000,499999,24,15
2017-12-02,10000016,12275,499200,499200,499200,3,3
2017-12-02,10000016,12305,110000,100000,250000,15,15
2017-12-02,10000016,12344,141500,141500,141500,5,1
2017-12-02,10000016,12345,1000000,1000000,1000000,1,1
2017-12-02,10000016,12355,10000000,10000000,10000000,1,1
2017-12-02,10000016,12365,120000,120000,120000,16,16
2017-12-02,10000016,12366,128125,120000,250000,16,16
2017-12-02,10000016,12367,120000,120000,120000,17,17
2017-12-02,10000016,12441,80000,80000,80000,42,42
2017-12-02,10000016,12442,103436.45,100000,203500,30,30
2017-12-02,10000016,12484,5666666,4999999,9000000,6,6
2017-12-02,10000016,12485,4780823.71,4777627.5,4800000,7,7
2017-12-02,10000016,12486,5000000,5000000,5000000,1,1
2017-12-02,10000016,12487,4850025.25,3700000,8600000,4,4
2017-12-02,10000016,12530,50000,50000,50000,3,2
2017-12-02,10000016,12533,250.79,250.79,250.79,1,1
2017-12-02,10000016,12542,1800080.01,1800080.01,1800080.01,1,1
2017-12-02,10000016,12543,692808.27,549000,699998.68,21,2
2017-12-02,10000016,12544,499999.5,499999.5,499999.5,20,1
2017-12-02,10000016,12546,979885,979885,979885,20,1
2017-12-02,10000016,12608,47,47,47,4600,3
2017-12-02,10000016,12612,100,100,100,500,1
2017-12-02,10000016,12614,99.85,99.85,99.85,960,2
2017-12-02,10000016,12618,39,39,39,4750,4
2017-12-02,10000016,12620,2.5,2.5,2.5,1700,1
2017-12-02,10000016,12625,99.72,99.72,99.72,1000,1
2017-12-02,10000016,12775,549.97,549.97,549.97,5000,1
2017-12-02,10000016,12785,134,134,134,2500,1
2017-12-02,10000016,12789,165,165,165,3100,1
2017-12-02,10000016,12803,310,310,310,49999,1
2017-12-02,10000016,12807,371.22,371.22,371.22,397609,1
2017-12-02,10000016,13003,2245000,2245000,2245000,1,1
2017-12-02,10000016,13218,20000000,20000000,20000000,1,1
2017-12-02,10000016,13224,3499999.99,3499999.99,3499999.99,2,2
2017-12-02,10000016,13238,21000.02,21000.02,21000.02,1,1
2017-12-02,10000016,13252,9000000,9000000,9000000,1,1
2017-12-02,10000016,13278,100000,100000,100000,6,6
2017-12-02,10000016,13279,237038.67,55580.01,250000,15,15
2017-12-02,10000016,13283,7000,7000,7000,1,1
2017-12-02,10000016,13284,800000.5,200001,1400000,2,2
2017-12-02,10000016,13286,18375.33,16000.65,39000,4,4
2017-12-02,10000016,13287,1299990,1299990,1299990,1,1
2017-12-02,10000016,13321,749970,749970,749970,2,2
2017-12-02,10000016,13947,10000000,10000000,10000000,1,1
2017-12-02,10000016,13949,29999927.94,29999927.94,29999927.94,1,1
2017-12-02,10000016,13966,19999979.97,19999979.97,19999979.97,1,1
2017-12-02,10000016,14102,25000000,25000000,25000000,2,2
2017-12-02,10000016,14126,30000000,30000000,30000000,1,1
2017-12-02,10000016,14272,57258.11,2.22,114514,4,4
2017-12-02,10000016,14274,62143.38,3.66,72500,7,2
2017-12-02,10000016,14276,199990,199990,199990,3,1
2017-12-02,10000016,14278,1253333.19,879999.79,2000000,3,3
2017-12-02,10000016,14286,500000.79,500000.79,500000.79,2,1
2017-12-02,10000016,14358,100,100,100,25,1
2017-12-02,10000016,15331,1001.09,1001.09,1001.09,3427,439
2017-12-02,10000016,15463,2948988,2948988,2948988,1,1
2017-12-02,10000016,15464,11488979.1,11488979.1,11488979.1,7,1
2017-12-02,10000016,15480,10920000,10920000,10920000,2,1
2017-12-02,10000016,15508,35214.29,35000,40000,28,8
2017-12-02,10000016,15509,1600000,1600000,1600000,1,1
2017-12-02,10000016,15510,24809.57,15000,25000,21,8
2017-12-02,10000016,15511,1500000,1500000,1500000,44,11
2017-12-02,10000016,15587,50.03,50.03,50.03,436,51
2017-12-02,10000016,15588,82.15,82.15,82.15,108,33
2017-12-02,10000016,15589,11640.01,1500.03,15000,75,28
2017-12-02,10000016,15590,18947.37,5000.03,20000,57,18
2017-12-02,10000016,15591,14269.16,303.02,30000,34,17
2017-12-02,10000016,15592,573000.5,573000.49,573000.5,22,11
2017-12-02,10000016,15593,100000,100000,100000,8,1
2017-12-02,10000016,15594,1513100.01,1513100.01,1513100.01,3,1
2017-12-02,10000016,15596,1000,1000,1000,22,4
2017-12-02,10000016,15597,1796.79,1314.22,3000,37,19
2017-12-02,10000016,15598,1000,1000,1000,7,2
2017-12-02,10000016,15599,1000.01,1000.01,1000.01,3,3
2017-12-02,10000016,15608,307.34,305.28,316.32,27,13
2017-12-02,10000016,15625,3273.27,2,4500,22,7
2017-12-02,10000016,15626,8000,8000,8000,18,2
2017-12-02,10000016,15627,150,150,150,3,1
2017-12-02,10000016,15628,6800.01,200.02,20000,9,4
2017-12-02,10000016,15629,12625.01,250.01,25000,8,6
2017-12-02,10000016,15630,70029.99,70029.99,70030,9,3
2017-12-02,10000016,15631,102099.99,102099.99,102099.99,7,1
2017-12-02,10000016,15632,1254999.99,1254999.99,1254999.99,5,1
2017-12-02,10000016,15646,23947.37,5000,50000,19,12
2017-12-02,10000016,15660,29999.99,29999.99,30000,11,2
2017-12-02,10000016,15661,850100.01,850100.01,850100.01,20,1
2017-12-02,10000016,15673,750000,750000,750000,8,1
2017-12-02,10000016,15681,115000000,115000000,115000000,3,1
2017-12-02,10000016,15784,49999989.01,49999989.01,49999989.01,1,1
2017-12-02,10000016,15994,25000,25000,25000,8,6
2017-12-02,10000016,15996,1,1,1,4,2
2017-12-02,10000016,15998,50000,50000,50000,3,1
2017-12-02,10000016,16002,30101.03,30101.03,30101.03,14,9
2017-12-02,10000016,16062,64749999.75,60000000,78999999,8,3
2017-12-02,10000016,16064,112939649.93,112939649.93,112939649.93,1,1
2017-12-02,10000016,16069,85000,85000,85000,7,7
2017-12-02,10000016,16118,1001.56,1001.56,1001.56,12,4
2017-12-02,10000016,16119,150,150,150,16,5
2017-12-02,10000016,16227,50000000,50000000,50000000,1,1
2017-12-02,10000016,16238,1173522.86,850000,1236500,30,30
2017-12-02,10000016,16239,8416400,8416400,8416400,2,2
2017-12-02,10000016,16242,814285.69,749999.97,975000,7,4
2017-12-02,10000016,16265,200000,200000,201000,2168,25
2017-12-02,10000016,16272,320.01,320.01,320.01,5609,2
2017-12-02,10000016,16273,140,139.99,200,53996,68
2017-12-02,10000016,16274,1000,1000,1000,110000,3
2017-12-02,10000016,16275,3231,3231,3231,200062,5
2017-12-02,10000016,16278,1795000,50000.01,2212500,10,5
2017-12-02,10000016,16281,374843.75,370000,375000,32,8
2017-12-02,10000016,16297,9000,9000,9000,1,1
2017-12-02,10000016,16299,20000,20000,20000,2,1
2017-12-02,10000016,16303,201000,190000,300000,5,5
2017-12-02,10000016,16329,1,1,1,1,1
2017-12-02,10000016,16353,86000.03,86000.03,86000.03,5,4
2017-12-02,10000016,16355,84000.03,84000.03,84000.03,1,1
2017-12-02,10000016,16357,72000.03,72000.03,72000.03,2,2
2017-12-02,10000016,16361,110000.04,110000.03,110000.04,2,2
2017-12-02,10000016,16363,103000.03,103000.03,103000.03,2,2
2017-12-02,10000016,16367,111000.79,111000.79,111000.79,3,2
2017-12-02,10000016,16369,92500.04,92000.03,93000.04,2,2
2017-12-02,10000016,16371,106000.03,106000.03,106000.03,1,1
2017-12-02,10000016,16373,92000.04,92000.03,92000.04,2,2
2017-12-02,10000016,16375,93001.79,93001.79,93001.79,1,1
2017-12-02,10000016,16377,91000.03,91000.03,91000.03,1,1
2017-12-02,10000016,16379,97000.03,97000.03,97000.03,1,1
2017-12-02,10000016,16381,83500.02,83000,84000.03,2,2
2017-12-02,10000016,16391,9082.8,9082.8,9082.8,1,1
2017-12-02,10000016,16433,8000,1000,15000,2,2
2017-12-02,10000016,16435,5852.25,5,19999,4,4
2017-12-02,10000016,16439,5,5,5,3,3
2017-12-02,10000016,16449,12000,12000,12000,1,1
2017-12-02,10000016,16455,1199999,1199999,1199999,2,1
2017-12-02,10000016,16457,2333333.41,0.22,3500000,3,2
2017-12-02,10000016,16467,50892.69,3000,74839.04,3,2
2017-12-02,10000016,16469,82000,82000,82000,3,1
2017-12-02,10000016,16481,28000.03,28000.03,28000.03,2,1
2017-12-02,10000016,16489,11050,11050,11050,2,1
2017-12-02,10000016,16491,10050,10050,10050,2,1
2017-12-02,10000016,16517,588.99,588.99,588.99,2,1
2017-12-02,10000016,16519,58000,16000.01,70000,9,5
2017-12-02,10000016,16521,17552.11,6.33,35000,6,3
2017-12-02,10000016,16523,39444.44,19999.99,97777.77,4,3
2017-12-02,10000016,16525,134999.99,134999.99,134999.99,3,1
2017-12-02,10000016,16527,551506.72,156300.4,600000,15,6
2017-12-02,10000016,16529,102500.9,102500.9,102500.9,1,1
2017-12-02,10000016,16533,4619999.99,4619999.99,4619999.99,1,1
2017-12-02,10000016,16591,32000000,32000000,32000000,3,3
2017-12-02,10000016,16594,1500000,1500000,1500000,7,7
2017-12-02,10000016,16595,12500000,12500000,12500000,5,5
2017-12-02,10000016,16596,35000000,35000000,35000000,5,5
2017-12-02,10000016,16597,20000000,20000000,20000000,2,2
2017-12-02,10000016,16598,3500000,3500000,3500000,21,21
2017-12-02,10000016,16622,5000000,5000000,5000000,10,10
2017-12-02,10000016,16680,2460,2460,2460,8,1
2017-12-02,10000016,16682,10000.01,10000.01,10000.01,12,1
2017-12-02,10000016,16696,10000.59,10000.59,10000.59,3,1
2017-12-02,10000016,17136,100000.01,100000.01,100000.01,2,1
2017-12-02,10000016,17192,223076.92,200000,500000,26,2
2017-12-02,10000016,17199,1,1,1,1,1
2017-12-02,10000016,17205,1000081.21,498500,1190797,23,9
2017-12-02,10000016,17206,179998.58,179998.57,179998.58,21,2
2017-12-02,10000016,17208,254984.49,254984.49,254984.49,20,1
2017-12-02,10000016,17209,168988.47,168988.47,168988.47,20,1
2017-12-02,10000016,17243,100,100,100,4,4
2017-12-02,10000016,17251,119000.17,0.33,238000,2,2
2017-12-02,10000016,17332,5000000,5000000,5000000,1,1
2017-12-02,10000016,17366,294259.22,90000,1500000,54,21
2017-12-02,10000016,17367,3000000,3000000,3000000,1,1
2017-12-02,10000016,17368,0.01,0.01,0.01,1,1
2017-12-02,10000016,17440,456.09,456.09,456.09,5126,1
2017-12-02,10000016,17444,220,220,220,3010,4
2017-12-02,10000016,17445,200,200,200,4689,3
2017-12-02,10000016,17448,330.07,330.07,330.07,20456,3
2017-12-02,10000016,17449,260,260,260,22059,5
2017-12-02,10000016,17452,174,174,174,93221,12
2017-12-02,10000016,17453,140,140,140,174913,14
2017-12-02,10000016,17455,61,61,61,5809718,142
2017-12-02,10000016,17456,65,65,65,4566118,123
2017-12-02,10000016,17459,48,48,48,3645976,125
2017-12-02,10000016,17460,49,49,49,3622970,117
2017-12-02,10000016,17463,18.01,18.01,18.01,8427303,187
2017-12-02,10000016,17464,19,19,19,6024025,154
2017-12-02,10000016,17470,14,14,14,23475404,237
2017-12-02,10000016,17471,15.01,15.01,15.01,42843507,193
2017-12-02,10000016,17476,26300000,26300000,26300000,1,1
2017-12-02,10000016,17478,23998346.53,21000000,25000000,15,15
2017-12-02,10000016,17480,19107272.82,17960000,22999999,11,10
2017-12-02,10000016,17482,1825449.95,1600000,1900000,40,23
2017-12-02,10000016,17483,16130080,16130080,16130080,1,1
2017-12-02,10000016,17619,19999995,19999995,19999995,1,1
2017-12-02,10000016,17634,85000000,85000000,85000000,2,2
2017-12-02,10000016,17636,517067366.54,451202101.62,549999999,3,3
2017-12-02,10000016,17715,246999499,243998998.99,249999999,2,2
2017-12-02,10000016,17765,27000,27000,27000,10,1
2017-12-02,10000016,17843,78749999.5,70500000.01,86999998.99,2,2
2017-12-02,10000016,17867,48,48,48,324938,6
2017-12-02,10000016,17868,62,62,62,175069,10
2017-12-02,10000016,17887,1355,1355,1355,41000,4
2017-12-02,10000016,17888,223.71,223.71,223.71,244413,5
2017-12-02,10000016,17889,1100,1100,1100,165269,8
2017-12-02,10000016,17893,72000,8000,200000,3,3
2017-12-02,10000016,17894,10000,10000,10000,2,2
2017-12-02,10000016,17895,1000,1000,1000,1,1
2017-12-02,10000016,17912,3599999.98,1800000.01,4000000,8,5
2017-12-02,10000016,17930,49177549.51,40355100.01,57999999,2,2
2017-12-02,10000016,17938,23005.21,19767.85,45000,96,47
2017-12-02,10000016,17939,60000,60000,60000,2,2
2017-12-02,10000016,17940,500000,500000,500000,37,13
2017-12-02,10000016,18025,400000,400000,400000,2,2
2017-12-02,10000016,18037,800000,800000,800000,1,1
2017-12-02,10000016,18039,750000,750000,750000,1,1
2017-12-02,10000016,18041,700000,700000,700000,1,1
2017-12-02,10000016,18042,125000,125000,125000,4,1
2017-12-02,10000016,18043,600000,600000,600000,2,2
2017-12-02,10000016,18045,550000,550000,550000,1,1
2017-12-02,10000016,18047,500000,500000,500000,1,1
2017-12-02,10000016,18048,75000,75000,75000,10,1
2017-12-02,10000016,18049,450000,450000,450000,2,2
2017-12-02,10000016,18050,100000,100000,100000,1,1
2017-12-02,10000016,18051,400000,400000,400000,3,3
2017-12-02,10000016,18053,350000,350000,350000,1,1
2017-12-02,10000016,18055,1000000,1000000,1000000,1,1
2017-12-02,10000016,18057,300000,300000,300000,2,2
2017-12-02,10000016,18058,23140,23000,26500,25,3
2017-12-02,10000016,18060,14999,14999,14999,4,1
2017-12-02,10000016,18062,19000,19000,19000,20,1
2017-12-02,10000016,18063,150000,150000,150000,2,2
2017-12-02,10000016,18065,650000,650000,650000,1,1
2017-12-02,10000016,18066,11508.03,9190.75,13000,18,5
2017-12-02,10000016,18067,100000,100000,100000,1,1
2017-12-02,10000016,18580,100000000,100000000,100000000,1,1
2017-12-02,10000016,18606,339999.99,339999.99,339999.99,4,1
2017-12-02,10000016,18612,229999,229999,229999,24,2
2017-12-02,10000016,18614,163250,163250,163250,6,1
2017-12-02,10000016,18618,272196.99,216590.98,300000,6,2
2017-12-02,10000016,18637,194055.39,186921.86,200000,66,5
2017-12-02,10000016,18639,55741.26,24900,97900,12,12
2017-12-02,10000016,18670,37999990,37999990,37999990,1,1
2017-12-02,10000016,19189,99605782,99605782,99605782,1,1
2017-12-02,10000016,19203,152966101,152966101,152966101,1,1
2017-12-02,10000016,19211,379000.02,379000.02,379000.02,1,1
2017-12-02,10000016,19213,7150000,7150000,7150000,1,1
2017-12-02,10000016,19359,249999999,249999999,249999999,1,1
2017-12-02,10000016,19400,10999.68,10999.57,10999.74,26,4
2017-12-02,10000016,19401,20000,20000,20000,2,1
2017-12-02,10000016,19402,40000,40000,40000,4,2
2017-12-02,10000016,19403,60000,60000,60000,1,1
2017-12-02,10000016,19404,180000,180000,180000,121,13
2017-12-02,10000016,19405,360000,360000,360000,6,4
2017-12-02,10000016,19406,600000,600000,600000,771,28
2017-12-02,10000016,19407,1200000,1200000,1200000,1578,23
2017-12-02,10000016,19408,2100000,2100000,2100000,313,28
2017-12-02,10000016,19409,6300000,6300000,6300000,18,10
2017-12-02,10000016,19410,9900000,9900000,9900000,4,3
2017-12-02,10000016,19411,13200000,13200000,13200000,14,1
2017-12-02,10000016,19412,17160000,17160000,17160000,11,5
2017-12-02,10000016,19413,21840000,21840000,21840000,6,3
2017-12-02,10000016,19416,43200000,43200000,43200000,66,12
2017-12-02,10000016,19417,51680000,51680000,51680000,619,55
2017-12-02,10000016,19418,61200000,61200000,61200000,77,10
2017-12-02,10000016,19419,80000000,80000000,80000000,147,21
2017-12-02,10000016,19420,101640000,101640000,101640000,16,7
2017-12-02,10000016,19421,133837000,133837000,133837000,711,61
2017-12-02,10000016,19422,3360000,3360000,3360000,7,4
2017-12-02,10000016,19500,1899.99,1899.99,1899.99,1,1
2017-12-02,10000016,19719,30000000,30000000,30000000,3,3
2017-12-02,10000016,19727,1950000000,1950000000,1950000000,1,1
2017-12-02,10000016,19744,480000,480000,480000,1,1
2017-12-02,10000016,19759,200000,200000,200000,2,2
2017-12-02,10000016,19760,160000,160000,160000,2,2
2017-12-02,10000016,19761,1000000,1000000,1000000,2,2
2017-12-02,10000016,19767,400000,400000,400000,1,1
2017-12-02,10000016,19806,1030198.91,331023.02,1195004.5,5,5
2017-12-02,10000016,19810,3100,3100,3100,2,1
2017-12-02,10000016,19812,45000,45000,45000,2,1
2017-12-02,10000016,19814,70004.17,4011,149999,12,6
2017-12-02,10000016,19921,90000,90000,90000,10,10
2017-12-02,10000016,19922,600000,600000,600000,2,2
2017-12-02,10000016,19923,1250.52,201.04,2300,2,2
2017-12-02,10000016,19925,257.38,102.04,490.39,5,4
2017-12-02,10000016,19927,26508.64,1400,227777.77,9,9
2017-12-02,10000016,19929,100.02,100.02,100.02,3,3
2017-12-02,10000016,19931,100.02,100.02,100.02,4,4
2017-12-02,10000016,19935,1000,1000,1000,1,1
2017-12-02,10000016,19937,1000,1000,1000,1,1
2017-12-02,10000016,19939,1002.79,1002.79,1002.79,1,1
2017-12-02,10000016,19942,1001.43,1001.43,1001.43,1,1
2017-12-02,10000016,19944,200.33,200.33,200.33,2,2
2017-12-02,10000016,19946,2080.79,2080.79,2080.79,1,1
2017-12-02,10000016,20018,110000,110000,110000,6,1
2017-12-02,10000016,20057,3985.52,3985.52,3985.52,1,1
2017-12-02,10000016,20138,100000,100000,100000,5,1
2017-12-02,10000016,20171,95132.06,79801.86,114000,29,2
2017-12-02,10000016,20187,1112000000,1112000000,1112000000,1,1
2017-12-02,10000016,20209,1000000,1000000,1000000,2,2
2017-12-02,10000016,20210,962000.6,900000,1500000,5,5
2017-12-02,10000016,20211,2650000,1000000,3000000,6,6
2017-12-02,10000016,20212,8950000,8900000,9000000,2,2
2017-12-02,10000016,20213,8997948.11,8995896.22,9000000,2,2
2017-12-02,10000016,20306,150,150,150,5,1
2017-12-02,10000016,20307,65.93,7.72,75,14500,3
2017-12-02,10000016,20308,100,100,100,5,2
2017-12-02,10000016,20312,500000,500000,500000,5,5
2017-12-02,10000016,20314,60000,60000,60000,25,25
2017-12-02,10000016,20315,995652.17,900000,1000000,23,23
2017-12-02,10000016,20327,23684676.99,23684676.99,23684676.99,1,1
2017-12-02,10000016,20342,50000000,50000000,50000000,2,2
2017-12-02,10000016,20345,339999.99,339999.99,339999.99,2,1
2017-12-02,10000016,20347,999999.99,999999.99,999999.99,2,2
2017-12-02,10000016,20349,999999.99,999999.99,999999.99,1,1
2017-12-02,10000016,20353,3759999.6,3000000,3949999.5,5,3
2017-12-02,10000016,20411,116780,90225,223000,10,2
2017-12-02,10000016,20412,245000,245000,245000,10,1
2017-12-02,10000016,20413,107787.77,107787.77,107787.77,12,3
2017-12-02,10000016,20414,96149.29,96149.29,96149.29,2,1
2017-12-02,10000016,20415,39999.98,39999.95,40000,19,3
2017-12-02,10000016,20416,90010,90010,90010,8,1
2017-12-02,10000016,20417,65450.08,65450.08,65450.08,3,1
2017-12-02,10000016,20418,105210.53,100000,109900,19,2
2017-12-02,10000016,20419,194498.84,149000,239997.68,20,2
2017-12-02,10000016,20420,122977.15,61001.34,150000,43,4
2017-12-02,10000016,20421,45226,45226,45226,25,3
2017-12-02,10000016,20423,134000,80000.02,169999.99,20,2
2017-12-02,10000016,20424,26245.55,25503.22,50000,33,4
2017-12-02,10000016,20494,100000,100000,100000,2,2
2017-12-02,10000016,20495,100000,100000,100000,2,2
2017-12-02,10000016,20526,75000000,75000000,75000000,4,4
2017-12-02,10000016,20527,113999854.64,113999854.64,113999854.64,1,1
2017-12-02,10000016,20530,100000000,100000000,100000000,2,2
2017-12-02,10000016,20531,159999999.98,159999999.98,159999999.98,1,1
2017-12-02,10000016,20533,400000000,400000000,400000000,5,5
2017-12-02,10000016,20704,51002322,51002322,51002322,1,1
2017-12-02,10000016,20763,11080.55,11080.55,11080.55,589,1
2017-12-02,10000016,20925,160,160,160,5000,1
2017-12-02,10000016,21024,1306728000,1306728000,1306728000,1,1
2017-12-02,10000016,21036,1228398800,1228398800,1228398800,1,1
2017-12-02,10000016,21059,120076.96,120000,122252.6,32,32
2017-12-02,10000016,21071,40000,40000,40000,37,37
2017-12-02,10000016,21077,10000.51,10000.51,10000.51,1,1
2017-12-02,10000016,21078,0.01,0.01,0.01,1,1
2017-12-02,10000016,21079,10000,10000,10000,4,2
2017-12-02,10000016,21084,10000.98,10000.98,10000.98,2,2
2017-12-02,10000016,21086,10000,10000,10000,2,1
2017-12-02,10000016,21087,10000,10000,10000,1,1
2017-12-02,10000016,21096,2784263.56,2298949.99,3500000,21,20
2017-12-02,10000016,21320,0.03,0.03,0.03,1000,1
2017-12-02,10000016,21384,890,890,890,205,4
2017-12-02,10000016,21587,0.02,0.02,0.02,287,4
2017-12-02,10000016,21588,0.01,0.01,0.01,29,1
2017-12-02,10000016,21603,10000000,10000000,10000000,6,6
2017-12-02,10000016,21610,19818181.82,18000000,20000000,11,11
2017-12-02,10000016,21611,30000000,30000000,30000000,9,9
2017-12-02,10000016,21638,1196841.05,1000000,1398900.93,50,13
2017-12-02,10000016,21640,964702.14,910000,1000000,11,3
2017-12-02,10000016,21666,15000000,15000000,15000000,1,1
2017-12-02,10000016,21668,15000000,15000000,15000000,3,3
2017-12-02,10000016,21718,99322.9,95999,100000,4,4
2017-12-02,10000016,21740,2299.96,2299.96,2299.96,2701,2
2017-12-02,10000016,21790,99000,99000,99000,1,1
2017-12-02,10000016,21791,175000,175000,175000,1,1
2017-12-02,10000016,21802,25000000,25000000,25000000,4,4
2017-12-02,10000016,21803,17500000,17500000,17500000,5,3
2017-12-02,10000016,21815,7500000,7500000,7500000,274,7
2017-12-02,10000016,21841,63333.33,45000,100000,6,2
2017-12-02,10000016,21853,19095.46,10.01,20000,23,12
2017-12-02,10000016,21855,758.34,10.01,4500,6,2
2017-12-02,10000016,21857,11339.99,10000,14995,58,44
2017-12-02,10000016,21867,37,37,37,5,1
2017-12-02,10000016,21894,1385.52,1385.52,1385.52,1000,1
2017-12-02,10000016,21898,649.71,649.71,649.71,4000,2
2017-12-02,10000016,21902,1384.12,1384.12,1384.12,1000,1
2017-12-02,10000016,21906,648.78,648.78,648.78,300,1
2017-12-02,10000016,21912,996.74,996.74,996.74,1200,1
2017-12-02,10000016,21918,1385.61,1385.61,1385.61,1000,1
2017-12-02,10000016,21922,894.17,894.17,894.17,10400,3
2017-12-02,10000016,21924,648.82,648.82,648.82,500,1
2017-12-02,10000016,21939,886.71,886.71,886.71,500,1
2017-12-02,10000016,22043,25000000,25000000,25000000,6,5
2017-12-02,10000016,22175,74861.1,50000,99000,54,49
2017-12-02,10000016,22176,332640,332640,332640,1,1
2017-12-02,10000016,22177,83404.85,64500,165000,52,49
2017-12-02,10000016,22178,332640,332640,332640,3,3
2017-12-02,10000016,22229,4234984.14,3000000,4500000,8,6
2017-12-02,10000016,22242,75000000,75000000,75000000,6,6
2017-12-02,10000016,22291,1076783.96,700240.51,1299995,46,15
2017-12-02,10000016,22466,420000000.22,420000000.22,420000000.22,1,1
2017-12-02,10000016,22534,22000000,22000000,22000000,2,2
2017-12-02,10000016,22536,1499995,999990,2000000,4,4
2017-12-02,10000016,22541,9000000,9000000,9000000,11,11
2017-12-02,10000016,22542,48286.42,36000,59999.99,60,47
2017-12-02,10000016,22548,268874005.01,268874005.01,268874005.01,1,1
2017-12-02,10000016,22551,28000000,28000000,28000000,31,7
2017-12-02,10000016,22552,1923399.4,1920000,1936997,5,5
2017-12-02,10000016,22576,48909.09,38000,50000,11,2
2017-12-02,10000016,22578,79957.75,75395.74,80000,98,82
2017-12-02,10000016,22611,23999990,23999990,23999990,1,1
2017-12-02,10000016,22761,32000000,32000000,32000000,1,1
2017-12-02,10000016,22806,120000,120000,120000,16,16
2017-12-02,10000016,22807,120000,120000,120000,16,16
2017-12-02,10000016,22808,120000,120000,120000,15,15
2017-12-02,10000016,22809,120188.13,120000,122445.63,13,13
2017-12-02,10000016,22971,573593,573593,573593,9000,1
2017-12-02,10000016,22981,160,160,160,1,1
2017-12-02,10000016,22999,675355,675355,675355,3000,1
2017-12-02,10000016,23009,540.78,540.77,540.78,64713,19
2017-12-02,10000016,23011,798.85,798.85,798.85,2000,1
2017-12-02,10000016,23013,882.55,882.55,882.55,2000,1
2017-12-02,10000016,23015,867.12,867.12,867.12,2000,1
2017-12-02,10000016,23017,849.99,849.99,849.99,500,1
2017-12-02,10000016,23023,650,650,650,5000,2
2017-12-02,10000016,23025,899.93,899.93,899.93,9001,4
2017-12-02,10000016,23037,989.48,989.48,989.48,8200,1
2017-12-02,10000016,23043,1500,1500,1500,2500,1
2017-12-02,10000016,23047,100,100,100,78,1
2017-12-02,10000016,23069,50000000,50000000,50000000,8,5
2017-12-02,10000016,23085,999979.9,999979.9,999979.9,6,1
2017-12-02,10000016,23087,158333.33,150000,175000,3,3
2017-12-02,10000016,23103,2399999.97,2399999.97,2399999.97,10,2
2017-12-02,10000016,23105,1100000,1100000,1100000,4,1
2017-12-02,10000016,23107,738732.35,738732.35,738732.35,109,2
2017-12-02,10000016,23119,500000,500000,500000,20,1
2017-12-02,10000016,23121,136000,110000,175000,5,5
2017-12-02,10000016,23135,30000,30000,30000,1,1
2017-12-02,10000016,23525,70000,70000,70000,5,1
2017-12-02,10000016,23527,466665.98,399999.99,499998.98,3,3
2017-12-02,10000016,23533,43500,43500,43500,2,1
2017-12-02,10000016,23559,125000,125000,125000,2,1
2017-12-02,10000016,23566,400000,400000,400000,12,12
2017-12-02,10000016,23594,450000,450000,450000,5,5
2017-12-02,10000016,23606,157894.74,150000,300000,19,19
2017-12-02,10000016,23618,52380.95,50000,100000,21,21
2017-12-02,10000016,23707,311542.54,80797.8,350000,7,3
2017-12-02,10000016,23719,9999.33,9999,10000,15,3
2017-12-02,10000016,23915,1049999999.99,1049999999.99,1049999999.99,1,1
2017-12-02,10000016,23950,63750000,63000000,64000000,4,4
2017-12-02,10000016,24241,50044.49,50000,50447.3,66,66
2017-12-02,10000016,24242,1000000,1000000,1000000,18,18
2017-12-02,10000016,24268,7500000,7500000,7500000,3,3
2017-12-02,10000016,24270,7500000,7500000,7500000,3,3
2017-12-02,10000016,24305,6200000,6200000,6200000,2,1
2017-12-02,10000016,24311,500000000,500000000,500000000,1,1
2017-12-02,10000016,24313,500000000,500000000,500000000,2,2
2017-12-02,10000016,24314,500000000,500000000,500000000,6,6
2017-12-02,10000016,24348,1989268.57,1685000,2199999.99,17,14
2017-12-02,10000016,24349,90000,90000,90000,1,1
2017-12-02,10000016,24395,613952.38,613952.38,613952.38,1,1
2017-12-02,10000016,24417,1814494,1700000,1928988,2,2
2017-12-02,10000016,24427,1663727.39,1490000,1873963.82,8,4
2017-12-02,10000016,24438,2200000.11,1999999.96,2300000.19,3,3
2017-12-02,10000016,24443,1337500.5,1250000.67,1599999.99,4,3
2017-12-02,10000016,24445,299000,299000,299000,1,1
2017-12-02,10000016,24471,80.15,80.15,80.15,43297,2
2017-12-02,10000016,24490,15,15,15,22185,2
2017-12-02,10000016,24495,148.9,148.9,148.9,2000,1
2017-12-02,10000016,24497,74.63,0.55,148.71,3000,2
2017-12-02,10000016,24499,150,150,150,10000,1
2017-12-02,10000016,24507,550,550,550,8000,2
2017-12-02,10000016,24509,265.01,265.01,265.01,13001,3
2017-12-02,10000016,24511,600.04,600.04,600.04,4500,2
2017-12-02,10000016,24513,750,750,750,3200,3
2017-12-02,10000016,24531,699.98,699.98,699.98,5000,1
2017-12-02,10000016,24533,699.98,692.49,749.9,17000,8
2017-12-02,10000016,24535,800,750,800,12500,5
2017-12-02,10000016,24541,750,750,750,2500,1
2017-12-02,10000016,24557,2146886800,2146886800,2146886800,10,1
2017-12-02,10000016,24562,50000000,50000000,50000000,1,1
2017-12-02,10000016,24563,250000000,250000000,250000000,1,1
2017-12-02,10000016,24568,10000000,10000000,10000000,4,3
2017-12-02,10000016,24571,10000000,10000000,10000000,6,5
2017-12-02,10000016,24606,125000000,125000000,125000000,1,1
2017-12-02,10000016,24613,15000000,15000000,15000000,6,4
2017-12-02,10000016,24624,20000000,20000000,20000000,2,2
2017-12-02,10000016,24625,20000000,20000000,20000000,5,5
2017-12-02,10000016,24658,8499989,8499989,8499989,1,1
2017-12-02,10000016,24688,219999998.97,219999998.97,219999998.97,1,1
2017-12-02,10000016,24698,44140060.4,43000000,49350000,5,5
2017-12-02,10000016,24699,580000000,580000000,580000000,1,1
2017-12-02,10000016,24700,60000501.01,45001002.01,75000000,2,2
2017-12-02,10000016,24702,48000001.06,40000001.59,64000000,3,3
2017-12-02,10000016,24764,20000000,20000000,20000000,3,3
2017-12-02,10000016,25235,150000,150000,150000,8,8
2017-12-02,10000016,25266,2674241.66,2500000,2699999.99,12,7
2017-12-02,10000016,25544,27638226.1,27449996.86,27999683,6,6
2017-12-02,10000016,25565,100.01,100.01,100.01,2,2
2017-12-02,10000016,25567,222.34,222.34,222.34,3,3
2017-12-02,10000016,25569,3041.5,1000.01,3691.16,7,6
2017-12-02,10000016,25571,100,100,100,3,3
2017-12-02,10000016,25588,13340,13339.99,13340,1042,164
2017-12-02,10000016,25589,4630,4630,4630,855,134
2017-12-02,10000016,25590,72250,72250,72250,160,40
2017-12-02,10000016,25591,170002.29,170002.21,175000,186,49
2017-12-02,10000016,25592,7146.39,6103.83,7540,97,29
2017-12-02,10000016,25593,5789.84,5610,9703.56,46,23
2017-12-02,10000016,25594,32410,32410,32410,113,29
2017-12-02,10000016,25595,17292.32,17009.99,20000.01,43,21
2017-12-02,10000016,25596,44999,44999,44999,10119,57
2017-12-02,10000016,25597,3770,3770,3770,560,101
2017-12-02,10000016,25598,9390,9389.99,9390,1367,126
2017-12-02,10000016,25599,639.02,639.02,639.02,1182,122
2017-12-02,10000016,25600,26009.99,26009.99,26009.99,1450,146
2017-12-02,10000016,25601,2060,2060,2060,1186,119
2017-12-02,10000016,25602,11004.07,10005.09,15000.01,5,4
2017-12-02,10000016,25603,35009.62,35000,35500,52,12
2017-12-02,10000016,25604,9120,9120,9120,324,88
2017-12-02,10000016,25605,21200,21200,21200,125,20
2017-12-02,10000016,25606,39000,35001.24,48005,348,41
2017-12-02,10000016,25607,26740,26740,26740,3,1
2017-12-02,10000016,25608,398160.19,398149.34,398199.99,14,4
2017-12-02,10000016,25610,715000,715000,715000,8,1
2017-12-02,10000016,25611,32501.26,32501.26,32501.26,16,1
2017-12-02,10000016,25616,3005.63,1129,8009.99,11,3
2017-12-02,10000016,25617,280485.75,280401,280501,20,7
2017-12-02,10000016,25618,8311,8310,8320,20,4
2017-12-02,10000016,25619,591199.99,591199.99,591199.99,3,2
2017-12-02,10000016,25620,31939.99,31939.99,31939.99,3,2
2017-12-02,10000016,25622,334900,334900,334900,6,1
2017-12-02,10000016,25625,1661161.52,1661101.05,1661211.01,14,4
2017-12-02,10000016,25707,76014.79,76014.79,76014.79,1,1
2017-12-02,10000016,25709,5008.33,5008.33,5008.33,4,2
2017-12-02,10000016,25715,1145455.1,600001.23,1600000,11,2
2017-12-02,10000016,25718,2233333.33,950000,2875000,3,3
2017-12-02,10000016,25719,100175.53,100000,103159.51,18,18
2017-12-02,10000016,25739,450000,450000,450000,3,3
2017-12-02,10000016,25810,450000,450000,450000,2,2
2017-12-02,10000016,25811,450000,450000,450000,4,4
2017-12-02,10000016,25812,5949998.69,5899999.88,5999997.5,8,3
2017-12-02,10000016,25861,55900.12,49999,59000.07,79,59
2017-12-02,10000016,25862,332640,332640,332640,3,3
2017-12-02,10000016,25863,1000000,1000000,1000000,2,2
2017-12-02,10000016,25887,89800.08,71400.24,99000,6,3
2017-12-02,10000016,25888,13499999.99,13499999.99,13499999.99,1,1
2017-12-02,10000016,25890,12800000,12800000,12800000,1,1
2017-12-02,10000016,25894,19599999.99,19599999.99,19599999.99,1,1
2017-12-02,10000016,25907,1250000,1250000,1250000,1,1
2017-12-02,10000016,25918,16999996.08,16999996.08,16999996.08,3,1
2017-12-02,10000016,25929,1250000,1250000,1250000,1,1
2017-12-02,10000016,25931,1250000,1250000,1250000,1,1
2017-12-02,10000016,25935,1250000,1250000,1250000,1,1
2017-12-02,10000016,25937,1250000,1250000,1250000,2,2
2017-12-02,10000016,25948,4897000,4797000,4996999.99,4,2
2017-12-02,10000016,25949,1250000,1250000,1250000,1,1
2017-12-02,10000016,25951,1250000,1250000,1250000,1,1
2017-12-02,10000016,25953,1250000,1250000,1250000,1,1
2017-12-02,10000016,25955,1250000,1250000,1250000,1,1
2017-12-02,10000016,25956,24999999.98,24999999.98,24999999.98,1,1
2017-12-02,10000016,25957,1250000,1250000,1250000,1,1
2017-12-02,10000016,26016,15200000,15200000,15200000,1,1
2017-12-02,10000016,26017,1250000,1250000,1250000,1,1
2017-12-02,10000016,26020,8299990,8299990,8299990,1,1
2017-12-02,10000016,26021,1250000,1250000,1250000,1,1
2017-12-02,10000016,26023,1250000,1250000,1250000,1,1
2017-12-02,10000016,26027,1250000,1250000,1250000,1,1
2017-12-02,10000016,26029,1250000,1250000,1250000,1,1
2017-12-02,10000016,26031,1250000,1250000,1250000,1,1
2017-12-02,10000016,26072,11000000,11000000,11000000,3,1
2017-12-02,10000016,26077,1250000,1250000,1250000,1,1
2017-12-02,10000016,26079,1250000,1250000,1250000,1,1
2017-12-02,10000016,26081,1250000,1250000,1250000,1,1
2017-12-02,10000016,26083,1250000,1250000,1250000,1,1
2017-12-02,10000016,26084,9000000,9000000,9000000,2,2
2017-12-02,10000016,26085,1250000,1250000,1250000,1,1
2017-12-02,10000016,26087,1250000,1250000,1250000,1,1
2017-12-02,10000016,26088,8906400.18,8906400.18,8906400.18,1,1
2017-12-02,10000016,26089,1250000,1250000,1250000,1,1
2017-12-02,10000016,26091,1250000,1250000,1250000,1,1
2017-12-02,10000016,26107,1250000,1250000,1250000,1,1
2017-12-02,10000016,26109,1250000,1250000,1250000,1,1
2017-12-02,10000016,26111,1250000,1250000,1250000,1,1
2017-12-02,10000016,26113,1250000,1250000,1250000,1,1
2017-12-02,10000016,26252,61680.96,59999.98,120000,30,28
2017-12-02,10000016,26253,99999.99,99999.98,100000,7,5
2017-12-02,10000016,26254,20000,20000,20000,18,16
2017-12-02,10000016,26255,100000,100000,100000,14,12
2017-12-02,10000016,26256,97736.84,90000,100000,19,17
2017-12-02,10000016,26257,100000,100000,100000,6,5
2017-12-02,10000016,26258,100000,100000,100000,4,3
2017-12-02,10000016,26259,100000,100000,100000,16,14
2017-12-02,10000016,26260,98571.43,90000,100000,14,13
2017-12-02,10000016,26261,100000,100000,100000,18,16
2017-12-02,10000016,26374,69999995,69999995,69999995,1,1
2017-12-02,10000016,26376,98885000,98885000,98885000,1,1
2017-12-02,10000016,26414,95000000,95000000,95000000,1,1
2017-12-02,10000016,26436,20000000,20000000,20000000,1,1
2017-12-02,10000016,26442,28500000,28500000,28500000,1,1
2017-12-02,10000016,26448,92961666.67,90000000,98885000,3,3
2017-12-02,10000016,26929,137246.77,117700,199999,13,12
2017-12-02,10000016,27015,20000,20000,20000,191,191
2017-12-02,10000016,27127,849990,849990,849990,1,1
2017-12-02,10000016,27195,2200000,2200000,2200000,1,1
2017-12-02,10000016,27313,10,10,10,1000,1
2017-12-02,10000016,27315,998.57,998.57,998.57,4000,1
2017-12-02,10000016,27319,1.33,1.33,1.33,1000,1
2017-12-02,10000016,27325,90,90,90,100,1
2017-12-02,10000016,27331,10,10,10,1000,1
2017-12-02,10000016,27345,1293.49,1293.49,1293.49,15654,1
2017-12-02,10000016,27351,2790,2790,2790,5000,1
2017-12-02,10000016,27353,350,350,350,200,2
2017-12-02,10000016,27359,1390.68,1390.68,1390.68,4318,2
2017-12-02,10000016,27361,2999,2999,2999,4550,4
2017-12-02,10000016,27367,6.51,6.51,6.51,1000,1
2017-12-02,10000016,27371,587.65,587.65,587.65,1600,2
2017-12-02,10000016,27379,190,190,190,1801,2
2017-12-02,10000016,27381,571.19,571.19,571.19,2500,2
2017-12-02,10000016,27383,698.52,698.52,698.52,1500,1
2017-12-02,10000016,27387,594.59,594.59,594.59,1465,1
2017-12-02,10000016,27395,2191.36,2191.36,2191.36,10000,1
2017-12-02,10000016,27411,999.99,999.99,999.99,2000,1
2017-12-02,10000016,27413,757.3,757.3,757.3,4021,3
2017-12-02,10000016,27435,1850,1850,1850,10400,3
2017-12-02,10000016,27441,2399,860.86,2499,29352,9
2017-12-02,10000016,27447,1349,1349,1349,11037,4
2017-12-02,10000016,27451,859.19,859.19,859.19,2000,1
2017-12-02,10000016,27902,100000,100000,100000,15,15
2017-12-02,10000016,27906,25000000,25000000,25000000,5,4
2017-12-02,10000016,27911,15250000,12000000,25000000,4,4
2017-12-02,10000016,27912,1150000,1150000,1150000,4,1
2017-12-02,10000016,27914,422251.21,422251.21,422251.21,2,2
2017-12-02,10000016,27920,244221.1,244221.1,244221.1,8,2
2017-12-02,10000016,27932,100000,100000,100000,1,1
2017-12-02,10000016,27936,10000000,10000000,10000000,1,1
2017-12-02,10000016,28073,8000000,8000000,8000000,6,6
2017-12-02,10000016,28164,5440000,4500000,9200000,5,5
2017-12-02,10000016,28209,1305600,1200000,1900000,8,5
2017-12-02,10000016,28211,301001.01,301001.01,301001.01,5,1
2017-12-02,10000016,28270,1586700,20200.02,1900000,6,2
2017-12-02,10000016,28274,1097545.45,988000,1469999.99,22,2
2017-12-02,10000016,28278,999990,999990,999990,20,1
2017-12-02,10000016,28336,5,5,5,3600,1
2017-12-02,10000016,28361,4000,4000,4000,213,5
2017-12-02,10000016,28362,130000.31,130000.31,130000.31,81,3
2017-12-02,10000016,28363,100,100,100,4,1
2017-12-02,10000016,28374,500000000,500000000,500000000,5,5
2017-12-02,10000016,28377,189999999,189999999,189999999,1,1
2017-12-02,10000016,28423,5300,5300,5300,2500,1
2017-12-02,10000016,28425,4190.18,4190.18,4190.18,99,1
2017-12-02,10000016,28427,1503.02,1503.02,1503.02,156,1
2017-12-02,10000016,28430,1167.22,1167.22,1167.22,1146,1
2017-12-02,10000016,28444,200000,200000,200000,36,1
2017-12-02,10000016,28576,1101588.93,980000,1315315,31,18
2017-12-02,10000016,28578,1175000,1100000,1250000,6,2
2017-12-02,10000016,28585,25000000,25000000,25000000,3,2
2017-12-02,10000016,28606,759333333.33,744000000,789999999.99,3,3
2017-12-02,10000016,28615,4000000,4000000,4000000,1,1
2017-12-02,10000016,28646,5455999.99,5455999.99,5455999.99,1,1
2017-12-02,10000016,28656,64000000,64000000,64000000,2,1
2017-12-02,10000016,28667,64000000,64000000,64000000,2,2
2017-12-02,10000016,28668,28376.96,28376.96,32178,1405,9
2017-12-02,10000016,28697,325,325,325,60,1
2017-12-02,10000016,28710,1789999999.99,1789999999.99,1789999999.99,1,1
2017-12-02,10000016,28756,38361996.7,23000000,53723993.4,2,2
2017-12-02,10000016,28758,35333000.1,15432000.42,42900000,4,4
2017-12-02,10000016,28879,1000000,1000000,1000000,2,2
2017-12-02,10000016,28880,5000000,5000000,5000000,2,2
2017-12-02,10000016,28999,25000,25000,25000,182,8
2017-12-02,10000016,29001,94336.8,35000,99999.99,64,7
2017-12-02,10000016,29009,10835.07,10000,15000,12,8
2017-12-02,10000016,29011,45555.22,31388.89,49999.99,7,5
2017-12-02,10000016,29029,100000000,100000000,100000000,3,3
2017-12-02,10000016,29248,200000,200000,200000,1,1
2017-12-02,10000016,29637,49999090.91,49990000,50000000,11,10
2017-12-02,10000016,29984,140499738.78,140499738.78,140499738.78,1,1
2017-12-02,10000016,29986,65177488.1,65177488.1,65177488.1,1,1
2017-12-02,10000016,29990,63210028.63,63210028.63,63210028.63,1,1
2017-12-02,10000016,30013,8000,7999.99,9000,1157,89
2017-12-02,10000016,30014,5000000,5000000,5000000,58,4
2017-12-02,10000016,30018,2.56,2.56,2.56,5,1
2017-12-02,10000016,30019,1,1,1,15,1
2017-12-02,10000016,30021,1.08,1.08,1.08,28,1
2017-12-02,10000016,30022,10,10,10,1,1
2017-12-02,10000016,30028,85000,85000,85000,142,6
2017-12-02,10000016,30029,5000000,5000000,5000000,2,2
2017-12-02,10000016,30248,15600,15600,15600,4,1
2017-12-02,10000016,30251,1.06,1.06,1.06,6,1
2017-12-02,10000016,30254,87,87,87,48,1
2017-12-02,10000016,30258,10,10,10,1,1
2017-12-02,10000016,30270,10,10,10,1,1
2017-12-02,10000016,30324,10000000,10000000,10000000,1,1
2017-12-02,10000016,30325,10000000,10000000,10000000,2,2
2017-12-02,10000016,30327,10000000,10000000,10000000,1,1
2017-12-02,10000016,30328,18000,18000,18000,1,1
2017-12-02,10000016,30342,10,10,10,4,1
2017-12-02,10000016,30371,799.99,799.99,799.99,35,1
2017-12-02,10000016,30372,2492.99,2492.99,2492.99,840,1
2017-12-02,10000016,30375,5000,5000,5000,600,1
2017-12-02,10000016,30420,10.01,10.01,10.01,1,1
2017-12-02,10000016,30422,10.02,10.02,10.02,4,1
2017-12-02,10000016,30486,415087.88,255175.76,575000,16,3
2017-12-02,10000016,30488,520000,520000,542000,127,14
2017-12-02,10000016,30497,4500,4500,4500,40,10
2017-12-02,10000016,30544,5000000,5000000,5000000,1,1
2017-12-02,10000016,30545,5000000,5000000,5000000,1,1
2017-12-02,10000016,30547,5000000,5000000,5000000,1,1
2017-12-02,10000016,30548,5000000,5000000,5000000,1,1
2017-12-02,10000016,30549,5000000,5000000,5000000,3,3
2017-12-02,10000016,30550,5000000,5000000,5000000,1,1
2017-12-02,10000016,30551,5000000,5000000,5000000,2,2
2017-12-02,10000016,30552,5000000,5000000,5000000,1,1
2017-12-02,10000016,30554,5000000,5000000,5000000,1,1
2017-12-02,10000016,30651,1500000,1500000,1500000,2,2
2017-12-02,10000016,30653,1500000,1500000,1500000,2,2
2017-12-02,10000016,30744,200000,200000,200000,9699,34
2017-12-02,10000016,30745,500000,500000,500000,9548,35
2017-12-02,10000016,30746,1500000,1500000,1500000,4894,28
2017-12-02,10000016,30747,5000000,5000000,5000000,3374,26
2017-12-02,10000016,30832,2185999.8,1864999.5,2400000,5,4
2017-12-02,10000016,30834,1642707.27,1441178.79,1945000,5,5
2017-12-02,10000016,30836,1843929.3,1700000,1869899,20,6
2017-12-02,10000016,30839,13402.5,5000,90000,20,11
2017-12-02,10000016,30987,589998.98,499999.96,999995,5,3
2017-12-02,10000016,31011,6648989,6648989,6648989,1,1
2017-12-02,10000016,31021,529995,529995,529995,1,1
2017-12-02,10000016,31035,4800000,4800000,4800000,1,1
2017-12-02,10000016,31047,3609629.32,3069999.97,3879444,3,3
2017-12-02,10000016,31055,2999994.98,2499999.99,3499989.96,2,2
2017-12-02,10000016,31059,29999499.94,29999499.94,29999499.94,1,1
2017-12-02,10000016,31065,3424994.99,2899990,3949999.97,2,2
2017-12-02,10000016,31073,2339985.7,2339985.7,2339985.7,1,1
2017-12-02,10000016,31083,777777.77,777777.77,777777.77,1,1
2017-12-02,10000016,31085,2999990,2999990,2999990,2,1
2017-12-02,10000016,31107,2000000,2000000,2000000,2,1
2017-12-02,10000016,31113,14999990,14999990,14999990,2,1
2017-12-02,10000016,31117,615623.25,615623.25,615623.25,1,1
2017-12-02,10000016,31119,2262474.99,1499999.99,2666666.66,12,6
2017-12-02,10000016,31125,14499985.18,14499985.18,14499985.18,4,2
2017-12-02,10000016,31131,1052500,1000000,1210000,4,2
2017-12-02,10000016,31153,1,1,1,1,1
2017-12-02,10000016,31165,4148991,4148991,4148991,1,1
2017-12-02,10000016,31177,366440.01,299585,399999.66,6,4
2017-12-02,10000016,31179,1873227.36,1873227.36,1873227.36,1,1
2017-12-02,10000016,31183,9999999,9999999,9999999,1,1
2017-12-02,10000016,31191,1200000,1200000,1200000,1,1
2017-12-02,10000016,31201,305315.73,280000,319999.99,15,10
2017-12-02,10000016,31202,125000,125000,125000,1,1
2017-12-02,10000016,31204,750000,750000,750000,1,1
2017-12-02,10000016,31213,102397.31,95710,129990,50,24
2017-12-02,10000016,31214,125000,125000,125000,2,2
2017-12-02,10000016,31216,750000,750000,750000,2,2
2017-12-02,10000016,31227,125000,125000,125000,2,2
2017-12-02,10000016,31229,750000,750000,750000,1,1
2017-12-02,10000016,31238,285964.97,254000,349894.92,6,5
2017-12-02,10000016,31239,125000,125000,125000,1,1
2017-12-02,10000016,31240,610000,420000,800000,2,2
2017-12-02,10000016,31241,750000,750000,750000,1,1
2017-12-02,10000016,31251,125000,125000,125000,1,1
2017-12-02,10000016,31253,750000,750000,750000,1,1
2017-12-02,10000016,31276,2380000,2380000,2380000,2,1
2017-12-02,10000016,31280,3799990.48,3799990.48,3799990.48,1,1
2017-12-02,10000016,31282,21999990,21999990,21999990,1,1
2017-12-02,10000016,31322,750000,750000,750000,1,1
2017-12-02,10000016,31324,2875000,2750000,3000000,2,2
2017-12-02,10000016,31358,1608040.83,570000,9999999,10,10
2017-12-02,10000016,31359,125000,125000,125000,2,2
2017-12-02,10000016,31360,5006793.73,5000000,5499999.96,8,8
2017-12-02,10000016,31361,750000,750000,750000,1,1
2017-12-02,10000016,31364,7233330.45,6999999,7699993.35,3,2
2017-12-02,10000016,31366,40999990,40999990,40999990,1,1
2017-12-02,10000016,31370,301798.97,289999.89,325000,30,21
2017-12-02,10000016,31371,125000,125000,125000,3,3
2017-12-02,10000016,31372,2798085.6,1623948.57,9999999,22,15
2017-12-02,10000016,31373,750000,750000,750000,2,2
2017-12-02,10000016,31376,8000000,8000000,8000000,1,1
2017-12-02,10000016,31378,25402497.24,15176434.99,28216777,4,4
2017-12-02,10000016,31383,125000,125000,125000,2,2
2017-12-02,10000016,31385,750000,750000,750000,1,1
2017-12-02,10000016,31395,125000,125000,125000,2,2
2017-12-02,10000016,31397,750000,750000,750000,1,1
2017-12-02,10000016,31406,730700.56,679967.97,800000.01,7,3
2017-12-02,10000016,31407,125000,125000,125000,3,3
2017-12-02,10000016,31408,7119999.4,2800000,9999999,5,2
2017-12-02,10000016,31409,750000,750000,750000,2,2
2017-12-02,10000016,31526,1250000,1250000,1250000,2,2
2017-12-02,10000016,31528,5500000,5500000,5500000,1,1
2017-12-02,10000016,31538,1199889,1199889,1199889,2,1
2017-12-02,10000016,31540,6000000,6000000,6000000,1,1
2017-12-02,10000016,31548,49999998.84,49999998.84,49999998.84,4,1
2017-12-02,10000016,31564,4000000,4000000,4000000,2,2
2017-12-02,10000016,31586,622764.17,614650.25,625468.81,4,4
2017-12-02,10000016,31587,125000,125000,125000,3,3
2017-12-02,10000016,31588,2500000,2500000,2500000,1,1
2017-12-02,10000016,31589,750000,750000,750000,2,2
2017-12-02,10000016,31592,7500000,7500000,7500000,1,1
2017-12-02,10000016,31598,178000,178000,178000,3,2
2017-12-02,10000016,31599,125000,125000,125000,2,2
2017-12-02,10000016,31601,750000,750000,750000,1,1
2017-12-02,10000016,31608,999000,999000,999000,1,1
2017-12-02,10000016,31609,125000,125000,125000,4,4
2017-12-02,10000016,31611,750000,750000,750000,2,2
2017-12-02,10000016,31620,593585.47,524958.4,627899,3,3
2017-12-02,10000016,31621,125000,125000,125000,4,4
2017-12-02,10000016,31623,750000,750000,750000,2,2
2017-12-02,10000016,31626,6500000,6500000,6500000,1,1
2017-12-02,10000016,31632,118000,118000,118000,1,1
2017-12-02,10000016,31633,125000,125000,125000,2,2
2017-12-02,10000016,31635,750000,750000,750000,1,1
2017-12-02,10000016,31644,220000,220000,220000,1,1
2017-12-02,10000016,31645,125000,125000,125000,2,2
2017-12-02,10000016,31647,750000,750000,750000,1,1
2017-12-02,10000016,31652,49999999,49999999,49999999,1,1
2017-12-02,10000016,31668,129979,129979,129979,1,1
2017-12-02,10000016,31670,990000,990000,990000,1,1
2017-12-02,10000016,31716,81189.85,42000,92999,26,18
2017-12-02,10000016,31717,125000,125000,125000,3,3
2017-12-02,10000016,31718,516000.07,349999.99,650000.18,5,4
2017-12-02,10000016,31719,750000,750000,750000,1,1
2017-12-02,10000016,31722,2500469.3,2500469.3,2500469.3,1,1
2017-12-02,10000016,31724,7490000,7490000,7490000,1,1
2017-12-02,10000016,31729,125000,125000,125000,3,3
2017-12-02,10000016,31731,750000,750000,750000,1,1
2017-12-02,10000016,31740,65539.96,60000,101549.7,15,9
2017-12-02,10000016,31741,125000,125000,125000,3,3
2017-12-02,10000016,31742,750000,750000,750000,3,1
2017-12-02,10000016,31743,750000,750000,750000,2,2
2017-12-02,10000016,31748,6999989.99,6999989.99,6999989.99,2,1
2017-12-02,10000016,31752,146058.82,139000,150000,17,10
2017-12-02,10000016,31753,125000,125000,125000,3,3
2017-12-02,10000016,31754,1149996.73,974995,1500000.19,3,3
2017-12-02,10000016,31755,750000,750000,750000,1,1
2017-12-02,10000016,31764,120000,120000,120000,1,1
2017-12-02,10000016,31765,125000,125000,125000,1,1
2017-12-02,10000016,31766,350000,350000,350000,1,1
2017-12-02,10000016,31767,750000,750000,750000,2,2
2017-12-02,10000016,31776,99165.79,99165.79,99165.79,1,1
2017-12-02,10000016,31777,125000,125000,125000,1,1
2017-12-02,10000016,31779,750000,750000,750000,1,1
2017-12-02,10000016,31788,481261.32,380000,499995,19,15
2017-12-02,10000016,31789,125000,125000,125000,3,3
2017-12-02,10000016,31790,2105768.48,2050000,2500000,26,16
2017-12-02,10000016,31791,750000,750000,750000,2,2
2017-12-02,10000016,31793,50000000,50000000,50000000,1,1
2017-12-02,10000016,31794,9999990,9999990,9999990,5,2
2017-12-02,10000016,31800,490807.43,442646.12,519204.81,7,5
2017-12-02,10000016,31801,125000,125000,125000,1,1
2017-12-02,10000016,31802,2700000,2700000,2700000,2,1
2017-12-02,10000016,31803,750000,750000,750000,1,1
2017-12-02,10000016,31810,11248011.42,11248011.42,11248011.42,1,1
2017-12-02,10000016,31817,125000,125000,125000,1,1
2017-12-02,10000016,31818,2000000,2000000,2000000,1,1
2017-12-02,10000016,31819,750000,750000,750000,2,2
2017-12-02,10000016,31872,3333323,3333323,3333323,4,1
2017-12-02,10000016,31880,1895990,1895990,1895990,2,1
2017-12-02,10000016,31884,3762823.62,10000,4513388.34,6,2
2017-12-02,10000016,31886,4807374.69,4678957.83,4999999.97,5,3
2017-12-02,10000016,31888,2800000,2800000,2800000,8,1
2017-12-02,10000016,31894,5760446.5,5760446.5,5760446.5,2,1
2017-12-02,10000016,31922,801001,801001,801001,4,1
2017-12-02,10000016,31930,55000000,55000000,55000000,3,2
2017-12-02,10000016,31936,13999999.75,12000000,19999999,4,3
2017-12-02,10000016,31982,59990,59990,59990,18,1
2017-12-02,10000016,32006,250000,250000,250000,187,5
2017-12-02,10000016,32014,372118.33,82149,400000,57,2
2017-12-02,10000016,32025,260000,260000,260000,2,2
2017-12-02,10000016,32027,2500000,2500000,2500000,1,1
2017-12-02,10000016,32041,500000,500000,500000,1,1
2017-12-02,10000016,32043,3701808.5,3099978.98,3904233.84,7,5
2017-12-02,10000016,32047,42999999.99,42999999.99,42999999.99,2,2
2017-12-02,10000016,32059,2100000,2100000,2100000,1,1
2017-12-02,10000016,32083,3250000,3250000,3250000,1,1
2017-12-02,10000016,32339,100000000,100000000,100000000,1,1
2017-12-02,10000016,32435,15000000,15000000,15000000,3,3
2017-12-02,10000016,32445,54371388,54371388,54371388,1,1
2017-12-02,10000016,32459,10499.5,999,20000,2,2
2017-12-02,10000016,32772,992495.49,989993.82,999999.99,4,3
2017-12-02,10000016,32774,110000,110000,110000,2,2
2017-12-02,10000016,32780,1329999,1329999,1329999,1,1
2017-12-02,10000016,32787,30000,30000,31500,113,24
2017-12-02,10000016,32797,500000,500000,500000,2,2
2017-12-02,10000016,32817,1000000,1000000,1000000,2,1
2017-12-02,10000016,32819,1066446.67,999670,1200000,3,2
2017-12-02,10000016,32820,750000,750000,750000,1,1
2017-12-02,10000016,32858,180000,180000,180000,2,2
2017-12-02,10000016,32862,3500000.01,3500000.01,3500000.01,1,1
2017-12-02,10000016,32871,1800000,1800000,1800000,55,1
2017-12-02,10000016,32874,1736666.67,1105000,3000000.01,3,3
2017-12-02,10000016,32876,1238118.14,1199875,1250000,22,22
2017-12-02,10000016,32877,8795138,8795138,8795138,1,1
2017-12-02,10000016,32880,204019.98,142000,299999,74,71
2017-12-02,10000016,32918,40417.89,40000,42298.42,11,11
2017-12-02,10000016,32982,29986000,29986000,29986000,2,2
2017-12-02,10000016,32993,0.01,0.01,0.01,100,1
2017-12-02,10000016,32999,200000,200000,200000,8,8
2017-12-02,10000016,33000,200000,200000,200000,8,8
2017-12-02,10000016,33001,200000,200000,200000,8,8
2017-12-02,10000016,33002,200000,200000,200000,7,7
2017-12-02,10000016,33005,552500.1,75000,1500000.3,36,5
2017-12-02,10000016,33007,93000,93000,93000,2,1
2017-12-02,10000016,33033,1,1,1,1,1
2017-12-02,10000016,33038,1,1,1,1,1
2017-12-02,10000016,33046,1,1,1,1,1
2017-12-02,10000016,33054,1,1,1,1,1
2017-12-02,10000016,33062,450000,400000,500000,2,2
2017-12-02,10000016,33076,283058.67,279438,290300,3,3
2017-12-02,10000016,33078,1066666.67,1000000,2400000,21,21
2017-12-02,10000016,33091,100000,100000,100000,5,5
2017-12-02,10000016,33092,63313.57,2500,100000,35,35
2017-12-02,10000016,33093,104375,100000,170000,16,16
2017-12-02,10000016,33094,100000,100000,100000,5,5
2017-12-02,10000016,33095,1000000,1000000,1000000,12,3
2017-12-02,10000016,33096,1000000,1000000,1000000,8,8
2017-12-02,10000016,33097,1000000,1000000,1000000,7,7
2017-12-02,10000016,33098,1000000,1000000,1000000,5,5
2017-12-02,10000016,33101,850000,850000,850000,1,1
2017-12-02,10000016,33103,488333.65,115001,674999.98,3,3
2017-12-02,10000016,33138,2547499.99,1799999.99,6000000,40,9
2017-12-02,10000016,33139,6691176.44,3199999.99,8000000,34,11
2017-12-02,10000016,33140,21999999.39,21999998.97,21999999.85,49,23
2017-12-02,10000016,33141,23401586.3,22099996.74,24099999.92,63,26
2017-12-02,10000016,33149,9999990,9999990,9999990,1,1
2017-12-02,10000016,33176,263342.34,219995,320000,9,9
2017-12-02,10000016,33177,600000,600000,600000,1,1
2017-12-02,10000016,33178,194366.4,178999.99,333333,10,9
2017-12-02,10000016,33179,600000,600000,600000,1,1
2017-12-02,10000016,33180,186013.64,17777.77,199995,24,17
2017-12-02,10000016,33181,600000,600000,600000,1,1
2017-12-02,10000016,33195,101.01,101.01,101.01,3,1
2017-12-02,10000016,33270,32000,32000,32000,3,3
2017-12-02,10000016,33272,2778000,2778000,2778000,2,1
2017-12-02,10000016,33332,49999.96,49999.96,49999.96,90,1
2017-12-02,10000016,33399,5000000,5000000,5000000,5,5
2017-12-02,10000016,33407,36000000,36000000,36000000,6,6
2017-12-02,10000016,33446,51372852.89,12745511.3,89999999,10,4
2017-12-02,10000016,33448,48497.75,48497.75,48497.76,7,3
2017-12-02,10000016,33449,749970,749970,749970,1,1
2017-12-02,10000016,33466,3075.33,3075.33,3075.33,1,1
2017-12-02,10000016,33467,3000000,3000000,3000000,2,2
2017-12-02,10000016,33468,56708988.69,40126966.08,65000000,3,3
2017-12-02,10000016,33470,230000000,230000000,230000000,1,1
2017-12-02,10000016,33474,2093333.06,1900000,2400000,15,13
2017-12-02,10000016,33475,10035614.7,7800000,10709999,33,25
2017-12-02,10000016,33483,10000000,10000000,10000000,2,1
2017-12-02,10000016,33519,30000000,30000000,30000000,1,1
2017-12-02,10000016,33539,1200000.01,1200000.01,1200000.01,9,1
2017-12-02,10000016,33571,0.01,0.01,0.01,347,1
2017-12-02,10000016,33572,0.01,0.01,0.01,300,1
2017-12-02,10000016,33573,0.01,0.01,0.01,300,1
2017-12-02,10000016,33577,283274.6,283274.6,283274.6,108,1
2017-12-02,10000016,33598,100000,100000,100000,9,1
2017-12-02,10000016,33602,10000,10000,10000,8,1
2017-12-02,10000016,33612,1000000,1000000,1000000,9,1
2017-12-02,10000016,33681,80348000.68,65015002.01,88014500.02,3,2
2017-12-02,10000016,33699,100000,100000,100000,9,9
2017-12-02,10000016,33700,31999999.5,18000000,59999999.01,6,4
2017-12-02,10000016,33816,64000000,64000000,64000000,1,1
2017-12-02,10000016,33824,2000000,2000000,2000000,1,1
2017-12-02,10000016,33856,4000000,4000000,4000000,1,1
2017-12-02,10000016,33890,1215296.82,780000,1650593.64,2,2
2017-12-02,10000016,33894,3999989.98,3999989.98,3999989.98,2,1
2017-12-02,10000016,33915,498995,498990,499000,2,2
2017-12-02,10000016,34162,99990,99990,99990,5,1
2017-12-02,10000016,34201,272073.09,268000,278001,22,10
2017-12-02,10000016,34203,552032.7,525125.01,700050,13,11
2017-12-02,10000016,34204,825228.57,804400.01,950200,14,13
2017-12-02,10000016,34205,164402.19,150099.99,293222,10,9
2017-12-02,10000016,34206,176493.93,176402.99,176500,32,15
2017-12-02,10000016,34207,2500005,2500005,2500005,1,1
2017-12-02,10000016,34269,750000,750000,750000,1,1
2017-12-02,10000016,34307,1250000,1250000,1250000,1,1
2017-12-02,10000016,34327,35000000,35000000,35000000,1,1
2017-12-02,10000016,34363,533333.33,450000,700000,3,2
2017-12-02,10000016,34496,1199940,1199940,1199940,82,3
2017-12-02,10000016,34533,1000000,1000000,1000000,1,1
2017-12-02,10000016,34735,3592739.53,3592739.53,3592739.53,1,1
2017-12-02,10000016,34746,600000.01,600000.01,600000.01,1,1
2017-12-02,10000016,35074,1800000,1800000,1800000,2,1
2017-12-02,10000016,35656,46678,24480,149999.73,19,17
2017-12-02,10000016,35657,60002.27,5.04,119999.5,4,3
2017-12-02,10000016,35658,28238.91,777.77,59500,23,21
2017-12-02,10000016,35659,76781.67,7787.78,107388.89,18,12
2017-12-02,10000016,35660,75576.88,3778.78,179999,13,10
2017-12-02,10000016,35661,245388.9,201000.01,999999.99,18,8
2017-12-02,10000016,35662,190666.67,150000,455000,15,9
2017-12-02,10000016,35680,1000000,1000000,1000000,1,1
2017-12-02,10000016,35685,1000000,1000000,1000000,1,1
2017-12-02,10000016,35770,41871.45,40000,52100.13,7,7
2017-12-02,10000016,35771,1511597.6,1450000,1877989,5,4
2017-12-02,10000016,35772,144000,144000,144000,2,2
2017-12-02,10000016,35774,553862.53,2000.01,692437.54,5,5
2017-12-02,10000016,35788,85578.07,76348.84,110000,7,7
2017-12-02,10000016,35790,2341666.66,1999999.99,2350000,6,3
2017-12-02,10000016,35791,99000,99000,99000,2,2
2017-12-02,10000016,35794,49246.43,41096,49999,21,6
2017-12-02,10000016,35795,30985.91,30000,30999.99,71,3
2017-12-02,10000016,36912,7299988,7299988,7299988,2,1
2017-12-02,10000016,37045,60000000,60000000,60000000,1,1
2017-12-02,10000016,37451,1549990,1549990,1549990,1,1
2017-12-02,10000016,37457,29450000,29450000,29450000,1,1
2017-12-02,10000016,37479,933632.91,933632.91,933632.91,3,1
2017-12-02,10000016,37544,100.91,100.91,100.91,1,1
2017-12-02,10000016,37545,5000,5000,5000,2,2
2017-12-02,10000016,37604,1150000000,1150000000,1150000000,1,1
2017-12-02,10000016,37605,999999999,999999999,999999999,1,1
2017-12-02,10000016,37608,1201000.03,1201000.03,1201000.04,12,12
2017-12-02,10000016,37610,1095111.12,1000000,1201000.01,9,7
2017-12-02,10000016,37611,1310454.55,1230000.01,1525000,11,6
2017-12-02,10000016,37615,20000000,20000000,20000000,5,5
2017-12-02,10000016,37796,5000000,5000000,5000000,1,1
2017-12-02,10000016,37797,5000000,5000000,5000000,1,1
2017-12-02,10000016,37798,5000000,5000000,5000000,1,1
2017-12-02,10000016,37799,5000000,5000000,5000000,1,1
2017-12-02,10000016,37810,7000000,7000000,7000000,1,1
2017-12-02,10000016,37817,520000,520000,520000,1,1
2017-12-02,10000016,37847,14000,14000,14000,2000,1
2017-12-02,10000016,40328,4000000,4000000,4000000,13,3
2017-12-02,10000016,40338,294240,290240,298240,2,2
2017-12-02,10000016,40519,347365639.77,332056116.99,399999998.71,18,6
2017-12-02,10000016,40520,806950607.45,799799998.83,829800000,51,34
2017-12-02,10000016,40572,100000000,100000000,100000000,3,3
2017-12-02,10000016,40573,100000000,100000000,100000000,3,3
2017-12-02,10000016,41031,8002.5,5,40000,6,5
2017-12-02,10000016,41032,938.82,5,1000,17,9
2017-12-02,10000016,41033,858.9,5.01,2300,9,4
2017-12-02,10000016,41034,46908.75,15988.99,89990,12,8
2017-12-02,10000016,41054,404667.34,300000,457001.01,9,4
2017-12-02,10000016,41055,394200.61,300000,457001.01,5,3
2017-12-02,10000016,41056,300000,300000,300000,5,3
2017-12-02,10000016,41057,523246.49,523246.49,523246.49,1,1
2017-12-02,10000016,41155,48333.33,20000,104999.99,6,4
2017-12-02,10000016,41227,9740000,9740000,9740000,1,1
2017-12-02,10000016,41489,12500,12500,12500,12,1
2017-12-02,10000016,41490,835000,835000,835000,273,2
2017-12-02,10000016,41537,250000000,250000000,250000000,1,1
2017-12-02,10000016,41579,100000,100000,100000,1,1
2017-12-02,10000016,41599,9200000,9200000,9200000,1,1
2017-12-02,10000016,42168,50000,50000,50000,1,1
2017-12-02,10000016,42226,250000,250000,250000,4,1
2017-12-02,10000016,42244,71406000.04,61000000,81812000.07,2,2
2017-12-02,10000016,42528,1170000,1110000,1250000,7,4
2017-12-02,10000016,42529,1439994,1399990,1500000,5,4
2017-12-02,10000016,42695,900,795,1000,3500,5
2017-12-02,10000016,42696,830,830,830,1400,2
2017-12-02,10000016,42701,1000000,1000000,1000000,2,1
2017-12-02,10000016,42702,2500000,2500000,2500000,1,1
2017-12-02,10000016,42733,2500000,2500000,2500000,1,1
2017-12-02,10000016,42786,23000000,23000000,23000000,1,1
2017-12-02,10000016,42829,750,750,750,2004,3
2017-12-02,10000016,42830,900,770,900,3446,7
2017-12-02,10000016,42831,730,730,730,1004,2
2017-12-02,10000016,42832,998.98,998.98,998.98,1115,1
2017-12-02,10000016,42839,1000,1000,1000,284,1
2017-12-02,10000016,42906,307495,15000,599989.99,2,2
2017-12-02,10000016,43530,101000.05,101000.05,101000.05,1,1
2017-12-02,10000016,43551,7000000,7000000,7000000,3,1
2017-12-02,10000016,43556,6000000,6000000,6000000,1,1
2017-12-02,10000016,43694,74999999.99,74999999.99,74999999.99,5,1
2017-12-02,10000016,43699,98359.9,60000,155900,10,3
2017-12-02,10000016,43702,80000,80000,80000,12,12
2017-12-02,10000016,43703,18000000,18000000,18000000,7,6
2017-12-02,10000016,43728,200000000,200000000,200000000,1,1
2017-12-02,10000016,43902,125000,125000,125000,2,2
2017-12-02,10000016,43904,750000,750000,750000,1,1
2017-12-02,10000016,43906,1250000,1250000,1250000,1,1
2017-12-02,10000016,43911,30000000,30000000,30000000,1,1
2017-12-02,10000016,44067,250000000,250000000,250000000,6,6
2017-12-02,10000016,44103,5000000,5000000,5000000,1,1
2017-12-02,10000016,44154,2000000,2000000,2000000,1,1
2017-12-02,10000016,44992,3326380.39,3206357,3326415.85,25662,87
2017-12-02,10000016,45009,210000000,210000000,210000000,1,1
2017-12-02,10000016,45591,5799192.57,5799192.57,5799192.57,1,1
2017-12-02,10000016,45601,5856430.13,5856430.13,5856430.13,1,1
2017-12-02,10000016,45614,5284777.03,5284777.03,5284777.03,1,1
2017-12-02,10000016,45625,5000000.02,5000000.02,5000000.02,1,1
2017-12-02,10000016,45626,5218979.23,5218979.23,5218979.23,1,1
2017-12-02,10000016,45635,172751515.15,170100000,176800000,33,25
2017-12-02,10000016,45743,190000,190000,190000,1,1
2017-12-02,10000016,45746,1000000,1000000,1000000,20,17
2017-12-02,10000016,45748,5000000,5000000,5000000,11,9
2017-12-02,10000016,45749,25000000,25000000,25000000,9,7
2017-12-02,10000016,45750,15000000,15000000,15000000,7,5
2017-12-02,10000016,45755,50005.56,11.11,100000,2,2
2017-12-02,10000016,45757,100005.56,11.11,200000,2,2
2017-12-02,10000016,45775,40000.11,40000.11,40000.11,1,1
2017-12-02,10000016,45813,400000,400000,400000,1,1
2017-12-02,10000016,45815,1000000,1000000,1000000,1,1
2017-12-02,10000016,45816,200000,200000,200000,1,1
2017-12-02,10000016,45853,500000,500000,500000,1,1
2017-12-02,10000016,45854,500000,500000,500000,1,1
2017-12-02,10000016,45856,3200000,3200000,3200000,1,1
2017-12-02,10000016,45871,11.11,11.11,11.11,2,2
2017-12-02,10000016,45875,11.11,11.11,11.11,1,1
2017-12-02,10000016,45923,200000,200000,200000,1,1
2017-12-02,10000016,45931,11.12,11.12,11.12,1,1
2017-12-02,10000016,45932,11.11,11.11,11.11,1,1
2017-12-02,10000016,45996,141406.92,136666,163115.1,91,89
2017-12-02,10000016,46008,2000066.67,100,6000000,3,3
2017-12-02,10000016,46050,300000.05,300000.05,300000.05,3,3
2017-12-02,10000016,46152,10000000,10000000,10000000,3,3
2017-12-02,10000016,46153,15000000,15000000,15000000,2,2
2017-12-02,10000016,46154,20000000,20000000,20000000,2,2
2017-12-02,10000016,46155,25000000,25000000,25000000,1,1
2017-12-02,10000016,46156,30000000,30000000,30000000,2,2
2017-12-02,10000016,46162,15000000,15000000,15000000,1,1
2017-12-02,10000016,46164,15000000,15000000,15000000,1,1
2017-12-02,10000016,46165,15000000,15000000,15000000,1,1
2017-12-02,10000016,46166,10000000,10000000,10000000,5,3
2017-12-02,10000016,46167,10000000,10000000,10000000,6,4
2017-12-02,10000016,46168,10000000,10000000,10000000,4,4
2017-12-02,10000016,46169,10000000,10000000,10000000,4,2
2017-12-02,10000016,46170,10000000,10000000,10000000,4,2
2017-12-02,10000016,46171,10000000,10000000,10000000,1,1
2017-12-02,10000016,46172,10000000,10000000,10000000,1,1
2017-12-02,10000016,46173,10000000,10000000,10000000,4,2
2017-12-02,10000016,46174,10000000,10000000,10000000,4,2
2017-12-02,10000016,46175,10000000,10000000,10000000,4,2
2017-12-02,10000016,46176,10000000,10000000,10000000,4,2
2017-12-02,10000016,46177,10000000,10000000,10000000,4,2
2017-12-02,10000016,46178,10000000,10000000,10000000,4,2
2017-12-02,10000016,46179,10000000,10000000,10000000,4,2
2017-12-02,10000016,46180,10000000,10000000,10000000,4,2
2017-12-02,10000016,46181,10000000,10000000,10000000,4,2
2017-12-02,10000016,46182,10000000,10000000,10000000,4,2
2017-12-02,10000016,46183,10000000,10000000,10000000,2,2
2017-12-02,10000016,46184,10000000,10000000,10000000,4,2
2017-12-02,10000016,46185,10000000,10000000,10000000,1,1
2017-12-02,10000016,46186,10000000,10000000,10000000,4,2
2017-12-02,10000016,46187,10000000,10000000,10000000,4,2
2017-12-02,10000016,46188,10000000,10000000,10000000,4,2
2017-12-02,10000016,46189,10000000,10000000,10000000,1,1
2017-12-02,10000016,46190,10000000,10000000,10000000,1,1
2017-12-02,10000016,46191,10000000,10000000,10000000,4,2
2017-12-02,10000016,46192,10000000,10000000,10000000,4,2
2017-12-02,10000016,46193,10000000,10000000,10000000,4,2
2017-12-02,10000016,46194,10000000,10000000,10000000,4,2
2017-12-02,10000016,46195,10000000,10000000,10000000,4,2
2017-12-02,10000016,46196,10000000,10000000,10000000,4,2
2017-12-02,10000016,46197,10000000,10000000,10000000,1,1
2017-12-02,10000016,46198,10000000,10000000,10000000,1,1
2017-12-02,10000016,46199,10000000,10000000,10000000,4,2
2017-12-02,10000016,46200,10000000,10000000,10000000,4,2
2017-12-02,10000016,46201,10000000,10000000,10000000,4,2
2017-12-02,10000016,46202,10000000,10000000,10000000,1,1
2017-12-02,10000016,46203,10000000,10000000,10000000,7,3
2017-12-02,10000016,46204,20000000,20000000,20000000,12,3
2017-12-02,10000016,46205,20000000,20000000,20000000,5,3
2017-12-02,10000016,46206,20000000,20000000,20000000,1,1
2017-12-02,10000016,46207,20000000,20000000,20000000,4,2
2017-12-02,10000016,46208,20000000,20000000,20000000,1,1
2017-12-02,10000016,46209,20000000,20000000,20000000,5,3
2017-12-02,10000016,46210,20000000,20000000,20000000,5,3
2017-12-02,10000016,46211,20000000,20000000,20000000,5,3
2017-12-02,10000016,46212,20000000,20000000,20000000,5,3
2017-12-02,10000016,46213,20000000,20000000,20000000,5,3
2017-12-02,10000016,46214,20000000,20000000,20000000,5,3
2017-12-02,10000016,46215,20000000,20000000,20000000,1,1
2017-12-02,10000016,46216,20000000,20000000,20000000,4,2
2017-12-02,10000016,46217,20000000,20000000,20000000,4,2
2017-12-02,10000016,46218,20000000,20000000,20000000,4,2
2017-12-02,10000016,46350,10000000,10000000,10000000,1,1
2017-12-02,10000016,46707,4000000,4000000,4000000,2,1
2017-12-02,10000018,34,3,3,3,17249408,5
2017-12-02,10000018,35,3.33,3.33,3.33,837023,2
2017-12-02,10000018,183,15,15,15,210,1
2017-12-02,10000018,380,532000,532000,532000,1,1
2017-12-02,10000018,400,500000,500000,500000,1,1
2017-12-02,10000018,448,2400000,2400000,2400000,1,1
2017-12-02,10000018,482,1285197,1285197,1285197,2,1
2017-12-02,10000018,483,66000,66000,66000,2,1
2017-12-02,10000018,486,25000,25000,25000,4,1
2017-12-02,10000018,527,1399999.98,1399999.98,1399999.98,2,1
2017-12-02,10000018,578,125000,125000,125000,5,2
2017-12-02,10000018,584,500000,500000,500000,20,1
2017-12-02,10000018,587,1000000,1000000,1000000,1,1
2017-12-02,10000018,589,1000000,1000000,1000000,2,1
2017-12-02,10000018,593,850000,850000,850000,1,1
2017-12-02,10000018,602,400000,400000,400000,3,3
2017-12-02,10000018,603,400000,400000,400000,1,1
2017-12-02,10000018,621,11000000,11000000,11000000,1,1
2017-12-02,10000018,622,12000000,12000000,12000000,1,1
2017-12-02,10000018,630,10000000,10000000,10000000,1,1
2017-12-02,10000018,632,10000000,10000000,10000000,1,1
2017-12-02,10000018,649,2000000,2000000,2000000,1,1
2017-12-02,10000018,654,2500000,2500000,2500000,1,1
2017-12-02,10000018,656,2621386.25,1400000,3842772.5,2,2
2017-12-02,10000018,657,1872000,1872000,1872000,1,1
2017-12-02,10000018,1182,24490.2,24151,24999,5,3
2017-12-02,10000018,1236,1250000,1250000,1250000,1,1
2017-12-02,10000018,1306,379600,379600,379600,3,2
2017-12-02,10000018,1317,199999,199999,199999,10,1
2017-12-02,10000018,1319,850000,850000,850000,2,1
2017-12-02,10000018,1333,59999.99,59999.99,59999.99,2,1
2017-12-02,10000018,1403,98768.12,98768.12,98768.12,2,1
2017-12-02,10000018,1405,1999999.99,1999999.99,1999999.99,4,1
2017-12-02,10000018,1541,1343999.99,1343999.99,1343999.99,1,1
2017-12-02,10000018,1808,100000,100000,100000,1,1
2017-12-02,10000018,1877,1526199.99,1526199.99,1526199.99,1,1
2017-12-02,10000018,1948,94606.36,94606.36,94606.36,1,1
2017-12-02,10000018,1955,77574.16,77574.16,77574.16,2,1
2017-12-02,10000018,1957,73699.94,73699.94,73699.94,1,1
2017-12-02,10000018,1958,31899.54,31899.54,31899.54,1,1
2017-12-02,10000018,2032,875000,875000,875000,4,3
2017-12-02,10000018,2046,12098.9,12098.9,12098.9,1,1
2017-12-02,10000018,2048,730000,730000,730000,3,2
2017-12-02,10000018,2109,2000000,2000000,2000000,1,1
2017-12-02,10000018,2175,1212587,1212587,1212587,5,1
2017-12-02,10000018,2185,1199998.5,1199998,1199999.99,20,2
2017-12-02,10000018,2203,11190.48,5000,199999.99,63,4
2017-12-02,10000018,2205,476945.76,449997,499993.99,61,8
2017-12-02,10000018,2254,500000,500000,500000,5,1
2017-12-02,10000018,2281,3737500,3700000,3750000,4,2
2017-12-02,10000018,2297,2100000,2100000,2100000,1,1
2017-12-02,10000018,2301,2200000,2200000,2200000,2,1
2017-12-02,10000018,2404,1500000,1500000,1500000,1,1
2017-12-02,10000018,2410,1525000,1525000,1525000,5,1
2017-12-02,10000018,2444,45000,45000,45000,10,1
2017-12-02,10000018,2454,25000,25000,25000,12,3
2017-12-02,10000018,2456,999999.99,999999.99,999999.99,10,1
2017-12-02,10000018,2486,10873.48,10873.48,10873.48,2,1
2017-12-02,10000018,2488,405000,400000,450000,10,3
2017-12-02,10000018,2605,324999.98,324999.98,324999.98,13,3
2017-12-02,10000018,2629,399.95,399.95,399.95,22000,2
2017-12-02,10000018,3244,1720000,1720000,1720000,1,1
2017-12-02,10000018,3341,250000,250000,250000,2,1
2017-12-02,10000018,3530,1749999.99,1749999.99,1749999.99,1,1
2017-12-02,10000018,3829,29999.96,29999.96,29999.96,2,1
2017-12-02,10000018,3831,974999.49,949999.99,999998.99,2,2
2017-12-02,10000018,3841,1400000,1400000,1400000,1,1
2017-12-02,10000018,3989,3100000,3100000,3100000,8,1
2017-12-02,10000018,4027,100000,100000,100000,5,1
2017-12-02,10000018,4254,1500000,1500000,1500000,1,1
2017-12-02,10000018,4312,24000,24000,24000,73394,3
2017-12-02,10000018,4391,150000,150000,150000,1,1
2017-12-02,10000018,4405,1650000,1650000,1650000,8,4
2017-12-02,10000018,4477,30000,30000,30000,6,1
2017-12-02,10000018,4871,40798,40798,40798,2,2
2017-12-02,10000018,5137,15000,15000,15000,1,1
2017-12-02,10000018,5443,111875,111875,111875,2,1
2017-12-02,10000018,5955,200000,200000,200000,3,3
2017-12-02,10000018,5971,37748,37748,37748,3,2
2017-12-02,10000018,5973,700000,700000,700000,1,1
2017-12-02,10000018,8517,3500000,3500000,3500000,1,1
2017-12-02,10000018,9632,203998,203998,203998,2,2
2017-12-02,10000018,10680,900000,900000,900000,6,1
2017-12-02,10000018,10850,900000,900000,900000,2,1
2017-12-02,10000018,10998,50000,50000,50000,6,3
2017-12-02,10000018,11132,20000,20000,20000,6,2
2017-12-02,10000018,11178,45000000,45000000,45000000,1,1
2017-12-02,10000018,11267,300000,300000,300000,1,1
2017-12-02,10000018,11279,1999999.98,1999999.98,1999999.98,1,1
2017-12-02,10000018,11299,999999.97,999999.97,999999.97,1,1
2017-12-02,10000018,11309,170600,170600,170600,2,1
2017-12-02,10000018,11325,650000,650000,650000,2,1
2017-12-02,10000018,11370,1970375,1970375,1970375,1,1
2017-12-02,10000018,11577,5099999.99,5099999.99,5099999.99,1,1
2017-12-02,10000018,11578,6989999.99,6989999.99,6989999.99,1,1
2017-12-02,10000018,12056,300000,300000,300000,1,1
2017-12-02,10000018,12066,219998.89,219998.89,219998.89,1,1
2017-12-02,10000018,12076,8198750,8198750,8198750,1,1
2017-12-02,10000018,12743,250000000,250000000,250000000,1,1
2017-12-02,10000018,13261,41200000.01,41200000.01,41200000.01,1,1
2017-12-02,10000018,16273,50,50,50,24900,17
2017-12-02,10000018,16274,985,985,985,110000,5
2017-12-02,10000018,16499,390000,390000,390000,2,1
2017-12-02,10000018,17476,26900017.98,26900017.98,26900017.98,1,1
2017-12-02,10000018,17482,1750000,1750000,1750000,2,1
2017-12-02,10000018,17670,2100,2100,2100,2000,1
2017-12-02,10000018,17674,2200,2200,2200,2000,1
2017-12-02,10000018,17676,2000,2000,2000,2000,1
2017-12-02,10000018,17843,85000000,85000000,85000000,2,2
2017-12-02,10000018,17887,950,950,950,146731,7
2017-12-02,10000018,17889,1681.78,1681.78,1681.78,20000,1
2017-12-02,10000018,17938,200000,200000,200000,4,3
2017-12-02,10000018,18639,81856.99,74999.99,88713.99,2,2
2017-12-02,10000018,19744,1000000,1000000,1000000,3,1
2017-12-02,10000018,19806,1389700,1389700,1389700,1,1
2017-12-02,10000018,20351,1665200,1665200,1665200,1,1
2017-12-02,10000018,21096,1928076.37,1750000,3149611.49,16,5
2017-12-02,10000018,21638,1349999,1349999,1349999,1,1
2017-12-02,10000018,21640,1028571.43,1000000,1200000,7,2
2017-12-02,10000018,21815,6500000,6500000,6500000,8,3
2017-12-02,10000018,21924,575,575,575,1000,1
2017-12-02,10000018,22175,225000,225000,225000,1,1
2017-12-02,10000018,22542,42999.96,42999.96,42999.96,4,1
2017-12-02,10000018,22546,280000000,280000000,280000000,1,1
2017-12-02,10000018,22548,300000000,300000000,300000000,1,1
2017-12-02,10000018,23055,3514102.56,2999999.99,4000000,78,8
2017-12-02,10000018,23527,300000,300000,300000,1,1
2017-12-02,10000018,24305,4800000,4800000,4800000,6,1
2017-12-02,10000018,24395,300000,300000,300000,1,1
2017-12-02,10000018,24417,1924999.99,1924999.99,1924999.99,2,1
2017-12-02,10000018,24427,1750000,1750000,1750000,2,1
2017-12-02,10000018,24443,1500000,1500000,1500000,2,1
2017-12-02,10000018,24509,250,250,250,1400,2
2017-12-02,10000018,24511,399.95,399.95,399.95,24000,1
2017-12-02,10000018,24513,600,600,600,2800,3
2017-12-02,10000018,25861,249001,249001,249001,5,2
2017-12-02,10000018,26302,140000000,140000000,140000000,3,1
2017-12-02,10000018,27387,1375,1375,1375,2000,2
2017-12-02,10000018,28213,1550000,1550000,1550000,28,2
2017-12-02,10000018,28361,7000,7000,7000,200,1
2017-12-02,10000018,28576,875000,875000,875000,1,1
2017-12-02,10000018,28668,28499.99,28499.99,28499.99,981,2
2017-12-02,10000018,28999,10000,10000,10000,1,1
2017-12-02,10000018,29001,11046.88,10094,11999.76,2,2
2017-12-02,10000018,30013,63571.43,35000,75000,56,5
2017-12-02,10000018,30028,97000,97000,97000,24,2
2017-12-02,10000018,31053,34538900,34538900,34538900,1,1
2017-12-02,10000018,31105,299000,299000,299000,2,1
2017-12-02,10000018,31155,1999000,1999000,1999000,2,1
2017-12-02,10000018,31159,500000,500000,500000,6,2
2017-12-02,10000018,31177,1100000,1100000,1100000,2,1
2017-12-02,10000018,31183,4750000,4750000,4750000,2,2
2017-12-02,10000018,31213,200000,200000,200000,3,1
2017-12-02,10000018,31360,3595077,3595077,3595077,4,3
2017-12-02,10000018,31372,1342666,1300000,1427998,3,3
2017-12-02,10000018,31716,100000,100000,100000,1,1
2017-12-02,10000018,31718,500000,500000,500000,3,3
2017-12-02,10000018,31790,2949696.68,2949696.68,2949696.69,9,5
2017-12-02,10000018,31870,5199996.98,5199996.98,5199996.98,16,4
2017-12-02,10000018,31928,43200000,43200000,43200000,1,1
2017-12-02,10000018,31932,65000000,65000000,65000000,1,1
2017-12-02,10000018,32014,254999.97,254999.97,254999.97,2,1
2017-12-02,10000018,32872,1300000,1300000,1300000,1,1
2017-12-02,10000018,32874,1000000,1000000,1000000,3,2
2017-12-02,10000018,33003,200000,200000,200000,2,1
2017-12-02,10000018,33474,1964400,1964400,1964400,6,2
2017-12-02,10000018,33475,10801190.48,7130952.39,12000000,10,4
2017-12-02,10000018,33706,20000,20000,20000,5,1
2017-12-02,10000018,33824,1900000,1900000,1900000,1,1
2017-12-02,10000018,33894,3634400.46,3634400.46,3634400.46,2,1
2017-12-02,10000018,34268,1268299.65,1268299.65,1268299.65,1,1
2017-12-02,10000018,34496,1800000,1800000,1800000,1,1
2017-12-02,10000018,35660,100000,100000,100000,1,1
2017-12-02,10000018,35662,790940,790940,790940,5,1
2017-12-02,10000018,40554,10500000,10500000,10500000,40,3
2017-12-02,10000018,40560,34000000,34000000,34000000,22,1
2017-12-02,10000018,41489,8000,8000,8000,20,1
2017-12-02,10000018,42829,2,2,2,1000,1
2017-12-02,10000018,42830,707.55,2,1413.1,2000,2
2017-12-02,10000018,42831,1040,1040,1040,1000,1
2017-12-02,10000020,18,30,30,30,352,4
2017-12-02,10000020,20,152.51,152,178,1241270,74
2017-12-02,10000020,21,386,386,386,692,1
2017-12-02,10000020,22,3500.28,3500.28,3500.28,19,1
2017-12-02,10000020,34,3.35,3.35,3.35,147848008,215
2017-12-02,10000020,35,5.02,4.83,5.55,9945137,132
2017-12-02,10000020,36,59.12,59.12,60.01,1989465,118
2017-12-02,10000020,37,42.08,42.08,42.08,1056504,91
2017-12-02,10000020,38,301.96,301.96,301.96,153847,74
2017-12-02,10000020,39,1468,1468,1468,147256,61
2017-12-02,10000020,40,1100.96,933,1102.5,23260,41
2017-12-02,10000020,41,26.58,26.57,26.61,363043,12
2017-12-02,10000020,42,1708.57,1708.57,1708.57,259,4
2017-12-02,10000020,43,344.5,344.5,357.05,1949496,184
2017-12-02,10000020,45,1.21,1.21,1.21,60,6
2017-12-02,10000020,179,1.93,1.93,1.93,100,1
2017-12-02,10000020,181,0.2,0.2,0.2,200,2
2017-12-02,10000020,182,1.94,1.94,1.94,100,1
2017-12-02,10000020,183,1.93,1.93,1.93,300,3
2017-12-02,10000020,184,1.93,1.93,1.93,200,2
2017-12-02,10000020,185,15.19,15.19,15.19,11100,4
2017-12-02,10000020,186,1.12,1.12,1.12,100,1
2017-12-02,10000020,187,3.14,3.14,3.14,100,1
2017-12-02,10000020,191,63,63,63,5000,1
2017-12-02,10000020,197,5.14,5.14,5.14,100,1
2017-12-02,10000020,198,14.93,14.93,14.93,100,1
2017-12-02,10000020,199,75,75,75,900,1
2017-12-02,10000020,200,55.05,55.05,55.05,100,1
2017-12-02,10000020,201,226.55,226.55,226.55,3000,1
2017-12-02,10000020,202,25.03,25.03,25.03,100,1
2017-12-02,10000020,206,49.9,49.9,49.9,15200,4
2017-12-02,10000020,207,40,40,40,118501,5
2017-12-02,10000020,208,40,40,40,315300,6
2017-12-02,10000020,209,55,55,55,30100,5
2017-12-02,10000020,210,9.52,9.52,9.52,10540,3
2017-12-02,10000020,211,9.45,9.45,9.45,139600,9
2017-12-02,10000020,212,18.25,18.25,18.25,17201,7
2017-12-02,10000020,213,12.01,12.01,12.01,6800,6
2017-12-02,10000020,215,10.41,10.41,10.41,14200,5
2017-12-02,10000020,216,0.5,0.5,0.5,417,4
2017-12-02,10000020,217,1.06,1.06,1.06,25689,9
2017-12-02,10000020,219,5.7,5.7,5.7,10100,2
2017-12-02,10000020,220,0.82,0.82,0.82,400,4
2017-12-02,10000020,221,6.5,6.5,6.5,1864,1
2017-12-02,10000020,222,19,19,19,15400,7
2017-12-02,10000020,223,3.03,3.03,3.03,100,1
2017-12-02,10000020,225,55,55,55,11233,2
2017-12-02,10000020,226,10.01,10.01,10.01,100,1
2017-12-02,10000020,227,8.03,8.03,8.03,97,1
2017-12-02,10000020,228,6.04,6.04,6.04,100,1
2017-12-02,10000020,229,36,36,36,1200,1
2017-12-02,10000020,230,80,80,80,22190,6
2017-12-02,10000020,239,5606.66,2150,6999,29,9
2017-12-02,10000020,240,4402.04,1640,5999,35,20
2017-12-02,10000020,241,1790,1789.99,1790,613,28
2017-12-02,10000020,242,4492.7,2536.11,6200,67,27
2017-12-02,10000020,243,1540.91,1250,5999,30,12
2017-12-02,10000020,244,4813.2,2500,9100.54,31,12
2017-12-02,10000020,245,5690.54,50.04,6300,26,10
2017-12-02,10000020,246,5124.75,102,6291,81,26
2017-12-02,10000020,248,10000,10000,10000,5,1
2017-12-02,10000020,249,9595.14,500,11111,7,3
2017-12-02,10000020,250,8374.88,8000,10999,8,3
2017-12-02,10000020,251,11214.29,8000,12000,14,3
2017-12-02,10000020,252,8470,7000,11100,10,3
2017-12-02,10000020,253,20507.19,19000,25555,21,6
2017-12-02,10000020,254,26200,16800,39500,20,5
2017-12-02,10000020,255,27500.03,15000.05,40000,2,2
2017-12-02,10000020,259,3101.42,3101.42,3101.42,1,1
2017-12-02,10000020,262,141000,141000,141000,4,1
2017-12-02,10000020,263,125,125,125,512,11
2017-12-02,10000020,264,992.5,992.5,992.5,1,1
2017-12-02,10000020,266,1.93,1.93,1.93,200,2
2017-12-02,10000020,377,17571.43,12500,34500,14,10
2017-12-02,10000020,380,456458.85,152000.01,507201.99,7,7
2017-12-02,10000020,393,19666.67,19000,20000,3,3
2017-12-02,10000020,399,36396.72,13024,47777.77,6,6
2017-12-02,10000020,400,600000,600000,600000,2,2
2017-12-02,10000020,434,59750.31,30888.89,77362,14,14
2017-12-02,10000020,439,15969.81,10000,16399.99,51,43
2017-12-02,10000020,440,11280000,10000000,12560000,2,2
2017-12-02,10000020,442,12966.67,12900,13000,3,3
2017-12-02,10000020,443,53.25,53.25,53.25,1,1
2017-12-02,10000020,444,5580.3,77.08,6399,7,7
2017-12-02,10000020,447,85000,84999.99,90000,142,4
2017-12-02,10000020,448,2500000,2500000,2500000,1,1
2017-12-02,10000020,450,17535.36,17000,18499,14,10
2017-12-02,10000020,451,56962.46,50000,63899.9,8,8
2017-12-02,10000020,452,31000,31000,34000,109,51
2017-12-02,10000020,453,64833.33,1000,90000,12,5
2017-12-02,10000020,454,60000,60000,60000,10,4
2017-12-02,10000020,456,136669.4,110008.2,150000,6,4
2017-12-02,10000020,457,195000,195000,195000,1,1
2017-12-02,10000020,459,350000,350000,350000,2,2
2017-12-02,10000020,464,1700000,1700000,1700000,4,1
2017-12-02,10000020,482,1202478.12,1198688.36,1249999.99,17,11
2017-12-02,10000020,483,7075.54,5806,9560,24,22
2017-12-02,10000020,499,35000,35000,35000,4,1
2017-12-02,10000020,520,113999.99,113999.99,113999.99,1,1
2017-12-02,10000020,523,29423.56,9913.89,37777.69,20,20
2017-12-02,10000020,524,25851.67,27.5,77500,3,3
2017-12-02,10000020,526,67259.42,51500,117777.77,6,6
2017-12-02,10000020,530,35665.78,1000.02,39999,9,3
2017-12-02,10000020,564,39000,39000,39000,8,1
2017-12-02,10000020,565,9000,9000,9000,7,7
2017-12-02,10000020,568,5000,5000,5000,5,1
2017-12-02,10000020,570,20000,20000,20000,3,3
2017-12-02,10000020,578,104961.02,95475,118499.31,7,7
2017-12-02,10000020,581,102.01,102.01,102.01,1,1
2017-12-02,10000020,585,350000,350000,350000,1,1
2017-12-02,10000020,586,407299.71,407299.71,407299.71,1,1
2017-12-02,10000020,588,300,300,300,2,2
2017-12-02,10000020,589,195511.4,150000,349939.01,57,16
2017-12-02,10000020,591,321907.85,310000,340000,13,12
2017-12-02,10000020,592,175000,175000,175000,1,1
2017-12-02,10000020,593,358864.94,326594.81,375000,3,2
2017-12-02,10000020,596,374.23,265,550,13,13
2017-12-02,10000020,597,293456.56,246701,309500,18,14
2017-12-02,10000020,598,1,1,1,1,1
2017-12-02,10000020,601,500125.5,251,1000000,2,2
2017-12-02,10000020,602,312000,299000,325000,2,2
2017-12-02,10000020,603,151000.01,151000.01,151000.01,1,1
2017-12-02,10000020,605,398026.75,367040.13,460000,3,3
2017-12-02,10000020,606,300,300,300,4,4
2017-12-02,10000020,607,724400,624500,748000,5,5
2017-12-02,10000020,621,9589000,9589000,9589000,1,1
2017-12-02,10000020,623,7316806.67,1200000,10375210,3,3
2017-12-02,10000020,625,8229493.69,7458987.37,9000000,2,2
2017-12-02,10000020,628,9147142.86,8900000,10000000,7,6
2017-12-02,10000020,643,136550000.73,123100000.46,150000001,2,2
2017-12-02,10000020,649,1296772.65,1296772.65,1296772.65,1,1
2017-12-02,10000020,652,1581052.2,1475000,1687104.39,2,2
2017-12-02,10000020,654,842600,211000,1000500,5,5
2017-12-02,10000020,655,1100000,1100000,1100000,1,1
2017-12-02,10000020,656,1240000,1240000,1240000,1,1
2017-12-02,10000020,657,1694578.69,1484189.09,1799773.49,3,3
2017-12-02,10000020,672,17813.2,12500,20000,15,15
2017-12-02,10000020,785,92720,92720,92720,1,1
2017-12-02,10000020,786,60000,60000,60000,1,1
2017-12-02,10000020,811,150000,150000,150000,1,1
2017-12-02,10000020,836,90000,90000,90000,1,1
2017-12-02,10000020,837,120000,120000,120000,1,1
2017-12-02,10000020,838,150000,150000,150000,1,1
2017-12-02,10000020,842,1200000,1200000,1200000,1,1
2017-12-02,10000020,848,15000000,15000000,15000000,1,1
2017-12-02,10000020,937,2575000,2575000,2575000,1,1
2017-12-02,10000020,973,81750000,81750000,81750000,1,1
2017-12-02,10000020,1010,49920,49920,49920,2,2
2017-12-02,10000020,1032,91160,91160,91160,1,1
2017-12-02,10000020,1072,64500,64500,64500,1,1
2017-12-02,10000020,1099,200000,200000,200000,3,3
2017-12-02,10000020,1129,750000,750000,750000,2,2
2017-12-02,10000020,1137,100000,100000,100000,2,2
2017-12-02,10000020,1147,300000,300000,300000,1,1
2017-12-02,10000020,1150,600000,600000,600000,1,1
2017-12-02,10000020,1153,1000000,1000000,1000000,1,1
2017-12-02,10000020,1158,15000,15000,15000,1,1
2017-12-02,10000020,1159,25000,25000,25000,1,1
2017-12-02,10000020,1161,40000,40000,40000,1,1
2017-12-02,10000020,1166,150000,150000,150000,1,1
2017-12-02,10000020,1167,250000,250000,250000,1,1
2017-12-02,10000020,1169,400000,400000,400000,1,1
2017-12-02,10000020,1171,2000000,2000000,2000000,1,1
2017-12-02,10000020,1174,1500000,1500000,1500000,1,1
2017-12-02,10000020,1175,2500000,2500000,2500000,1,1
2017-12-02,10000020,1177,4000000,4000000,4000000,2,2
2017-12-02,10000020,1178,100000,100000,100000,1,1
2017-12-02,10000020,1182,134000,134000,134000,2,2
2017-12-02,10000020,1183,707391.17,665488.96,874999.99,5,5
2017-12-02,10000020,1185,75000,75000,75000,1,1
2017-12-02,10000020,1195,81450.67,55000,114514,9,5
2017-12-02,10000020,1196,237500,237500,237500,1,1
2017-12-02,10000020,1201,1001.06,1001.06,1001.06,2,1
2017-12-02,10000020,1218,1498600,1498600,1498600,1,1
2017-12-02,10000020,1220,45000,45000,45000,1,1
2017-12-02,10000020,1223,3600.01,3600.01,3600.01,121,2
2017-12-02,10000020,1224,40,40,40,2570928,45
2017-12-02,10000020,1226,380.09,380.09,380.09,83105,15
2017-12-02,10000020,1227,48.63,48.61,48.63,119123,12
2017-12-02,10000020,1228,15.08,15.08,15.08,1870821,67
2017-12-02,10000020,1229,101,101,101,2583,2
2017-12-02,10000020,1230,15.15,15.15,15.15,18860267,140
2017-12-02,10000020,1231,251,251,251,2306,1
2017-12-02,10000020,1236,817000.02,817000.02,817000.02,1,1
2017-12-02,10000020,1244,13107.3,3007.77,74000,7,5
2017-12-02,10000020,1246,29000,29000,29000,2,2
2017-12-02,10000020,1274,22000,22000,22000,1,1
2017-12-02,10000020,1294,44500,44500,44500,1,1
2017-12-02,10000020,1304,34999.29,32999,40000,7,6
2017-12-02,10000020,1305,74680,74680,74680,1,1
2017-12-02,10000020,1306,450000,450000,450000,3,1
2017-12-02,10000020,1317,12406.78,9990,55000,40,13
2017-12-02,10000020,1319,765025.3,699999.99,797999.2,39,12
2017-12-02,10000020,1335,458999.87,421000,724998.99,8,3
2017-12-02,10000020,1353,14460,10500,20400,5,5
2017-12-02,10000020,1403,24080.44,203,27449,18,9
2017-12-02,10000020,1404,54380,54380,54380,1,1
2017-12-02,10000020,1405,856053.79,650000.01,950000,19,8
2017-12-02,10000020,1539,24926.66,16400,27077.77,5,5
2017-12-02,10000020,1541,33001.21,33001.21,33001.21,1,1
2017-12-02,10000020,1808,47499,47499,47499,11,2
2017-12-02,10000020,1814,1.03,1.03,1.03,100,1
2017-12-02,10000020,1816,5,5,5,4000,1
2017-12-02,10000020,1818,10.03,10.03,10.03,100,1
2017-12-02,10000020,1877,1800000,1800000,1800000,4,1
2017-12-02,10000020,1944,1055777.67,301002,1299999,9,9
2017-12-02,10000020,1952,1350000,1350000,1350000,3,2
2017-12-02,10000020,1973,250.03,250.03,250.03,1,1
2017-12-02,10000020,1977,19408.8,16750,23000,72,23
2017-12-02,10000020,1978,2319431.81,1850000,2788863.62,2,2
2017-12-02,10000020,1986,35000,35000,35000,1,1
2017-12-02,10000020,1998,107725.92,107700,107777.77,3,3
2017-12-02,10000020,2006,10498333.33,10000000,11495000,6,5
2017-12-02,10000020,2018,80500,51000,110000,2,2
2017-12-02,10000020,2020,440000,440000,440000,2,2
2017-12-02,10000020,2032,712480.71,700998.85,920000,9,7
2017-12-02,10000020,2038,1450000,1450000,1450000,9,2
2017-12-02,10000020,2046,15328.87,9999,30000,30,21
2017-12-02,10000020,2048,653797.51,645277.5,799999,26,18
2017-12-02,10000020,2078,10000000,10000000,10000000,2,1
2017-12-02,10000020,2103,50000,50000,50000,1,1
2017-12-02,10000020,2117,3500000,3500000,3500000,1,1
2017-12-02,10000020,2161,231018,231018,231018,1,1
2017-12-02,10000020,2173,29525.42,19000,38000,59,11
2017-12-02,10000020,2174,1700000,1700000,1700000,1,1
2017-12-02,10000020,2175,1004545.45,800000,1250000,11,2
2017-12-02,10000020,2183,30286.89,28000,40503.71,63,10
2017-12-02,10000020,2185,405312.44,33000.09,1099999.99,48,6
2017-12-02,10000020,2193,100200.21,1001.03,125000,5,2
2017-12-02,10000020,2195,3333333,3333333,3333333,10,1
2017-12-02,10000020,2203,2450,2100,2500,148,46
2017-12-02,10000020,2204,200000,200000,200000,1,1
2017-12-02,10000020,2205,647500,640000,650000,20,3
2017-12-02,10000020,2254,27750,10000,81000,4,2
2017-12-02,10000020,2281,3533331.05,3250000,3699997,18,11
2017-12-02,10000020,2289,1001.17,1001.17,1001.17,1,1
2017-12-02,10000020,2292,750000,750000,750000,1,1
2017-12-02,10000020,2294,750000,750000,750000,2,2
2017-12-02,10000020,2295,85000,85000,85000,1,1
2017-12-02,10000020,2296,750000,750000,750000,1,1
2017-12-02,10000020,2299,2400000,2400000,2400000,1,1
2017-12-02,10000020,2301,2150000,2150000,2150000,1,1
2017-12-02,10000020,2310,1.04,1.04,1.04,17134747,1
2017-12-02,10000020,2312,12300,12300,12300,2116,1
2017-12-02,10000020,2319,7902.68,7902.68,7902.68,2800,1
2017-12-02,10000020,2329,7600.16,7600.16,7600.16,1582,1
2017-12-02,10000020,2333,1899782.29,1899782.19,1899783,8,8
2017-12-02,10000020,2346,95000,95000,95000,135,1
2017-12-02,10000020,2363,49947.1,49500,50000,7,6
2017-12-02,10000020,2364,2700000,2700000,2700000,2,2
2017-12-02,10000020,2389,490,490,490,33536,5
2017-12-02,10000020,2390,550,550,550,5250,3
2017-12-02,10000020,2393,360,360,360,20360,2
2017-12-02,10000020,2398,430,430,430,182053,3
2017-12-02,10000020,2399,610,610,610,37857,2
2017-12-02,10000020,2401,895,895,895,53800,2
2017-12-02,10000020,2403,7500000,7500000,7500000,4,4
2017-12-02,10000020,2404,1200000,1200000,1200000,1,1
2017-12-02,10000020,2406,1000000,1000000,1000000,6,6
2017-12-02,10000020,2420,5950000,5950000,5950000,3,1
2017-12-02,10000020,2444,21166.81,1000.23,50000,84,11
2017-12-02,10000020,2446,1457135.35,660000,1700000,56,8
2017-12-02,10000020,2454,2525,2400,2650,288,44
2017-12-02,10000020,2455,250000,250000,250000,1,1
2017-12-02,10000020,2456,340000,340000,340000,119,16
2017-12-02,10000020,2464,2468.58,1501.23,3980,60,13
2017-12-02,10000020,2465,300000,300000,300000,1,1
2017-12-02,10000020,2476,1001.03,1001.03,1001.03,41,7
2017-12-02,10000020,2486,5499,500.07,5500,110,18
2017-12-02,10000020,2487,400000,400000,400000,1,1
2017-12-02,10000020,2488,403099.87,55000,900000,90,6
2017-12-02,10000020,2495,500000,500000,500000,5,5
2017-12-02,10000020,2505,500000,500000,500000,104,5
2017-12-02,10000020,2510,22.4,22.4,22.4,100,1
2017-12-02,10000020,2512,1.93,1.93,1.93,100,1
2017-12-02,10000020,2513,35000,35000,35000,1,1
2017-12-02,10000020,2514,0.15,0.15,0.15,5300,4
2017-12-02,10000020,2515,40000,40000,40000,1,1
2017-12-02,10000020,2516,1.09,0.25,1.93,200,2
2017-12-02,10000020,2517,50000,50000,50000,1,1
2017-12-02,10000020,2524,64294.22,10000,81000.17,17,6
2017-12-02,10000020,2525,10000,10000,10000,3,1
2017-12-02,10000020,2533,27750,10000,81000,4,2
2017-12-02,10000020,2534,38400,10000,81000,5,3
2017-12-02,10000020,2537,49999.96,49999.96,49999.96,1,1
2017-12-02,10000020,2539,1125850,1098775,1180000,3,3
2017-12-02,10000020,2549,27750,10000,81000,4,2
2017-12-02,10000020,2550,10000,10000,10000,3,1
2017-12-02,10000020,2551,27750,10000,81000,4,2
2017-12-02,10000020,2553,1670000,1550000,1750000,5,4
2017-12-02,10000020,2603,43007.5,39000,50000,6,4
2017-12-02,10000020,2605,1062358.6,918005.09,1222222,6,4
2017-12-02,10000020,2613,192,192,192,3000,1
2017-12-02,10000020,2629,682,682,682,1500,2
2017-12-02,10000020,2739,50000000,50000000,50000000,1,1
2017-12-02,10000020,2863,15000000,15000000,15000000,2,2
2017-12-02,10000020,2998,65624333.34,65624333.34,65624333.34,1,1
2017-12-02,10000020,3009,2000000,2000000,2000000,9,1
2017-12-02,10000020,3033,1312000,1300000,1320000,5,2
2017-12-02,10000020,3041,608750,600000,642000,24,2
2017-12-02,10000020,3074,1040000,1040000,1040000,3,1
2017-12-02,10000020,3082,2868748.24,2868748.24,2868748.24,1,1
2017-12-02,10000020,3184,1600000,1600000,1600000,6,5
2017-12-02,10000020,3242,74988.98,74988.98,74988.98,1,1
2017-12-02,10000020,3256,12500000,12500000,12500000,1,1
2017-12-02,10000020,3301,20013.1,20000,20039.29,3,3
2017-12-02,10000020,3302,20000,20000,20000,1,1
2017-12-02,10000020,3303,20004.41,20000,20013.23,6,5
2017-12-02,10000020,3304,100000,100000,100000,5,5
2017-12-02,10000020,3306,100000,100000,100000,17,17
2017-12-02,10000020,3307,2000000,2000000,2000000,1,1
2017-12-02,10000020,3308,2000000,2000000,2000000,2,2
2017-12-02,10000020,3309,2000000,2000000,2000000,1,1
2017-12-02,10000020,3310,40000,40000,40000,3,3
2017-12-02,10000020,3312,60000,60000,60000,1,1
2017-12-02,10000020,3315,1000000,1000000,1000000,3,3
2017-12-02,10000020,3316,70000,70000,70000,3,3
2017-12-02,10000020,3317,100000,100000,100000,2,2
2017-12-02,10000020,3318,80000,80000,80000,5,5
2017-12-02,10000020,3320,10000,10000,10000,4,4
2017-12-02,10000020,3321,20000,20000,20000,4,3
2017-12-02,10000020,3322,25000,25000,25000,4,4
2017-12-02,10000020,3323,30000,30000,30000,9,9
2017-12-02,10000020,3324,100000,100000,100000,1,1
2017-12-02,10000020,3325,400000,400000,400000,4,4
2017-12-02,10000020,3326,350000,350000,350000,3,3
2017-12-02,10000020,3327,20000,20000,20000,1,1
2017-12-02,10000020,3328,40000,40000,40000,5,4
2017-12-02,10000020,3329,40000,40000,40000,1,1
2017-12-02,10000020,3330,40000,40000,40000,12,2
2017-12-02,10000020,3331,34487.5,400.03,40000,16,14
2017-12-02,10000020,3332,500000,500000,500000,4,4
2017-12-02,10000020,3334,500000,500000,500000,10,1
2017-12-02,10000020,3335,500000,500000,500000,116,17
2017-12-02,10000020,3336,4000000,4000000,4000000,2,2
2017-12-02,10000020,3338,4000000,4000000,4000000,1,1
2017-12-02,10000020,3339,4000000,4000000,4000000,1,1
2017-12-02,10000020,3340,300000,300000,300000,2,2
2017-12-02,10000020,3341,300000,300000,300000,1,1
2017-12-02,10000020,3342,300000,300000,300000,3,1
2017-12-02,10000020,3343,300000,300000,300000,7,5
2017-12-02,10000020,3348,20000,20000,20000,14,14
2017-12-02,10000020,3349,75000,75000,75000,1,1
2017-12-02,10000020,3350,100000,100000,100000,3,3
2017-12-02,10000020,3351,396000,380000,400000,5,5
2017-12-02,10000020,3352,400000,400000,400000,2,2
2017-12-02,10000020,3355,20000,20000,20000,8,8
2017-12-02,10000020,3356,60000,60000,60000,8,8
2017-12-02,10000020,3357,180000,180000,180000,5,5
2017-12-02,10000020,3358,100000,100000,100000,1,1
2017-12-02,10000020,3359,200000,200000,200000,8,8
2017-12-02,10000020,3361,200000,200000,200000,4,4
2017-12-02,10000020,3363,20000,20000,20000,7,7
2017-12-02,10000020,3380,20000,20000,20000,1,1
2017-12-02,10000020,3385,50219.51,50000,55000,41,12
2017-12-02,10000020,3386,20000,20000,20000,2,2
2017-12-02,10000020,3387,148333.33,140000,150000,6,6
2017-12-02,10000020,3388,172500.01,56250.03,250000,5,5
2017-12-02,10000020,3389,280000,280000,280000,14,5
2017-12-02,10000020,3393,27853.29,10000,30000,9,9
2017-12-02,10000020,3394,60000,60000,60000,2,2
2017-12-02,10000020,3397,1000000,1000000,1000000,1,1
2017-12-02,10000020,3398,25000000,25000000,25000000,2,2
2017-12-02,10000020,3400,100000000,100000000,100000000,1,1
2017-12-02,10000020,3403,300000,300000,300000,3,3
2017-12-02,10000020,3405,25000,25000,25000,10,10
2017-12-02,10000020,3406,300000,300000,300000,2,2
2017-12-02,10000020,3408,15000000,15000000,15000000,2,2
2017-12-02,10000020,3409,350000,350000,350000,5,5
2017-12-02,10000020,3410,450000,450000,450000,16,12
2017-12-02,10000020,3411,75000,75000,75000,1,1
2017-12-02,10000020,3412,450000,450000,450000,1,1
2017-12-02,10000020,3416,35001.74,35000,35019.13,22,22
2017-12-02,10000020,3417,40000,40000,40000,2,2
2017-12-02,10000020,3418,170000,170000,170000,1,1
2017-12-02,10000020,3419,170000,170000,170000,1,1
2017-12-02,10000020,3420,210000,210000,210000,3,3
2017-12-02,10000020,3421,130000,130000,130000,11,9
2017-12-02,10000020,3422,80000,80000,80000,1,1
2017-12-02,10000020,3423,75000,75000,75000,22,21
2017-12-02,10000020,3424,79000,79000,79000,4,4
2017-12-02,10000020,3425,84000,84000,84000,2,2
2017-12-02,10000020,3427,122500,120000,125000,2,2
2017-12-02,10000020,3428,88000,88000,88000,26,3
2017-12-02,10000020,3429,100000,100000,100000,1,1
2017-12-02,10000020,3430,500000,500000,500000,6,4
2017-12-02,10000020,3431,75000,75000,75000,25,1
2017-12-02,10000020,3432,100000,100000,100000,3,3
2017-12-02,10000020,3433,100000,100000,100000,1,1
2017-12-02,10000020,3434,80000,80000,80000,10,10
2017-12-02,10000020,3436,20000,20000,20000,2,2
2017-12-02,10000020,3438,40000,40000,40000.02,53,23
2017-12-02,10000020,3439,200000,200000,200000,6,6
2017-12-02,10000020,3440,220000,220000,220000,2,2
2017-12-02,10000020,3441,380000,380000,380000,4,4
2017-12-02,10000020,3442,500000,500000,500000,10,10
2017-12-02,10000020,3443,20000,20000,20000,2,2
2017-12-02,10000020,3444,100000,100000,100000,6,4
2017-12-02,10000020,3446,100000,100000,100000,13,11
2017-12-02,10000020,3447,7500000,7500000,7500000,3,3
2017-12-02,10000020,3450,22500,22500,22500,1,1
2017-12-02,10000020,3451,30000,30000,30000,4,4
2017-12-02,10000020,3452,40000,40000,40000,13,13
2017-12-02,10000020,3453,25000,25000,25000,2,2
2017-12-02,10000020,3454,340000,340000,340000,2,2
2017-12-02,10000020,3455,30000,30000,30000,3,3
2017-12-02,10000020,3456,10000000,10000000,10000000,2,2
2017-12-02,10000020,3467,94999.98,94999.98,94999.98,2,1
2017-12-02,10000020,3488,1450000,1450000,1450000,1,1
2017-12-02,10000020,3528,64000,64000,64000,1,1
2017-12-02,10000020,3529,400000,400000,400000,1,1
2017-12-02,10000020,3530,2028601.94,2028601.94,2028601.94,1,1
2017-12-02,10000020,3532,18249998.98,18249998.98,18249998.98,1,1
2017-12-02,10000020,3539,800000,800000,800000,1,1
2017-12-02,10000020,3540,1958446.61,1958446.61,1958446.61,1,1
2017-12-02,10000020,3551,36000,36000,36000,1,1
2017-12-02,10000020,3581,15100000.36,15000000.54,15300000,3,3
2017-12-02,10000020,3645,202.23,202.23,202.23,190,13
2017-12-02,10000020,3647,232.28,231.17,283.13,315030,21
2017-12-02,10000020,3651,5750,3500,8000,2,2
2017-12-02,10000020,3673,120.62,120.62,120.62,10,1
2017-12-02,10000020,3683,253.01,253.01,253.01,15,1
2017-12-02,10000020,3685,490,490,490,227194,10
2017-12-02,10000020,3687,780,780,830,1400559,76
2017-12-02,10000020,3699,57.78,56.65,57.79,532658,20
2017-12-02,10000020,3703,0.01,0.01,0.01,10,1
2017-12-02,10000020,3705,0.01,0.01,0.01,10,1
2017-12-02,10000020,3707,0.01,0.01,0.01,10,1
2017-12-02,10000020,3713,8138.49,8117.82,8159.16,5000,4
2017-12-02,10000020,3715,90.17,90.17,90.17,449,7
2017-12-02,10000020,3717,17.78,17.78,17.78,40,4
2017-12-02,10000020,3721,834.75,834.75,834.75,28,1
2017-12-02,10000020,3723,2467.52,2467.46,2467.57,2250,6
2017-12-02,10000020,3725,10600.01,10600.01,10600.01,3898,1
2017-12-02,10000020,3731,400000,400000,400000,1,1
2017-12-02,10000020,3732,8000000,8000000,8000000,1,1
2017-12-02,10000020,3777,2861.99,2861.99,2861.99,642,5
2017-12-02,10000020,3810,99999,99999,99999,2,1
2017-12-02,10000020,3812,39.69,12.26,451,32,5
2017-12-02,10000020,3814,11998.78,11998.78,11998.78,220,2
2017-12-02,10000020,3826,1500,1500,1500,1,1
2017-12-02,10000020,3828,10000,10000,10000,20,1
2017-12-02,10000020,3829,58362.68,55000,95264.15,9,6
2017-12-02,10000020,3831,1250544.72,1157000.1,1259362.61,7,6
2017-12-02,10000020,3839,118505.18,100000,127757.77,3,3
2017-12-02,10000020,3840,312420,312420,312420,2,2
2017-12-02,10000020,3841,2931333.33,1897000,5000000,3,2
2017-12-02,10000020,3887,50992.59,19000,66988.89,3,3
2017-12-02,10000020,3888,1888613.62,1888600,1888777,13,3
2017-12-02,10000020,3894,51000000,51000000,51000000,1,1
2017-12-02,10000020,3895,50999999,50999999,50999999,1,1
2017-12-02,10000020,4025,172144.62,10003.14,499999.99,7,7
2017-12-02,10000020,4027,94888.82,21000,250000,9,9
2017-12-02,10000020,4247,22783.98,22783.98,24999.98,145171,3
2017-12-02,10000020,4250,2821313.93,2800000,2837408.87,11,4
2017-12-02,10000020,4258,2898999.99,2898999.99,2898999.99,1,1
2017-12-02,10000020,4349,411574499.37,411574499.37,411574499.37,2,2
2017-12-02,10000020,4383,2500000,2500000,2500000,1,1
2017-12-02,10000020,4385,4500000,4500000,4500000,3,3
2017-12-02,10000020,4393,85752.69,57000,142550.2,19,9
2017-12-02,10000020,4394,499200,499200,499200,1,1
2017-12-02,10000020,4395,1722044.44,1500000,2199100,9,5
2017-12-02,10000020,4396,750000,750000,750000,1,1
2017-12-02,10000020,4405,2289902.07,2250000,2296549.13,7,6
2017-12-02,10000020,4409,60000,60000,60000,1,1
2017-12-02,10000020,4411,600000,600000,600000,1,1
2017-12-02,10000020,4435,92333.33,39250,115000.01,6,5
2017-12-02,10000020,4471,29000,29000,29000,1,1
2017-12-02,10000020,4529,24400.01,14000.01,40000,5,4
2017-12-02,10000020,4531,43759.19,15018.38,72500,4,4
2017-12-02,10000020,4533,409000,408000,410000,2,2
2017-12-02,10000020,4571,274500,274500,274500,2,2
2017-12-02,10000020,4573,153758.13,5010.84,599999.99,4,3
2017-12-02,10000020,4609,2500,2500,2500,1,1
2017-12-02,10000020,4613,5001.03,5001.03,5001.03,1,1
2017-12-02,10000020,4615,2501,2501,2501,1,1
2017-12-02,10000020,4787,31918.07,28000,57000,18,13
2017-12-02,10000020,4831,880.96,880.96,880.96,1,1
2017-12-02,10000020,4833,150.97,150.97,150.97,1,1
2017-12-02,10000020,4871,41005.39,5010.79,76999.99,2,2
2017-12-02,10000020,5007,46000,46000,46000,3,2
2017-12-02,10000020,5009,840,840,840,2,2
2017-12-02,10000020,5011,200600.02,1200.03,400000,2,2
2017-12-02,10000020,5047,2504.94,2504.93,2504.94,2,2
2017-12-02,10000020,5049,7502.97,7502.95,7502.98,2,2
2017-12-02,10000020,5053,2502.42,2501.92,2502.92,2,2
2017-12-02,10000020,5089,710,710,710,6,5
2017-12-02,10000020,5091,251,251,251,1,1
2017-12-02,10000020,5093,1015.38,950,1500,13,3
2017-12-02,10000020,5137,338.15,338.14,338.15,3,2
2017-12-02,10000020,5141,48000,48000,48000,1,1
2017-12-02,10000020,5175,37752.12,1239.85,56008.26,3,3
2017-12-02,10000020,5179,650000,650000,650000,2,1
2017-12-02,10000020,5181,69259.26,50000,107777.77,3,2
2017-12-02,10000020,5215,74227.71,150,86573.99,7,3
2017-12-02,10000020,5217,1006,1006,1006,1,1
2017-12-02,10000020,5219,999997.77,999997.77,999997.77,2,1
2017-12-02,10000020,5221,133300,133300,133300,2,2
2017-12-02,10000020,5239,17355.59,17200,18000,27,17
2017-12-02,10000020,5245,46050.92,21000,66500,12,8
2017-12-02,10000020,5319,1011,1011,1011,1,1
2017-12-02,10000020,5320,203.95,203.95,203.95,1,1
2017-12-02,10000020,5321,1010.29,1010.29,1010.29,1,1
2017-12-02,10000020,5399,4917.67,251,14251,3,3
2017-12-02,10000020,5403,5501.98,5501.98,5501.98,1,1
2017-12-02,10000020,5405,1011,1011,1011,1,1
2017-12-02,10000020,5439,15403.16,4351.05,40000,10,10
2017-12-02,10000020,5443,5003.44,5003.44,5003.44,3,2
2017-12-02,10000020,5445,17075.71,1000,33151.42,2,2
2017-12-02,10000020,5493,254693.59,254080.8,254999.99,3,2
2017-12-02,10000020,5533,219243.88,114514,690000.79,11,3
2017-12-02,10000020,5599,28500.53,1.05,57000,2,2
2017-12-02,10000020,5631,35988.89,35000,36977.77,4,4
2017-12-02,10000020,5697,10008.03,10008.03,10008.03,1,1
2017-12-02,10000020,5743,1001.4,1001.4,1001.4,1,1
2017-12-02,10000020,5745,15336.61,1001,50000,4,4
2017-12-02,10000020,5747,16600.67,401,49000,3,3
2017-12-02,10000020,5755,10000.08,10000.08,10000.08,2,2
2017-12-02,10000020,5759,10000.1,10000.1,10000.1,1,1
2017-12-02,10000020,5839,1005005,1000009,1010001,2,2
2017-12-02,10000020,5849,182332.82,181000,194996.89,6,4
2017-12-02,10000020,5869,75000,75000,75000,1,1
2017-12-02,10000020,5933,190000,190000,190000,4,1
2017-12-02,10000020,5945,153333.33,5000,450000,3,2
2017-12-02,10000020,5971,14186.46,5001.04,41742.71,8,8
2017-12-02,10000020,5973,274714.26,228000,308000,35,15
2017-12-02,10000020,5975,5936.76,207.56,19207.33,10,4
2017-12-02,10000020,6001,19750.56,501.12,39000,4,4
2017-12-02,10000020,6003,9033.33,50,27000,3,3
2017-12-02,10000020,6005,7075,100,28000,4,4
2017-12-02,10000020,6073,69999.99,69999.99,69999.99,5,1
2017-12-02,10000020,6131,7505,2257.5,18000,3,3
2017-12-02,10000020,6159,45000,20000,70000,2,2
2017-12-02,10000020,6160,3088,1120,4400,5,4
2017-12-02,10000020,6173,150014.29,100.02,175000,7,3
2017-12-02,10000020,6176,20050.01,100.02,39999.99,2,2
2017-12-02,10000020,6296,21504.94,1010,67777.77,4,4
2017-12-02,10000020,6325,217525.01,100.05,290000,4,2
2017-12-02,10000020,6437,76388.89,75000,77777.77,4,4
2017-12-02,10000020,6439,100.02,100.02,100.02,1,1
2017-12-02,10000020,6441,110100,110100,110100,1,1
2017-12-02,10000020,6443,42000,42000,42000,1,1
2017-12-02,10000020,6485,1251.28,1251.28,1251.28,1,1
2017-12-02,10000020,6569,12230.15,500.19,33997.7,13,12
2017-12-02,10000020,6631,109578.62,1151,115000,21,7
2017-12-02,10000020,6633,97598.29,97577.78,98999.99,26,8
2017-12-02,10000020,6635,2777777.77,2777777.77,2777777.77,1,1
2017-12-02,10000020,6637,854300,854300,854300,2,2
2017-12-02,10000020,6671,108750,45000,130000,4,2
2017-12-02,10000020,6673,41500,41500,41500,5,1
2017-12-02,10000020,6675,67007.15,67007.15,67007.15,2,2
2017-12-02,10000020,6677,218000,124999.99,249000,4,2
2017-12-02,10000020,6715,214546,214546,214546,1,1
2017-12-02,10000020,6717,81281.43,5600,93895,7,3
2017-12-02,10000020,6757,302222,302222,302222,2,1
2017-12-02,10000020,6811,1700000,1700000,1700000,2,1
2017-12-02,10000020,6861,333300,333300,333300,2,1
2017-12-02,10000020,6863,4199984.67,3999984,4299985,3,2
2017-12-02,10000020,6865,1670083.72,20502.35,1999999.99,6,2
2017-12-02,10000020,6919,300000,300000,300000,1,1
2017-12-02,10000020,6921,2000.59,2000.59,2000.59,2,2
2017-12-02,10000020,6925,522050,522050,522050,1,1
2017-12-02,10000020,6965,415000,415000,415000,4,1
2017-12-02,10000020,7049,50000.01,50000.01,50000.01,1,1
2017-12-02,10000020,7125,20000.95,20000.95,20000.95,1,1
2017-12-02,10000020,7251,30,30,30,1,1
2017-12-02,10000020,7287,1222222,1222222,1222222,1,1
2017-12-02,10000020,7327,1520000.16,1520000.16,1520000.16,6,1
2017-12-02,10000020,7329,170000,170000,170000,4,1
2017-12-02,10000020,7411,5000,5000,5000,1,1
2017-12-02,10000020,7451,820000,820000,820000,8,1
2017-12-02,10000020,7487,2777.77,2777.77,2777.77,1,1
2017-12-02,10000020,7537,840,840,840,1,1
2017-12-02,10000020,7539,1100,1100,1100,1,1
2017-12-02,10000020,7583,3.5,3.5,3.5,1,1
2017-12-02,10000020,7585,7.03,7.03,7.03,1,1
2017-12-02,10000020,7623,2000,2000,2000,1,1
2017-12-02,10000020,7747,10000,10000,10000,2,1
2017-12-02,10000020,7749,10001.1,10001.1,10001.1,2,2
2017-12-02,10000020,7785,10001.06,10001.06,10001.06,1,1
2017-12-02,10000020,7787,10000,10000,10000,1,1
2017-12-02,10000020,7789,10000,10000,10000,3,2
2017-12-02,10000020,7827,10000,10000,10000,1,1
2017-12-02,10000020,7829,10001.12,10001.12,10001.12,1,1
2017-12-02,10000020,7997,980000.52,980000.52,980000.52,5,1
2017-12-02,10000020,8007,90000,90000,90000,1,1
2017-12-02,10000020,8027,2557142.81,1700000,2899999.93,7,2
2017-12-02,10000020,8089,1762815.89,1750000,1777767.77,13,2
2017-12-02,10000020,8091,777777.77,777777.77,777777.77,4,1
2017-12-02,10000020,8117,354798.45,354798.45,354798.45,1,1
2017-12-02,10000020,8133,70,70,70,1,1
2017-12-02,10000020,8135,57055.9,113.6,75555,4,4
2017-12-02,10000020,8175,29127.51,28000,35000,8,5
2017-12-02,10000020,8177,24001.4,7.03,29999.99,5,2
2017-12-02,10000020,8225,51555.41,30000,55777.77,7,7
2017-12-02,10000020,8263,87172.37,78000,161070.5,10,5
2017-12-02,10000020,8427,274000,274000,274000,1,1
2017-12-02,10000020,8529,11005.31,11005.31,11005.31,1,1
2017-12-02,10000020,8641,250000,250000,250000,1,1
2017-12-02,10000020,8748,68149.78,60000,70249.02,4,3
2017-12-02,10000020,9137,2000,2000,2000,1,1
2017-12-02,10000020,9209,2000.01,2000.01,2000.01,1,1
2017-12-02,10000020,9327,1299999,1299999,1299999,7,3
2017-12-02,10000020,9329,5000,5000,5000,1,1
2017-12-02,10000020,9367,10000.01,10000.01,10000.01,1,1
2017-12-02,10000020,9417,527333.33,527333.33,527333.33,1,1
2017-12-02,10000020,9451,2000,2000,2000,1,1
2017-12-02,10000020,9455,450000,450000,450000,1,1
2017-12-02,10000020,9495,10000.01,10000.01,10000.01,1,1
2017-12-02,10000020,9608,261.02,261.02,261.02,1,1
2017-12-02,10000020,9622,25000,25000,25000,1,1
2017-12-02,10000020,9632,275694.75,77779,320000,8,6
2017-12-02,10000020,9668,67861.69,10007.99,145000,7,4
2017-12-02,10000020,9728,11002.02,11002.02,11002.02,3,3
2017-12-02,10000020,9772,10005.88,10005.88,10005.88,4,2
2017-12-02,10000020,9784,20000,20000,20000,1,1
2017-12-02,10000020,9800,12000.03,12000.03,12000.03,1,1
2017-12-02,10000020,9808,10020.08,10020.08,10020.08,1,1
2017-12-02,10000020,9826,13.01,13.01,13.01,128,14
2017-12-02,10000020,9836,13000,13000,13000,20,1
2017-12-02,10000020,9850,7987.07,7987.07,7987.07,20,2
2017-12-02,10000020,9852,56.69,56.69,56.69,654168,12
2017-12-02,10000020,9899,12437499.97,12249999.96,12999999.99,4,4
2017-12-02,10000020,9941,12874999.99,12499999.99,12999999.99,4,4
2017-12-02,10000020,9942,13874999.99,13499999.99,13999999.99,4,4
2017-12-02,10000020,9943,13599999.93,12000000,13999999.99,5,5
2017-12-02,10000020,9944,45000,45000,45000,3,2
2017-12-02,10000020,9956,12874999.97,12499999.99,12999999.96,4,4
2017-12-02,10000020,9957,30914995.45,30914995.45,30914995.45,1,1
2017-12-02,10000020,10039,2004.49,2000,8000,12,9
2017-12-02,10000020,10040,3360,3360,3360,8,4
2017-12-02,10000020,10190,1320000,1320000,1320000,1,1
2017-12-02,10000020,10208,26799986,26799986,26799986,2,2
2017-12-02,10000020,10212,26294000,26293000,26295000,2,2
2017-12-02,10000020,10216,26249999.5,25799999,26700000,2,2
2017-12-02,10000020,10221,28499999.99,28499999.99,28499999.99,2,2
2017-12-02,10000020,10225,28499999.99,28499999.99,28499999.99,2,2
2017-12-02,10000020,10246,4999,4998,5455.55,117,20
2017-12-02,10000020,10250,1198899.99,1198899.99,1198899.99,20,2
2017-12-02,10000020,10629,10000,9999.99,10000,3,2
2017-12-02,10000020,10678,47000,47000,47000,7,1
2017-12-02,10000020,10690,65,65,65,1,1
2017-12-02,10000020,10836,37999,37999,37999,1,1
2017-12-02,10000020,10837,364640,364640,364640,1,1
2017-12-02,10000020,10839,1458560,1458560,1458560,1,1
2017-12-02,10000020,10850,1111111,1111111,1111111,1,1
2017-12-02,10000020,10870,59000,59000,59000,2,1
2017-12-02,10000020,10872,100000,100000,100000,1,1
2017-12-02,10000020,10874,69000,69000,69000,1,1
2017-12-02,10000020,10886,5000.02,5000.02,5000.02,1,1
2017-12-02,10000020,10998,43255.17,41900,55000,18,7
2017-12-02,10000020,11082,2000000,2000000,2000000,1,1
2017-12-02,10000020,11083,1000000,1000000,1000000,2,2
2017-12-02,10000020,11105,11001,11001,11001,3,3
2017-12-02,10000020,11129,10000,10000,10000,13,8
2017-12-02,10000020,11130,50000,50000,50000,1,1
2017-12-02,10000020,11132,8926.31,8500,10000,20,8
2017-12-02,10000020,11134,18744.84,10000,24999,37,25
2017-12-02,10000020,11135,50000,50000,50000,3,3
2017-12-02,10000020,11176,35000000,35000000,35000000,1,1
2017-12-02,10000020,11186,48000000,48000000,48000000,1,1
2017-12-02,10000020,11202,36900000,36900000,36900000,1,1
2017-12-02,10000020,11207,500000,500000,500000,8,6
2017-12-02,10000020,11218,750000,750000,750000,1,1
2017-12-02,10000020,11228,750000,750000,750000,1,1
2017-12-02,10000020,11248,750000,750000,750000,1,1
2017-12-02,10000020,11258,750000,750000,750000,1,1
2017-12-02,10000020,11267,196199.8,185000,199000,5,5
2017-12-02,10000020,11268,1000000,1000000,1000000,2,1
2017-12-02,10000020,11269,949887.88,949887.88,949887.89,3,2
2017-12-02,10000020,11277,250000,250000,250000,4,4
2017-12-02,10000020,11278,2500000,2500000,2500000,1,1
2017-12-02,10000020,11279,1300000,1300000,1300000,1,1
2017-12-02,10000020,11287,6499.99,6499.99,6499.99,139,4
2017-12-02,10000020,11288,3750000,3750000,3750000,1,1
2017-12-02,10000020,11293,23999.33,23999,24000,3,3
2017-12-02,10000020,11295,100000,100000,100000,1,1
2017-12-02,10000020,11297,303333.33,300000,305000,3,3
2017-12-02,10000020,11301,175000,175000,175000,3,3
2017-12-02,10000020,11302,2000000,2000000,2000000,1,1
2017-12-02,10000020,11303,266666.67,265000,270000,3,3
2017-12-02,10000020,11304,3500000,3500000,3500000,1,1
2017-12-02,10000020,11305,145000,145000,145000,2,2
2017-12-02,10000020,11306,3000000,3000000,3000000,1,1
2017-12-02,10000020,11309,493001.64,409002.19,745000,4,4
2017-12-02,10000020,11311,101001.41,44002.11,215000,3,2
2017-12-02,10000020,11317,623000,623000,623000,1,1
2017-12-02,10000020,11325,144002.61,144002.61,144002.61,1,1
2017-12-02,10000020,11327,294000.03,294000.03,294000.03,2,1
2017-12-02,10000020,11341,19500,19500,19500,3,2
2017-12-02,10000020,11343,2003.86,2003.7,2003.94,3,3
2017-12-02,10000020,11349,2000,2000,2000,1,1
2017-12-02,10000020,11351,1000.03,1000.03,1000.03,3,1
2017-12-02,10000020,11355,50,50,50,1,1
2017-12-02,10000020,11370,2289324.63,1917973.9,2475000,3,3
2017-12-02,10000020,11395,500000,500000,500000,5,5
2017-12-02,10000020,11399,13996.44,13996.44,13996.44,1003,2
2017-12-02,10000020,11433,10000000,10000000,10000000,2,2
2017-12-02,10000020,11441,10000000,10000000,10000000,1,1
2017-12-02,10000020,11442,10000000,10000000,10000000,4,3
2017-12-02,10000020,11443,10000000,10000000,10000000,2,2
2017-12-02,10000020,11444,9350000,8700000,10000000,4,4
2017-12-02,10000020,11445,9000000,8999999.99,9000000,2,2
2017-12-02,10000020,11446,9914285.71,8900000,10000000,14,5
2017-12-02,10000020,11447,10000000,10000000,10000000,3,3
2017-12-02,10000020,11448,10000000,10000000,10000000,3,3
2017-12-02,10000020,11449,10000000,10000000,10000000,1,1
2017-12-02,10000020,11450,9275000,8599999.99,9950000,2,2
2017-12-02,10000020,11451,9949999.99,9949999.99,9949999.99,1,1
2017-12-02,10000020,11452,10000000,10000000,10000000,3,3
2017-12-02,10000020,11453,9983333.33,9949999.99,10000000,3,3
2017-12-02,10000020,11454,9975000,9950000,10000000,2,2
2017-12-02,10000020,11455,10000000,10000000,10000000,1,1
2017-12-02,10000020,11463,1999.99,1999.99,1999.99,20,1
2017-12-02,10000020,11466,1999.99,1999.99,1999.99,20,1
2017-12-02,10000020,11481,350,350,350,2,2
2017-12-02,10000020,11483,489,489,489,500,1
2017-12-02,10000020,11529,10000000,10000000,10000000,1,1
2017-12-02,10000020,11536,69999.9,69999.9,69999.9,5,1
2017-12-02,10000020,11538,13750,13750,13750,2,1
2017-12-02,10000020,11541,7897.01,7897.01,7897.01,4,1
2017-12-02,10000020,11562,3500000,3500000,3500000,1,1
2017-12-02,10000020,11563,229692.31,219999.99,275000,13,9
2017-12-02,10000020,11566,120000,120000,120000,13,11
2017-12-02,10000020,11569,400000,400000,400000,1,1
2017-12-02,10000020,11572,400000,400000,400000,2,2
2017-12-02,10000020,11574,2000000,2000000,2000000,1,1
2017-12-02,10000020,11578,6599925.82,6599925.8,6599925.82,4,4
2017-12-02,10000020,11579,3500000,3500000,3500000,5,5
2017-12-02,10000020,11584,75000,75000,75000,6,6
2017-12-02,10000020,11585,3328,3328,3328,2,2
2017-12-02,10000020,11613,99940,99940,99940,2,2
2017-12-02,10000020,11640,1799860.93,1799860.93,1799860.93,2,1
2017-12-02,10000020,11642,1590000,1590000,1590000,1,1
2017-12-02,10000020,11644,2800000,2800000,2800000,1,1
2017-12-02,10000020,11646,2750000,2750000,2750000,1,1
2017-12-02,10000020,11648,1799994.35,1799994.35,1799994.35,1,1
2017-12-02,10000020,11689,10000.01,10000.01,10000.01,2,1
2017-12-02,10000020,11732,861.03,861.03,861.03,2,1
2017-12-02,10000020,11741,365.1,365.1,365.1,26,1
2017-12-02,10000020,11880,586240,586240,586240,1,1
2017-12-02,10000020,11890,282640,282640,282640,2,2
2017-12-02,10000020,11891,282640,282640,282640,1,1
2017-12-02,10000020,12032,38900000,38900000,38900000,1,1
2017-12-02,10000020,12038,36200000,36200000,36200000,1,1
2017-12-02,10000020,12056,72793.65,56000,117777.77,7,6
2017-12-02,10000020,12058,4800000,4800000,4800000,1,1
2017-12-02,10000020,12068,5000000,5000000,5000000,2,1
2017-12-02,10000020,12092,1000000,1000000,1000000,1,1
2017-12-02,10000020,12093,4000000,4000000,4000000,3,3
2017-12-02,10000020,12095,4000000,4000000,4000000,3,3
2017-12-02,10000020,12096,28000000,28000000,28000000,3,3
2017-12-02,10000020,12109,3500000,3500000,3500000,1,1
2017-12-02,10000020,12179,40000000,40000000,40000000,1,1
2017-12-02,10000020,12180,375000,375000,375000,13,4
2017-12-02,10000020,12181,350000,350000,350000,13,4
2017-12-02,10000020,12182,325000,325000,325000,13,4
2017-12-02,10000020,12183,275000,275000,275000,13,4
2017-12-02,10000020,12184,250000,250000,250000,4,4
2017-12-02,10000020,12185,225000,225000,225000,2,2
2017-12-02,10000020,12186,200000,200000,200000,1,1
2017-12-02,10000020,12187,175000,175000,175000,21,2
2017-12-02,10000020,12188,150000,150000,150000,22,3
2017-12-02,10000020,12189,400000,400000,400000,2,2
2017-12-02,10000020,12190,125000,125000,125000,21,2
2017-12-02,10000020,12191,75000,75000,75000,32,3
2017-12-02,10000020,12192,100000,100000,100000,24,5
2017-12-02,10000020,12193,50000,50000,50000,33,4
2017-12-02,10000020,12194,300000,300000,300000,4,4
2017-12-02,10000020,12195,25000,25000,25000,33,4
2017-12-02,10000020,12196,300000,300000,300000,1,1
2017-12-02,10000020,12198,1899998,1899998,1899998,1,1
2017-12-02,10000020,12204,2700000,2500000,3000000,5,5
2017-12-02,10000020,12208,5000000,5000000,5000000,1,1
2017-12-02,10000020,12210,1200000,1200000,1200000,1,1
2017-12-02,10000020,12212,20000000,20000000,20000000,1,1
2017-12-02,10000020,12213,1000000,1000000,1000000,4,2
2017-12-02,10000020,12214,2600000.02,2500000.03,3000000,4,4
2017-12-02,10000020,12215,9000000,9000000,9000000,1,1
2017-12-02,10000020,12218,300000,300000,300000,2,1
2017-12-02,10000020,12305,100000,100000,100000,9,9
2017-12-02,10000020,12344,300000,300000,300000,7,1
2017-12-02,10000020,12365,120000,120000,120000,12,10
2017-12-02,10000020,12366,120000,120000,120000,12,10
2017-12-02,10000020,12367,120000,120000,120000,12,10
2017-12-02,10000020,12441,484799.99,484799.99,484799.99,2,2
2017-12-02,10000020,12442,501249.99,382499.99,619999.99,2,2
2017-12-02,10000020,12484,6594333.33,5391500,9000000,3,3
2017-12-02,10000020,12486,7969999,7969999,7969999,1,1
2017-12-02,10000020,12548,1795261.59,1700493.42,1800000,21,3
2017-12-02,10000020,12563,165000,165000,165000,24,1
2017-12-02,10000020,12761,1300,1300,1300,2000,1
2017-12-02,10000020,12787,400,400,400,138000,19
2017-12-02,10000020,12789,198,198,198,1000,1
2017-12-02,10000020,12791,400,400,400,129900,19
2017-12-02,10000020,12805,269.11,269.11,269.11,3000,1
2017-12-02,10000020,12822,275000,275000,275000,20,1
2017-12-02,10000020,12826,242000,242000,242000,20,1
2017-12-02,10000020,12828,950000,950000,950000,2,1
2017-12-02,10000020,13278,100000,100000,100000,1,1
2017-12-02,10000020,13279,250000,250000,250000,105,6
2017-12-02,10000020,13283,180000,180000,180000,1,1
2017-12-02,10000020,13284,2099999.99,2099999.99,2099999.99,1,1
2017-12-02,10000020,13285,2099998.56,2099998.56,2099998.56,1,1
2017-12-02,10000020,13286,1000.56,1000.56,1000.56,1,1
2017-12-02,10000020,13287,1300000,1300000,1300000,1,1
2017-12-02,10000020,13943,66819146.44,66819146.44,66819146.44,1,1
2017-12-02,10000020,14236,249999999.91,249999999.91,249999999.91,1,1
2017-12-02,10000020,14274,183000,183000,183000,57,1
2017-12-02,10000020,15331,1156.25,1156.25,1156.25,1763,138
2017-12-02,10000020,15508,79000,79000,79000,10,3
2017-12-02,10000020,15510,27361.9,1111.11,35000,35,8
2017-12-02,10000020,15587,550.03,550.03,550.03,8,2
2017-12-02,10000020,15589,9214.3,1500.03,15000,7,4
2017-12-02,10000020,15590,20000,20000,20000,6,1
2017-12-02,10000020,15591,1000.4,1000.4,1000.4,1,1
2017-12-02,10000020,15592,700007,700007,700007,9,1
2017-12-02,10000020,15593,100000,100000,100000,23,2
2017-12-02,10000020,15594,1387713.34,500000.01,1910000,27,4
2017-12-02,10000020,15597,2,2,2,2,1
2017-12-02,10000020,15598,506.06,506.06,506.06,1,1
2017-12-02,10000020,15608,2230.5,252.28,5000,12,6
2017-12-02,10000020,15625,450.06,450.06,450.06,21,4
2017-12-02,10000020,15626,533.79,533.79,533.79,9,2
2017-12-02,10000020,15628,20000,20000,20000,13,1
2017-12-02,10000020,15629,8126.43,2501.91,25000,4,3
2017-12-02,10000020,15630,256000.51,256000.51,256000.51,2,1
2017-12-02,10000020,15631,157098,157098,157098,2,1
2017-12-02,10000020,15646,50000,50000,50000,15,3
2017-12-02,10000020,15660,25857.44,1002.05,30000,14,4
2017-12-02,10000020,15661,810028.6,810028.6,810028.6,3,1
2017-12-02,10000020,15673,750000,750000,750000,33,2
2017-12-02,10000020,15674,1500.07,1500.07,1500.07,1,1
2017-12-02,10000020,15965,73743285.8,73743285.59,73743286,6,2
2017-12-02,10000020,15994,25000,25000,25000,17,2
2017-12-02,10000020,15997,30000,30000,30000,2,1
2017-12-02,10000020,16002,30000.09,30000.09,30000.09,5,2
2017-12-02,10000020,16069,84826.87,83614.95,85000,8,8
2017-12-02,10000020,16119,2000,2000,2000,8,3
2017-12-02,10000020,16229,47777777.77,47777777.77,47777777.77,1,1
2017-12-02,10000020,16236,1165118.2,1000000,1240000,17,15
2017-12-02,10000020,16237,8635240,8635240,8635240,1,1
2017-12-02,10000020,16238,20000,20000,20000,1,1
2017-12-02,10000020,16240,1250000,1250000,1250000,1,1
2017-12-02,10000020,16262,196000.03,195000,196000.03,2694,22
2017-12-02,10000020,16272,248.09,248.09,248.09,286,1
2017-12-02,10000020,16273,149,149,149,23021,13
2017-12-02,10000020,16274,660,655,660,4937804,20
2017-12-02,10000020,16275,2500.05,2500.05,2500.05,8102,4
2017-12-02,10000020,16278,1860281.18,1590000,2040500,5,3
2017-12-02,10000020,16281,375000,375000,375000,11,11
2017-12-02,10000020,16303,716350.02,716000,719000,20,8
2017-12-02,10000020,16305,145200,145200,145200,2,1
2017-12-02,10000020,16309,187000,187000,187000,1,1
2017-12-02,10000020,16311,870000,850000,890000,2,2
2017-12-02,10000020,16355,15001,15001,15001,1,1
2017-12-02,10000020,16357,12034,12034,12034,2,1
2017-12-02,10000020,16359,78667.68,52001.05,92001,3,2
2017-12-02,10000020,16361,12004,12004,12004,1,1
2017-12-02,10000020,16363,10000.02,10000.02,10000.02,1,1
2017-12-02,10000020,16365,12081.04,12081.04,12081.04,2,2
2017-12-02,10000020,16367,95001.02,95001.02,95001.02,2,2
2017-12-02,10000020,16371,10000.02,10000.02,10000.02,2,2
2017-12-02,10000020,16373,91500.51,15001.02,168000,2,2
2017-12-02,10000020,16375,59001.04,59001.02,59001.04,4,3
2017-12-02,10000020,16377,12003.67,12003.67,12003.67,3,2
2017-12-02,10000020,16379,1000.15,1000.15,1000.15,1,1
2017-12-02,10000020,16381,12145.04,12145.04,12145.04,1,1
2017-12-02,10000020,16383,146334.39,59001.07,190001.05,3,2
2017-12-02,10000020,16385,240500.02,240500.02,240500.02,1,1
2017-12-02,10000020,16389,440600.43,33002.16,530000,5,4
2017-12-02,10000020,16391,751501.31,13002.32,1490000.3,4,2
2017-12-02,10000020,16413,2000.03,2000.03,2000.03,1,1
2017-12-02,10000020,16429,240000,240000,240000,1,1
2017-12-02,10000020,16433,1011,1011,1011,2,2
2017-12-02,10000020,16435,12500,500,24500,2,2
2017-12-02,10000020,16439,1201,1201,1201,1,1
2017-12-02,10000020,16487,60000,60000,60000,1,1
2017-12-02,10000020,16519,99000,99000,99000,2,1
2017-12-02,10000020,16527,1000000,1000000,1000000,3,1
2017-12-02,10000020,16591,32000000,32000000,32000000,3,3
2017-12-02,10000020,16594,1500000,1500000,1500000,3,3
2017-12-02,10000020,16595,12500000,12500000,12500000,1,1
2017-12-02,10000020,16596,35000000,35000000,35000000,1,1
2017-12-02,10000020,16597,20000000,20000000,20000000,1,1
2017-12-02,10000020,16598,3500000,3500000,3500000,13,13
2017-12-02,10000020,16670,299.9,299.9,299.9,946469,6
2017-12-02,10000020,16671,125.5,125.5,125.5,66,1
2017-12-02,10000020,16672,151.52,151.52,151.52,66,1
2017-12-02,10000020,16678,360.01,360.01,360.01,43,2
2017-12-02,10000020,17192,524740.25,524740.25,524740.25,5,1
2017-12-02,10000020,17366,34800.01,20000,45000,20,9
2017-12-02,10000020,17440,415.09,415.09,415.09,840,1
2017-12-02,10000020,17441,200.01,200.01,200.01,1886,1
2017-12-02,10000020,17444,425,425,425,13176,5
2017-12-02,10000020,17445,461,461,461,352,3
2017-12-02,10000020,17448,200,200,200,30687,8
2017-12-02,10000020,17449,200.11,200.11,200.11,24177,5
2017-12-02,10000020,17452,181.29,181.28,181.29,946743,54
2017-12-02,10000020,17453,188.26,188.26,188.26,727867,60
2017-12-02,10000020,17455,30.01,30.01,30.01,112,1
2017-12-02,10000020,17459,41.02,41.02,46.77,2110365,43
2017-12-02,10000020,17460,50.1,50.02,50.1,2587110,76
2017-12-02,10000020,17463,16.56,16.56,16.56,1865939,66
2017-12-02,10000020,17464,19.37,19.37,19.41,875962,49
2017-12-02,10000020,17470,13.5,13.39,13.65,6007548,84
2017-12-02,10000020,17471,15.13,13.78,15.15,4645686,90
2017-12-02,10000020,17476,29877771.11,27499980,35000000,9,6
2017-12-02,10000020,17478,21590098.9,20000000,22099994.5,10,6
2017-12-02,10000020,17480,15760375,13100000,18420750,2,2
2017-12-02,10000020,17482,1909735.15,1440000.48,1934999.95,34,20
2017-12-02,10000020,17483,16130080,16130080,16130080,1,1
2017-12-02,10000020,17636,555555555.55,555555555.55,555555555.55,1,1
2017-12-02,10000020,17718,106999999,106999999,106999999,1,1
2017-12-02,10000020,17866,1221.88,1221.88,1221.88,2445,1
2017-12-02,10000020,17867,53.85,53.85,53.85,50721,6
2017-12-02,10000020,17868,55.38,55.38,55.38,21449,5
2017-12-02,10000020,17893,105840.26,105840.26,105840.26,1,1
2017-12-02,10000020,17894,120005.07,120005.01,120005.1,3,2
2017-12-02,10000020,17912,4259753.46,4158071.8,4575000,23,13
2017-12-02,10000020,17918,489000000,489000000,489000000,1,1
2017-12-02,10000020,17930,65000000,65000000,65000000,1,1
2017-12-02,10000020,17938,23500,23500,23500,154,25
2017-12-02,10000020,17939,60000,60000,60000,1,1
2017-12-02,10000020,17940,500000,500000,500000,12,12
2017-12-02,10000020,18025,400000,400000,400000,6,2
2017-12-02,10000020,18029,2018.09,2000.07,2100,61,3
2017-12-02,10000020,18048,94999.1,94999.1,94999.1,10,1
2017-12-02,10000020,18050,68437.57,66531.48,69200,14,3
2017-12-02,10000020,18052,74310.34,62000,80000,29,5
2017-12-02,10000020,18053,350000,350000,350000,1,1
2017-12-02,10000020,18056,30000,30000,30000,4,1
2017-12-02,10000020,18060,38466.67,38000,45000,15,3
2017-12-02,10000020,18061,200000,200000,200000,1,1
2017-12-02,10000020,18062,12500,12500,12500,4,1
2017-12-02,10000020,18066,8500,8500,8500,4,1
2017-12-02,10000020,18068,2349994.46,2349994.45,2349994.46,4,2
2017-12-02,10000020,18604,480000,480000,480000,4,1
2017-12-02,10000020,18614,254032.24,245000,299999.89,62,4
2017-12-02,10000020,18616,145000,145000,145000,4,1
2017-12-02,10000020,18618,244038.46,220000,245000,52,2
2017-12-02,10000020,18635,689999,689999,689999,1,1
2017-12-02,10000020,18639,70199.79,38999.99,195000,5,5
2017-12-02,10000020,18754,489999,489999,489999,1,1
2017-12-02,10000020,19009,54999994.5,54999990,54999999,2,2
2017-12-02,10000020,19325,7909040,7909040,7909040,1,1
2017-12-02,10000020,19400,11000,11000,11000,21,4
2017-12-02,10000020,19404,148793.13,30207,180000,24,11
2017-12-02,10000020,19405,303655.45,50105,360000,11,8
2017-12-02,10000020,19406,554554.64,100101,600000,11,7
2017-12-02,10000020,19407,1200000,1200000,1200000,10,6
2017-12-02,10000020,19416,43200000,43200000,43200000,2,2
2017-12-02,10000020,19417,51680000,51680000,51680000,34,6
2017-12-02,10000020,19418,61200000,61200000,61200000,1,1
2017-12-02,10000020,19419,80000000,80000000,80000000,7,2
2017-12-02,10000020,19421,133837000,133837000,133837000,25,4
2017-12-02,10000020,19719,30000000,30000000,30000000,22,3
2017-12-02,10000020,19744,459313.85,358208.01,600000,16,16
2017-12-02,10000020,19761,1000000,1000000,1000000,1,1
2017-12-02,10000020,19766,800000,800000,800000,1,1
2017-12-02,10000020,19767,400000,400000,400000,1,1
2017-12-02,10000020,19806,1480000,1480000,1480000,1,1
2017-12-02,10000020,19814,117777.77,117777.77,117777.77,1,1
2017-12-02,10000020,19921,90000,90000,90000,1,1
2017-12-02,10000020,19922,600000,600000,600000,1,1
2017-12-02,10000020,19931,80051.47,80051.47,80051.47,2,2
2017-12-02,10000020,19935,101,101,101,3,3
2017-12-02,10000020,19937,111.06,111.01,111.1,2,2
2017-12-02,10000020,19942,1000.03,1000.03,1000.03,1,1
2017-12-02,10000020,19944,1000.1,1000.1,1000.1,2,1
2017-12-02,10000020,19946,1000.03,1000.03,1000.03,1,1
2017-12-02,10000020,19948,40000,40000,40000,1,1
2017-12-02,10000020,19950,100.03,100.03,100.03,1,1
2017-12-02,10000020,19952,104.19,104.19,104.19,1,1
2017-12-02,10000020,19978,1000,1000,1000,6,1
2017-12-02,10000020,19980,42941.18,42941.18,42941.18,2,2
2017-12-02,10000020,20183,1452000000.01,1452000000.01,1452000000.01,1,1
2017-12-02,10000020,20185,1299999999.84,1299999999.84,1299999999.84,1,1
2017-12-02,10000020,20209,1200000,1200000,1200000,2,2
2017-12-02,10000020,20210,1200000,1200000,1200000,2,2
2017-12-02,10000020,20211,6850000,6850000,6850000,1,1
2017-12-02,10000020,20212,15000000,15000000,15000000,1,1
2017-12-02,10000020,20213,17250000,17250000,17250000,4,4
2017-12-02,10000020,20306,178.98,178.98,178.98,4000,1
2017-12-02,10000020,20312,2846848.96,2846697.91,2848000,4,4
2017-12-02,10000020,20314,393333.33,215000,750000,3,3
2017-12-02,10000020,20315,2910000,2865000,3000000,3,3
2017-12-02,10000020,20327,15000000,15000000,15000000,2,2
2017-12-02,10000020,20347,529166.67,529166.67,529166.67,1,1
2017-12-02,10000020,20351,2699499.95,2699499.95,2699499.95,1,1
2017-12-02,10000020,20410,229999.9,229999.9,229999.9,8,1
2017-12-02,10000020,20411,105578.75,90026.11,229999.9,18,4
2017-12-02,10000020,20414,118339.2,96007.06,229999.9,6,2
2017-12-02,10000020,20415,36841.05,36835.79,36872.63,7,2
2017-12-02,10000020,20416,193555.49,47777.87,229999.9,20,3
2017-12-02,10000020,20421,46617.47,37484.94,55200,32,4
2017-12-02,10000020,20424,166000,100000,199000,12,2
2017-12-02,10000020,20433,5111000,5111000,5111000,1,1
2017-12-02,10000020,20494,100000,100000,100000,2,2
2017-12-02,10000020,20495,100000,100000,100000,1,1
2017-12-02,10000020,20524,75000000,75000000,75000000,2,2
2017-12-02,10000020,20533,400000000,400000000,400000000,1,1
2017-12-02,10000020,20721,10,10,10,2000,1
2017-12-02,10000020,20723,10,10,10,1000,1
2017-12-02,10000020,21018,1291210800,1291210800,1291210800,1,1
2017-12-02,10000020,21028,833702400,833702400,833702400,1,1
2017-12-02,10000020,21059,114545.45,60000,120000,11,11
2017-12-02,10000020,21071,368899.5,368899,368900,2,2
2017-12-02,10000020,21078,1000,1000,1000,1,1
2017-12-02,10000020,21085,1000,1000,1000,1,1
2017-12-02,10000020,21086,100,100,100,3,3
2017-12-02,10000020,21096,2509386.31,2048886.99,3197497.5,5,5
2017-12-02,10000020,21392,4987.51,4987.51,4987.51,1006,1
2017-12-02,10000020,21594,1,1,1,22,1
2017-12-02,10000020,21603,10000000,10000000,10000000,6,6
2017-12-02,10000020,21604,31372640,31372640,31372640,1,1
2017-12-02,10000020,21610,20000000,20000000,20000000,2,2
2017-12-02,10000020,21611,30000000,30000000,30000000,12,3
2017-12-02,10000020,21638,1100000,1100000,1100000,5,1
2017-12-02,10000020,21640,254166.67,75000,1150000,24,2
2017-12-02,10000020,21668,24449697.91,24449697.91,24449697.91,1,1
2017-12-02,10000020,21718,100000,100000,100000,3,3
2017-12-02,10000020,21726,149999,149999,149999,1,1
2017-12-02,10000020,21740,1950,1950,1950,18700,5
2017-12-02,10000020,21789,2999897.89,2999897.89,2999897.89,1,1
2017-12-02,10000020,21790,449000,449000,449000,1,1
2017-12-02,10000020,21791,949999.99,949999.99,949999.99,1,1
2017-12-02,10000020,21803,17500000,17500000,17500000,2,2
2017-12-02,10000020,21815,7809060.29,5500031.95,8000000,69,5
2017-12-02,10000020,21841,2300.01,2300.01,2300.01,2,1
2017-12-02,10000020,21853,67276.54,34999.99,115691.36,5,5
2017-12-02,10000020,21857,5171.04,10.04,8000,12,9
2017-12-02,10000020,21894,1398.52,1398.52,1398.52,14999,2
2017-12-02,10000020,22043,25000000,25000000,25000000,2,2
2017-12-02,10000020,22175,59428.77,57399.99,70000,28,25
2017-12-02,10000020,22176,332640,332640,332640,2,2
2017-12-02,10000020,22177,69249.39,68000,75000,24,23
2017-12-02,10000020,22178,332640,332640,332640,3,3
2017-12-02,10000020,22229,3612500.6,2400001.2,4825000,2,2
2017-12-02,10000020,22242,75000000,75000000,75000000,1,1
2017-12-02,10000020,22291,1073500,965000,1398999.99,4,3
2017-12-02,10000020,22535,105000080.5,105000080.5,105000080.5,18,1
2017-12-02,10000020,22536,1130769.22,599999.99,7500000,13,4
2017-12-02,10000020,22541,9000000,9000000,9000000,7,6
2017-12-02,10000020,22542,44364.16,39500,49000,37,23
2017-12-02,10000020,22544,433333233.33,409999900,444999900,3,3
2017-12-02,10000020,22548,325999600,325999000,325999900,3,3
2017-12-02,10000020,22551,28000000,28000000,28000000,1,1
2017-12-02,10000020,22552,4166666.67,2500000,7500000,3,3
2017-12-02,10000020,22578,78105.26,8000.03,80000,38,37
2017-12-02,10000020,22613,159999999.99,159999999.99,159999999.99,2,2
2017-12-02,10000020,22615,999999999.99,999999999.99,999999999.99,2,2
2017-12-02,10000020,22765,250000,250000,250000,2,1
2017-12-02,10000020,22782,1900000,1900000,1900000,1,1
2017-12-02,10000020,22806,120000,120000,120000,11,9
2017-12-02,10000020,22807,120000,120000,120000,9,8
2017-12-02,10000020,22808,120000,120000,120000,9,8
2017-12-02,10000020,22809,120000,120000,120000,8,7
2017-12-02,10000020,23009,1199.97,1199.97,1199.97,64,1
2017-12-02,10000020,23025,1500.01,1500.01,1500.01,3000,1
2017-12-02,10000020,23051,1498.6,1498.6,1498.6,19199,4
2017-12-02,10000020,23069,50000000,50000000,50000000,1,1
2017-12-02,10000020,23071,507351.52,499999.99,566163.74,27,2
2017-12-02,10000020,23087,6496.97,1,9744.95,3,3
2017-12-02,10000020,23089,999999,999999,999999,5,2
2017-12-02,10000020,23091,1499999.99,1499999.99,1499999.99,1,1
2017-12-02,10000020,23093,950000,950000,950000,5,1
2017-12-02,10000020,23099,750000,750000,750000,5,1
2017-12-02,10000020,23105,1500000,1500000,1500000,4,1
2017-12-02,10000020,23123,5100000,5100000,5100000,1,1
2017-12-02,10000020,23124,5122000,5122000,5122000,1,1
2017-12-02,10000020,23133,1000,1000,1000,1,1
2017-12-02,10000020,23135,1000,1000,1000,1,1
2017-12-02,10000020,23145,100,100,100,1,1
2017-12-02,10000020,23147,100,100,100,1,1
2017-12-02,10000020,23158,10,1.12,15,246,5
2017-12-02,10000020,23159,5,5,5,278,5
2017-12-02,10000020,23418,120148636.48,120148636.48,120148636.48,1,1
2017-12-02,10000020,23523,250000,250000,250000,2,1
2017-12-02,10000020,23525,1000,1000,1000,100,1
2017-12-02,10000020,23527,300000,300000,300000,5,4
2017-12-02,10000020,23559,1000,1000,1000,50,1
2017-12-02,10000020,23561,1000,1000,1000,90,5
2017-12-02,10000020,23563,1000,1000,1000,112,9
2017-12-02,10000020,23566,400000,400000,400000,5,5
2017-12-02,10000020,23594,450000,450000,450000,3,3
2017-12-02,10000020,23606,150000,150000,150000,11,11
2017-12-02,10000020,23618,50000,50000,50000,10,10
2017-12-02,10000020,23705,500.03,500.03,500.03,44,1
2017-12-02,10000020,23707,20930.24,3000.01,23500,43,5
2017-12-02,10000020,23719,2754.55,30,30000,55,2
2017-12-02,10000020,23757,866000000.01,866000000.01,866000000.01,1,1
2017-12-02,10000020,23791,35000,35000,35000,3,1
2017-12-02,10000020,24241,50000,50000,50000,25,25
2017-12-02,10000020,24242,994117.65,900000,1000000,17,17
2017-12-02,10000020,24268,7500000,7500000,7500000,4,4
2017-12-02,10000020,24270,7500000,7500000,7500000,23,4
2017-12-02,10000020,24305,3805907.68,3770000,3848996.9,11,3
2017-12-02,10000020,24312,500000000,500000000,500000000,2,2
2017-12-02,10000020,24313,500000000,500000000,500000000,2,2
2017-12-02,10000020,24314,500000000,500000000,500000000,1,1
2017-12-02,10000020,24348,1344087.97,1300000,1350000,8,4
2017-12-02,10000020,24349,90000,90000,90000,3,1
2017-12-02,10000020,24395,497916,497888,498000,8,3
2017-12-02,10000020,24499,189.94,189.94,189.94,24000,2
2017-12-02,10000020,24507,548,548,548,1000,1
2017-12-02,10000020,24509,682,682,682,1000,1
2017-12-02,10000020,24511,541,541,541,1000,1
2017-12-02,10000020,24527,10,10,10,2000,1
2017-12-02,10000020,24529,1999,1999,1999,10000,1
2017-12-02,10000020,24533,740,740,740,8000,2
2017-12-02,10000020,24535,750,750,750,2000,1
2017-12-02,10000020,24562,50000000,50000000,50000000,3,3
2017-12-02,10000020,24563,250000000,250000000,250000000,1,1
2017-12-02,10000020,24568,10000000,10000000,10000000,1,1
2017-12-02,10000020,24571,10000000,10000000,10000000,2,2
2017-12-02,10000020,24572,10000000,10000000,10000000,3,3
2017-12-02,10000020,24606,125000000,125000000,125000000,1,1
2017-12-02,10000020,24624,20000000,20000000,20000000,1,1
2017-12-02,10000020,24625,19666666.67,19000000,20000000,3,3
2017-12-02,10000020,24694,150000000,150000000,150000000,1,1
2017-12-02,10000020,24700,53750420,53750420,53750420,1,1
2017-12-02,10000020,24764,20000000,20000000,20000000,4,4
2017-12-02,10000020,25233,150000,150000,150000,1,1
2017-12-02,10000020,25235,150000,150000,150000,3,3
2017-12-02,10000020,25544,28979900,28979900,28979900,2,2
2017-12-02,10000020,25569,1000.02,1000.02,1000.02,1,1
2017-12-02,10000020,25588,9211.29,9211.29,9211.29,25,10
2017-12-02,10000020,25589,3399.91,3399.91,3399.91,133,14
2017-12-02,10000020,25590,63106.35,63106.35,63106.35,351,80
2017-12-02,10000020,25591,177005.54,177005.54,177005.54,202,19
2017-12-02,10000020,25592,7893.01,7893.01,7893.01,250,49
2017-12-02,10000020,25593,1611.59,1611.59,1611.59,142,18
2017-12-02,10000020,25594,25096.46,25096.45,25097,196,47
2017-12-02,10000020,25595,15792.41,15051.07,23700,70,14
2017-12-02,10000020,25596,35280.01,35280.01,35280.01,252,25
2017-12-02,10000020,25597,2445.15,2103.05,4400,94,10
2017-12-02,10000020,25598,14000,13000,14000,1082,40
2017-12-02,10000020,25599,1106.03,968.08,1106.03,740,44
2017-12-02,10000020,25600,29021,26000,29021,862,47
2017-12-02,10000020,25601,3125.01,3125.01,3125.01,581,41
2017-12-02,10000020,25602,13003.62,13003.62,13003.62,30,3
2017-12-02,10000020,25603,33417.04,32110.2,35417.03,133,39
2017-12-02,10000020,25604,13000.1,13000.1,13000.1,108,15
2017-12-02,10000020,25605,20001.42,20001.42,20001.42,273,49
2017-12-02,10000020,25606,65899.14,46230.02,130000,23,3
2017-12-02,10000020,25615,2500000.08,1000000.15,4000000,2,2
2017-12-02,10000020,25616,5006.06,5004.08,5006.1,16,4
2017-12-02,10000020,25617,452520.58,407772.74,899999.01,11,4
2017-12-02,10000020,25618,5003.53,5003.5,5004,16,2
2017-12-02,10000020,25619,625909.91,625600,629009,11,3
2017-12-02,10000020,25620,30003.56,30003.55,30003.61,13,4
2017-12-02,10000020,25623,22001.45,22001.45,22001.45,13,1
2017-12-02,10000020,25624,4165000.07,4165000.07,4165000.07,1,1
2017-12-02,10000020,25718,5000000,5000000,5000000,1,1
2017-12-02,10000020,25719,559999.99,559999.99,559999.99,2,2
2017-12-02,10000020,25737,1250000,1250000,1250000,1,1
2017-12-02,10000020,25810,450000,450000,450000,1,1
2017-12-02,10000020,25811,450000,450000,450000,1,1
2017-12-02,10000020,25812,5233100,5233100,5233100,1,1
2017-12-02,10000020,25861,58763.41,45500,61000,55,35
2017-12-02,10000020,25862,332639.99,332639.99,332639.99,1,1
2017-12-02,10000020,25889,1250000,1250000,1250000,1,1
2017-12-02,10000020,25891,1250000,1250000,1250000,1,1
2017-12-02,10000020,25893,1250000,1250000,1250000,1,1
2017-12-02,10000020,25897,1250000,1250000,1250000,2,2
2017-12-02,10000020,25899,1250000,1250000,1250000,1,1
2017-12-02,10000020,25901,1250000,1250000,1250000,2,2
2017-12-02,10000020,25948,6976000,6000000,7951999.99,2,2
2017-12-02,10000020,25949,1250000,1250000,1250000,1,1
2017-12-02,10000020,25955,1250000,1250000,1250000,1,1
2017-12-02,10000020,26088,14997982.23,14997982.23,14997982.23,1,1
2017-12-02,10000020,26224,48000000,48000000,48000000,1,1
2017-12-02,10000020,26252,60000,60000,60000,10,10
2017-12-02,10000020,26253,89600,1000.03,100000,10,10
2017-12-02,10000020,26254,20000,20000,20000,8,8
2017-12-02,10000020,26255,100000,100000,100000,10,10
2017-12-02,10000020,26256,100000,100000,100000,7,7
2017-12-02,10000020,26257,100000,100000,100000,4,4
2017-12-02,10000020,26258,100000,100000,100000,8,8
2017-12-02,10000020,26259,100000,100000,100000,4,4
2017-12-02,10000020,26260,100000,100000,100000,3,3
2017-12-02,10000020,26261,100000,100000,100000,6,6
2017-12-02,10000020,26888,30958789.81,30958789.81,30958789.81,2,1
2017-12-02,10000020,26890,18998997.6,18998997.6,18998997.6,2,1
2017-12-02,10000020,26913,2150000,2150000,2150000,3,1
2017-12-02,10000020,26929,243110.43,210000,249997.96,9,7
2017-12-02,10000020,26931,4199697.91,4199697.91,4199697.91,2,2
2017-12-02,10000020,27015,20000,20000,20000,71,71
2017-12-02,10000020,27069,125000,125000,125000,1,1
2017-12-02,10000020,27339,3496.85,3496.85,3496.85,4300,4
2017-12-02,10000020,27345,3385.5,3385.5,3385.5,500,1
2017-12-02,10000020,27353,1985.4,1985.4,1985.4,1000,1
2017-12-02,10000020,27371,1298.85,1298.85,1298.85,8000,3
2017-12-02,10000020,27419,1574.65,1574.65,1574.65,1000,1
2017-12-02,10000020,27435,1200,1200,1200,5000,1
2017-12-02,10000020,27902,100000,100000,100000,10,10
2017-12-02,10000020,27906,25000000,25000000,25000000,2,2
2017-12-02,10000020,27911,12000000,12000000,12000000,2,2
2017-12-02,10000020,27936,10000000,10000000,10000000,1,1
2017-12-02,10000020,28073,13240000,13240000,13240000,1,1
2017-12-02,10000020,28164,4500000,4500000,4500000,52,3
2017-12-02,10000020,28209,11000,11000,11000,5,1
2017-12-02,10000020,28211,272857.04,14000,1399999.99,56,4
2017-12-02,10000020,28262,1250000,1250000,1250000,4,1
2017-12-02,10000020,28278,1450000,1450000,1450000,15,4
2017-12-02,10000020,28282,2434698.91,2434698.91,2434698.91,1,1
2017-12-02,10000020,28288,98000000,98000000,98000000,1,1
2017-12-02,10000020,28361,1015.46,1015.46,1015.46,99,2
2017-12-02,10000020,28374,500000000,500000000,500000000,2,2
2017-12-02,10000020,28409,19000,19000,19000,783,3
2017-12-02,10000020,28410,17000,17000,17000,2370,2
2017-12-02,10000020,28411,17240.71,17240.71,17240.71,235,4
2017-12-02,10000020,28424,4500,4500,4500,4908,1
2017-12-02,10000020,28425,4500,4500,4500,4038,4
2017-12-02,10000020,28426,4500,4500,4500,1538,2
2017-12-02,10000020,28427,1821,1821,1821,2658,1
2017-12-02,10000020,28428,1856,1856,1856,1062,1
2017-12-02,10000020,28429,1820,1820,1820,8898,4
2017-12-02,10000020,28430,1431,1431,1431,37,1
2017-12-02,10000020,28431,1580,1580,1580,13122,3
2017-12-02,10000020,28432,1300,1300,1300,15359,3
2017-12-02,10000020,28576,1214724.62,1089796.95,1674996.73,41,20
2017-12-02,10000020,28585,25000000,25000000,25000000,1,1
2017-12-02,10000020,28606,774750000,635000000,825000000,4,4
2017-12-02,10000020,28668,32999.99,32999.99,32999.99,600,5
2017-12-02,10000020,28676,500000,500000,500000,4,1
2017-12-02,10000020,28756,42000000,42000000,42000000,3,1
2017-12-02,10000020,28879,1000000,1000000,1000000,6,4
2017-12-02,10000020,28880,5000000,5000000,5000000,5,3
2017-12-02,10000020,28999,7625,5000,10249.99,24,7
2017-12-02,10000020,29001,12025,12025,12025,1,1
2017-12-02,10000020,29011,18881.25,10150,80000,8,5
2017-12-02,10000020,29248,471268.27,395000,500000,15,15
2017-12-02,10000020,29337,50002000,50002000,50002000,1,1
2017-12-02,10000020,29637,50000000,50000000,50000000,2,2
2017-12-02,10000020,30013,6690,6150,11109.95,615,40
2017-12-02,10000020,30014,5000000,5000000,5000000,1,1
2017-12-02,10000020,30021,100,100,100,14,1
2017-12-02,10000020,30024,1038,1038,1038,1,1
2017-12-02,10000020,30028,84299.95,73000,96799.96,28,5
2017-12-02,10000020,30029,5000000,5000000,5000000,1,1
2017-12-02,10000020,30248,1535,1535,1535,4,1
2017-12-02,10000020,30251,100,100,100,13,1
2017-12-02,10000020,30252,105,105,105,1,1
2017-12-02,10000020,30254,101.01,101.01,101.01,23,1
2017-12-02,10000020,30268,1050,1050,1050,1,1
2017-12-02,10000020,30324,10000000,10000000,10000000,1,1
2017-12-02,10000020,30325,10000000,10000000,10000000,1,1
2017-12-02,10000020,30327,10000000,10000000,10000000,1,1
2017-12-02,10000020,30328,52,52,52,2,2
2017-12-02,10000020,30375,7000,7000,7000,497,1
2017-12-02,10000020,30376,15000,15000,15000,554,1
2017-12-02,10000020,30420,7930.74,51.23,19750,5,5
2017-12-02,10000020,30486,699901.05,699901.05,699901.05,40,1
2017-12-02,10000020,30488,599936.96,599936.96,599936.96,106,11
2017-12-02,10000020,30497,21.01,21.01,21.01,14,1
2017-12-02,10000020,30532,5000000,5000000,5000000,2,2
2017-12-02,10000020,30537,5000000,5000000,5000000,2,2
2017-12-02,10000020,30538,5000000,5000000,5000000,1,1
2017-12-02,10000020,30539,5000000,5000000,5000000,2,2
2017-12-02,10000020,30540,5000000,5000000,5000000,1,1
2017-12-02,10000020,30547,5000000,5000000,5000000,1,1
2017-12-02,10000020,30548,5000000,5000000,5000000,1,1
2017-12-02,10000020,30550,5000000,5000000,5000000,1,1
2017-12-02,10000020,30553,5000000,5000000,5000000,1,1
2017-12-02,10000020,30650,1500000,1500000,1500000,1,1
2017-12-02,10000020,30651,1500000,1500000,1500000,1,1
2017-12-02,10000020,30652,1500000,1500000,1500000,2,2
2017-12-02,10000020,30653,1500000,1500000,1500000,1,1
2017-12-02,10000020,30744,200000,200000,200000,6448,14
2017-12-02,10000020,30745,500000,500000,500000,6127,13
2017-12-02,10000020,30746,1500000,1500000,1500000,2431,11
2017-12-02,10000020,30747,5000000,5000000,5000000,1043,10
2017-12-02,10000020,30788,10000000,10000000,10000000,1,1
2017-12-02,10000020,30832,2999999.99,2999999.99,2999999.99,1,1
2017-12-02,10000020,30836,1848749.73,1844998.91,1850000,8,5
2017-12-02,10000020,30839,34709.58,30279.44,48000,4,4
2017-12-02,10000020,30987,555618.74,535000,567989.98,8,5
2017-12-02,10000020,30988,125000,125000,125000,2,2
2017-12-02,10000020,30997,544444.44,544444.44,544444.44,1,1
2017-12-02,10000020,30998,125000,125000,125000,1,1
2017-12-02,10000020,31000,750000,750000,750000,2,2
2017-12-02,10000020,31009,799999.99,799999.99,799999.99,1,1
2017-12-02,10000020,31010,125000,125000,125000,1,1
2017-12-02,10000020,31011,2562500,2424999.99,2700000,2,2
2017-12-02,10000020,31012,750000,750000,750000,2,2
2017-12-02,10000020,31022,125000,125000,125000,1,1
2017-12-02,10000020,31024,750000,750000,750000,2,2
2017-12-02,10000020,31034,125000,125000,125000,1,1
2017-12-02,10000020,31036,750000,750000,750000,3,3
2017-12-02,10000020,31045,1700000,1700000,1700000,1,1
2017-12-02,10000020,31046,125000,125000,125000,1,1
2017-12-02,10000020,31048,750000,750000,750000,1,1
2017-12-02,10000020,31056,750000,750000,750000,1,1
2017-12-02,10000020,31063,480980,480980,480980,1,1
2017-12-02,10000020,31066,750000,750000,750000,1,1
2017-12-02,10000020,31074,750000,750000,750000,3,3
2017-12-02,10000020,31119,1799996.89,1799996.89,1799996.89,6,3
2017-12-02,10000020,31153,592999.99,490000,798999.98,3,2
2017-12-02,10000020,31155,1582995,400000,1990990,4,3
2017-12-02,10000020,31159,820000,820000,820000,1,1
2017-12-02,10000020,31161,2444989,2444989,2444989,1,1
2017-12-02,10000020,31171,8400000,8400000,8400000,3,2
2017-12-02,10000020,31177,699999.98,699999.98,699999.98,3,3
2017-12-02,10000020,31179,1990990,1990990,1990990,1,1
2017-12-02,10000020,31202,125000,125000,125000,1,1
2017-12-02,10000020,31213,249375,249000,250000,24,10
2017-12-02,10000020,31214,125000,125000,125000,2,2
2017-12-02,10000020,31228,1249500,1199000,1300000,2,2
2017-12-02,10000020,31238,599999,599999,599999,1,1
2017-12-02,10000020,31239,125000,125000,125000,1,1
2017-12-02,10000020,31274,490990,490990,490990,1,1
2017-12-02,10000020,31276,2690990,2690990,2690990,1,1
2017-12-02,10000020,31322,1190000,1190000,1190000,1,1
2017-12-02,10000020,31358,1021959.77,950000,1129899.42,5,4
2017-12-02,10000020,31360,4080731.14,4080731.14,4080731.14,1,1
2017-12-02,10000020,31364,8999998.99,8999998.99,8999998.99,1,1
2017-12-02,10000020,31370,645016.66,644499.99,649899.99,12,7
2017-12-02,10000020,31371,125000,125000,125000,3,3
2017-12-02,10000020,31372,1707700.22,1200000,2416588.43,14,8
2017-12-02,10000020,31373,750000,750000,750000,1,1
2017-12-02,10000020,31376,8400000,8400000,8400000,2,1
2017-12-02,10000020,31378,20168431.62,17936863.23,22400000,2,2
2017-12-02,10000020,31382,530990,530990,530990,1,1
2017-12-02,10000020,31385,750000,750000,750000,1,1
2017-12-02,10000020,31406,1183462.89,1017314.45,1225000,5,5
2017-12-02,10000020,31407,125000,125000,125000,4,4
2017-12-02,10000020,31409,750000,750000,750000,1,1
2017-12-02,10000020,31414,20544999.98,20000000,21089999.95,2,2
2017-12-02,10000020,31442,1136396,1100000,1190990,5,3
2017-12-02,10000020,31454,978993.33,975000,980989.99,3,3
2017-12-02,10000020,31456,721186.57,721186.57,721186.57,1,1
2017-12-02,10000020,31586,440990,440990,440990,1,1
2017-12-02,10000020,31716,237775.51,100000,499999.99,7,5
2017-12-02,10000020,31718,844499.78,490000,1198999.56,4,4
2017-12-02,10000020,31724,7872443,6344886,9400000,2,2
2017-12-02,10000020,31752,167944.45,167000,168888.89,4,2
2017-12-02,10000020,31754,1022890.16,900400,1145380.31,2,2
2017-12-02,10000020,31760,6357499,6357499,6357499,1,1
2017-12-02,10000020,31766,763330,289990,1000000,3,2
2017-12-02,10000020,31788,671953.18,671953.18,671953.18,2,1
2017-12-02,10000020,31790,3053318.53,2200000,3499977.79,15,10
2017-12-02,10000020,31794,12999999.99,12999999.99,12999999.99,1,1
2017-12-02,10000020,31796,27401993.99,27401993.98,27401994,2,2
2017-12-02,10000020,31800,1139622.98,1139622.98,1139622.98,2,1
2017-12-02,10000020,31802,2558997.19,2558997.19,2558997.19,3,1
2017-12-02,10000020,31880,835591.78,2710.34,4999999,6,2
2017-12-02,10000020,31882,4156250,3350000,5500000,8,2
2017-12-02,10000020,31928,19980000,19980000,19980000,1,1
2017-12-02,10000020,31944,49999998.26,49999998.26,49999998.26,1,1
2017-12-02,10000020,32006,45002,45002,45002,2,1
2017-12-02,10000020,32014,400000,400000,400000,10,1
2017-12-02,10000020,32025,1190000,1190000,1190000,1,1
2017-12-02,10000020,32027,1350000,1350000,1350000,1,1
2017-12-02,10000020,32035,2990990,2990990,2990990,1,1
2017-12-02,10000020,32043,4677998.88,4677998.67,4677998.99,3,2
2017-12-02,10000020,32059,2650000,2650000,2650000,1,1
2017-12-02,10000020,32339,100000000,100000000,100000000,1,1
2017-12-02,10000020,32435,24500000,24500000,24500000,1,1
2017-12-02,10000020,32459,1.15,1.15,1.15,1,1
2017-12-02,10000020,32780,1599900,1599900,1599900,1,1
2017-12-02,10000020,32787,15777.77,15000,23000,64,10
2017-12-02,10000020,32797,498333.33,490000,500000,6,6
2017-12-02,10000020,32819,1225000,1225000,1225000,3,2
2017-12-02,10000020,32872,1100000,1100000,1100000,1,1
2017-12-02,10000020,32874,978127.63,800007,1095000,8,8
2017-12-02,10000020,32878,1100000,1100000,1100000,2,2
2017-12-02,10000020,32880,199285.83,120566.04,220000.02,55,50
2017-12-02,10000020,32881,6877777.95,6877777.95,6877777.95,1,1
2017-12-02,10000020,32918,40000,40000,40000,6,4
2017-12-02,10000020,32999,200000,200000,200000,7,5
2017-12-02,10000020,33000,200000,200000,200000,7,5
2017-12-02,10000020,33001,200000,200000,200000,7,6
2017-12-02,10000020,33002,200000,200000,200000,8,6
2017-12-02,10000020,33003,425000,425000,425000,7,4
2017-12-02,10000020,33007,176415.09,150000,200000,53,2
2017-12-02,10000020,33062,1000000,1000000,1000000,1,1
2017-12-02,10000020,33076,442216.67,399990,800000,9,5
2017-12-02,10000020,33078,1000000,1000000,1000000,12,12
2017-12-02,10000020,33091,108547.34,100000,200000,12,10
2017-12-02,10000020,33092,100000,100000,100000,10,1
2017-12-02,10000020,33093,100000,100000,100000,3,3
2017-12-02,10000020,33095,1000000,1000000,1000000,3,3
2017-12-02,10000020,33096,1000000,1000000,1000000,1,1
2017-12-02,10000020,33097,1000000,1000000,1000000,4,4
2017-12-02,10000020,33176,227249.75,199499.5,255000,4,4
2017-12-02,10000020,33180,196625,170000,223250,4,4
2017-12-02,10000020,33195,1000.02,1000.02,1000.03,19,6
2017-12-02,10000020,33270,694000,694000,694000,1,1
2017-12-02,10000020,33393,95000000,95000000,95000000,1,1
2017-12-02,10000020,33394,85000000,85000000,85000000,1,1
2017-12-02,10000020,33399,5000000,5000000,5000000,5,5
2017-12-02,10000020,33407,36000000,36000000,36000000,1,1
2017-12-02,10000020,33467,3000000,3000000,3000000,3,3
2017-12-02,10000020,33468,64750000,64500000,64999999.99,2,2
2017-12-02,10000020,33474,2209000,2205000,2210000,5,5
2017-12-02,10000020,33475,8233570.64,8049999,9000000,14,4
2017-12-02,10000020,33517,1000000,1000000,1000000,3,2
2017-12-02,10000020,33519,30000000,30000000,30000000,1,1
2017-12-02,10000020,33539,1120012,1120012,1120012,5,1
2017-12-02,10000020,33571,35.04,35.04,35.04,300,2
2017-12-02,10000020,33572,35.04,35.04,35.04,300,2
2017-12-02,10000020,33573,35.04,35.04,35.04,300,2
2017-12-02,10000020,33577,55001,55001,55001,5,3
2017-12-02,10000020,33681,48012000,48012000,48012000,3,1
2017-12-02,10000020,33697,52500500.05,50001000.1,55000000,2,2
2017-12-02,10000020,33699,100000,100000,100000,15,15
2017-12-02,10000020,33856,4000000,4000000,4000000,6,6
2017-12-02,10000020,33890,1000000,1000000,1000000,3,3
2017-12-02,10000020,33891,125000,125000,125000,1,1
2017-12-02,10000020,33894,4399777,4399777,4399777,1,1
2017-12-02,10000020,34201,259010.25,259010.25,259010.25,5,4
2017-12-02,10000020,34202,1970002.63,1970002.61,1970002.65,2,2
2017-12-02,10000020,34203,483001.65,483001.65,483001.65,5,4
2017-12-02,10000020,34204,842261.29,842261.26,842261.3,6,4
2017-12-02,10000020,34205,309002.38,309002.36,309002.4,5,4
2017-12-02,10000020,34206,167002.25,167002.25,167002.25,12,8
2017-12-02,10000020,34207,5750000,5500000,6000000,2,2
2017-12-02,10000020,34208,4000000,4000000,4000000,1,1
2017-12-02,10000020,34266,828133.84,828133.84,828133.84,1,1
2017-12-02,10000020,34327,35000000,35000000,35000000,1,1
2017-12-02,10000020,34390,1000000,1000000,1000000,5,5
2017-12-02,10000020,34533,1000000,1000000,1000000,2,2
2017-12-02,10000020,34593,24298645.62,24298645.62,24298645.62,1,1
2017-12-02,10000020,35656,28001.02,2002.03,54000,2,2
2017-12-02,10000020,35657,1003.55,1003.55,1003.55,3,1
2017-12-02,10000020,35658,40055.44,3006.66,68684.05,7,6
2017-12-02,10000020,35659,1780.67,1780.67,1780.67,4,2
2017-12-02,10000020,35660,20477.29,1017.19,117777.77,6,3
2017-12-02,10000020,35661,251005.32,251005.31,251005.33,4,2
2017-12-02,10000020,35662,160312.71,38002.02,294935.08,6,3
2017-12-02,10000020,35680,1000000,1000000,1000000,2,2
2017-12-02,10000020,35685,1000000,1000000,1000000,1,1
2017-12-02,10000020,35772,144000,144000,144000,1,1
2017-12-02,10000020,36445,9999999,9999999,9999999,1,1
2017-12-02,10000020,37135,49999989.96,49999989.96,49999989.96,1,1
2017-12-02,10000020,37544,200.77,200.77,200.77,1,1
2017-12-02,10000020,37545,202.83,202.83,202.83,1,1
2017-12-02,10000020,37608,800031.64,800031.57,800031.71,2,2
2017-12-02,10000020,37610,1420001,1400001,1450001,5,5
2017-12-02,10000020,37611,1350000.67,1100001,1850000,3,3
2017-12-02,10000020,37615,20000000,20000000,20000000,1,1
2017-12-02,10000020,37796,5000000,5000000,5000000,1,1
2017-12-02,10000020,37798,5000000,5000000,5000000,1,1
2017-12-02,10000020,37799,5000000,5000000,5000000,1,1
2017-12-02,10000020,40328,3999999.91,3999999.91,3999999.91,1,1
2017-12-02,10000020,40519,336718726.17,325000000,417000000,7,4
2017-12-02,10000020,40520,801458764.71,795800000,808800000,17,13
2017-12-02,10000020,40572,100000000,100000000,100000000,1,1
2017-12-02,10000020,40573,100000000,100000000,100000000,1,1
2017-12-02,10000020,41031,18999.57,1000.03,45998.88,5,3
2017-12-02,10000020,41032,205,205,205,1,1
2017-12-02,10000020,41033,101.14,101.14,101.14,1,1
2017-12-02,10000020,41054,497500.34,455001.01,700000,6,4
2017-12-02,10000020,41055,360000.01,360000.01,360000.01,1,1
2017-12-02,10000020,41056,400000.01,400000.01,400000.01,2,2
2017-12-02,10000020,41155,13800,9700,22000,3,2
2017-12-02,10000020,41407,27000000,27000000,27000000,1,1
2017-12-02,10000020,41477,2000000,2000000,2000000,1,1
2017-12-02,10000020,41489,12500,12500,12500,500,1
2017-12-02,10000020,41533,59995995.95,59995995.95,59995995.95,1,1
2017-12-02,10000020,42528,735000,735000,735000,1,1
2017-12-02,10000020,42529,949000,949000,949000,1,1
2017-12-02,10000020,42694,760,760,760,525,1
2017-12-02,10000020,42695,920,920,920,1449,1
2017-12-02,10000020,42696,1000,1000,1000,5798,3
2017-12-02,10000020,42829,680,680,989.99,10000,8
2017-12-02,10000020,42830,757.52,757.52,757.52,16897,7
2017-12-02,10000020,42831,699,699,699,3000,1
2017-12-02,10000020,42832,760,760,760,1505,3
2017-12-02,10000020,42833,770,770,770,1000,1
2017-12-02,10000020,42834,880,880,880,1000,1
2017-12-02,10000020,42874,10000000,10000000,10000000,1,1
2017-12-02,10000020,42875,10000000,10000000,10000000,1,1
2017-12-02,10000020,42876,10000000,10000000,10000000,1,1
2017-12-02,10000020,43551,5900000,5900000,5900000,11,3
2017-12-02,10000020,43555,6400000,6400000,6400000,1,1
2017-12-02,10000020,43699,58999.17,58999,59000,6,2
2017-12-02,10000020,43700,5088888.88,5000000,5399999.97,9,3
2017-12-02,10000020,43702,79999.97,79999,80000,38,9
2017-12-02,10000020,43703,18000000,18000000,18000000,3,3
2017-12-02,10000020,44067,250000000,250000000,250000000,2,2
2017-12-02,10000020,44186,9999999,9999999,9999999,1,1
2017-12-02,10000020,44992,3200561.7,3200529.1,3200664.08,5316,26
2017-12-02,10000020,45635,174350000,173899999.99,174800000,6,4
2017-12-02,10000020,45660,100.01,100.01,100.01,7,1
2017-12-02,10000020,45663,1205.01,1205.01,1205.01,2,1
2017-12-02,10000020,45746,1000000,1000000,1000000,13,13
2017-12-02,10000020,45748,5000000,5000000,5000000,1,1
2017-12-02,10000020,45749,25000000,25000000,25000000,1,1
2017-12-02,10000020,45750,15000000,15000000,15000000,2,2
2017-12-02,10000020,45792,999999.99,999999.99,999999.99,1,1
2017-12-02,10000020,45964,80000000,80000000,80000000,1,1
2017-12-02,10000020,45996,181008.08,181008.08,181008.08,4,1
2017-12-02,10000020,45999,4000000.05,4000000.05,4000000.05,2,2
2017-12-02,10000020,46008,1690963.67,100100.07,3000000,11,5
2017-12-02,10000020,46050,900000,900000,900000,4,4
2017-12-02,10000020,46152,10000000,10000000,10000000,2,2
2017-12-02,10000020,46153,15000000,15000000,15000000,2,2
2017-12-02,10000020,46154,20000000,20000000,20000000,2,2
2017-12-02,10000020,46155,25000000,25000000,25000000,2,2
2017-12-02,10000020,46156,30000000,30000000,30000000,2,2
2017-12-02,10000020,46165,15000000,15000000,15000000,1,1
2017-12-02,10000020,46166,10000000,10000000,10000000,20,2
2017-12-02,10000020,46171,10000000,10000000,10000000,7,1
2017-12-02,10000020,46176,10000000,10000000,10000000,27,3
2017-12-02,10000020,46177,10000000,10000000,10000000,9,1
2017-12-02,10000020,46179,10000000,10000000,10000000,22,3
2017-12-02,10000020,46181,10000000,10000000,10000000,20,2
2017-12-02,10000020,46182,10000000,10000000,10000000,27,4
2017-12-02,10000020,46183,10000000,10000000,10000000,21,3
2017-12-02,10000020,46204,20000000,20000000,20000000,16,2
2017-12-02,10000020,46205,20000000,20000000,20000000,7,1
2017-12-02,10000020,46206,20000000,20000000,20000000,7,1
2017-12-02,10000020,46208,20000000,20000000,20000000,10,1
2017-12-02,10000020,46210,20000000,20000000,20000000,17,2
2017-12-02,10000020,46211,20000000,20000000,20000000,17,2
2017-12-02,10000020,46365,350000,350000,350000,6,1
2017-12-02,10000020,46367,350000,350000,350000,6,2
2017-12-02,10000021,36,20.01,20.01,20.01,234343,1
2017-12-02,10000021,37,35,35,35,113469,1
2017-12-02,10000021,38,70.01,70.01,70.01,27714,1
2017-12-02,10000021,39,80.37,80.37,80.37,3729,1
2017-12-02,10000021,40,1000,1000,1000,3006,2
2017-12-02,10000021,202,300.6,300.6,300.6,8665,1
2017-12-02,10000021,204,320.34,320.34,320.34,9000,2
2017-12-02,10000021,394,1500000,1500000,1500000,5,2
2017-12-02,10000021,434,200000,200000,200000,1,1
2017-12-02,10000021,440,6399999,6399999,6399999,1,1
2017-12-02,10000021,448,2270000,2270000,2270000,1,1
2017-12-02,10000021,488,280000,280000,280000,1,1
2017-12-02,10000021,519,1900000,1900000,1900000,1,1
2017-12-02,10000021,526,100000,100000,100000,1,1
2017-12-02,10000021,578,140000,140000,140000,1,1
2017-12-02,10000021,593,600000,600000,600000,1,1
2017-12-02,10000021,602,536000,536000,536000,6,1
2017-12-02,10000021,605,536267.05,536267.05,536267.05,1,1
2017-12-02,10000021,607,1000000,1000000,1000000,1,1
2017-12-02,10000021,621,9645833.33,9645833.33,9645833.33,1,1
2017-12-02,10000021,627,7500000,7500000,7500000,1,1
2017-12-02,10000021,632,7800000,7800000,7800000,2,1
2017-12-02,10000021,651,900000,900000,900000,1,1
2017-12-02,10000021,652,2000000,2000000,2000000,1,1
2017-12-02,10000021,653,2000000,2000000,2000000,1,1
2017-12-02,10000021,654,1000000,1000000,1000000,1,1
2017-12-02,10000021,656,1350000,1200000,1500000,2,2
2017-12-02,10000021,657,1863333.33,1545000,2500000,3,3
2017-12-02,10000021,1183,1980000,1980000,1980000,3,2
2017-12-02,10000021,1236,795794,795794,795794,1,1
2017-12-02,10000021,1246,36000,36000,36000,2,1
2017-12-02,10000021,1248,1623333,1623333,1623333,5,2
2017-12-02,10000021,1317,46282.18,40705.44,50000,5,2
2017-12-02,10000021,1319,834055.56,750000,1000000,18,8
2017-12-02,10000021,1335,730000,730000,730000,5,1
2017-12-02,10000021,1405,999999.99,999999.99,999999.99,7,1
2017-12-02,10000021,1447,1404624.87,1400000,1498000,8,5
2017-12-02,10000021,1541,1750000,1750000,1750000,1,1
2017-12-02,10000021,1820,125,125,125,72000,1
2017-12-02,10000021,1875,200000,200000,200000,2,1
2017-12-02,10000021,1877,1900000,1900000,1900000,15,1
2017-12-02,10000021,1952,1600000,1600000,1600000,2,1
2017-12-02,10000021,1973,38000,38000,38000,1,1
2017-12-02,10000021,1987,2799999.67,2799999.67,2799999.67,2,1
2017-12-02,10000021,1999,1466565.65,1408303,1495696.97,3,3
2017-12-02,10000021,2032,1550251.51,999999.99,2000000,14,4
2017-12-02,10000021,2046,40000,40000,40000,2,2
2017-12-02,10000021,2048,975040.55,705270.03,1244811.07,4,4
2017-12-02,10000021,2175,1379375.48,1350000,1402501.49,28,5
2017-12-02,10000021,2195,3706662.12,3250000,4000000,26,9
2017-12-02,10000021,2203,17999,17999,17999,3,1
2017-12-02,10000021,2205,717307.69,550000,1000000,26,4
2017-12-02,10000021,2254,2000000,2000000,2000000,2,2
2017-12-02,10000021,2281,5000000.01,5000000.01,5000000.01,1,1
2017-12-02,10000021,2301,2717287.5,2699000,2735575,2,2
2017-12-02,10000021,2333,2170000,2170000,2170000,1,1
2017-12-02,10000021,2389,420,420,420,8288,1
2017-12-02,10000021,2398,446,446,446,262420,2
2017-12-02,10000021,2406,3000000,3000000,3000000,1,1
2017-12-02,10000021,2456,749000,500000,998000,10,2
2017-12-02,10000021,2495,2000000,2000000,2000000,1,1
2017-12-02,10000021,2505,5000000,5000000,5000000,1,1
2017-12-02,10000021,2524,1500000,1500000,1500000,5,2
2017-12-02,10000021,2525,2024666.72,2024666.72,2024666.72,1,1
2017-12-02,10000021,2533,1830769.23,1830769.23,1830769.23,1,1
2017-12-02,10000021,2539,1570000,1570000,1570000,1,1
2017-12-02,10000021,2549,1299999,1299999,1299999,2,1
2017-12-02,10000021,2553,2283250,2283250,2283250,1,1
2017-12-02,10000021,2605,886380.62,839570.94,980000,3,3
2017-12-02,10000021,2621,709,709,709,43816,3
2017-12-02,10000021,2679,200,200,200,43836,1
2017-12-02,10000021,2889,1579800,1579800,1579800,7,1
2017-12-02,10000021,2929,5222222.22,4000000,6000000,9,4
2017-12-02,10000021,3130,3499999.99,3499999.99,3499999.99,1,1
2017-12-02,10000021,3244,1761154.35,1565000,2153463.06,3,3
2017-12-02,10000021,3305,1000000,1000000,1000000,1,1
2017-12-02,10000021,3308,5000000,5000000,5000000,1,1
2017-12-02,10000021,3310,1000000,1000000,1000000,1,1
2017-12-02,10000021,3311,1000000,1000000,1000000,1,1
2017-12-02,10000021,3315,3000000,3000000,3000000,1,1
2017-12-02,10000021,3317,1000000,1000000,1000000,1,1
2017-12-02,10000021,3438,1000000,1000000,1000000,3,2
2017-12-02,10000021,3439,2000000,2000000,2000000,1,1
2017-12-02,10000021,3442,3000000,3000000,3000000,1,1
2017-12-02,10000021,3456,15000000,15000000,15000000,1,1
2017-12-02,10000021,3504,3550000.01,3550000.01,3550000.01,2,1
2017-12-02,10000021,3528,360000,360000,360000,2,1
2017-12-02,10000021,3566,150000,150000,150000,1,1
2017-12-02,10000021,3568,1200000,1200000,1200000,1,1
2017-12-02,10000021,3766,500000,500000,500000,1,1
2017-12-02,10000021,3779,489,489,489,173996,1
2017-12-02,10000021,3828,12000,12000,12000,127,1
2017-12-02,10000021,3831,1889333,1889333,1889333,4,2
2017-12-02,10000021,3841,2192371.66,1800000,2297243.32,4,3
2017-12-02,10000021,3887,99800,99800,99800,1,1
2017-12-02,10000021,4025,189829.84,189829.84,189829.84,1,1
2017-12-02,10000021,4027,281109.85,274879.8,299800,4,2
2017-12-02,10000021,4260,1500000,1500000,1500000,1,1
2017-12-02,10000021,4310,56000000,56000000,56000000,1,1
2017-12-02,10000021,4312,23000,23000,23000,7040,2
2017-12-02,10000021,4393,819999.2,100000,999999,10,3
2017-12-02,10000021,4395,1000000,1000000,1000000,5,2
2017-12-02,10000021,4403,999999.99,999999.99,999999.99,2,2
2017-12-02,10000021,4405,1933158.66,1800000,2066317.31,4,3
2017-12-02,10000021,4411,3000000,3000000,3000000,1,1
2017-12-02,10000021,4871,999999.98,999999.98,999999.98,2,1
2017-12-02,10000021,5403,289999.95,289999.95,289999.95,1,1
2017-12-02,10000021,5439,198324.6,198324.6,198324.6,1,1
2017-12-02,10000021,5443,299998.49,299998.49,299998.49,5,1
2017-12-02,10000021,5971,900000,900000,900000,3,3
2017-12-02,10000021,5973,946289.99,946289.99,946289.99,1,1
2017-12-02,10000021,5975,998148.15,988888.89,1000000,6,2
2017-12-02,10000021,6005,1000000,1000000,1000000,1,1
2017-12-02,10000021,6073,999998.99,999998.99,999998.99,6,1
2017-12-02,10000021,8025,300000,300000,300000,3,1
2017-12-02,10000021,8027,1400000,1400000,1400000,3,1
2017-12-02,10000021,8089,553000,553000,553000,2,1
2017-12-02,10000021,8117,999999.99,999999.99,999999.99,5,1
2017-12-02,10000021,8133,999999.99,999999.99,999999.99,5,1
2017-12-02,10000021,8175,599999.99,599999.99,599999.99,1,1
2017-12-02,10000021,8225,799999.97,799999.97,799999.97,1,1
2017-12-02,10000021,9580,850000,850000,850000,1,1
2017-12-02,10000021,9632,450000,450000,450000,1,1
2017-12-02,10000021,9828,449,449,449,99940,1
2017-12-02,10000021,9834,98000,98000,98000,2121,1
2017-12-02,10000021,9836,13000,13000,13000,2000,2
2017-12-02,10000021,9944,220000,220000,220000,3,2
2017-12-02,10000021,10190,1648253.97,1648253.97,1648253.97,2,1
2017-12-02,10000021,10208,29854678,29854678,29854678,1,1
2017-12-02,10000021,10212,27999991.3,27999991.3,27999991.3,1,1
2017-12-02,10000021,10216,29833331.46,29833331.46,29833331.46,1,1
2017-12-02,10000021,10221,28917857.15,28917857.15,28917857.15,1,1
2017-12-02,10000021,10225,29571428.07,29499999,29642857.14,2,2
2017-12-02,10000021,10246,35655.26,35000,37153,23,4
2017-12-02,10000021,10998,500000.01,500000.01,500000.01,3,2
2017-12-02,10000021,11129,12000,12000,12000,2,1
2017-12-02,10000021,11132,50000,50000,50000,1,1
2017-12-02,10000021,11134,1000000,1000000,1000000,1,1
2017-12-02,10000021,11182,25000000,25000000,25000000,2,2
2017-12-02,10000021,11188,25000000,25000000,25000000,1,1
2017-12-02,10000021,11198,30000000,30000000,30000000,1,1
2017-12-02,10000021,11370,3952516.92,3000000,6904703.48,8,5
2017-12-02,10000021,11377,28333333.33,25000000,30000000,3,2
2017-12-02,10000021,11531,60000,60000,60000,51,1
2017-12-02,10000021,11535,39000,39000,39000,191,1
2017-12-02,10000021,11545,14500,14500,14500,2510,1
2017-12-02,10000021,11547,100000,100000,100000,39,1
2017-12-02,10000021,11556,59000,59000,59000,191,1
2017-12-02,10000021,11577,8452747.25,8100000,8805494.5,2,2
2017-12-02,10000021,11578,7100000,7100000,7100000,1,1
2017-12-02,10000021,11584,1000000,1000000,1000000,2,2
2017-12-02,10000021,11642,2400000,2400000,2400000,1,1
2017-12-02,10000021,11648,2900000,2900000,2900000,1,1
2017-12-02,10000021,11971,200000000,200000000,200000000,1,1
2017-12-02,10000021,11999,220000000,220000000,220000000,1,1
2017-12-02,10000021,12038,24000000,22000000,25000000,3,2
2017-12-02,10000021,12199,7000000,7000000,7000000,5,1
2017-12-02,10000021,12274,499998.99,499998.99,499998.99,2,1
2017-12-02,10000021,12765,1000,1000,1000,1000,1
2017-12-02,10000021,13216,20000000,20000000,20000000,1,1
2017-12-02,10000021,13279,2500000,2500000,2500000,1,1
2017-12-02,10000021,14278,990000,990000,990000,5,1
2017-12-02,10000021,16242,1100000,1100000,1100000,1,1
2017-12-02,10000021,16272,490,490,490,18000,1
2017-12-02,10000021,16273,25,25,25,19400,13
2017-12-02,10000021,16274,900,900,900,138000,1
2017-12-02,10000021,16275,1350,1350,1350,6960,1
2017-12-02,10000021,16278,2000000,2000000,2000000,2,1
2017-12-02,10000021,16281,5000000,5000000,5000000,1,1
2017-12-02,10000021,16519,988999,988998.99,988999,5,2
2017-12-02,10000021,17368,1078260.87,1078260.87,1078260.87,2,2
2017-12-02,10000021,17476,25000000,25000000,25000000,1,1
2017-12-02,10000021,17715,242019641.94,215000000,269039283.87,2,2
2017-12-02,10000021,17843,77441666.67,71500000,83383333.33,2,2
2017-12-02,10000021,17887,1000,1000,1000,30000,2
2017-12-02,10000021,17889,1100,1100,1100,30000,1
2017-12-02,10000021,17912,4500000,4500000,4500000,2,1
2017-12-02,10000021,17918,520000000,520000000,520000000,2,2
2017-12-02,10000021,17938,200000,200000,200000,1,1
2017-12-02,10000021,17940,1500000,1500000,1500000,1,1
2017-12-02,10000021,18044,80000,80000,80000,4,1
2017-12-02,10000021,18590,698000,698000,698000,4,1
2017-12-02,10000021,18598,848000,848000,848000,6,1
2017-12-02,10000021,19814,999999,999999,999999,1,1
2017-12-02,10000021,20342,55000000,55000000,55000000,1,1
2017-12-02,10000021,21096,3457735.14,3000000,3500000.01,8,6
2017-12-02,10000021,21610,20000000,20000000,20000000,1,1
2017-12-02,10000021,21896,1400,1400,1400,1500,1
2017-12-02,10000021,21898,780,780,780,120,1
2017-12-02,10000021,21906,790,790,790,400,1
2017-12-02,10000021,21924,510,510,510,400,1
2017-12-02,10000021,22806,1200000,1200000,1200000,1,1
2017-12-02,10000021,22807,1200000,1200000,1200000,1,1
2017-12-02,10000021,22808,1200000,1200000,1200000,1,1
2017-12-02,10000021,22809,1200000,1200000,1200000,1,1
2017-12-02,10000021,23025,1499.99,1499.99,1499.99,5000,1
2017-12-02,10000021,23055,3193361.51,2888382.64,3600000,28,3
2017-12-02,10000021,23057,3000000,3000000,3000000,1,1
2017-12-02,10000021,23059,2000000,2000000,2000000,5,1
2017-12-02,10000021,23061,3100000,3100000,3100000,13,1
2017-12-02,10000021,23527,330000,330000,330000,1,1
2017-12-02,10000021,23533,990000,990000,990000,1,1
2017-12-02,10000021,23606,1000000,1000000,1000000,1,1
2017-12-02,10000021,23707,42666.67,20000,88000,30,2
2017-12-02,10000021,23911,1200000000,1200000000,1200000000,1,1
2017-12-02,10000021,24283,50666666.67,50000000,52000000,6,2
2017-12-02,10000021,24395,384745.35,249999.99,858354.11,9,5
2017-12-02,10000021,24417,2984998.33,2939999.3,2999998,8,3
2017-12-02,10000021,24427,2674999.28,2000000,2899999.04,4,2
2017-12-02,10000021,24438,1872963.8,1872963.8,1872963.8,5,2
2017-12-02,10000021,24490,165,165,165,80000,3
2017-12-02,10000021,24509,730,730,730,20000,1
2017-12-02,10000021,24517,640,640,640,7000,1
2017-12-02,10000021,24702,29400000,25000000,30000000,5,3
2017-12-02,10000021,25266,1700000,1700000,1700000,1,1
2017-12-02,10000021,25593,8800,8800,8800,50,1
2017-12-02,10000021,25595,17001,17001,17001,79,1
2017-12-02,10000021,25597,3300,3300,3300,221,1
2017-12-02,10000021,25599,1200,1200,1200,263,1
2017-12-02,10000021,25601,6200,6200,6200,247,1
2017-12-02,10000021,25602,14296.49,14296.49,14296.49,72,1
2017-12-02,10000021,25603,30000,30000,30000,16,1
2017-12-02,10000021,25614,20000.01,20000.01,20000.01,2,1
2017-12-02,10000021,25618,7000.1,7000.1,7000.1,11,1
2017-12-02,10000021,25620,20000.02,20000.02,20000.02,8,1
2017-12-02,10000021,25861,80000,80000,80000,4,2
2017-12-02,10000021,25894,15000000,15000000,15000000,1,1
2017-12-02,10000021,26374,45000000,45000000,45000000,3,2
2017-12-02,10000021,27361,1000,1000,1000,2000,1
2017-12-02,10000021,27371,1000,1000,1000,19,1
2017-12-02,10000021,27387,1798.8,1798.8,1798.8,1000,1
2017-12-02,10000021,27435,1250,1250,1250,10000,1
2017-12-02,10000021,27914,2100000,2000000,2200000,2,2
2017-12-02,10000021,27920,1000999.29,1000999.29,1000999.29,2,1
2017-12-02,10000021,28209,1600000,1600000,1600000,10,1
2017-12-02,10000021,28213,1441723.42,1402409.64,1450000,23,5
2017-12-02,10000021,28215,1250000,1250000,1250000,10,1
2017-12-02,10000021,28262,477724.44,449840,500000,9,3
2017-12-02,10000021,28290,3115384.62,2730769.23,3500000,14,2
2017-12-02,10000021,28294,2299999.99,2299999.99,2299999.99,5,2
2017-12-02,10000021,28361,6000.01,6000.01,6000.01,94,1
2017-12-02,10000021,28364,11088.07,11088.07,11088.07,40,1
2017-12-02,10000021,28439,500000,500000,500000,133,2
2017-12-02,10000021,28576,1150000,1150000,1150000,6,1
2017-12-02,10000021,28668,26990.84,26990.84,26990.84,350,2
2017-12-02,10000021,28758,43333333.33,43333333.33,43333333.33,1,1
2017-12-02,10000021,28999,503780.88,240000,567968.14,10,5
2017-12-02,10000021,29001,92369.87,80000,93555.06,12,4
2017-12-02,10000021,29011,94999.99,94999.99,94999.99,1,1
2017-12-02,10000021,30013,10957.72,10957.72,10957.72,34,2
2017-12-02,10000021,30488,699999.99,699999.99,700000,40,4
2017-12-02,10000021,31009,999975,999975,999975,1,1
2017-12-02,10000021,31045,1198000,1198000,1198000,3,2
2017-12-02,10000021,31063,1280000,1280000,1280000,2,2
2017-12-02,10000021,31119,2000000,2000000,2000000,8,3
2017-12-02,10000021,31125,15000000,15000000,15000000,4,2
2017-12-02,10000021,31298,350000,350000,350000,3,1
2017-12-02,10000021,31360,5500000,5500000,5500000,1,1
2017-12-02,10000021,31372,2721017.75,1800000,3296653.84,13,5
2017-12-02,10000021,31374,41750000,39000000,50000000,4,2
2017-12-02,10000021,31378,11162878.78,11000000,11977272.66,6,2
2017-12-02,10000021,31594,14999999.99,14999999.99,14999999.99,1,1
2017-12-02,10000021,31718,1000000,1000000,1000000,1,1
2017-12-02,10000021,31724,13000000,12000000,15000000,3,3
2017-12-02,10000021,31790,9333333.33,6000000,11000000,3,3
2017-12-02,10000021,31796,28250000,27999999.99,30000000,8,4
2017-12-02,10000021,31866,2500000,2500000,2500000,6,1
2017-12-02,10000021,31868,7500000,7500000,7500000,2,1
2017-12-02,10000021,31870,4980000,4500000,5500000,10,5
2017-12-02,10000021,31942,91200000,91200000,91200000,2,1
2017-12-02,10000021,32006,100000,100000,100000,16,1
2017-12-02,10000021,32014,400000,400000,400000,13,1
2017-12-02,10000021,32043,4500000,4500000,4500000,2,2
2017-12-02,10000021,32819,2000000,2000000,2000000,5,1
2017-12-02,10000021,32878,500000,500000,500000,1,1
2017-12-02,10000021,32880,150000,150000,150000,1,1
2017-12-02,10000021,32918,1000000,1000000,1000000,1,1
2017-12-02,10000021,32999,1000000,1000000,1000000,1,1
2017-12-02,10000021,33000,1000000,1000000,1000000,1,1
2017-12-02,10000021,33001,1000000,1000000,1000000,1,1
2017-12-02,10000021,33002,1000000,1000000,1000000,1,1
2017-12-02,10000021,33003,275000,250000,300000,16,5
2017-12-02,10000021,33180,625441.67,252883.33,998000,2,2
2017-12-02,10000021,33468,72000000,72000000,72000000,1,1
2017-12-02,10000021,33474,4000000,4000000,4000000,1,1
2017-12-02,10000021,33475,11600078.72,10550393.61,12500000,10,6
2017-12-02,10000021,33681,135000000,135000000,135000000,1,1
2017-12-02,10000021,33822,750000,750000,750000,1,1
2017-12-02,10000021,33824,1968600,1968600,1968600,1,1
2017-12-02,10000021,33915,220000,220000,220000,1,1
2017-12-02,10000021,34562,30200000,29000000,35000000,5,3
2017-12-02,10000021,35657,550000,550000,550000,2,1
2017-12-02,10000021,35659,291515.19,290000.1,294545.37,3,3
2017-12-02,10000021,35660,1000000,1000000,1000000,3,2
2017-12-02,10000021,35790,2144988.83,2144988.83,2144988.83,1,1
2017-12-02,10000021,35794,999999.98,999999.98,999999.98,2,1
2017-12-02,10000021,35795,999499.97,999499.97,999499.97,2,1
2017-12-02,10000021,37457,25000000,25000000,25000000,2,1
2017-12-02,10000021,37460,25000000,25000000,25000000,2,1
2017-12-02,10000021,40351,203500000,203500000,203500000,1,1
2017-12-02,10000021,40556,11500000,11500000,11500000,145,7
2017-12-02,10000021,41033,966666.66,900000,999999.99,3,2
2017-12-02,10000021,41057,5000000,5000000,5000000,1,1
2017-12-02,10000021,41215,35000000,35000000,35000000,1,1
2017-12-02,10000021,41411,45000000,45000000,45000000,1,1
2017-12-02,10000021,41486,37000000,37000000,37000000,1,1
2017-12-02,10000021,41489,3000,3000,3000,220,2
2017-12-02,10000021,41500,490000000,490000000,490000000,1,1
2017-12-02,10000021,42244,65000000,65000000,65000000,1,1
2017-12-02,10000021,42829,1200,1200,1200,1100,2
2017-12-02,10000021,42830,1500,1500,1500,2441,4
2017-12-02,10000021,42831,1500,1500,1500,100,1
2017-12-02,10000021,43694,65000000,65000000,65000000,5,1
2017-12-02,10000021,43699,79000,79000,79000,10,2
2017-12-02,10000021,44992,3399998.99,3399998.99,3399998.99,389,1
2017-12-02,10000021,45613,45000000,45000000,45000000,1,1
2017-12-02,10000021,45614,25000000,25000000,25000000,1,1
2017-12-02,10000022,20,1400,1400,1400,64000,8
2017-12-02,10000022,34,1.8,1.8,1.8,80119294,13
2017-12-02,10000022,35,3,3,3,1060967,9
2017-12-02,10000022,36,52,52,52,213024,6
2017-12-02,10000022,37,100,100,100,215419,7
2017-12-02,10000022,38,300,300,300,18879,6
2017-12-02,10000022,39,516.06,516.06,516.06,2074,6
2017-12-02,10000022,40,355.21,355.21,355.21,1039,6
2017-12-02,10000022,185,450,450,450,500,1
2017-12-02,10000022,202,160,160,160,5000,1
2017-12-02,10000022,208,280,280,280,4999,2
2017-12-02,10000022,211,500,500,500,5000,1
2017-12-02,10000022,230,80.99,80.99,80.99,18081,2
2017-12-02,10000022,244,1,1,1,1,1
2017-12-02,10000022,251,1,1,1,1,1
2017-12-02,10000022,438,3325430.4,3214577.77,3500000,5,5
2017-12-02,10000022,440,5500000,5500000,5500000,2,2
2017-12-02,10000022,448,2162999.5,1325000,3000999,4,4
2017-12-02,10000022,486,290000,290000,290000,4,1
2017-12-02,10000022,527,1626818.07,1540727.1,1799000,3,3
2017-12-02,10000022,578,356750,85000,900250.01,3,2
2017-12-02,10000022,583,990000,990000,990000,1,1
2017-12-02,10000022,584,1500000,1500000,1500000,1,1
2017-12-02,10000022,589,900000,900000,900000,1,1
2017-12-02,10000022,593,450000,450000,450000,3,1
2017-12-02,10000022,607,1500000,1500000,1500000,1,1
2017-12-02,10000022,622,8900001,8900001,8900001,1,1
2017-12-02,10000022,634,10000000,10000000,10000000,2,2
2017-12-02,10000022,639,45500000,45500000,45500000,1,1
2017-12-02,10000022,644,110000000,110000000,110000000,1,1
2017-12-02,10000022,672,150000,150000,150000,1,1
2017-12-02,10000022,1183,639017.17,639017.17,639017.17,2,2
2017-12-02,10000022,1228,1000,1000,1000,3000,2
2017-12-02,10000022,1236,1098666.05,1098666.05,1098666.05,1,1
2017-12-02,10000022,1306,450000,450000,450000,1,1
2017-12-02,10000022,1319,900000,900000,900000,3,2
2017-12-02,10000022,1335,631231.89,631231.89,631231.89,5,1
2017-12-02,10000022,1405,683457.18,539999,750000,14,6
2017-12-02,10000022,1541,1016666.67,1000000,1050000,3,3
2017-12-02,10000022,1999,1300000,900000,1500000,3,3
2017-12-02,10000022,2032,693333.33,690000,700000,3,3
2017-12-02,10000022,2048,1190997.37,950499.5,1671993.11,3,3
2017-12-02,10000022,2175,1386176.45,1386176.45,1386176.45,4,1
2017-12-02,10000022,2185,1227222.22,980000,1300000,18,4
2017-12-02,10000022,2203,30000,30000,30000,2,1
2017-12-02,10000022,2205,569760.62,535999.02,990000,67,6
2017-12-02,10000022,2272,1,1,1,2020013,1
2017-12-02,10000022,2303,1675220.99,1675220.99,1675220.99,1,1
2017-12-02,10000022,2364,1425000,1350000,1500000,2,2
2017-12-02,10000022,2393,530,530,530,1500,1
2017-12-02,10000022,2410,1329398.59,1329398.59,1329398.59,6,2
2017-12-02,10000022,2456,348703.47,100000,999000,27,9
2017-12-02,10000022,2464,20000,20000,20000,16,2
2017-12-02,10000022,2486,220000,220000,220000,3,1
2017-12-02,10000022,2488,990000,990000,990000,6,1
2017-12-02,10000022,2531,1,1,1,2,1
2017-12-02,10000022,2533,699999.98,699999.98,699999.98,4,1
2017-12-02,10000022,2547,1,1,1,1,1
2017-12-02,10000022,2549,1000000,1000000,1000000,2,1
2017-12-02,10000022,2551,1100000,1100000,1100000,1,1
2017-12-02,10000022,2553,1300000,1300000,1300000,2,1
2017-12-02,10000022,2567,2199000,2199000,2199000,3,1
2017-12-02,10000022,2605,329999.22,299999.02,450000,5,3
2017-12-02,10000022,2629,650,650,650,2150,1
2017-12-02,10000022,3074,1035000,1035000,1035000,2,1
2017-12-02,10000022,3138,2099000,2099000,2099000,1,1
2017-12-02,10000022,3146,2299998.58,2299998.58,2299998.58,5,1
2017-12-02,10000022,3162,1129846.15,874615.38,1300000,5,2
2017-12-02,10000022,3178,1064705.88,1000000,1100000,17,7
2017-12-02,10000022,3244,1818086.67,1750000,1886173.34,2,2
2017-12-02,10000022,3357,1000000,1000000,1000000,1,1
2017-12-02,10000022,3436,200000,200000,200000,1,1
2017-12-02,10000022,3442,1000000,1000000,1000000,2,2
2017-12-02,10000022,3451,100000,100000,100000,1,1
2017-12-02,10000022,3467,350000,350000,350000,1,1
2017-12-02,10000022,3504,7760148.99,7760148.99,7760148.99,2,1
2017-12-02,10000022,3540,2099998.76,2099998.76,2099998.76,2,1
2017-12-02,10000022,3554,20000,20000,20000,45,1
2017-12-02,10000022,3568,999651.07,995053.12,1013444.91,4,4
2017-12-02,10000022,3689,81.23,81.23,81.23,2,1
2017-12-02,10000022,3766,750000,750000,750000,2,1
2017-12-02,10000022,3814,500000,500000,500000,1,1
2017-12-02,10000022,3828,27.29,27.29,27.29,21,1
2017-12-02,10000022,3829,400000,400000,400000,1,1
2017-12-02,10000022,3831,1000999,1000999,1000999,1,1
2017-12-02,10000022,3841,1400000,1400000,1400000,1,1
2017-12-02,10000022,3898,18967272.44,18967272.44,18967272.44,1,1
2017-12-02,10000022,4025,166666.67,125000,250000,3,3
2017-12-02,10000022,4027,129887.9,129887.9,129887.9,2,1
2017-12-02,10000022,4258,1999999.8,1999999.8,1999999.8,1,1
2017-12-02,10000022,4260,3100000,3100000,3100000,2,1
2017-12-02,10000022,4471,1,1,1,1,1
2017-12-02,10000022,4575,1,1,1,1,1
2017-12-02,10000022,4833,1242093.15,1242093.15,1242093.15,1,1
2017-12-02,10000022,4871,1,1,1,1,1
2017-12-02,10000022,5137,395555,395555,395555,1,1
2017-12-02,10000022,5302,100000,100000,100000,3,1
2017-12-02,10000022,5443,168998.86,168998.86,168998.86,1,1
2017-12-02,10000022,5839,2999999,2999999,2999999,1,1
2017-12-02,10000022,5971,150000,150000,150000,1,1
2017-12-02,10000022,5973,750000,750000,750000,3,3
2017-12-02,10000022,5975,225000,225000,225000,1,1
2017-12-02,10000022,8027,1800000,1800000,1800000,5,1
2017-12-02,10000022,8117,500000.01,500000.01,500000.01,3,1
2017-12-02,10000022,8177,299998,299998,299998,1,1
2017-12-02,10000022,8517,2809083.49,2809083.49,2809083.49,1,1
2017-12-02,10000022,9842,10000,10000,10000,13,1
2017-12-02,10000022,9848,30000.02,30000.02,30000.02,42,1
2017-12-02,10000022,9899,10325432.95,10325432.95,10325432.95,2,2
2017-12-02,10000022,9943,11846924.96,11846924.96,11846924.96,1,1
2017-12-02,10000022,10190,1450000,1450000,1450000,5,5
2017-12-02,10000022,10246,50000,50000,50000,3,1
2017-12-02,10000022,11105,100000,100000,100000,98,1
2017-12-02,10000022,11129,99500,80000,119000,4,4
2017-12-02,10000022,11132,50000,50000,50000,1,1
2017-12-02,10000022,11134,174999.99,150000,199999.98,2,2
2017-12-02,10000022,11196,39991002,39991002,39991002,1,1
2017-12-02,10000022,11198,38995501,35000000,42991002,2,2
2017-12-02,10000022,11202,41991002,41991002,41991002,1,1
2017-12-02,10000022,11269,950000,950000,950000,1,1
2017-12-02,10000022,11319,1,1,1,2,2
2017-12-02,10000022,11327,1,1,1,1,1
2017-12-02,10000022,11370,2156666.04,170000.13,3149999,3,3
2017-12-02,10000022,11377,40000000,40000000,40000000,4,1
2017-12-02,10000022,11399,4500,4500,4500,108,1
2017-12-02,10000022,11446,12000000,12000000,12000000,1,1
2017-12-02,10000022,11563,300000,300000,300000,1,1
2017-12-02,10000022,11578,7000000,7000000,7000000,3,2
2017-12-02,10000022,11640,1166666.67,1000000,1500000,6,2
2017-12-02,10000022,11644,1638211.01,1638211.01,1638211.01,2,2
2017-12-02,10000022,11646,2140000,2140000,2140000,2,1
2017-12-02,10000022,11648,1944999.88,1944999.88,1944999.88,2,1
2017-12-02,10000022,12084,11187000,11187000,11187000,1,1
2017-12-02,10000022,12198,1900000,1900000,1900000,3,3
2017-12-02,10000022,12271,6750000.01,6750000.01,6750000.01,2,1
2017-12-02,10000022,12305,500000,500000,500000,1,1
2017-12-02,10000022,12608,100,100,100,4500,2
2017-12-02,10000022,12612,200,200,200,16000,4
2017-12-02,10000022,12614,150,150,150,6500,2
2017-12-02,10000022,12625,250,250,250,1410,1
2017-12-02,10000022,12789,115,115,115,1500,1
2017-12-02,10000022,13003,2812014.75,2812014.75,2812014.75,2,2
2017-12-02,10000022,13284,1000000,1000000,1000000,1,1
2017-12-02,10000022,13285,1000000,1000000,1000000,1,1
2017-12-02,10000022,15331,1.42,1.42,1.42,5,1
2017-12-02,10000022,15477,11500000,11500000,11500000,1,1
2017-12-02,10000022,15480,13000000,13000000,13000000,1,1
2017-12-02,10000022,15588,8000,8000,8000,11,1
2017-12-02,10000022,15591,30000,30000,30000,9,1
2017-12-02,10000022,15598,15000,15000,15000,7,1
2017-12-02,10000022,15599,20000,20000,20000,12,3
2017-12-02,10000022,15607,4500,4500,4500,6,1
2017-12-02,10000022,15608,8000,8000,8000,2,1
2017-12-02,10000022,15612,50000,50000,50000,5,1
2017-12-02,10000022,15613,82000.01,82000.01,82000.01,21,1
2017-12-02,10000022,15614,100000.01,100000.01,100000.01,15,1
2017-12-02,10000022,15615,500000.03,500000.03,500000.03,8,1
2017-12-02,10000022,15623,50000,50000,50000,1,1
2017-12-02,10000022,15642,60000,60000,60000,1,1
2017-12-02,10000022,15643,2000000,2000000,2000000,1,1
2017-12-02,10000022,15646,50000,50000,50000,5,1
2017-12-02,10000022,15656,100000,100000,100000,334,3
2017-12-02,10000022,15671,750000,750000,750000,3,2
2017-12-02,10000022,15672,100000,100000,100000,1,1
2017-12-02,10000022,15681,1,1,1,3,3
2017-12-02,10000022,15909,1,1,1,1,1
2017-12-02,10000022,15913,1,1,1,1,1
2017-12-02,10000022,15992,25000,25000,25000,4,1
2017-12-02,10000022,15996,30000,30000,30000,8,1
2017-12-02,10000022,15999,50000,50000,50000,7,3
2017-12-02,10000022,16001,30000,30000,30000,1,1
2017-12-02,10000022,16118,65000,65000,65000,165,10
2017-12-02,10000022,16120,35000,35000,35000,55,12
2017-12-02,10000022,16121,65000,65000,65000,88,8
2017-12-02,10000022,16122,150000,150000,150000,48,8
2017-12-02,10000022,16123,200000,200000,200000,34,9
2017-12-02,10000022,16124,1000000,1000000,1000000,153,12
2017-12-02,10000022,16125,2000000,2000000,2000000,55,9
2017-12-02,10000022,16186,50000,50000,50000,2,1
2017-12-02,10000022,16238,1999000,1999000,1999000,1,1
2017-12-02,10000022,16242,790909.97,790909.97,790909.97,1,1
2017-12-02,10000022,16272,394.98,394.98,394.98,405026,2
2017-12-02,10000022,16273,85,85,85,80400,11
2017-12-02,10000022,16274,730,730,730,269467,2
2017-12-02,10000022,16303,500000,500000,500000,4,1
2017-12-02,10000022,16313,1,1,1,1,1
2017-12-02,10000022,16367,1,1,1,1,1
2017-12-02,10000022,16469,1,1,1,1,1
2017-12-02,10000022,16475,1,1,1,1,1
2017-12-02,10000022,17636,108750000,108750000,108750000,1,1
2017-12-02,10000022,17715,138100000,138100000,138100000,1,1
2017-12-02,10000022,17738,490000000,490000000,490000000,1,1
2017-12-02,10000022,17887,1050,1050,1050,62956,4
2017-12-02,10000022,17889,800,800,800,99000,6
2017-12-02,10000022,17928,74666666.67,74000000,75000000.01,3,3
2017-12-02,10000022,17930,77000000,75000000,79000000,2,2
2017-12-02,10000022,17938,139984.13,119952.38,150000,3,3
2017-12-02,10000022,17999,500000,500000,500000,1,1
2017-12-02,10000022,18639,150000,150000,150000,1,1
2017-12-02,10000022,19147,15000000,15000000,15000000,1,1
2017-12-02,10000022,20411,37580.68,37580.68,37580.68,16,1
2017-12-02,10000022,21096,2975874.71,2289499.95,3213999.5,8,8
2017-12-02,10000022,21640,900000,900000,900000,1,1
2017-12-02,10000022,21894,1450.01,1450.01,1450.01,2000,1
2017-12-02,10000022,21896,930,930,930,2500,1
2017-12-02,10000022,21898,650.01,650.01,650.01,4000,2
2017-12-02,10000022,22175,146444,145555,150000,5,2
2017-12-02,10000022,22177,148187.09,60989.9,150000,5,5
2017-12-02,10000022,22291,1590571.53,1499900,1620795.37,4,2
2017-12-02,10000022,22456,85000000,85000000,85000000,2,2
2017-12-02,10000022,22778,239691.4,239691.4,239691.4,132,4
2017-12-02,10000022,22782,1799999,1799999,1799999,2,2
2017-12-02,10000022,23059,3500000.01,3500000.01,3500000.01,45,1
2017-12-02,10000022,23618,489999.99,489999.99,489999.99,1,1
2017-12-02,10000022,23791,1,1,1,1,1
2017-12-02,10000022,23805,1,1,1,2,2
2017-12-02,10000022,24242,2300000,2300000,2300000,1,1
2017-12-02,10000022,24348,75000.02,75000.02,75000.02,1,1
2017-12-02,10000022,24417,1500000,1500000,1500000,3,1
2017-12-02,10000022,24499,280,280,280,12000,3
2017-12-02,10000022,24509,550,550,550,10000,1
2017-12-02,10000022,24533,800,800,800,15000,1
2017-12-02,10000022,24535,648.99,648.99,648.99,38740,1
2017-12-02,10000022,25349,25000000,25000000,25000000,6,1
2017-12-02,10000022,25563,2149499.94,2100000,2198999.87,4,2
2017-12-02,10000022,25590,16925.03,16925.03,16925.03,249,3
2017-12-02,10000022,25592,1802.11,1802.11,1802.11,289,2
2017-12-02,10000022,25597,504.98,504.98,504.98,183,1
2017-12-02,10000022,25600,100.01,100.01,100.01,301,3
2017-12-02,10000022,25601,830.78,830.78,830.78,316,3
2017-12-02,10000022,25605,7001.03,7001.03,7001.03,120,2
2017-12-02,10000022,25609,350000,350000,350000,5,1
2017-12-02,10000022,25611,55000.05,55000.05,55000.05,14,1
2017-12-02,10000022,25616,5311.59,5311.59,5311.59,19,1
2017-12-02,10000022,25617,251300.07,251300.07,251300.07,18,2
2017-12-02,10000022,25618,6943.41,6943.41,6943.41,8,2
2017-12-02,10000022,25619,190000.03,190000.03,190000.03,32,2
2017-12-02,10000022,25620,55000,55000,55000,13,1
2017-12-02,10000022,25624,4015502.63,3831005.25,4200000.01,16,4
2017-12-02,10000022,25707,80118,80118,80118,5,1
2017-12-02,10000022,25715,3500000,3500000,3500000,1,1
2017-12-02,10000022,25861,194398.99,100000,571994.95,10,3
2017-12-02,10000022,25888,7499999.89,7499999.89,7499999.89,2,2
2017-12-02,10000022,25894,11899000,11899000,11899000,1,1
2017-12-02,10000022,25948,10000000,10000000,10000000,1,1
2017-12-02,10000022,25954,1,1,1,1,1
2017-12-02,10000022,25956,17500000,17500000,17500000,1,1
2017-12-02,10000022,26076,1999999.02,1999999.02,1999999.02,2,2
2017-12-02,10000022,26082,500000,500000,500000,1,1
2017-12-02,10000022,26256,1000000,1000000,1000000,1,1
2017-12-02,10000022,26929,150000,150000,150000,2,2
2017-12-02,10000022,27351,2800.01,2800.01,2800.01,500,1
2017-12-02,10000022,27371,999.01,999.01,999.01,200,1
2017-12-02,10000022,27377,19.02,19.02,19.02,19918,10
2017-12-02,10000022,27395,12.1,12.1,12.1,21881,1
2017-12-02,10000022,27423,2426,2426,2426,18860,4
2017-12-02,10000022,27441,1800,1800,1800,1000,1
2017-12-02,10000022,27447,1100,1100,1100,5066,1
2017-12-02,10000022,27920,1000000,1000000,1000000,10,1
2017-12-02,10000022,28576,2000000,2000000,2000000,2,1
2017-12-02,10000022,28668,28031,28031,28999,2954,11
2017-12-02,10000022,28758,40000000.01,40000000.01,40000000.01,1,1
2017-12-02,10000022,29012,1500000,1500000,1500000,1,1
2017-12-02,10000022,29015,20000,20000,20000,3,1
2017-12-02,10000022,29248,2225000.01,500000,2800000.01,4,4
2017-12-02,10000022,30013,28248.49,27500,28996.97,32,2
2017-12-02,10000022,30486,650000,650000,650000,8,1
2017-12-02,10000022,30488,575999.72,551000,799999.01,56,6
2017-12-02,10000022,30832,1999999.99,1999999.99,1999999.99,1,1
2017-12-02,10000022,30834,1999999.99,1999999.99,1999999.99,1,1
2017-12-02,10000022,30836,1200000,1200000,1200000,2,2
2017-12-02,10000022,30987,819999.98,819999.98,819999.98,1,1
2017-12-02,10000022,30993,49500000.01,49500000.01,49500000.01,3,1
2017-12-02,10000022,30999,1689978.34,1689978.34,1689978.34,1,1
2017-12-02,10000022,31041,26000000,26000000,26000000,2,2
2017-12-02,10000022,31045,950000.01,950000.01,950000.01,2,2
2017-12-02,10000022,31047,1700000,1700000,1700000,3,1
2017-12-02,10000022,31051,11000000.01,11000000.01,11000000.01,2,2
2017-12-02,10000022,31055,1800000,1800000,1800000,1,1
2017-12-02,10000022,31063,876666.67,630000,1000000,3,3
2017-12-02,10000022,31105,489997.6,474994,500000,5,3
2017-12-02,10000022,31153,749999.33,450000,899999,3,2
2017-12-02,10000022,31159,456333.01,368999.01,500000.01,9,4
2017-12-02,10000022,31167,19999998.99,19999998.99,19999998.99,2,1
2017-12-02,10000022,31177,500000,500000,500000,2,2
2017-12-02,10000022,31179,1389999.01,1389999.01,1389999.01,1,1
2017-12-02,10000022,31201,213000.01,213000.01,213000.01,1,1
2017-12-02,10000022,31207,5000000,5000000,5000000,1,1
2017-12-02,10000022,31213,216666.34,200000,249999.01,3,2
2017-12-02,10000022,31370,322000,322000,322000,2,1
2017-12-02,10000022,31526,2980000,2980000,2980000,2,1
2017-12-02,10000022,31538,1500000,1500000,1500000,2,1
2017-12-02,10000022,31718,289823.47,213499.51,300000,17,3
2017-12-02,10000022,31722,2800000.01,2800000.01,2800000.01,1,1
2017-12-02,10000022,31754,275426.33,275426.33,275426.33,1,1
2017-12-02,10000022,31758,3166666.67,3000000,3500000,3,3
2017-12-02,10000022,31788,545999.68,545999.68,545999.68,2,2
2017-12-02,10000022,31790,2700000,1600000,3000000,4,3
2017-12-02,10000022,31794,10499998,10499998,10499998,1,1
2017-12-02,10000022,31868,4300000,4000000,4750000,5,3
2017-12-02,10000022,31882,2450000,2450000,2450000,4,1
2017-12-02,10000022,31942,50000000,50000000,50000000,1,1
2017-12-02,10000022,31982,35999,35999,35999,10,1
2017-12-02,10000022,31998,75000,75000,75000,117,5
2017-12-02,10000022,32006,169402.15,111000,198888,93,5
2017-12-02,10000022,32014,226236.73,226236.73,226236.73,177,5
2017-12-02,10000022,32772,900000,900000,900000,1,1
2017-12-02,10000022,32774,199999.01,199999.01,199999.01,1,1
2017-12-02,10000022,32787,25000,25000,25000,7,2
2017-12-02,10000022,33101,499999.03,499999.03,499999.03,6,1
2017-12-02,10000022,33180,499999.01,499999.01,499999.01,1,1
2017-12-02,10000022,33332,80000,80000,80000,100,1
2017-12-02,10000022,33474,2125000,2000000,2500000,4,3
2017-12-02,10000022,33475,12714285.71,12000000,15000000,14,8
2017-12-02,10000022,33894,7900000,7900000,7900000,3,1
2017-12-02,10000022,35658,999999,999999,999999,1,1
2017-12-02,10000022,35790,2200000,2200000,2200000,3,2
2017-12-02,10000022,37450,1599999.99,1599999.99,1599999.99,2,1
2017-12-02,10000022,37451,3000000,3000000,3000000,3,1
2017-12-02,10000022,40346,11000000,11000000,11000000,3,1
2017-12-02,10000022,40350,154000000.01,154000000.01,154000000.01,1,1
2017-12-02,10000022,40556,12500000.01,12500000.01,12500000.01,32,1
2017-12-02,10000022,40559,12500000.01,12500000.01,12500000.01,29,1
2017-12-02,10000022,41218,78500000,78500000,78500000,1,1
2017-12-02,10000022,41489,25000,25000,25000,40,2
2017-12-02,10000022,41490,1053139.54,975000.01,1199000,86,3
2017-12-02,10000022,41493,145000000,145000000,145000000,1,1
2017-12-02,10000022,43702,1000000,1000000,1000000,1,1
2017-12-02,10000022,44992,3250500,3250500,3250500,3604,5
2017-12-02,10000022,45746,1300000,1300000,1300000,1,1
2017-12-02,10000023,20,1099.64,1099.64,1099.64,88000,11
2017-12-02,10000023,22,3500.31,3500.31,3500.31,3,1
2017-12-02,10000023,34,5.5,4.95,8.93,5099003,22
2017-12-02,10000023,35,6.92,6.92,6.92,1300896,18
2017-12-02,10000023,36,64,64,64,394558,19
2017-12-02,10000023,37,44,44,44,69411,8
2017-12-02,10000023,38,159.65,159.65,159.65,75787,11
2017-12-02,10000023,39,706,706,706,23113,10
2017-12-02,10000023,40,400,400,400,5414,6
2017-12-02,10000023,184,1.99,1.99,1.99,5000,1
2017-12-02,10000023,185,28,28,28,21120,5
2017-12-02,10000023,199,70,70,70,30000,1
2017-12-02,10000023,200,1.92,1.92,1.92,100,1
2017-12-02,10000023,201,214.98,214.98,214.98,10100,2
2017-12-02,10000023,203,197,197,197,500,2
2017-12-02,10000023,204,499.98,499.98,499.98,100,1
2017-12-02,10000023,206,5.7,5.7,5.7,100,1
2017-12-02,10000023,207,3.7,3.7,3.7,14950,2
2017-12-02,10000023,210,89,89,89,7088,4
2017-12-02,10000023,211,1,1,1,9626,2
2017-12-02,10000023,212,88.99,88.99,88.99,5500,2
2017-12-02,10000023,213,1,1,1,900,1
2017-12-02,10000023,215,55,55,55,5600,4
2017-12-02,10000023,222,30.04,30.04,30.04,359739,31
2017-12-02,10000023,223,119.74,119.74,119.74,500,2
2017-12-02,10000023,225,50.99,50.99,50.99,5200,4
2017-12-02,10000023,230,98.77,98.77,98.77,23192,5
2017-12-02,10000023,246,49998.99,49998.99,49998.99,2,1
2017-12-02,10000023,263,800,800,800,188,6
2017-12-02,10000023,264,1490,1490,1490,107,2
2017-12-02,10000023,266,7.08,7.08,7.08,100,1
2017-12-02,10000023,377,316333,48999,450000,3,3
2017-12-02,10000023,380,1085574.75,1077998.95,1123453.76,6,4
2017-12-02,10000023,394,956665.99,935000,999997.97,3,2
2017-12-02,10000023,400,707727.45,707727.44,707727.45,4,4
2017-12-02,10000023,434,340000,325000,350000,5,5
2017-12-02,10000023,438,3485874.2,2200000.4,3914498.8,8,5
2017-12-02,10000023,439,44000,44000,44000,2,2
2017-12-02,10000023,440,3966821.21,1009169,5915269.06,5,5
2017-12-02,10000023,442,290000,80000,500000,2,2
2017-12-02,10000023,444,300000,300000,300000,1,1
2017-12-02,10000023,447,82499.71,64999.63,134999.96,4,4
2017-12-02,10000023,448,1560713.99,1050470,1726954.39,8,7
2017-12-02,10000023,483,95999.99,64000,111999.99,6,3
2017-12-02,10000023,484,20000,20000,20000,8,1
2017-12-02,10000023,488,55538.49,54.99,185000,10,2
2017-12-02,10000023,501,399999.79,399999.79,399999.79,7,1
2017-12-02,10000023,519,1362810.44,999999,1499998.81,9,7
2017-12-02,10000023,523,160000,160000,160000,1,1
2017-12-02,10000023,527,1527633,1199560,2183778.99,6,5
2017-12-02,10000023,561,154644.22,100000,345899,9,3
2017-12-02,10000023,563,99999,99999,99999,5,1
2017-12-02,10000023,568,319998.99,319998.99,319998.99,4,1
2017-12-02,10000023,570,666666.69,666666.69,666666.69,4,1
2017-12-02,10000023,578,299999.99,159999.99,1000000,12,7
2017-12-02,10000023,583,521064.98,500000,526674.99,77,6
2017-12-02,10000023,584,550001,550001,550001,29,13
2017-12-02,10000023,585,430999.8,199999.5,585000,5,5
2017-12-02,10000023,587,766001.12,50000,989999.26,5,5
2017-12-02,10000023,592,550000,550000,550000,1,1
2017-12-02,10000023,593,565291.45,544555.8,803751.38,25,5
2017-12-02,10000023,597,774999.99,550000,999999.98,2,2
2017-12-02,10000023,601,400000,400000,400000,1,1
2017-12-02,10000023,602,549000,549000,549000,1,1
2017-12-02,10000023,603,731695.65,300000,1595086.96,3,3
2017-12-02,10000023,605,666666,666666,666666,4,4
2017-12-02,10000023,608,251144.06,50000,286922.01,10,6
2017-12-02,10000023,609,261666.74,195000.1,774999.99,12,11
2017-12-02,10000023,620,88235.95,88235.95,88235.95,2,2
2017-12-02,10000023,621,9166666.93,8500000.81,9499999.99,6,6
2017-12-02,10000023,623,800001,800001,800001,2,2
2017-12-02,10000023,626,10400000,10400000,10400000,1,1
2017-12-02,10000023,631,9122998.29,9122998.29,9122998.29,1,1
2017-12-02,10000023,633,5008981.55,5008981.55,5008981.55,1,1
2017-12-02,10000023,634,899999.99,899999.99,899999.99,1,1
2017-12-02,10000023,641,125000000,125000000,125000000,1,1
2017-12-02,10000023,644,156518610.29,156518610.29,156518610.29,1,1
2017-12-02,10000023,648,1400000,1400000,1400000,2,2
2017-12-02,10000023,650,600000,600000,600000,5,3
2017-12-02,10000023,652,1399999.99,1399999.99,1399999.99,1,1
2017-12-02,10000023,653,1500000,1500000,1500000,1,1
2017-12-02,10000023,654,2800000,2800000,2800000,1,1
2017-12-02,10000023,655,1227830.41,839986.38,1314017.97,11,5
2017-12-02,10000023,656,1605878.86,1410288,2500000,7,7
2017-12-02,10000023,657,2011540.38,1930294,5306000.01,16,13
2017-12-02,10000023,672,109499.5,18999,200000,2,2
2017-12-02,10000023,1182,144441,144441,144441,6,4
2017-12-02,10000023,1183,1321998.26,1321998.26,1321998.26,4,1
2017-12-02,10000023,1227,800,800,800,10000,1
2017-12-02,10000023,1228,489.97,489.97,489.97,13500,10
2017-12-02,10000023,1230,450,450,450,2770,3
2017-12-02,10000023,1236,718894.43,718894.43,718894.43,4,2
2017-12-02,10000023,1248,1753648.85,1729736.41,1779999,8,4
2017-12-02,10000023,1256,2481499.98,1444499.94,3000000,3,2
2017-12-02,10000023,1306,315805.99,315805.99,315805.99,2,2
2017-12-02,10000023,1317,299999.96,299999.96,299999.96,2,2
2017-12-02,10000023,1319,837944.78,683999.32,2000000,55,21
2017-12-02,10000023,1333,25499.99,25499.99,25499.99,5,2
2017-12-02,10000023,1335,723318.57,723318.57,723318.57,2,2
2017-12-02,10000023,1353,499999.99,499999.99,499999.99,1,1
2017-12-02,10000023,1403,489999,489999,489999,1,1
2017-12-02,10000023,1405,1197982.89,849517.65,1499999.99,52,30
2017-12-02,10000023,1422,1374354.58,1374354.58,1374354.58,4,2
2017-12-02,10000023,1447,699248.68,296244.99,800000,20,11
2017-12-02,10000023,1541,1293333.68,1000001.03,1440000,3,3
2017-12-02,10000023,1814,25,25,25,2000,1
2017-12-02,10000023,1816,6.24,6.24,6.24,100,1
2017-12-02,10000023,1877,1532294.12,1495999.94,2191689.21,22,5
2017-12-02,10000023,1952,1402872.5,1199995,1500000,8,6
2017-12-02,10000023,1968,1199949.84,1199899.67,1200000,4,2
2017-12-02,10000023,1986,499999.99,499999.99,499999.99,2,1
2017-12-02,10000023,1987,1450000,1450000,1450000,1,1
2017-12-02,10000023,1999,1349999,1200000,1499997.99,4,3
2017-12-02,10000023,2032,762273.65,302499.86,845868.78,13,13
2017-12-02,10000023,2046,22833.47,1,28999.99,6,6
2017-12-02,10000023,2048,751964,744999.96,751964,421,41
2017-12-02,10000023,2082,248500000.03,248500000.03,248500000.03,1,1
2017-12-02,10000023,2161,500798,451596,550000,2,2
2017-12-02,10000023,2175,1172874.09,1100000,1710491.98,20,4
2017-12-02,10000023,2183,47752.64,37628.14,49199,40,7
2017-12-02,10000023,2185,848336.05,610007,1000000,18,4
2017-12-02,10000023,2193,150000,150000,150000,10,1
2017-12-02,10000023,2195,2000000,2000000,2000000,14,3
2017-12-02,10000023,2203,34998.96,34998.96,34998.97,18,4
2017-12-02,10000023,2205,584081.17,500000,750000,98,19
2017-12-02,10000023,2254,1500000,1500000,1500000,2,2
2017-12-02,10000023,2281,3709691.37,3687499.99,3800000,29,22
2017-12-02,10000023,2297,2475750.34,2475750.34,2475750.34,1,1
2017-12-02,10000023,2299,3499990,3499990,3499990,2,2
2017-12-02,10000023,2301,2665064.39,2200176.27,2974989.8,5,5
2017-12-02,10000023,2303,2155155.31,2155155.31,2155155.31,1,1
2017-12-02,10000023,2364,862875.8,570069.16,1741295.72,8,3
2017-12-02,10000023,2399,500,500,500,7600,1
2017-12-02,10000023,2400,362.03,362.03,362.03,108000,2
2017-12-02,10000023,2404,1466148.03,1336984.82,1595311.23,4,3
2017-12-02,10000023,2410,1989500.17,1989500.17,1989500.17,6,1
2017-12-02,10000023,2436,3150119.77,2448499.99,4499595.46,48,7
2017-12-02,10000023,2444,149998.24,149997.36,150000.01,3,2
2017-12-02,10000023,2446,2885388.4,2885388.21,2885388.69,5,2
2017-12-02,10000023,2454,30961.11,10999.98,32997.96,54,8
2017-12-02,10000023,2456,632849.53,400000,749999.99,99,18
2017-12-02,10000023,2464,26852.21,18598.99,31995.82,58,10
2017-12-02,10000023,2466,721581.19,280297.73,779999.99,86,15
2017-12-02,10000023,2476,155882.35,150000,160000,17,2
2017-12-02,10000023,2478,2000000,2000000,2000000,29,2
2017-12-02,10000023,2486,51877.09,49999,57746.12,33,7
2017-12-02,10000023,2488,569999.99,260991.98,624999,110,18
2017-12-02,10000023,2505,9999999.72,9999999.72,9999999.72,1,1
2017-12-02,10000023,2510,750,750,750,6096,2
2017-12-02,10000023,2512,49.98,49.98,49.98,100,1
2017-12-02,10000023,2514,49.98,49.98,49.98,2000,1
2017-12-02,10000023,2524,275000,100000,1500000,8,2
2017-12-02,10000023,2533,1245000.38,990000.75,1500000,2,2
2017-12-02,10000023,2534,937437.36,599899.77,1500000,8,3
2017-12-02,10000023,2539,1499994.99,1499994.99,1499994.99,4,4
2017-12-02,10000023,2545,900000.01,900000.01,900000.01,1,1
2017-12-02,10000023,2547,2499999.62,2499998.9,2499999.98,3,3
2017-12-02,10000023,2549,1083333.33,999999.99,1500000,6,2
2017-12-02,10000023,2550,1500000,1500000,1500000,1,1
2017-12-02,10000023,2551,583333.33,399999.99,1500000,6,2
2017-12-02,10000023,2553,1150000,1149999.99,1150000,9,8
2017-12-02,10000023,2559,4298982.46,4298982.46,4298982.46,5,3
2017-12-02,10000023,2563,4499998.84,4499998.84,4499998.84,6,4
2017-12-02,10000023,2571,4499998.58,4499998.57,4499998.58,9,5
2017-12-02,10000023,2575,4530999.49,4530999.45,4530999.51,6,3
2017-12-02,10000023,2603,14999,14999,14999,4,3
2017-12-02,10000023,2605,654591.11,495998.99,2000000,48,27
2017-12-02,10000023,2613,240,240,240,4000,2
2017-12-02,10000023,2629,999.68,999.68,999.68,2673,2
2017-12-02,10000023,2647,98.94,98.94,98.94,1000,1
2017-12-02,10000023,2679,313.9,313.9,313.9,6000,1
2017-12-02,10000023,2868,1800000.01,1800000.01,1800000.01,3,1
2017-12-02,10000023,2873,920000,840000,1000000,12,2
2017-12-02,10000023,2889,928998.99,928998.99,928998.99,8,2
2017-12-02,10000023,2897,2449998.99,2449998.99,2449998.99,5,1
2017-12-02,10000023,2977,1559343.95,725204.58,2099999.59,14,3
2017-12-02,10000023,3033,700000.27,100000.83,999999.99,3,3
2017-12-02,10000023,3041,106238.29,106238.29,106238.29,4,1
2017-12-02,10000023,3074,1099999.96,1099998.87,1500000,398,13
2017-12-02,10000023,3082,3299999.99,3299999.99,3299999.99,6,1
2017-12-02,10000023,3098,756219.85,756219.85,756219.85,3,1
2017-12-02,10000023,3146,3500000,3500000,3500000,6,1
2017-12-02,10000023,3170,969411.15,947998.99,999999.94,17,3
2017-12-02,10000023,3178,987939.03,987939,987939.29,96,7
2017-12-02,10000023,3242,76999.26,73999.99,79998.53,6,6
2017-12-02,10000023,3244,9262926.71,1578231.72,157823172,20,15
2017-12-02,10000023,3256,14666664.97,9499997.95,24999999,3,3
2017-12-02,10000023,3265,12799997.39,12799997.31,12799997.43,3,3
2017-12-02,10000023,3296,250000,250000,250000,10,1
2017-12-02,10000023,3297,35000,35000,35000,3,3
2017-12-02,10000023,3302,900000,900000,900000,2,2
2017-12-02,10000023,3304,300000,300000,300000,1,1
2017-12-02,10000023,3322,100000,100000,100000,5,2
2017-12-02,10000023,3324,500000,500000,500000,1,1
2017-12-02,10000023,3330,120000,120000,120000,1,1
2017-12-02,10000023,3332,1000000,1000000,1000000,1,1
2017-12-02,10000023,3342,600000,600000,600000,1,1
2017-12-02,10000023,3354,9900000.03,9900000.03,9900000.03,1,1
2017-12-02,10000023,3361,600000,600000,600000,2,2
2017-12-02,10000023,3387,450000,450000,450000,1,1
2017-12-02,10000023,3406,550000,550000,550000,2,1
2017-12-02,10000023,3441,999999.97,999999.97,999999.97,1,1
2017-12-02,10000023,3467,99999,99999,99999,1,1
2017-12-02,10000023,3488,1790372.01,1790372.01,1790372.01,2,2
2017-12-02,10000023,3504,4499999.53,4499999.53,4499999.53,3,1
2017-12-02,10000023,3520,2744995.99,2744995.99,2744995.99,7,2
2017-12-02,10000023,3530,1397528.69,1397528.69,1397528.69,1,1
2017-12-02,10000023,3540,2835138.5,2170276.99,3500000,2,2
2017-12-02,10000023,3552,9999.98,9999.98,9999.98,537,2
2017-12-02,10000023,3554,2650,2650,2650,40,2
2017-12-02,10000023,3568,1497142.28,1494998.99,1500000,7,6
2017-12-02,10000023,3578,2999998.75,2999998.75,2999998.75,6,3
2017-12-02,10000023,3588,2599999.99,2599999.99,2599999.99,2,2
2017-12-02,10000023,3651,20000,20000,20000,1,1
2017-12-02,10000023,3717,128,128,128,1,1
2017-12-02,10000023,3725,12000,12000,12000,1500,1
2017-12-02,10000023,3814,124544.07,124544.07,124544.07,2,2
2017-12-02,10000023,3828,12000,12000,12000,1650,1
2017-12-02,10000023,3829,75083.45,69897.99,88997,8,7
2017-12-02,10000023,3831,1190899.92,991899.99,1598989.49,36,19
2017-12-02,10000023,3841,1789999.97,1649999.93,1950000,30,14
2017-12-02,10000023,3887,499999.99,499999.99,499999.99,1,1
2017-12-02,10000023,3888,998295.47,352029.55,1989976.54,7,5
2017-12-02,10000023,3898,18747571.43,15466007.97,18999999,14,6
2017-12-02,10000023,3993,999999.97,999999.97,999999.97,1,1
2017-12-02,10000023,4025,250000,250000,250000,117,5
2017-12-02,10000023,4027,300166.05,200500.16,349999,3,3
2017-12-02,10000023,4051,21000,21000,21000,4784,4
2017-12-02,10000023,4246,20750,20750,20750,1171,2
2017-12-02,10000023,4247,20750,20750,20750,4376,3
2017-12-02,10000023,4250,3500000,3500000,3500000,4,1
2017-12-02,10000023,4254,1000001.57,600003.13,1400000,4,4
2017-12-02,10000023,4312,21000,21000,21000,10443,11
2017-12-02,10000023,4383,2877480.75,2828271.13,2975900,3,3
2017-12-02,10000023,4385,14999999.27,14999999.27,14999999.27,1,1
2017-12-02,10000023,4393,121507.3,72.99,135000,20,13
2017-12-02,10000023,4395,899931.79,899931.79,899931.79,4,3
2017-12-02,10000023,4403,647997.95,647997.94,647997.96,2,2
2017-12-02,10000023,4405,1825504.58,1400000,1970001.55,75,30
2017-12-02,10000023,4435,44953.03,1000,49996.82,68,7
2017-12-02,10000023,4471,94400.01,94400.01,94400.01,2,1
2017-12-02,10000023,4573,239999.98,239999.98,239999.98,6,3
2017-12-02,10000023,4575,999999.99,999999.99,999999.99,2,1
2017-12-02,10000023,4787,404335.69,393723.61,414947.77,2,2
2017-12-02,10000023,4831,4779,4496.99,4920,3,2
2017-12-02,10000023,4833,559999.99,559999.99,559999.99,4,4
2017-12-02,10000023,4871,1910000,1910000,1910000,1,1
2017-12-02,10000023,5089,9840,9840,9840,1,1
2017-12-02,10000023,5093,20000,20000,20000,4,1
2017-12-02,10000023,5302,60000,60000,60000,2,2
2017-12-02,10000023,5320,92702.72,92702.72,92702.72,6,3
2017-12-02,10000023,5403,149000,149000,149000,1,1
2017-12-02,10000023,5405,194171.32,156949,250000,5,5
2017-12-02,10000023,5439,29812.52,0.03,79500,8,5
2017-12-02,10000023,5443,117649.22,109993.83,132959.99,3,3
2017-12-02,10000023,5445,92917.15,2501.02,149999.93,6,6
2017-12-02,10000023,5533,125318.92,5000,137350.82,11,5
2017-12-02,10000023,5599,77739.15,68000,87478.3,2,2
2017-12-02,10000023,5683,749999.99,749999.99,749999.99,1,1
2017-12-02,10000023,5745,499999.99,499999.99,499999.99,1,1
2017-12-02,10000023,5839,1612596.43,941136,2143994.68,12,8
2017-12-02,10000023,5933,176999.99,176999.99,176999.99,2,1
2017-12-02,10000023,5945,570494.94,251000.01,889989.86,2,2
2017-12-02,10000023,5955,377499.45,55000.01,699998.89,4,3
2017-12-02,10000023,5971,231904.75,229999.99,250000,21,21
2017-12-02,10000023,5973,2561758.55,599999.99,49265100.64,49,47
2017-12-02,10000023,5975,119986.15,119986.15,119986.15,4,4
2017-12-02,10000023,6001,133576,133576,133576,2,2
2017-12-02,10000023,6003,2096889.14,121111.42,10000000,5,5
2017-12-02,10000023,6005,26922.2,8980,44864.39,2,2
2017-12-02,10000023,6073,249000,249000,249000,1,1
2017-12-02,10000023,6131,169999.99,169999.99,169999.99,1,1
2017-12-02,10000023,6159,129999.99,129999.99,129999.99,2,1
2017-12-02,10000023,6160,49999.94,49999.94,49999.94,645,27
2017-12-02,10000023,6296,62222.96,53235.49,80197.9,3,2
2017-12-02,10000023,6439,449899.33,449899.33,449899.33,1,1
2017-12-02,10000023,6485,29999.97,29999.97,29999.97,1,1
2017-12-02,10000023,6673,1,1,1,3,2
2017-12-02,10000023,7253,250000,250000,250000,21,5
2017-12-02,10000023,7289,500000,500000,500000,10,2
2017-12-02,10000023,7293,186002.06,3.5,464999.89,5,2
2017-12-02,10000023,7367,1388226.31,999999,1550000,68,7
2017-12-02,10000023,7447,200000.01,200000.01,200000.01,1,1
2017-12-02,10000023,7449,250000,250000,250000,1,1
2017-12-02,10000023,7453,250000,250000,250000,1,1
2017-12-02,10000023,7535,1499999.94,1499999.94,1499999.94,3,1
2017-12-02,10000023,7539,122758.61,122758.61,122758.61,37,4
2017-12-02,10000023,7997,299999.97,299999.97,299999.97,3,1
2017-12-02,10000023,8007,199887.97,199887.97,199887.97,5,1
2017-12-02,10000023,8023,39439.18,39439.18,39439.18,1,1
2017-12-02,10000023,8027,600001.01,600001.01,600001.01,5,1
2017-12-02,10000023,8089,649910.27,649000,650000.01,78,13
2017-12-02,10000023,8091,750000,750000,750000,7,2
2017-12-02,10000023,8101,27.99,27.99,27.99,1,1
2017-12-02,10000023,8105,900000.1,900000.1,900000.1,3,1
2017-12-02,10000023,8113,449999.99,449999.99,449999.99,6,2
2017-12-02,10000023,8115,20580,20580,20580,1,1
2017-12-02,10000023,8117,287499.75,200000,549998.99,12,4
2017-12-02,10000023,8263,1500.33,1500.33,1500.33,8,3
2017-12-02,10000023,8295,499999.99,499999.99,499999.99,1,1
2017-12-02,10000023,8419,1,1,1,1,1
2017-12-02,10000023,8427,174999.98,174999.98,174999.98,1437,5
2017-12-02,10000023,8433,338000.21,151000.34,649499.98,8,7
2017-12-02,10000023,8517,3499997.42,2899993.99,5500000,7,6
2017-12-02,10000023,8521,101.31,101.31,101.31,3,2
2017-12-02,10000023,8529,137812.36,1000,199999.8,16,8
2017-12-02,10000023,8748,400000,400000,400000,2,2
2017-12-02,10000023,8785,100000,100000,100000,10,3
2017-12-02,10000023,8821,499999.99,499999.99,499999.99,3,1
2017-12-02,10000023,8863,495784,4484,987084,2,2
2017-12-02,10000023,8867,499999.99,499999.99,499999.99,3,1
2017-12-02,10000023,9457,474995.78,474995.78,474995.78,4,1
2017-12-02,10000023,9521,0.01,0.01,0.01,2,1
2017-12-02,10000023,9580,120000,120000,120000,1,1
2017-12-02,10000023,9608,499999.99,499999.99,499999.99,1,1
2017-12-02,10000023,9622,190833.33,190833.33,190833.33,7,1
2017-12-02,10000023,9632,286599.99,179900,499999.98,3,2
2017-12-02,10000023,9660,140999.33,140999.33,140999.33,1,1
2017-12-02,10000023,9678,1207000,1207000,1207000,1,1
2017-12-02,10000023,9842,16000,16000,16000,3060,1
2017-12-02,10000023,9899,15900000,11800000,20000000,2,2
2017-12-02,10000023,9941,15750000,11500000,20000000,4,4
2017-12-02,10000023,9942,14332666.67,11499000,20000000,3,3
2017-12-02,10000023,9943,14926666.67,12390000,20000000,3,3
2017-12-02,10000023,9944,89499.86,89499.86,89499.86,424,8
2017-12-02,10000023,9956,9999999,9999999,9999999,1,1
2017-12-02,10000023,10190,1248997,1248997,1248997,326,19
2017-12-02,10000023,10212,26664992.25,24000000,29329984.5,2,2
2017-12-02,10000023,10216,26000000,25000000,27000000,2,2
2017-12-02,10000023,10221,29999999.99,29999999.99,29999999.99,1,1
2017-12-02,10000023,10225,24999999.98,24999999.98,24999999.98,1,1
2017-12-02,10000023,10246,17672.7,10000,45294.43,23,4
2017-12-02,10000023,10631,998461.61,974997.02,1500000,243,13
2017-12-02,10000023,10678,230000,230000,230000,14,5
2017-12-02,10000023,10690,0.01,0.01,0.01,4,1
2017-12-02,10000023,10868,499999.99,499999.99,499999.99,1,1
2017-12-02,10000023,10998,57317.66,47499.52,99580.8,27,11
2017-12-02,10000023,11105,277440.99,220000,277440.99,154,8
2017-12-02,10000023,11129,41302,19170,74500,5,5
2017-12-02,10000023,11176,41944995.68,41944995.68,41944995.68,1,1
2017-12-02,10000023,11178,54470976.83,54441953.76,54499999.89,2,2
2017-12-02,10000023,11184,39999999,39999999,39999999,1,1
2017-12-02,10000023,11186,50470494.78,45994999.45,54945990.11,4,4
2017-12-02,10000023,11188,32999989.99,32999989.99,32999989.99,1,1
2017-12-02,10000023,11192,45999998.99,45999998.99,45999998.99,1,1
2017-12-02,10000023,11196,41666666.33,40000000,44999999,3,3
2017-12-02,10000023,11198,39999999.99,39999999.99,39999999.99,1,1
2017-12-02,10000023,11200,48773850.83,48773850.83,48773850.83,1,1
2017-12-02,10000023,11202,38050545.63,15000000.09,39944500.23,11,4
2017-12-02,10000023,11269,1014602.61,725011.01,1448990,10,9
2017-12-02,10000023,11285,12566.76,12527.11,12747.99,39,2
2017-12-02,10000023,11287,6010,6010,6010,400,3
2017-12-02,10000023,11289,7500,7500,7500,1604,10
2017-12-02,10000023,11295,299999.91,299999.91,299999.91,1,1
2017-12-02,10000023,11297,1500000,1500000,1500000,2,1
2017-12-02,10000023,11309,298236.76,298236.76,298236.76,2,2
2017-12-02,10000023,11317,502500.03,5000.06,1000000,2,2
2017-12-02,10000023,11365,53899999,53899999,53899999,1,1
2017-12-02,10000023,11370,2487835.12,2100000,3333315.08,17,13
2017-12-02,10000023,11377,55500000,55500000,55500000,2,2
2017-12-02,10000023,11379,30000000,30000000,30000000,1,1
2017-12-02,10000023,11381,53999989.95,53999989.95,53999989.95,1,1
2017-12-02,10000023,11395,999995.75,999995.75,999995.75,1,1
2017-12-02,10000023,11399,12496.63,12496.63,12496.63,4803,3
2017-12-02,10000023,11489,998000,998000,998000,10,3
2017-12-02,10000023,11563,369333.16,279998,479999.92,15,15
2017-12-02,10000023,11577,6095833.35,2500000.01,6500000,6,6
2017-12-02,10000023,11578,7611111.38,3000001.19,8000000,18,17
2017-12-02,10000023,11640,1251002.24,255011.22,1500000,10,5
2017-12-02,10000023,11644,2500000,2500000,2500000,1,1
2017-12-02,10000023,11646,1500001.1,1000002.2,2000000,2,2
2017-12-02,10000023,11987,127999002.34,127999002.34,127999002.34,1,1
2017-12-02,10000023,12032,41999999.99,41999999.99,41999999.99,1,1
2017-12-02,10000023,12034,52499999.37,52499999.37,52499999.37,1,1
2017-12-02,10000023,12038,51749992.49,48000000,53999987.99,8,8
2017-12-02,10000023,12058,2563131.79,2000351.15,3688693.08,3,3
2017-12-02,10000023,12076,8719666.26,8579999.47,8998999.83,3,3
2017-12-02,10000023,12198,2500000,2500000,2500000,7,5
2017-12-02,10000023,12199,7000000,7000000,7000000,3,2
2017-12-02,10000023,12200,9999999.99,9999999.99,10000000,8,2
2017-12-02,10000023,12206,3995891.36,3995891.36,3995891.36,1,1
2017-12-02,10000023,12208,3999999.99,3999999.99,3999999.99,1,1
2017-12-02,10000023,12209,19999999.98,19999999.98,19999999.98,1,1
2017-12-02,10000023,12267,3900499.71,1801000.42,5999998.99,2,2
2017-12-02,10000023,12274,135990.74,84999,152987.99,4,4
2017-12-02,10000023,12346,2788887.12,2788887.12,2788887.12,7,1
2017-12-02,10000023,12544,35,35,35,1,1
2017-12-02,10000023,12545,600,600,600,5,1
2017-12-02,10000023,12557,2000,2000,2000,8,1
2017-12-02,10000023,12559,59635.03,5000.34,496712.53,18,2
2017-12-02,10000023,12565,2000,2000,2000,4,1
2017-12-02,10000023,12608,199.03,199.03,199.03,6080,2
2017-12-02,10000023,12612,286.33,286.33,286.33,33643,11
2017-12-02,10000023,12614,54.82,54.82,54.82,617711,10
2017-12-02,10000023,12618,193.08,193.08,193.08,24330,12
2017-12-02,10000023,12620,59.04,59.04,59.04,500,1
2017-12-02,10000023,12633,3.15,3.15,3.15,1400,2
2017-12-02,10000023,12743,229999899.96,229999899.96,229999899.96,1,1
2017-12-02,10000023,12805,377,377,377,1081,3
2017-12-02,10000023,12814,249997.99,249997.99,249997.99,8,1
2017-12-02,10000023,12818,198181.99,198181.99,198181.99,3,1
2017-12-02,10000023,13001,4649993.86,4649993.86,4649993.86,1,1
2017-12-02,10000023,13003,110000.43,110000.43,110000.43,1,1
2017-12-02,10000023,13119,250,250,250,258,1
2017-12-02,10000023,13216,32499698.89,32499698.85,32499698.9,4,3
2017-12-02,10000023,13224,5000000,5000000,5000000,1,1
2017-12-02,10000023,13244,39800000.05,39800000.05,39800000.05,2,2
2017-12-02,10000023,13259,43990902.6,43990902.6,43990902.6,1,1
2017-12-02,10000023,13260,34844500.95,34844500.95,34844500.95,1,1
2017-12-02,10000023,13284,9999998.99,9999998.99,9999998.99,1,1
2017-12-02,10000023,14086,4.57,4.57,4.57,1,1
2017-12-02,10000023,14266,59999998.99,59999998.99,59999998.99,1,1
2017-12-02,10000023,14278,150000,150000,150000,2,1
2017-12-02,10000023,14280,100.07,100.07,100.07,1,1
2017-12-02,10000023,15331,1101.73,1101.73,1101.73,1546,17
2017-12-02,10000023,15508,66448.03,50827.66,92481.98,8,2
2017-12-02,10000023,15681,143500000.06,143500000.06,143500000.06,3,1
2017-12-02,10000023,15766,35000000,35000000,35000000,1,1
2017-12-02,10000023,16227,55900000,54000000,56000000,20,7
2017-12-02,10000023,16229,55000000,54999999.97,55000000,12,2
2017-12-02,10000023,16236,1270000,1000000,1540000,2,2
2017-12-02,10000023,16238,1550000,1550000,1550000,170,10
2017-12-02,10000023,16240,1101333.33,200000,1550000,9,9
2017-12-02,10000023,16242,1361160.19,1174899.89,1547420.49,2,2
2017-12-02,10000023,16272,400,400,400,10000,1
2017-12-02,10000023,16273,247.96,247.96,247.96,96139,67
2017-12-02,10000023,16274,875,875,875,350000,14
2017-12-02,10000023,16275,4000,4000,4000,49265,10
2017-12-02,10000023,16297,55499.99,55499.99,55499.99,4,2
2017-12-02,10000023,16299,150375.43,150375.43,150375.43,2,1
2017-12-02,10000023,16301,472569.06,63.06,567070.26,6,4
2017-12-02,10000023,16303,703892.6,5000.14,949999.98,4,3
2017-12-02,10000023,16375,1000000,1000000,1000000,1,1
2017-12-02,10000023,16457,100000.01,100000.01,100000.01,1,1
2017-12-02,10000023,16467,90918.76,12.01,499999.12,11,3
2017-12-02,10000023,16469,130000,130000,130000,1,1
2017-12-02,10000023,16519,299999,299999,299999,5,2
2017-12-02,10000023,16527,532633.27,285000.29,866443.98,10,5
2017-12-02,10000023,16535,20999999.99,20999999.99,20999999.99,1,1
2017-12-02,10000023,17206,1000,1000,1000,21,2
2017-12-02,10000023,17208,359,359,359,4,1
2017-12-02,10000023,17209,2000.01,2000.01,2000.01,1,1
2017-12-02,10000023,17244,366.66,366.66,366.66,4,1
2017-12-02,10000023,17366,77356.5,30000,125379.66,6,6
2017-12-02,10000023,17476,32285713.73,30999999.21,40000000,7,5
2017-12-02,10000023,17478,32730929.6,28973995,40244798.79,3,3
2017-12-02,10000023,17480,22693999.61,12750000.38,27665999.23,3,2
2017-12-02,10000023,17482,2100177.68,1999999,3294158.41,13,8
2017-12-02,10000023,17559,74999999.99,74999999.99,74999999.99,1,1
2017-12-02,10000023,17715,225225222.99,225225222.99,225225222.99,1,1
2017-12-02,10000023,17718,155000000,155000000,155000000,1,1
2017-12-02,10000023,17841,30000000,30000000,30000000,1,1
2017-12-02,10000023,17843,87999666.78,87799066.79,92000000,14,10
2017-12-02,10000023,17887,1000,1000,1000,330000,10
2017-12-02,10000023,17888,900,900,900,161500,4
2017-12-02,10000023,17889,999.99,950,999.99,236637,8
2017-12-02,10000023,17894,20000,20000,20000,1,1
2017-12-02,10000023,17912,4900000,4900000,4900000,2,1
2017-12-02,10000023,17918,480000152.79,475000000,485000305.58,2,2
2017-12-02,10000023,17928,76999999.99,76999999.99,76999999.99,1,1
2017-12-02,10000023,17930,64999999.98,64999999.98,64999999.98,7,7
2017-12-02,10000023,17938,174582.3,82498,599999.98,6,6
2017-12-02,10000023,18590,748998.01,748998.01,748998.01,2,1
2017-12-02,10000023,18592,420000,420000,420000,2,1
2017-12-02,10000023,18594,697999.99,697999.99,697999.99,2,1
2017-12-02,10000023,18624,845000,845000,845000,26,2
2017-12-02,10000023,18639,966549.02,960974,999999,7,5
2017-12-02,10000023,18937,119999996.44,119999996.44,119999996.44,1,1
2017-12-02,10000023,19015,54999999.99,54999999.99,54999999.99,1,1
2017-12-02,10000023,19187,55999999.99,55999999.99,55999999.99,1,1
2017-12-02,10000023,19213,6996000,6996000,6996000,1,1
2017-12-02,10000023,19288,46249555.01,44499999.97,47999110.04,2,2
2017-12-02,10000023,19419,60000000,60000000,60000000,1,1
2017-12-02,10000023,19744,600000,600000,600000,1,1
2017-12-02,10000023,19806,1400000,1400000,1400000,1,1
2017-12-02,10000023,19810,337158.11,300000,485790.57,5,3
2017-12-02,10000023,19812,500000,500000,500000,2,2
2017-12-02,10000023,19814,197591.66,196777,197998.99,3,3
2017-12-02,10000023,19925,500000,500000,500000,3,2
2017-12-02,10000023,19927,174999,174999,174999,8,8
2017-12-02,10000023,19929,94273.17,94273.17,94273.17,1,1
2017-12-02,10000023,19937,249999.99,249999.99,249999.99,6,4
2017-12-02,10000023,19939,185343.12,169554.88,198499.99,22,11
2017-12-02,10000023,19942,2.05,2.05,2.05,3,1
2017-12-02,10000023,19944,249999.99,249999.99,249999.99,2,1
2017-12-02,10000023,19946,111798.8,111798.8,111798.8,628,10
2017-12-02,10000023,19952,295000,295000,295000,9,9
2017-12-02,10000023,20209,1500000,1500000,1500000,1,1
2017-12-02,10000023,20315,3649999.2,3649999.2,3649999.2,1,1
2017-12-02,10000023,20327,29999999.57,29999999.57,29999999.57,1,1
2017-12-02,10000023,20347,1699999.68,1699999.68,1699999.68,2,1
2017-12-02,10000023,20349,1500000,1500000,1500000,2,1
2017-12-02,10000023,20351,1822005.01,1644010.01,2000000,2,2
2017-12-02,10000023,20420,40004,40004,40004,14,1
2017-12-02,10000023,21096,2203853.25,1994990,3499999.99,45,30
2017-12-02,10000023,21638,1156778.75,13557.5,2300000,10,2
2017-12-02,10000023,21640,1002727.43,910000.21,1250000,11,2
2017-12-02,10000023,21740,1728.59,1728.59,1728.59,2200,2
2017-12-02,10000023,21896,999.97,999.97,999.97,2255,2
2017-12-02,10000023,21898,735.95,735.95,735.95,34574,13
2017-12-02,10000023,21906,798.98,798.98,798.98,8542,4
2017-12-02,10000023,21922,899.97,899.97,899.97,10000,1
2017-12-02,10000023,21924,795,795,795,3179,4
2017-12-02,10000023,22175,350944.96,139000,714000,6,6
2017-12-02,10000023,22177,233308.06,219999.43,238900,5,5
2017-12-02,10000023,22291,1207805.04,155004.12,1299999.65,41,22
2017-12-02,10000023,22456,76159594.81,60000000.09,79498986.99,5,5
2017-12-02,10000023,22460,85000000,85000000,85000000,1,1
2017-12-02,10000023,22542,94999.5,90000,99999,10,3
2017-12-02,10000023,22778,237996.42,179999,237996.79,180,9
2017-12-02,10000023,22782,1475498.13,759995.33,1568749.99,5,5
2017-12-02,10000023,22961,700,700,700,1500,2
2017-12-02,10000023,23009,628.83,628.83,628.83,47808,16
2017-12-02,10000023,23015,1519.88,1519.88,1519.88,5883,2
2017-12-02,10000023,23019,590,590,590,1500,2
2017-12-02,10000023,23021,699.99,699.99,699.99,1868,1
2017-12-02,10000023,23023,632.89,632.89,632.89,10000,1
2017-12-02,10000023,23025,986.9,986.9,986.9,80214,13
2017-12-02,10000023,23031,1789.82,1789.82,1789.82,1144,2
2017-12-02,10000023,23035,1299.98,1299.98,1299.98,7253,5
2017-12-02,10000023,23039,1292.77,1292.77,1292.77,1000,1
2017-12-02,10000023,23057,3715998.95,3715998.95,3715998.95,1,1
2017-12-02,10000023,23071,100000,100000,100000,6,1
2017-12-02,10000023,23527,331000,300000,400000,13,9
2017-12-02,10000023,23566,3999999,3999999,3999999,1,1
2017-12-02,10000023,23705,68643.94,2002.13,401852.99,6,2
2017-12-02,10000023,23707,18568.95,9000,30000,80,16
2017-12-02,10000023,23711,46740.2,22617.67,50000,42,2
2017-12-02,10000023,24242,15515624.93,14802083.29,16229166.57,2,2
2017-12-02,10000023,24283,58666629.33,57999999.99,58999944,3,2
2017-12-02,10000023,24348,2570266.65,1251333.29,2899999.99,5,2
2017-12-02,10000023,24395,346322.16,77990,399988.59,6,4
2017-12-02,10000023,24417,2430999.53,2292998.58,2500000,3,2
2017-12-02,10000023,24427,2266665.92,1800000,2499998.88,6,4
2017-12-02,10000023,24438,2609999.5,1400000,3819998.99,2,2
2017-12-02,10000023,24471,122.09,122.09,122.09,314883,4
2017-12-02,10000023,24475,122,122,122,361,1
2017-12-02,10000023,24492,300,300,300,8000,3
2017-12-02,10000023,24495,500,500,500,157,2
2017-12-02,10000023,24513,317.31,311,323.61,10000,2
2017-12-02,10000023,24523,2000,2000,2000,1000,1
2017-12-02,10000023,24572,15979269.6,15979269.6,15979269.6,1,1
2017-12-02,10000023,24690,169999999.99,169999999.99,169999999.99,1,1
2017-12-02,10000023,24698,59999999,59999999,59999999,1,1
2017-12-02,10000023,25266,900000.07,100000.11,2500000,3,3
2017-12-02,10000023,25544,24000000,24000000,24000000,1,1
2017-12-02,10000023,25563,5000000,5000000,5000000,4,3
2017-12-02,10000023,25565,199598.88,199598.88,199598.88,17,9
2017-12-02,10000023,25588,11903.02,11903.02,11903.02,188,5
2017-12-02,10000023,25589,2606.36,2606.36,2606.36,120,1
2017-12-02,10000023,25590,124000.01,124000.01,124000.01,44,2
2017-12-02,10000023,25592,3606,3606,3606,1,1
2017-12-02,10000023,25594,19005,19005,19005,1,1
2017-12-02,10000023,25596,32001.07,32001.07,32001.07,1,1
2017-12-02,10000023,25597,2156.63,25.81,2201.02,49,2
2017-12-02,10000023,25598,11800.1,11800.1,11800.1,107,2
2017-12-02,10000023,25599,1307.43,1307.43,1307.43,201,4
2017-12-02,10000023,25600,28011.04,28011.04,28011.04,209,3
2017-12-02,10000023,25601,2030.37,2030.37,2030.37,186,3
2017-12-02,10000023,25604,13462.74,12233.01,13500,68,3
2017-12-02,10000023,25606,29003.13,29003.13,29003.13,88,1
2017-12-02,10000023,25613,300012.05,300012.05,300012.05,1,1
2017-12-02,10000023,25625,2050000,2050000,2050000,25,2
2017-12-02,10000023,25707,70000.02,70000.02,70000.02,6,1
2017-12-02,10000023,25715,2739799.79,2739799.79,2739799.79,5,2
2017-12-02,10000023,25739,1099999,1099999,1099999,1,1
2017-12-02,10000023,25861,119364.81,65000,247994.99,22,9
2017-12-02,10000023,25896,23855397.69,23855397.69,23855397.69,2,1
2017-12-02,10000023,25956,16400000,16400000,16400000,3,1
2017-12-02,10000023,26076,2499999.99,2499999.99,2499999.99,1,1
2017-12-02,10000023,26088,11649333.15,6907999.46,14019999.99,3,2
2017-12-02,10000023,26255,699999.95,699999.95,699999.95,1,1
2017-12-02,10000023,26259,300000,300000,300000,1,1
2017-12-02,10000023,26929,265189.15,246798.99,269997,32,27
2017-12-02,10000023,26931,3899798.98,3899798.98,3899798.98,3,3
2017-12-02,10000023,27074,900000,900000,900000,1,1
2017-12-02,10000023,27127,1409995.69,1100000,2595012.56,5,3
2017-12-02,10000023,27143,2240992.48,1104962.38,3500000,5,4
2017-12-02,10000023,27321,989.99,989.99,989.99,850,2
2017-12-02,10000023,27333,1400,1400,1400,6757,3
2017-12-02,10000023,27339,3399,3399,3399,6883,10
2017-12-02,10000023,27345,4499.97,4499.97,4499.97,200,1
2017-12-02,10000023,27359,2498.91,2498.9,2498.96,5957,6
2017-12-02,10000023,27361,1200,1200,1399.99,24418,13
2017-12-02,10000023,27371,1200,1200,1200,33385,15
2017-12-02,10000023,27379,649.99,649.99,649.99,51786,2
2017-12-02,10000023,27381,1700,1700,1700,28418,24
2017-12-02,10000023,27387,1200,1200,1200,27309,15
2017-12-02,10000023,27395,3500,3500,3500,8469,3
2017-12-02,10000023,27413,30,30,30,1394,1
2017-12-02,10000023,27423,2125,2125,2125,1000,1
2017-12-02,10000023,27435,2070.87,2070.87,2070.87,1000,1
2017-12-02,10000023,27447,1600,1600,1600,6290,2
2017-12-02,10000023,27453,1418,1418,1418,1000,1
2017-12-02,10000023,27911,16496999.41,16496999.41,16496999.41,1,1
2017-12-02,10000023,27912,1211249.99,1200000,1244999.96,4,2
2017-12-02,10000023,27914,2996538.11,2996538.09,2996538.12,7,7
2017-12-02,10000023,27916,1499999.94,1499999.94,1499999.94,15,2
2017-12-02,10000023,27918,1599999.89,1599999.89,1599999.89,3,1
2017-12-02,10000023,27920,1681999.97,1599999.94,1750000,75,18
2017-12-02,10000023,27924,2259999.98,2200000,2299999.97,5,3
2017-12-02,10000023,28211,717000,717000,717000,2,1
2017-12-02,10000023,28213,1245361.11,1199900,1248998,27,2
2017-12-02,10000023,28215,979999.99,979999.99,979999.99,2,1
2017-12-02,10000023,28336,30.13,30.13,30.13,1090,2
2017-12-02,10000023,28366,2799999,2799999,2799999,9,1
2017-12-02,10000023,28576,1305555,1111111,1499998.99,8,5
2017-12-02,10000023,28578,2449999.33,2449999.33,2449999.33,2,1
2017-12-02,10000023,28646,7500000,7500000,7500000,1,1
2017-12-02,10000023,28668,32139.87,27994.55,34000,9784,49
2017-12-02,10000023,28682,8192,8192,8192,1,1
2017-12-02,10000023,28756,31600000,29500000,39999999.99,5,2
2017-12-02,10000023,28758,24449501.51,7000003.02,41899000,2,2
2017-12-02,10000023,28999,29905.53,24998,49535.63,5,4
2017-12-02,10000023,29001,26110.33,24990.99,30587.67,5,4
2017-12-02,10000023,29005,49999.95,49999.95,49999.95,7,4
2017-12-02,10000023,29007,89999.98,89999.98,89999.98,6,3
2017-12-02,10000023,29009,32454.57,2500,34399.06,69,32
2017-12-02,10000023,29011,50046.2,21948.49,54007.99,43,24
2017-12-02,10000023,29013,30422.57,25000,33133.86,3,3
2017-12-02,10000023,29015,28491.99,28491.99,28491.99,3,2
2017-12-02,10000023,29637,99999999.98,99999999.98,99999999.98,1,1
2017-12-02,10000023,30013,17996.65,17996.65,43999.49,116,10
2017-12-02,10000023,30028,4022.7,4022.7,4022.7,24,1
2017-12-02,10000023,30371,1000,1000,1000,193,1
2017-12-02,10000023,30486,708942.97,701999.7,739999.99,58,8
2017-12-02,10000023,30488,25150.02,25150.02,25150.02,122,7
2017-12-02,10000023,30497,5000.58,5000.58,5000.58,10,1
2017-12-02,10000023,30744,185076.92,151500,200000,13,2
2017-12-02,10000023,30745,456000.96,390002.4,500000,10,2
2017-12-02,10000023,30746,1500000,1500000,1500000,4,1
2017-12-02,10000023,30832,2250000.47,750001.42,3000000,3,3
2017-12-02,10000023,30834,2150506.04,401013.12,3899998.95,2,2
2017-12-02,10000023,30987,600000,600000,600000,16,4
2017-12-02,10000023,31003,8999999.98,8999999.98,8999999.98,1,1
2017-12-02,10000023,31009,989296,989296,989296,2,2
2017-12-02,10000023,31011,4000000,4000000,4000000,1,1
2017-12-02,10000023,31023,4000000,4000000,4000000,1,1
2017-12-02,10000023,31047,3449998.99,3449998.99,3449998.99,7,5
2017-12-02,10000023,31051,15448283.12,15448283.12,15448283.12,4,2
2017-12-02,10000023,31057,17299829.92,17299829.92,17299829.92,1,1
2017-12-02,10000023,31063,966816.99,966816.99,966816.99,1,1
2017-12-02,10000023,31083,1399996.99,1399996.99,1399996.99,3,1
2017-12-02,10000023,31085,2499999,2499999,2499999,3,1
2017-12-02,10000023,31105,353445,300000,406890,4,2
2017-12-02,10000023,31111,7999999.87,7999999.87,7999999.87,1,1
2017-12-02,10000023,31119,1400000,1400000,1400000,10,4
2017-12-02,10000023,31123,5789976.7,5789976.7,5789976.7,2,2
2017-12-02,10000023,31153,993782.5,993782.49,993782.51,15,10
2017-12-02,10000023,31161,2299999.24,2299999.24,2299999.24,9,4
2017-12-02,10000023,31171,5799999.9,4599999.8,7000000,4,3
2017-12-02,10000023,31177,497598.12,449987.98,505451.44,30,12
2017-12-02,10000023,31179,1934640.96,1934640.96,1934640.96,4,3
2017-12-02,10000023,31183,6000000,6000000,6000000,1,1
2017-12-02,10000023,31185,13999080.15,13999080.15,13999080.15,1,1
2017-12-02,10000023,31213,392899.83,378999,419953.07,11,7
2017-12-02,10000023,31220,5000000,5000000,5000000,1,1
2017-12-02,10000023,31238,379972,379972,379972,1,1
2017-12-02,10000023,31274,601331.41,299999.99,638997.84,9,6
2017-12-02,10000023,31276,1599900.74,1499867.99,1899999,4,4
2017-12-02,10000023,31286,677616.12,665960.52,799999.97,23,19
2017-12-02,10000023,31298,227000,125000,380000,5,2
2017-12-02,10000023,31322,3207335.91,829343.99,3999999.88,4,2
2017-12-02,10000023,31358,997664.33,997000,998992.99,15,13
2017-12-02,10000023,31360,3685103.35,3653613.69,4000000,11,5
2017-12-02,10000023,31364,9999999.95,9999999.95,9999999.95,2,2
2017-12-02,10000023,31366,33499999.99,33499999.99,33499999.99,2,2
2017-12-02,10000023,31370,2299556.63,1900113.26,2698999.99,4,3
2017-12-02,10000023,31372,1998930.91,1998930.91,1998930.91,1,1
2017-12-02,10000023,31376,5989999.86,5989999.86,5989999.86,1,1
2017-12-02,10000023,31378,19062389.47,19062389.47,19062389.47,1,1
2017-12-02,10000023,31486,14687172.63,14687172.63,14687172.63,1,1
2017-12-02,10000023,31526,1249999,1249999,1249999,3,3
2017-12-02,10000023,31538,1456462.56,1347618.96,1500000,7,6
2017-12-02,10000023,31562,1250000,1250000,1250000,26,8
2017-12-02,10000023,31568,3708910.64,3708910.64,3708910.64,1,1
2017-12-02,10000023,31570,8999990.9,8999990.9,8999990.9,1,1
2017-12-02,10000023,31586,584999,584999,584999,3,3
2017-12-02,10000023,31598,693286,693286,693286,14,13
2017-12-02,10000023,31600,1576741.99,1576741.99,1576741.99,3,3
2017-12-02,10000023,31604,9998873,9998873,9998873,1,1
2017-12-02,10000023,31608,598855.72,598855.72,598855.72,12,12
2017-12-02,10000023,31610,4119039.7,3357131.13,4499993.98,3,3
2017-12-02,10000023,31614,12989404.02,12989404.02,12989404.02,2,2
2017-12-02,10000023,31620,571206.12,571206,571206.45,19,16
2017-12-02,10000023,31632,499000,499000,499000,1,1
2017-12-02,10000023,31650,7000000,7000000,7000000,1,1
2017-12-02,10000023,31680,463716.33,284956,999997.33,4,3
2017-12-02,10000023,31716,222499.88,99999,240000,16,16
2017-12-02,10000023,31718,308724.97,299999.96,369999.98,8,5
2017-12-02,10000023,31722,5999999.99,5999999.99,5999999.99,1,1
2017-12-02,10000023,31724,8338853.65,7899817.67,8777889.62,2,2
2017-12-02,10000023,31730,676641.5,676641.5,676641.5,4,1
2017-12-02,10000023,31740,74988.96,74988.96,74988.96,2,1
2017-12-02,10000023,31742,387332.67,385999,390000,15,8
2017-12-02,10000023,31748,12418969.7,12418969.7,12418969.7,3,2
2017-12-02,10000023,31752,231999.94,199999.69,240000,10,9
2017-12-02,10000023,31754,526704.08,398282.17,533099.97,20,10
2017-12-02,10000023,31760,6949981.58,5699977.8,9449989.14,6,5
2017-12-02,10000023,31788,462872.48,374994.96,551000,16,9
2017-12-02,10000023,31790,2344932.33,2268576.9,2781000.02,34,14
2017-12-02,10000023,31794,10799984.45,9999977.99,10999986.08,5,4
2017-12-02,10000023,31796,29999849.68,29999849.68,29999849.68,1,1
2017-12-02,10000023,31800,1996982.4,1996982.4,1996982.4,2,1
2017-12-02,10000023,31802,5399994.5,5399993.99,5399995,4,2
2017-12-02,10000023,31812,30999796.75,30999796.75,30999796.75,1,1
2017-12-02,10000023,31868,6000000,6000000,6000000,3,1
2017-12-02,10000023,31874,2749999.75,1500001,2999999,4,3
2017-12-02,10000023,31876,4160092.44,4092899.91,4999999,27,6
2017-12-02,10000023,31878,4418957.53,3499111.99,5000000,13,6
2017-12-02,10000023,31882,1000001,1000001,1000001,5,1
2017-12-02,10000023,31884,3066940.78,1000000.55,4200000,17,5
2017-12-02,10000023,31890,3750000,3750000,3750000,2,1
2017-12-02,10000023,31932,8846000,8846000,8846000,2,1
2017-12-02,10000023,31936,2000001.27,2000001.27,2000001.27,1,1
2017-12-02,10000023,31982,100.15,100.15,100.15,33,1
2017-12-02,10000023,31990,70000,70000,70000,12,1
2017-12-02,10000023,31998,30000,30000,30000,20,1
2017-12-02,10000023,32006,165898.99,30001.27,178998.99,336,9
2017-12-02,10000023,32014,148540.15,1899.55,188888,90,4
2017-12-02,10000023,32025,572726.99,572726.99,572726.99,4,4
2017-12-02,10000023,32027,2445738.97,2445738.97,2445738.97,4,4
2017-12-02,10000023,32057,998993,998993,998993,2,1
2017-12-02,10000023,32071,2416665.99,2416665.99,2416666,3,3
2017-12-02,10000023,32081,1946567,1946567,1946567,1,1
2017-12-02,10000023,32772,558497.15,110009.36,917233.52,5,4
2017-12-02,10000023,32780,502001.64,502001.64,502001.64,1,1
2017-12-02,10000023,32782,781.04,781.04,781.04,53,2
2017-12-02,10000023,32872,1567999.99,500000,2279999.99,5,5
2017-12-02,10000023,32876,1550001,1550001,1550001,1,1
2017-12-02,10000023,32878,1495976.15,1479880.76,1500000,10,10
2017-12-02,10000023,32880,716665.83,249995,800000,6,6
2017-12-02,10000023,33005,899999.98,899999.98,899999.98,2,1
2017-12-02,10000023,33007,793952.36,793952.36,793952.36,1,1
2017-12-02,10000023,33076,285452.53,250040.23,294305.6,5,5
2017-12-02,10000023,33096,3999999.95,3999999.95,3999999.95,1,1
2017-12-02,10000023,33097,3399992.33,3399992.33,3399992.33,1,1
2017-12-02,10000023,33101,1500000,1500000,1500000,1,1
2017-12-02,10000023,33103,1149166.49,498332.99,1799999.99,2,2
2017-12-02,10000023,33176,200000,200000,200000,1,1
2017-12-02,10000023,33180,299994,299994,299994,3,3
2017-12-02,10000023,33332,47892.69,47892.69,47892.69,199,5
2017-12-02,10000023,33393,128700000.03,128700000.03,128700000.03,1,1
2017-12-02,10000023,33399,19000000,19000000,19000000,1,1
2017-12-02,10000023,33407,47999995.8,47999995.8,47999995.8,1,1
2017-12-02,10000023,33440,246664.22,13315.79,280000,8,4
2017-12-02,10000023,33468,61525000,60000000,63050000,2,2
2017-12-02,10000023,33470,150101050.21,150101050.21,150101050.21,2,2
2017-12-02,10000023,33474,1515983.8,1008000,2498990,8,5
2017-12-02,10000023,33475,10319999.98,9800000,17000000,15,8
2017-12-02,10000023,33476,74999999,74999999,74999999,1,1
2017-12-02,10000023,33517,1000000,1000000,1000000,1,1
2017-12-02,10000023,33681,65009894.89,65009894.89,65009894.89,2,1
2017-12-02,10000023,33816,63333333.31,60000000,64999999.97,3,3
2017-12-02,10000023,33818,240387347.95,240387347.95,240387347.95,1,1
2017-12-02,10000023,33822,187999.96,187999.96,187999.96,1,1
2017-12-02,10000023,33824,3499998.74,3499998.74,3499998.74,1,1
2017-12-02,10000023,33890,840001,840001,840001,10,6
2017-12-02,10000023,33892,4249962.9,4249962.9,4249962.9,2,1
2017-12-02,10000023,33894,4790000,4790000,4790000,1,1
2017-12-02,10000023,33915,686112.65,686112.65,686112.65,1,1
2017-12-02,10000023,34201,50000.01,50000.01,50000.01,1,1
2017-12-02,10000023,34264,2999999,2999999,2999999,72,20
2017-12-02,10000023,34317,27501002.62,27501002.62,27501002.62,2,2
2017-12-02,10000023,34562,37461277.16,19150000.78,55772553.53,2,2
2017-12-02,10000023,34593,20000000,20000000,20000000,30,6
2017-12-02,10000023,35656,197226.47,149452.97,244999.97,2,2
2017-12-02,10000023,35657,261497.32,248998.99,263996.99,6,4
2017-12-02,10000023,35658,76346.57,1007.3,164999,16,11
2017-12-02,10000023,35659,39022.09,10016.16,99056.2,12,9
2017-12-02,10000023,35660,53109.33,50000,56995.99,9,5
2017-12-02,10000023,35683,51256324.71,51256324.71,51256324.71,3,3
2017-12-02,10000023,35771,1300001,600001.01,1350001,15,14
2017-12-02,10000023,35788,370428.42,370428.42,370428.42,1,1
2017-12-02,10000023,35790,2500000,2500000,2500000,4,3
2017-12-02,10000023,35795,46043.08,46043.08,46043.08,4,4
2017-12-02,10000023,36909,6781249.99,6781249.99,6781249.99,1,1
2017-12-02,10000023,37459,25000000,25000000,25000000,1,1
2017-12-02,10000023,37479,499999,499999,499999,1,1
2017-12-02,10000023,37480,106888888.86,106888888.86,106888888.86,1,1
2017-12-02,10000023,37544,499999.99,499999.99,499999.99,3,1
2017-12-02,10000023,40357,152999900,152999900,152999900,3,2
2017-12-02,10000023,40358,3000000,3000000,3000000,24,2
2017-12-02,10000023,40520,835697044.21,829999999,915455677.12,15,10
2017-12-02,10000023,41031,44999.6,44999.6,44999.6,1,1
2017-12-02,10000023,41034,109999.99,99999.99,114999.99,3,2
2017-12-02,10000023,41055,300000.01,300000,300000.01,4,4
2017-12-02,10000023,41056,225000,100000,350000,2,2
2017-12-02,10000023,41155,29799.83,29799.83,29799.83,1,1
2017-12-02,10000023,41218,42431003.12,7990001.06,76872005.17,2,2
2017-12-02,10000023,41249,54999990,54999990,54999990,1,1
2017-12-02,10000023,41489,18500,18500,18500,728,5
2017-12-02,10000023,41490,1000000,1000000,1000000,106,2
2017-12-02,10000023,42694,1400,1400,1400,300,1
2017-12-02,10000023,42695,1500,1500,1500,1000,2
2017-12-02,10000023,42696,1500,1500,1500,300,1
2017-12-02,10000023,43555,10000000,10000000,10000000,1,1
2017-12-02,10000023,44992,2969969.06,2969969.06,2969969.06,4860,11
2017-12-02,10000023,45603,69997893.48,69997893.48,69997893.48,1,1
2017-12-02,10000023,45606,77999991.2,77999991.2,77999991.2,1,1
2017-12-02,10000023,45635,214999992.55,214999992.54,214999992.56,4,4
2017-12-02,10000023,45998,2000000,2000000,2000000,1,1
2017-12-02,10000023,46004,7127787.95,1000000,9999848.93,9,5
2017-12-02,10000023,46355,164999,164999,164999,20,1
2017-12-02,10000023,46365,160000,160000,160000,60,1
2017-12-02,10000023,46367,169999,169999,169999,24,1
2017-12-02,10000023,46369,195000,195000,195000,22,3
2017-12-02,10000023,46371,250000,250000,250000,10,2
2017-12-02,10000025,34,4.8,4.8,4.8,38250000,1
2017-12-02,10000025,35,1.06,1.06,1.06,10,1
2017-12-02,10000025,201,194,194,194,20000,1
2017-12-02,10000025,205,175,175,175,5000,1
2017-12-02,10000025,230,71.99,71.99,71.99,19000,5
2017-12-02,10000025,380,1500002.21,1500002.21,1500002.21,3,1
2017-12-02,10000025,438,2512731.5,1800000,3225463,2,2
2017-12-02,10000025,440,5166777,5166777,5166777,5,4
2017-12-02,10000025,448,1875725.71,1350000,1956777,14,12
2017-12-02,10000025,484,66000,66000,66000,3,1
2017-12-02,10000025,499,400000,400000,400000,9,1
2017-12-02,10000025,519,1254400,1200000,1280000,25,12
2017-12-02,10000025,527,1098999.99,1098999.99,1098999.99,3,3
2017-12-02,10000025,584,476952.53,476952.53,476952.53,1,1
2017-12-02,10000025,593,416666.67,375000,425000,6,6
2017-12-02,10000025,601,100000,100000,100000,1,1
2017-12-02,10000025,608,700000,700000,700000,5,5
2017-12-02,10000025,609,1000000,1000000,1000000,3,1
2017-12-02,10000025,650,1190000,1190000,1190000,2,2
2017-12-02,10000025,654,1500000,1500000,1500000,1,1
2017-12-02,10000025,655,1428771.14,1428771.14,1428771.14,1,1
2017-12-02,10000025,657,15361026.2,2000001,28722051.4,2,2
2017-12-02,10000025,1182,1000000.97,1000000.97,1000000.97,1,1
2017-12-02,10000025,1183,1699000.84,1699000.84,1699000.84,2,2
2017-12-02,10000025,1236,810850.48,800000,811794,25,10
2017-12-02,10000025,1319,808447.96,550168,900000,10,7
2017-12-02,10000025,1335,320387.99,320387.99,320387.99,2,2
2017-12-02,10000025,1355,773208,773208,773208,2,2
2017-12-02,10000025,1405,640608.59,582427,1300000,37,21
2017-12-02,10000025,1447,704168,704168,704168,1,1
2017-12-02,10000025,1541,1649988.4,1282807,1894776,10,6
2017-12-02,10000025,1877,2246487,2246487,2246487,6,1
2017-12-02,10000025,1952,1399777,1399777,1399777,3,1
2017-12-02,10000025,1978,1477902.69,1438916.39,1516888.99,2,2
2017-12-02,10000025,1987,1080933,1080933,1080933,8,2
2017-12-02,10000025,1999,1297399,1297399,1297399,6,6
2017-12-02,10000025,2026,108000000,108000000,108000000,1,1
2017-12-02,10000025,2027,218000000,218000000,218000000,1,1
2017-12-02,10000025,2028,439000000,439000000,439000000,1,1
2017-12-02,10000025,2032,916214.95,546700,1840002.32,7,5
2017-12-02,10000025,2038,3999998,3999998,3999998,1,1
2017-12-02,10000025,2046,111000,111000,111000,1,1
2017-12-02,10000025,2048,652019.69,500000,654777,22,21
2017-12-02,10000025,2175,1282260.53,1181340.99,1400000,13,4
2017-12-02,10000025,2185,1238632,1077264,1500000,14,4
2017-12-02,10000025,2195,2281288,2281288,2281288,7,2
2017-12-02,10000025,2205,590285.7,400000,621999.97,14,7
2017-12-02,10000025,2254,250000,250000,250000,1,1
2017-12-02,10000025,2281,2638166.37,101000,3046241.99,16,13
2017-12-02,10000025,2297,1639111.12,1536455,1947070.46,4,3
2017-12-02,10000025,2299,2268846.81,2174700,2271462,37,35
2017-12-02,10000025,2301,2575999.73,2399999.99,3015999.08,7,4
2017-12-02,10000025,2303,2022218.52,1450000,2067996,27,26
2017-12-02,10000025,2333,800000.33,1,1200000,3,3
2017-12-02,10000025,2364,1000000,1000000,1000000,2,1
2017-12-02,10000025,2404,1488750,1485000,1490000,16,6
2017-12-02,10000025,2406,1514444.43,1514444.43,1514444.43,1,1
2017-12-02,10000025,2436,2590000,2590000,2590000,10,1
2017-12-02,10000025,2446,1999999.95,1999999.95,1999999.95,4,1
2017-12-02,10000025,2456,661338.7,413598,5000000,20,5
2017-12-02,10000025,2466,1000,1000,1000,5,1
2017-12-02,10000025,2476,131340,131340,131340,8,1
2017-12-02,10000025,2478,2071373.7,1869991,3123813.05,69,15
2017-12-02,10000025,2486,20000,20000,20000,100,1
2017-12-02,10000025,2488,461064,461064,461064,144,24
2017-12-02,10000025,2508,424,424,424,4000,2
2017-12-02,10000025,2524,275000,275000,275000,3,1
2017-12-02,10000025,2531,577493,577493,577493,3,3
2017-12-02,10000025,2534,300000,300000,300000,1,1
2017-12-02,10000025,2539,1097333.33,1097333.33,1097333.33,1,1
2017-12-02,10000025,2547,852499,852499,852499,1,1
2017-12-02,10000025,2549,275000,275000,275000,1,1
2017-12-02,10000025,2553,1211695.21,1154527,1383199.82,4,4
2017-12-02,10000025,2605,363979.68,346483,573939.9,26,18
2017-12-02,10000025,2613,189,189,189,3396,3
2017-12-02,10000025,2817,79,79,79,700,1
2017-12-02,10000025,2873,1155999.99,1090000,1199999.99,5,4
2017-12-02,10000025,2881,612696,612696,612696,2,1
2017-12-02,10000025,2889,867368.05,790000,999999,19,4
2017-12-02,10000025,2905,731048.99,731048.99,731048.99,8,3
2017-12-02,10000025,2977,1385918.75,1361429,1590000,28,12
2017-12-02,10000025,3033,1200834,1200834,1200834,4,2
2017-12-02,10000025,3041,769997,769997,769997,4,2
2017-12-02,10000025,3074,995000,995000,995000,1,1
2017-12-02,10000025,3082,2086200.34,2086200.34,2086200.34,6,2
2017-12-02,10000025,3146,2157722.91,2150000,2162136,11,3
2017-12-02,10000025,3170,790899.99,790899.99,790899.99,2,1
2017-12-02,10000025,3178,1090000,1090000,1090000,3,1
2017-12-02,10000025,3244,1971501.85,1780777,2399777,13,13
2017-12-02,10000025,3256,7315687.33,7140000,7499999,9,9
2017-12-02,10000025,3265,7333333.33,6000000,8000000,3,3
2017-12-02,10000025,3296,1000000,1000000,1000000,2,2
2017-12-02,10000025,3308,5000000,5000000,5000000,1,1
2017-12-02,10000025,3496,2500000,2500000,2500000,1,1
2017-12-02,10000025,3504,4949999.5,4900000,4999999,2,2
2017-12-02,10000025,3530,1359714.99,1299999.99,1538860,4,3
2017-12-02,10000025,3598,1184700,1184700,1184700,2,2
2017-12-02,10000025,3766,1000000,1000000,1000000,2,2
2017-12-02,10000025,3831,1148671.7,1059499.81,1170000,4,4
2017-12-02,10000025,3841,1360068.88,1331832.55,1456576,14,8
2017-12-02,10000025,3888,1319991,1319991,1319991,2,1
2017-12-02,10000025,3898,18539021.6,17500000,18798777,5,4
2017-12-02,10000025,3995,2300000,2300000,2300000,2,1
2017-12-02,10000025,4025,40695.99,40695.99,40695.99,5,3
2017-12-02,10000025,4027,80298.99,80298.99,80298.99,6,5
2017-12-02,10000025,4246,20200,20200,20200,2480,2
2017-12-02,10000025,4254,1017500,1017500,1017500,8,7
2017-12-02,10000025,4260,1683302,1683302,1683302,1,1
2017-12-02,10000025,4383,1834799,1834799,1834799,1,1
2017-12-02,10000025,4395,700000,700000,700000,4,2
2017-12-02,10000025,4403,823160.43,630879.98,1400001.77,4,4
2017-12-02,10000025,4405,1915258.59,1453420,2990000,17,7
2017-12-02,10000025,4477,760000,760000,760000,3,2
2017-12-02,10000025,4833,137386,137386,137386,10,1
2017-12-02,10000025,4871,60500,60500,60500,2,2
2017-12-02,10000025,5011,274999,274999,274999,1,1
2017-12-02,10000025,5141,322221,322221,322221,2,2
2017-12-02,10000025,5299,120450,120450,120450,1,1
2017-12-02,10000025,5405,111000,111000,111000,11,11
2017-12-02,10000025,5439,67999.99,67999.99,67999.99,1,1
2017-12-02,10000025,5443,329962.99,329962.99,329962.99,8,7
2017-12-02,10000025,5445,200499.99,200499.99,200499.99,2,2
2017-12-02,10000025,5839,1262991.78,1000000,1525983.56,8,6
2017-12-02,10000025,5955,582332.67,370552.63,900002.74,5,5
2017-12-02,10000025,5971,54738,47176,100110,7,7
2017-12-02,10000025,5973,618420.89,521364,1588989.74,22,21
2017-12-02,10000025,6001,30065.99,30065.99,30065.99,4,2
2017-12-02,10000025,6003,99999,99999,99999,1,1
2017-12-02,10000025,6296,18000,18000,18000,1,1
2017-12-02,10000025,7287,548999,548999,548999,3,1
2017-12-02,10000025,7367,1399999,1399999,1399999,6,1
2017-12-02,10000025,8089,690000,690000,690000,8,3
2017-12-02,10000025,8091,111000,111000,111000,3,2
2017-12-02,10000025,8105,1759266.99,1759266.99,1759266.99,6,1
2017-12-02,10000025,8117,196304.96,149930,289054.88,9,2
2017-12-02,10000025,8433,416898,416898,416898,1,1
2017-12-02,10000025,8517,3500000,3500000,3500000,2,1
2017-12-02,10000025,8529,69019,69019,69019,7,3
2017-12-02,10000025,8748,111000,111000,111000,1,1
2017-12-02,10000025,9327,655600,655600,655600,16,2
2017-12-02,10000025,9411,1747776,1747776,1747776,6,2
2017-12-02,10000025,9491,5357894.32,4999999,6000000.01,19,4
2017-12-02,10000025,9497,1200000,1200000,1200000,8,1
2017-12-02,10000025,9608,18692,18692,18692,1,1
2017-12-02,10000025,9632,193233,193233,193233,4,3
2017-12-02,10000025,9660,49463,49463,49463,2,2
2017-12-02,10000025,9950,3656823.79,3413650,3899997.57,4,3
2017-12-02,10000025,10190,1448333.33,1445000,1450000,3,2
2017-12-02,10000025,10204,3599999,3599999,3599999,1,1
2017-12-02,10000025,10208,27499777,24999777,29999777,2,2
2017-12-02,10000025,10221,27499777,24999777,29999777,2,2
2017-12-02,10000025,10246,45000,45000,45000,5,1
2017-12-02,10000025,10631,437332.47,420000,439999,15,4
2017-12-02,10000025,10680,790000,790000,790000,6,2
2017-12-02,10000025,10842,2735332,2735332,2735332,1,1
2017-12-02,10000025,10850,1787677.99,1787677.99,1787677.99,1,1
2017-12-02,10000025,10858,1539450,1539450,1539450,1,1
2017-12-02,10000025,10998,25200,25200,25200,5,2
2017-12-02,10000025,11172,52000000,52000000,52000000,2,2
2017-12-02,10000025,11176,42844237,42844237,42844237,1,1
2017-12-02,10000025,11178,42000000,42000000,42000000,1,1
2017-12-02,10000025,11184,39000000,39000000,39000000,1,1
2017-12-02,10000025,11186,42500000,30000000,45000000,6,5
2017-12-02,10000025,11188,42000000,42000000,42000000,1,1
2017-12-02,10000025,11192,43000000,43000000,43000000,1,1
2017-12-02,10000025,11196,33659977,33659977,33659977,11,11
2017-12-02,10000025,11198,38279998,38279998,38279998,2,2
2017-12-02,10000025,11200,37124990,37124990,37124990,3,3
2017-12-02,10000025,11202,47000000,47000000,47000000,1,1
2017-12-02,10000025,11239,550000,550000,550000,2,1
2017-12-02,10000025,11249,962500,962500,962500,1,1
2017-12-02,10000025,11269,849999.86,849999,850000,7,6
2017-12-02,10000025,11289,4549,4549,4549,1439,3
2017-12-02,10000025,11370,1711097.4,1638996,1999999,5,5
2017-12-02,10000025,11563,233125,233125,233125,5,3
2017-12-02,10000025,11578,7097119.07,7082198.33,7100021.29,7,7
2017-12-02,10000025,11640,2057930.84,1844827.45,2199999.76,15,3
2017-12-02,10000025,11646,2199999,2199999,2199999,1,1
2017-12-02,10000025,11965,319000777,319000777,319000777,1,1
2017-12-02,10000025,12032,31750194.25,29000000,40000777,4,3
2017-12-02,10000025,12034,38928821.14,36857642.28,41000000,2,2
2017-12-02,10000025,12058,3791573,3791573,3791573,2,2
2017-12-02,10000025,12076,7498777,7498777,7498777,1,1
2017-12-02,10000025,12198,3000000,3000000,3000000,3,1
2017-12-02,10000025,12199,4000000,4000000,4000000,3,1
2017-12-02,10000025,12206,3999777,3999777,3999777,1,1
2017-12-02,10000025,12267,3739996,3739996,3739996,2,2
2017-12-02,10000025,12557,99000,99000,99000,4,1
2017-12-02,10000025,12559,199000,199000,199000,15,4
2017-12-02,10000025,12563,90788,90788,90788,3,1
2017-12-02,10000025,12565,82286.99,82286.99,82286.99,3,1
2017-12-02,10000025,12608,69.99,69.99,69.99,4200,3
2017-12-02,10000025,12612,48,48,48,1200,1
2017-12-02,10000025,12614,39.99,39.99,39.99,2771,2
2017-12-02,10000025,12618,55,55,55,4500,3
2017-12-02,10000025,12620,59,59,59,5500,4
2017-12-02,10000025,12625,57.53,53.99,61.07,2000,2
2017-12-02,10000025,12631,79,79,79,1300,2
2017-12-02,10000025,12633,79,79,79,2500,3
2017-12-02,10000025,12761,1,1,1,2000,1
2017-12-02,10000025,12765,1,1,1,2000,1
2017-12-02,10000025,12775,1,1,1,2500,1
2017-12-02,10000025,12779,1,1,1,2000,1
2017-12-02,10000025,12785,86,86,86,2000,1
2017-12-02,10000025,12789,121,121,121,3500,1
2017-12-02,10000025,12801,239,239,239,20000,1
2017-12-02,10000025,12805,1,1,1,3215,2
2017-12-02,10000025,12818,288186.99,288186.99,288186.99,6,1
2017-12-02,10000025,13003,4000000,4000000,4000000,2,2
2017-12-02,10000025,13216,24448777,24448777,24448777,1,1
2017-12-02,10000025,13261,24382221.38,24382221,24382222,8,6
2017-12-02,10000025,14130,15000000,15000000,15000000,1,1
2017-12-02,10000025,15463,2073866,2073866,2073866,1,1
2017-12-02,10000025,15510,89999,89999,89999,15,1
2017-12-02,10000025,15681,112999999.99,112999999.99,112999999.99,3,1
2017-12-02,10000025,15729,25000000,25000000,25000000,1,1
2017-12-02,10000025,16227,3500000,3500000,3500000,1,1
2017-12-02,10000025,16238,4000000,4000000,4000000,2,2
2017-12-02,10000025,16272,450,450,450,292000,5
2017-12-02,10000025,16273,109,109,109,249913,67
2017-12-02,10000025,16274,840,840,840,51000,2
2017-12-02,10000025,16275,2300,2300,2300,7080,3
2017-12-02,10000025,16301,199999,199999,199999,4,2
2017-12-02,10000025,16469,163756,163756,163756,2,1
2017-12-02,10000025,17366,848196.15,49451.25,1000000,12,5
2017-12-02,10000025,17478,22000000,22000000,22000000,1,1
2017-12-02,10000025,17480,17156557.65,15562393.68,18750721.61,2,2
2017-12-02,10000025,17715,269000777,269000777,269000777,1,1
2017-12-02,10000025,17720,185287776.99,185287776.99,185287776.99,1,1
2017-12-02,10000025,17738,490000000,490000000,490000000,1,1
2017-12-02,10000025,17843,90000640.72,88977777,91023504.43,2,2
2017-12-02,10000025,17887,1049,950,1500,110053,3
2017-12-02,10000025,17888,999,999,999,70000,4
2017-12-02,10000025,17889,884,884,884,90000,4
2017-12-02,10000025,17912,3999999.99,3999999.98,4000000,6,2
2017-12-02,10000025,17928,70000000,70000000,70000000,1,1
2017-12-02,10000025,17940,600000,600000,600000,1,1
2017-12-02,10000025,18639,11728,11728,11728,2,2
2017-12-02,10000025,19286,11283332.84,5849998.53,14000000,3,3
2017-12-02,10000025,19287,19499760.68,19499760.68,19499760.68,1,1
2017-12-02,10000025,19301,110000000,110000000,110000000,1,1
2017-12-02,10000025,19500,100000,100000,100000,3,3
2017-12-02,10000025,19806,1306799.99,1306799.99,1306799.99,1,1
2017-12-02,10000025,19810,150000,150000,150000,1,1
2017-12-02,10000025,19814,24199.99,24199.99,24199.99,5,4
2017-12-02,10000025,20351,1593898,1593898,1593898,1,1
2017-12-02,10000025,20353,3199989.99,3199989.99,3199989.99,2,1
2017-12-02,10000025,20452,47656377,47656377,47656377,6,2
2017-12-02,10000025,21096,2284546.63,1689599,2999999,19,15
2017-12-02,10000025,21638,1134383.35,1134383.35,1134383.35,2,1
2017-12-02,10000025,21640,1121611.68,1099988,1190000,68,11
2017-12-02,10000025,21894,1390,1390,1390,4947,4
2017-12-02,10000025,21896,746.99,746.99,746.99,2000,1
2017-12-02,10000025,21898,515,515,515,21242,18
2017-12-02,10000025,21902,1206,1206,1298,24785,6
2017-12-02,10000025,21906,526.99,526.99,526.99,9909,11
2017-12-02,10000025,21918,1,1,1,2500,2
2017-12-02,10000025,21924,528,528,528,12616,12
2017-12-02,10000025,21935,0.91,0.91,0.91,895,1
2017-12-02,10000025,22229,5136250.16,4075000.62,5490000,8,3
2017-12-02,10000025,22291,1333194,1319988,1346400,6,3
2017-12-02,10000025,22464,55000000,55000000,55000000,1,1
2017-12-02,10000025,22576,200000,200000,200000,3,1
2017-12-02,10000025,22578,149999.91,149999.91,149999.91,1,1
2017-12-02,10000025,22778,159559.12,154777,166390.71,51,3
2017-12-02,10000025,22977,699.99,699.99,699.99,5500,3
2017-12-02,10000025,23009,630,630,630,4158,3
2017-12-02,10000025,23025,759,759,759,34232,7
2017-12-02,10000025,23029,1048,1048,1048,6500,3
2017-12-02,10000025,23035,879,879,879,12000,3
2017-12-02,10000025,23039,879,879,879,1000,1
2017-12-02,10000025,23055,3050000,3050000,3050000,1,1
2017-12-02,10000025,23061,5499777,5499777,5499777,127,10
2017-12-02,10000025,23071,301457.99,301457.99,301457.99,3,1
2017-12-02,10000025,23089,563439.99,563439.98,563439.99,4,2
2017-12-02,10000025,23527,803140.49,295900,1564001.23,5,5
2017-12-02,10000025,23563,96250,96250,96250,3,1
2017-12-02,10000025,23705,1000000,1000000,1000000,5,1
2017-12-02,10000025,23707,50000,50000,50000,3,1
2017-12-02,10000025,23717,89999,89999,89999,10,1
2017-12-02,10000025,24283,45000000,45000000,45000000,1,1
2017-12-02,10000025,24305,4245000,4200000,4290000,4,2
2017-12-02,10000025,24395,1660000.87,1660000.87,1660000.87,2,1
2017-12-02,10000025,24417,1688493,1650000,1803972,4,4
2017-12-02,10000025,24427,1788297.75,1764397,1859999.98,4,3
2017-12-02,10000025,24438,1230654.49,1199989.98,1261319,4,3
2017-12-02,10000025,24443,1524607,1524607,1524607,1,1
2017-12-02,10000025,24471,99,99,99,1222,1
2017-12-02,10000025,24477,140,140,140,1622,2
2017-12-02,10000025,24488,170,170,170,10000,1
2017-12-02,10000025,24495,138,138,138,3111,2
2017-12-02,10000025,24497,141.99,141.99,141.99,3400,3
2017-12-02,10000025,24499,186.99,186.99,186.99,2000,1
2017-12-02,10000025,24501,110,110,110,1000,1
2017-12-02,10000025,24533,750,750,750,4000,1
2017-12-02,10000025,25707,899999.09,899999.09,899999.09,8,2
2017-12-02,10000025,25948,6643130.68,5633844.05,7147774,6,3
2017-12-02,10000025,26088,8899777,8899777,8899777,3,1
2017-12-02,10000025,26374,91000000.72,91000000.72,91000000.72,1,1
2017-12-02,10000025,26438,78000001,78000001,78000001,1,1
2017-12-02,10000025,26890,25000000,25000000,25000000,1,1
2017-12-02,10000025,26929,200000,200000,200000,1,1
2017-12-02,10000025,26931,2630354,2630354,2630354,1,1
2017-12-02,10000025,27127,1490000,1490000,1490000,3,3
2017-12-02,10000025,27143,828900,657799.99,1000000,2,2
2017-12-02,10000025,27315,990,990,990,2000,1
2017-12-02,10000025,27321,690,690,690,3466,1
2017-12-02,10000025,27327,890,890,890,3300,1
2017-12-02,10000025,27333,990,990,990,1200,1
2017-12-02,10000025,27339,2745,2745,2745,1500,1
2017-12-02,10000025,27345,2790,2790,2790,1000,1
2017-12-02,10000025,27359,2890,2890,2890,10,1
2017-12-02,10000025,27361,1390,1390,1390,2222,2
2017-12-02,10000025,27371,1104.99,1104.99,1104.99,1000,1
2017-12-02,10000025,27381,1083.99,1083.99,1083.99,4700,6
2017-12-02,10000025,27387,1060.99,1060.99,1060.99,9626,12
2017-12-02,10000025,27395,2015,2015,2015,29000,5
2017-12-02,10000025,27401,1390,1390,1390,24000,3
2017-12-02,10000025,27405,1390,1390,1390,600,1
2017-12-02,10000025,27441,1417.99,1417.99,1417.99,2000,1
2017-12-02,10000025,27453,1373.99,1373.99,1373.99,3000,1
2017-12-02,10000025,27914,1699999,1699999,1699999,1,1
2017-12-02,10000025,27920,699999,699999,699999,5,1
2017-12-02,10000025,28201,615991.98,615991.98,615991.98,9,3
2017-12-02,10000025,28209,1100000,1100000,1100000,2,1
2017-12-02,10000025,28215,1023998.5,799999.99,1247997,28,7
2017-12-02,10000025,28332,0.01,0.01,0.01,4650,4
2017-12-02,10000025,28336,522,522,522,2400,2
2017-12-02,10000025,28352,2300000000,2300000000,2300000000,1,1
2017-12-02,10000025,28576,999999.99,999999.99,1000000,6,3
2017-12-02,10000025,28578,1800000,1800000,1800000,12,2
2017-12-02,10000025,28668,28769.46,28769.46,28769.46,5516,35
2017-12-02,10000025,28758,35972485,35972485,35972485,1,1
2017-12-02,10000025,28999,9777,9777,9777,6,3
2017-12-02,10000025,29001,5777,5777,5777,6,4
2017-12-02,10000025,29009,5777,5777,5777,1,1
2017-12-02,10000025,29011,7777,7777,7777,5,3
2017-12-02,10000025,29013,10205,10205,10205,1,1
2017-12-02,10000025,29015,9234,9234,9234,1,1
2017-12-02,10000025,30013,6500,6500,6500,16,1
2017-12-02,10000025,30028,44999.99,44999.99,44999.99,16,1
2017-12-02,10000025,30486,511476,511476,511476,16,2
2017-12-02,10000025,30488,437752.75,400000,443146,64,5
2017-12-02,10000025,30832,2099999,2099999,2099999,1,1
2017-12-02,10000025,30834,1782000,1782000,1782000,1,1
2017-12-02,10000025,30836,1449999.99,1449999.99,1449999.99,1,1
2017-12-02,10000025,30997,329663,329663,329663,1,1
2017-12-02,10000025,31009,744332.96,744332.96,744332.96,7,3
2017-12-02,10000025,31105,285993,285993,285993,5,5
2017-12-02,10000025,31111,4290012,4290012,4290012,3,2
2017-12-02,10000025,31119,1275884.95,1275776.9,1275993,6,2
2017-12-02,10000025,31159,343621.67,265432.5,500000,9,6
2017-12-02,10000025,31165,4216256,3675753,7999777,8,8
2017-12-02,10000025,31171,4124975,4124975,4124975,10,9
2017-12-02,10000025,31173,11852415,11852415,11852415,1,1
2017-12-02,10000025,31177,300000,300000,300000,4,3
2017-12-02,10000025,31183,3251412.5,2858900,5998999.99,8,6
2017-12-02,10000025,31222,7579000,7579000,7579000,1,1
2017-12-02,10000025,31238,145889,145889,145889,2,1
2017-12-02,10000025,31274,214137.68,196883,248647.03,3,3
2017-12-02,10000025,31328,2949203,2949203,2949203,2,1
2017-12-02,10000025,31358,718475,686950,750000,2,2
2017-12-02,10000025,31360,3870000,3870000,3870000,1,1
2017-12-02,10000025,31364,5496312.97,5496312.97,5496312.97,2,2
2017-12-02,10000025,31366,23648878,23648878,23648878,3,3
2017-12-02,10000025,31372,1771666.04,1187999,4690001.21,6,4
2017-12-02,10000025,31604,3298897,3298897,3298897,1,1
2017-12-02,10000025,31620,1111111,1111111,1111111,2,2
2017-12-02,10000025,31668,219998,219998,219998,1,1
2017-12-02,10000025,31716,56467,56467,56467,94,1
2017-12-02,10000025,31718,763831.85,749957.71,777705.99,2,2
2017-12-02,10000025,31722,2816656,2816656,2816656,2,2
2017-12-02,10000025,31724,4580387,4580387,4580387,5,4
2017-12-02,10000025,31730,2000000,2000000,2000000,2,1
2017-12-02,10000025,31742,271700,271700,271700,2,2
2017-12-02,10000025,31760,5719998,5719998,5719998,2,2
2017-12-02,10000025,31788,1433332.5,1400000,1466665,6,4
2017-12-02,10000025,31790,2400777,2400777,2400777,7,4
2017-12-02,10000025,31792,43011057,43011057,43011057,3,1
2017-12-02,10000025,31794,7105999,7105999,7105999,13,5
2017-12-02,10000025,31796,28996777,28996777,28996777,1,1
2017-12-02,10000025,31890,2590000,2590000,2590000,7,1
2017-12-02,10000025,31892,2990000,2990000,2990000,134,19
2017-12-02,10000025,31894,3300000,3300000,3300000,7,2
2017-12-02,10000025,31928,11834398.57,11000000,11973465,7,3
2017-12-02,10000025,31930,36989514,36989514,36989514,1,1
2017-12-02,10000025,31932,35123490,35123490,35123490,1,1
2017-12-02,10000025,31942,90900002.1,90900002.1,90900002.1,1,1
2017-12-02,10000025,31944,30000000,30000000,30000000,1,1
2017-12-02,10000025,31998,63880,63880,63880,143,3
2017-12-02,10000025,32006,120666.99,120666.99,120666.99,180,11
2017-12-02,10000025,32014,1100.01,1100.01,1100.01,139,4
2017-12-02,10000025,32772,499999.99,499999.99,499999.99,1,1
2017-12-02,10000025,32787,30000,30000,30000,3,1
2017-12-02,10000025,32819,2500000,2500000,2500000,4,2
2017-12-02,10000025,32876,714984.8,500000,929969.6,2,2
2017-12-02,10000025,32878,489999,489999,489999,1,1
2017-12-02,10000025,33003,581534.22,494460.49,810695.02,11,7
2017-12-02,10000025,33005,150000,150000,150000,1,1
2017-12-02,10000025,33076,299999.99,299999.99,300000,5,4
2017-12-02,10000025,33176,84667,84667,84667,3,2
2017-12-02,10000025,33178,90199,90199,90199,2,1
2017-12-02,10000025,33180,103389,103389,103389,3,1
2017-12-02,10000025,33332,17900,17900,17900,18,1
2017-12-02,10000025,33468,82449777,82449777,82449777,1,1
2017-12-02,10000025,33474,1404829,166901.49,1900000,7,6
2017-12-02,10000025,33475,13449999.99,11250000,14999999.99,10,7
2017-12-02,10000025,33520,40000000,40000000,40000000,1,1
2017-12-02,10000025,33824,2300776,2300776,2300776,1,1
2017-12-02,10000025,33828,29999777,29999777,29999777,2,1
2017-12-02,10000025,33844,199000000.56,199000000.56,199000000.56,3,1
2017-12-02,10000025,33890,879986.96,879986.96,879986.96,5,3
2017-12-02,10000025,33892,3354998,3354998,3354998,6,3
2017-12-02,10000025,34562,56799776.95,56799776.95,56799776.95,3,2
2017-12-02,10000025,35656,26279,26279,26279,1,1
2017-12-02,10000025,35657,118063.99,118063.99,118063.99,1,1
2017-12-02,10000025,35658,66536,66536,66536,4,4
2017-12-02,10000025,35659,104499,104499,104499,6,6
2017-12-02,10000025,35660,20048.53,20048.53,20048.53,1,1
2017-12-02,10000025,35790,2317188.04,1868645,2990002.6,5,3
2017-12-02,10000025,35794,9229,9229,9229,2,2
2017-12-02,10000025,35795,12637.2,12100,13443,5,3
2017-12-02,10000025,35899,37000000,37000000,37000000,1,1
2017-12-02,10000025,36910,7584776.97,7584776.97,7584776.97,1,1
2017-12-02,10000025,37451,1360000,1360000,1360000,2,1
2017-12-02,10000025,37479,446487,446487,446487,1,1
2017-12-02,10000025,37482,89000777,89000777,89000777,1,1
2017-12-02,10000025,37544,99999,99999,99999,1,1
2017-12-02,10000025,40334,9546,9546,9546,1,1
2017-12-02,10000025,40335,8849,8849,8849,1,1
2017-12-02,10000025,40348,35000000,35000000,35000000,2,1
2017-12-02,10000025,40357,169000777,169000777,169000777,1,1
2017-12-02,10000025,40365,13000000,13000000,13000000,24,2
2017-12-02,10000025,40559,15802772.31,15800777,15807760.59,56,5
2017-12-02,10000025,41031,6875,6875,6875,3,1
2017-12-02,10000025,41032,7095,7095,7095,3,1
2017-12-02,10000025,41218,59700000,59700000,59700000,1,1
2017-12-02,10000025,41415,179900777,179900777,179900777,2,2
2017-12-02,10000025,41489,9900,9900,9900,241,8
2017-12-02,10000025,41490,911774,911774,911774,90,2
2017-12-02,10000025,42696,1210,1210,1210,345,2
2017-12-02,10000025,43554,3079997,3079997,3079997,4,1
2017-12-02,10000025,44992,3499777,3499777,3499777,560,2
2017-12-02,10000025,45847,7500000,7500000,7500000,1,1
2017-12-02,10000025,45973,6900000,6900000,6900000,1,1
2017-12-02,10000025,46002,5999999.99,5999999.99,5999999.99,1,1
2017-12-02,10000025,46355,290000,290000,290000,2,1
2017-12-02,10000025,46367,990000,990000,990000,2,1
2017-12-02,10000025,46369,490000,490000,490000,2,1
2017-12-02,10000025,46371,270000,270000,270000,2,1
2017-12-02,10000027,34,4.5,4.5,4.5,65708188,2
2017-12-02,10000027,35,4,4,4,6226038,2
2017-12-02,10000027,36,68.63,68.63,68.63,334581,1
2017-12-02,10000027,37,47,47,47,2119942,2
2017-12-02,10000027,39,1100,1100,1100,54127,1
2017-12-02,10000027,40,1200,1200,1200,264751,2
2017-12-02,10000027,526,30000,30000,30000,2,2
2017-12-02,10000027,527,1929998,1929998,1929998,3,3
2017-12-02,10000027,605,3000001,3000001,3000001,1,1
2017-12-02,10000027,1223,2400,2400,2400,9764,2
2017-12-02,10000027,1541,2000000,2000000,2000000,6,5
2017-12-02,10000027,1987,2000000,2000000,2000000,1,1
2017-12-02,10000027,2024,1200000,1200000,1200000,2,2
2017-12-02,10000027,2048,1066519.15,966076.59,1100000,4,4
2017-12-02,10000027,2175,1863333.33,1849999.99,1890000,6,3
2017-12-02,10000027,2185,999999,999999,999999,1,1
2017-12-02,10000027,2195,2881818.18,2800000,2950000,11,3
2017-12-02,10000027,2203,3200,3200,3200,20,2
2017-12-02,10000027,2281,3900000,3900000,3900000,5,3
2017-12-02,10000027,2454,24436.68,23760.72,24999.98,11,3
2017-12-02,10000027,2488,430000,430000,430000,4,1
2017-12-02,10000027,2575,1799999,1799999,1799999,4,2
2017-12-02,10000027,2605,447989.98,447989.98,447989.98,2,1
2017-12-02,10000027,2621,649.99,649.99,649.99,5000,2
2017-12-02,10000027,2998,65000000,65000000,65000000,1,1
2017-12-02,10000027,3256,11000000,11000000,11000000,6,6
2017-12-02,10000027,3496,3900000,3900000,3900000,1,1
2017-12-02,10000027,3888,950000,950000,950000,1,1
2017-12-02,10000027,4250,2900000,2900000,2900000,1,1
2017-12-02,10000027,4405,1349999,1349999,1349999,5,3
2017-12-02,10000027,5533,29814.81,29444.44,30000,6,3
2017-12-02,10000027,5955,390000,390000,390000,3,3
2017-12-02,10000027,5971,89999.99,89999.99,89999.99,1,1
2017-12-02,10000027,5973,541056.71,541056.71,541056.71,1,1
2017-12-02,10000027,8517,5000000,5000000,5000000,1,1
2017-12-02,10000027,8529,926666.67,890000,1000000,3,3
2017-12-02,10000027,9491,4500000,4500000,4500000,8,1
2017-12-02,10000027,10212,30000000,30000000,30000000,1,1
2017-12-02,10000027,10246,22999.98,22999.98,22999.98,10,1
2017-12-02,10000027,11134,25000,25000,25000,1,1
2017-12-02,10000027,11287,1500,1500,1500,25,1
2017-12-02,10000027,11325,700000,700000,700000,4,3
2017-12-02,10000027,11370,2499999.99,2499999.99,2499999.99,1,1
2017-12-02,10000027,12058,3664672.8,3664672.8,3664672.8,2,2
2017-12-02,10000027,12066,402820,261280,450000,4,4
2017-12-02,10000027,12777,222.75,222.75,222.75,1500,1
2017-12-02,10000027,12824,436000,436000,436000,16,2
2017-12-02,10000027,12828,550000,550000,550000,16,2
2017-12-02,10000027,13238,2000000,2000000,2000000,7,5
2017-12-02,10000027,13255,47000000,47000000,47000000,2,2
2017-12-02,10000027,13259,48700000.03,48700000.03,48700000.03,1,1
2017-12-02,10000027,13261,35000000,35000000,35000000,5,5
2017-12-02,10000027,14104,89000000,89000000,89000000,6,5
2017-12-02,10000027,15464,9562312.06,8999998.99,10500000,16,11
2017-12-02,10000027,16267,1550000,1550000,1550000,3,2
2017-12-02,10000027,16273,90.02,90.02,90.02,2250,7
2017-12-02,10000027,16275,10000,10000,10000,2880,3
2017-12-02,10000027,16278,1700000,1700000,1700000,2,1
2017-12-02,10000027,17938,799999.49,799999.49,799999.49,1,1
2017-12-02,10000027,17975,100000,100000,100000,1,1
2017-12-02,10000027,18592,600000,600000,600000,4,1
2017-12-02,10000027,18598,722727.27,722727.27,722727.27,4,1
2017-12-02,10000027,21096,2225000,1950000,2500000,4,3
2017-12-02,10000027,21638,1700000,1700000,1700000,33,8
2017-12-02,10000027,21640,1700000,1700000,1700000,4,2
2017-12-02,10000027,21896,749.99,749.99,749.99,1500,1
2017-12-02,10000027,21898,650,650,650,300,2
2017-12-02,10000027,22175,490000,490000,490000,1,1
2017-12-02,10000027,22576,55000,55000,55000,3,2
2017-12-02,10000027,23105,1200000,1200000,1200000,8,1
2017-12-02,10000027,24417,2600000,2600000,2600000,2,2
2017-12-02,10000027,24427,2350000,2350000,2350000,4,2
2017-12-02,10000027,24438,2200000,2200000,2200000,1,1
2017-12-02,10000027,24493,220,220,220,200000,2
2017-12-02,10000027,24513,776.22,776.22,776.22,1000,1
2017-12-02,10000027,25266,2113747.21,2113747.21,2113747.21,2,1
2017-12-02,10000027,25810,450000,450000,450000,1,1
2017-12-02,10000027,25861,490000,490000,490000,1,1
2017-12-02,10000027,26088,8500000,8500000,8500000,3,1
2017-12-02,10000027,26931,2000000,2000000,2000000,1,1
2017-12-02,10000027,28286,2500000,2500000,2500000,3,1
2017-12-02,10000027,28668,27989.87,27989.87,27989.87,1504,8
2017-12-02,10000027,28682,850000,850000,850000,2,1
2017-12-02,10000027,28758,38750000,38750000,38750000,1,1
2017-12-02,10000027,29009,9999.99,9999.99,9999.99,1,1
2017-12-02,10000027,30028,125000,125000,125000,8,1
2017-12-02,10000027,30486,1500000,1500000,1500000,22,2
2017-12-02,10000027,30836,2800000,2800000,2800000,1,1
2017-12-02,10000027,31286,300000,300000,300000,1,1
2017-12-02,10000027,31724,8000000,8000000,8000000,4,4
2017-12-02,10000027,31796,27853333.33,27444444.44,31000000,25,11
2017-12-02,10000027,31870,7000000,7000000,7000000,5,1
2017-12-02,10000027,31932,55000000,55000000,55000000,10,5
2017-12-02,10000027,32006,201639.22,201639.22,201639.22,6,1
2017-12-02,10000027,32014,350000,350000,350000,20,3
2017-12-02,10000027,32772,700000,700000,700000,1,1
2017-12-02,10000027,32880,333000,333000,333000,1,1
2017-12-02,10000027,35656,30000,30000,30000,1,1
2017-12-02,10000027,35659,34500,30000,39000,2,2
2017-12-02,10000027,35660,39999,39999,39999,1,1
2017-12-02,10000027,35790,2900000,2900000,2900000,1,1
2017-12-02,10000027,37483,85000000,85000000,85000000,1,1
2017-12-02,10000027,37615,25000000,25000000,25000000,1,1
2017-12-02,10000027,40520,965096452.02,965096452.02,965096452.02,1,1
2017-12-02,10000027,40556,18071428.57,18000000,20000000,28,3
2017-12-02,10000027,42832,750.99,750.99,750.99,600,1
2017-12-02,10000027,46005,9999999,9999999,9999999,1,1
2017-12-02,10000028,20,161.35,161.35,161.35,16332,3
2017-12-02,10000028,34,3.99,3.99,3.99,2742128,19
2017-12-02,10000028,35,4.56,4.56,4.56,592979,17
2017-12-02,10000028,36,60,56.13,60,338396,19
2017-12-02,10000028,37,52.49,52.49,52.49,137184,16
2017-12-02,10000028,38,449.98,449.98,449.98,19522,13
2017-12-02,10000028,39,1250,1250,1250,7449,9
2017-12-02,10000028,40,1599.99,1599.99,1599.99,6154,9
2017-12-02,10000028,41,21.17,14,28.34,45556,9
2017-12-02,10000028,179,0.07,0.07,0.07,500,2
2017-12-02,10000028,183,0.1,0.1,0.1,100,1
2017-12-02,10000028,184,0.22,0.22,0.22,822,2
2017-12-02,10000028,185,16.4,16.4,16.4,8300,2
2017-12-02,10000028,189,39.75,39.75,39.75,15800,3
2017-12-02,10000028,192,56.5,56.5,56.5,5000,1
2017-12-02,10000028,199,155,155,155,6600,3
2017-12-02,10000028,200,176.45,176.45,176.45,2200,2
2017-12-02,10000028,202,250,250,250,2000,1
2017-12-02,10000028,205,150,150,150,1000,1
2017-12-02,10000028,207,40,40,40,1000,1
2017-12-02,10000028,210,5,5,5,10700,2
2017-12-02,10000028,211,2.06,2.06,2.06,100,1
2017-12-02,10000028,212,0.1,0.1,0.1,100,1
2017-12-02,10000028,213,0.15,0.15,0.15,100,1
2017-12-02,10000028,222,18,18,18,500,1
2017-12-02,10000028,230,65.95,65.95,65.95,7000,2
2017-12-02,10000028,246,4400,4400,4400,8,1
2017-12-02,10000028,266,0.02,0.02,0.02,100,1
2017-12-02,10000028,269,7.55,7.55,7.55,200,1
2017-12-02,10000028,377,15500,15500,15500,4,1
2017-12-02,10000028,380,639998,639998,639998,2,2
2017-12-02,10000028,394,399998.89,399998.89,399998.89,1,1
2017-12-02,10000028,400,599998,599998,599998,1,1
2017-12-02,10000028,439,28200,27000,30000,5,5
2017-12-02,10000028,440,5299832.5,5299777,5299999,4,4
2017-12-02,10000028,444,6000,6000,6000,1,1
2017-12-02,10000028,447,75000,70000,79999.99,2,2
2017-12-02,10000028,448,1992776.99,1992776.99,1992776.99,1,1
2017-12-02,10000028,454,30000,30000,30000,8,1
2017-12-02,10000028,482,1499998.45,1499998,1499999,11,2
2017-12-02,10000028,483,27178.46,27140.07,27236.05,5,2
2017-12-02,10000028,490,134246,134246,134246,2,1
2017-12-02,10000028,491,390000,390000,390000,2,1
2017-12-02,10000028,493,250000,250000,250000,1,1
2017-12-02,10000028,503,40000,40000,40000,2,1
2017-12-02,10000028,519,1489999,1489999,1489999,1,1
2017-12-02,10000028,527,1099777,1099777,1099777,6,4
2017-12-02,10000028,561,6000,6000,6000,3,1
2017-12-02,10000028,565,34975,34975,34975,2,1
2017-12-02,10000028,578,317652.37,252957.14,349999.99,3,3
2017-12-02,10000028,586,411666.33,399999,417500,3,3
2017-12-02,10000028,608,415000,415000,415000,1,1
2017-12-02,10000028,622,8592084.67,8592084.67,8592084.67,1,1
2017-12-02,10000028,623,9999999,9999999,9999999,1,1
2017-12-02,10000028,626,10000000,10000000,10000000,1,1
2017-12-02,10000028,634,9499998,9499998,9499998,1,1
2017-12-02,10000028,649,1500000,1500000,1500000,1,1
2017-12-02,10000028,656,30000000,30000000,30000000,1,1
2017-12-02,10000028,672,33400,33000,34000,5,5
2017-12-02,10000028,690,2700000,2700000,2700000,1,1
2017-12-02,10000028,833,15000000,15000000,15000000,1,1
2017-12-02,10000028,887,80000,80000,80000,1,1
2017-12-02,10000028,888,120000,120000,120000,1,1
2017-12-02,10000028,889,165000,165000,165000,1,1
2017-12-02,10000028,890,205000,205000,205000,1,1
2017-12-02,10000028,891,235000,235000,235000,1,1
2017-12-02,10000028,892,275000,275000,275000,1,1
2017-12-02,10000028,893,325000,325000,325000,1,1
2017-12-02,10000028,894,400000,400000,400000,1,1
2017-12-02,10000028,967,50000,50000,50000,1,1
2017-12-02,10000028,1138,80000,80000,80000,1,1
2017-12-02,10000028,1139,110000,110000,110000,1,1
2017-12-02,10000028,1140,150000,150000,150000,1,1
2017-12-02,10000028,1141,175000,175000,175000,1,1
2017-12-02,10000028,1142,225000,225000,225000,1,1
2017-12-02,10000028,1143,275000,275000,275000,1,1
2017-12-02,10000028,1144,325000,325000,325000,1,1
2017-12-02,10000028,1145,400000,400000,400000,1,1
2017-12-02,10000028,1182,25000,25000,25000,1,1
2017-12-02,10000028,1183,679998.99,679998.99,679998.99,1,1
2017-12-02,10000028,1227,92.29,92.29,92.29,5435,1
2017-12-02,10000028,1228,19.45,19.45,19.45,175717,4
2017-12-02,10000028,1229,2135.18,2135.18,2135.18,1100,1
2017-12-02,10000028,1230,11.02,11.02,11.02,67448,3
2017-12-02,10000028,1236,599000,599000,599000,1,1
2017-12-02,10000028,1248,999999,999999,999999,1,1
2017-12-02,10000028,1304,15000,15000,15000,3,1
2017-12-02,10000028,1306,399998.98,399998.98,399998.98,1,1
2017-12-02,10000028,1319,1225250.48,1085776.99,1450000,27,9
2017-12-02,10000028,1355,1399999,1399999,1399999,1,1
2017-12-02,10000028,1403,18999,18999,18999,3,3
2017-12-02,10000028,1405,1001143.24,999999,1008294.75,29,3
2017-12-02,10000028,1422,989996.61,989996.61,989996.61,2,2
2017-12-02,10000028,1877,1699998.99,1699998.99,1699998.99,4,1
2017-12-02,10000028,1944,800000,800000,800000,1,1
2017-12-02,10000028,1977,9000,9000,9000,6,2
2017-12-02,10000028,1999,1096996.69,1096996.69,1096996.69,1,1
2017-12-02,10000028,2018,150000,150000,150000,1,1
2017-12-02,10000028,2032,799892.83,799877.66,799999,8,4
2017-12-02,10000028,2038,1399887.99,1399887.99,1399887.99,1,1
2017-12-02,10000028,2048,629357.41,626437.81,632277,4,4
2017-12-02,10000028,2109,1799998.98,1799998.98,1799998.98,1,1
2017-12-02,10000028,2185,1182522.67,1149995,1209629.07,11,3
2017-12-02,10000028,2203,5000,5000,5000,3,1
2017-12-02,10000028,2205,525000,525000,525000,5,1
2017-12-02,10000028,2254,81000,81000,81000,6,4
2017-12-02,10000028,2281,4181240.86,4181240.86,4181240.86,1,1
2017-12-02,10000028,2333,1390832.1,1390832.1,1390832.1,1,1
2017-12-02,10000028,2363,40000,40000,40000,6,2
2017-12-02,10000028,2364,1499999,1499999,1499999,3,1
2017-12-02,10000028,2404,1889999,1889999,1889999,20,2
2017-12-02,10000028,2410,1895000,1895000,1895000,6,1
2017-12-02,10000028,2456,490624.24,484998.99,500000,16,6
2017-12-02,10000028,2464,3849.8,3849,3850,10,2
2017-12-02,10000028,2477,4000000,4000000,4000000,1,1
2017-12-02,10000028,2486,7899.98,7899.98,7899.98,120,2
2017-12-02,10000028,2488,523076.12,474999,725000,26,3
2017-12-02,10000028,2505,512250.18,512250.18,512250.18,1,1
2017-12-02,10000028,2524,81000,81000,81000,4,3
2017-12-02,10000028,2525,81000,81000,81000,5,4
2017-12-02,10000028,2533,81000,81000,81000,1,1
2017-12-02,10000028,2534,81000,81000,81000,4,3
2017-12-02,10000028,2550,81000,81000,81000,4,3
2017-12-02,10000028,2563,2499999,2499999,2499999,4,1
2017-12-02,10000028,2567,2599999,2599999,2599999,4,1
2017-12-02,10000028,2603,65009.17,50042.69,69998,4,2
2017-12-02,10000028,2605,444127.9,444127.9,444127.9,2,1
2017-12-02,10000028,2679,298.85,298.85,298.85,11000,2
2017-12-02,10000028,2873,739999,739999,739999,2,1
2017-12-02,10000028,2929,4699999,4699999,4699999,8,1
2017-12-02,10000028,3242,120000,120000,120000,2,1
2017-12-02,10000028,3244,2199832.75,2199777,2200000,4,4
2017-12-02,10000028,3297,10000,10000,10000,11,2
2017-12-02,10000028,3301,20000,20000,20000,1,1
2017-12-02,10000028,3302,20000,20000,20000,1,1
2017-12-02,10000028,3305,100000,100000,100000,1,1
2017-12-02,10000028,3308,2000000,2000000,2000000,2,2
2017-12-02,10000028,3320,10000,10000,10000,1,1
2017-12-02,10000028,3324,109000.73,109000.73,109000.73,1,1
2017-12-02,10000028,3325,779000.86,779000.86,779000.86,1,1
2017-12-02,10000028,3326,384000.73,384000.73,384000.73,1,1
2017-12-02,10000028,3329,40000,40000,40000,1,1
2017-12-02,10000028,3330,40000,40000,40000,1,1
2017-12-02,10000028,3333,500000,500000,500000,1,1
2017-12-02,10000028,3334,885000.44,500000,1270000.87,2,2
2017-12-02,10000028,3335,540000.7,540000.7,540000.7,1,1
2017-12-02,10000028,3336,4000000,4000000,4000000,1,1
2017-12-02,10000028,3337,4000000,4000000,4000000,1,1
2017-12-02,10000028,3338,4195000.37,4000000,4390000.74,2,2
2017-12-02,10000028,3342,780000.83,780000.83,780000.83,1,1
2017-12-02,10000028,3405,25000,25000,25000,2,2
2017-12-02,10000028,3406,300000,300000,300000,1,1
2017-12-02,10000028,3410,450000,450000,450000,1,1
2017-12-02,10000028,3430,500000,500000,500000,1,1
2017-12-02,10000028,3433,100000,100000,100000,1,1
2017-12-02,10000028,3438,40000,40000,40000,1,1
2017-12-02,10000028,3441,380000,380000,380000,1,1
2017-12-02,10000028,3451,30000,30000,30000,1,1
2017-12-02,10000028,3452,370000.73,370000.73,370000.73,1,1
2017-12-02,10000028,3454,740000.87,740000.87,740000.87,1,1
2017-12-02,10000028,3456,10000000,10000000,10000000,1,1
2017-12-02,10000028,3488,1199999,1199999,1199999,3,3
2017-12-02,10000028,3528,97000,97000,97000,1,1
2017-12-02,10000028,3831,1488999.99,1488999.99,1488999.99,1,1
2017-12-02,10000028,4025,26775,3550,50000,2,2
2017-12-02,10000028,4027,550,550,550,1,1
2017-12-02,10000028,4246,18000,18000,18000,774,1
2017-12-02,10000028,4383,2099997,2099997,2099997,1,1
2017-12-02,10000028,4385,5735000.44,4500000,6970000.87,2,2
2017-12-02,10000028,4395,549997.62,549997,549997.93,3,2
2017-12-02,10000028,4403,719998.98,719998.98,719998.98,1,1
2017-12-02,10000028,4405,1999999,1999999,1999999,2,2
2017-12-02,10000028,4411,600000,600000,600000,1,1
2017-12-02,10000028,4529,1000,1000,1000,1,1
2017-12-02,10000028,5239,34999.99,34999.99,34999.99,8,3
2017-12-02,10000028,5320,13333,13333,13333,3,2
2017-12-02,10000028,5399,200,200,200,1,1
2017-12-02,10000028,5403,22000,22000,22000,2,2
2017-12-02,10000028,5439,14444,14444,14444,1,1
2017-12-02,10000028,5493,980000.31,980000.31,980000.31,6,1
2017-12-02,10000028,5631,60000,60000,60000,3,2
2017-12-02,10000028,5839,2399999.5,2399999,2400000,2,2
2017-12-02,10000028,5869,100,100,100,1,1
2017-12-02,10000028,5933,240000,240000,240000,2,1
2017-12-02,10000028,5971,19333.33,19000,20000,3,3
2017-12-02,10000028,5973,274166.5,60000,390000,6,4
2017-12-02,10000028,5975,50000,50000,50000,1,1
2017-12-02,10000028,6001,15250,15000,15500,2,2
2017-12-02,10000028,6005,170000,170000,170000,1,1
2017-12-02,10000028,6443,3000,3000,3000,1,1
2017-12-02,10000028,6485,7650,300,14999.99,2,2
2017-12-02,10000028,8427,169999.99,169999.99,169999.99,2,1
2017-12-02,10000028,8433,650000,650000,650000,1,1
2017-12-02,10000028,8517,4000000,4000000,4000000,1,1
2017-12-02,10000028,8529,449998.99,449998.99,449998.99,4,3
2017-12-02,10000028,9211,5000,5000,5000,1,1
2017-12-02,10000028,9632,659999,659999,659999,2,2
2017-12-02,10000028,9826,238.81,180,372.29,60,5
2017-12-02,10000028,9834,91000.65,91000.65,91000.65,85,1
2017-12-02,10000028,10246,5119.34,5119.34,5119.34,10,1
2017-12-02,10000028,10250,1400000,1400000,1400000,5,1
2017-12-02,10000028,10631,539777,539777,539777,4,1
2017-12-02,10000028,10850,949999,949999,949999,1,1
2017-12-02,10000028,10858,1599999,1599999,1599999,1,1
2017-12-02,10000028,10876,250000,250000,250000,1,1
2017-12-02,10000028,11082,1200000,1200000,1200000,1,1
2017-12-02,10000028,11083,1200000,1200000,1200000,1,1
2017-12-02,10000028,11129,23398,20000,30995,5,5
2017-12-02,10000028,11132,30000,30000,30000,2,2
2017-12-02,10000028,11133,50000,50000,50000,1,1
2017-12-02,10000028,11134,35690,35690,35690,1,1
2017-12-02,10000028,11207,500000,500000,500000,1,1
2017-12-02,10000028,11267,190000,190000,190000,1,1
2017-12-02,10000028,11370,2172726,2172726,2172726,1,1
2017-12-02,10000028,11448,11700000.87,11700000.87,11700000.87,1,1
2017-12-02,10000028,11563,210000,210000,210000,1,1
2017-12-02,10000028,11566,470000.83,470000.83,470000.83,1,1
2017-12-02,10000028,11577,5400000,5300000,5500000,2,2
2017-12-02,10000028,11578,6999999,6999999,6999999,1,1
2017-12-02,10000028,11584,370000.88,370000.88,370000.88,1,1
2017-12-02,10000028,11640,999998,999998,999998,2,1
2017-12-02,10000028,12042,30000000.08,30000000.08,30000000.08,1,1
2017-12-02,10000028,12056,48000,48000,48000,3,3
2017-12-02,10000028,12084,10199999,10199999,10199999,1,1
2017-12-02,10000028,12108,965000,965000,965000,3,2
2017-12-02,10000028,12210,1200000,1200000,1200000,1,1
2017-12-02,10000028,12213,1200000,1200000,1200000,1,1
2017-12-02,10000028,12274,83000,83000,83000,3,1
2017-12-02,10000028,12344,130000,130000,130000,4,1
2017-12-02,10000028,12365,132000,132000,132000,1,1
2017-12-02,10000028,12366,132000,132000,132000,1,1
2017-12-02,10000028,12367,131000.73,131000.73,131000.73,1,1
2017-12-02,10000028,12484,10500000,10500000,10500000,1,1
2017-12-02,10000028,12485,7800000,6600000,9000000,2,2
2017-12-02,10000028,12486,11999999,11999999,11999999,1,1
2017-12-02,10000028,12487,9777888,9777888,9777888,1,1
2017-12-02,10000028,12773,185,185,185,4500,2
2017-12-02,10000028,12777,210,210,210,5000,1
2017-12-02,10000028,12779,549.97,549.97,549.97,10000,1
2017-12-02,10000028,14299,15000000,15000000,15000000,24,1
2017-12-02,10000028,15331,800.01,800.01,800.01,138,7
2017-12-02,10000028,15465,21786562.98,21786562.98,21786562.98,1,1
2017-12-02,10000028,15510,40000,40000,40000,5,1
2017-12-02,10000028,15600,25001,25001,25001,2,1
2017-12-02,10000028,15604,750000.09,750000.09,750000.09,2,1
2017-12-02,10000028,15614,100000,100000,100000,5,1
2017-12-02,10000028,15615,634006.69,634006.69,634006.69,9,1
2017-12-02,10000028,15656,100000,100000,100000,4,1
2017-12-02,10000028,15669,1367818.64,1367818.64,1367818.64,10,1
2017-12-02,10000028,15992,25000.01,25000.01,25000.01,11,1
2017-12-02,10000028,16000,32103.29,32103.29,32103.29,12,1
2017-12-02,10000028,16069,85000,85000,85000,1,1
2017-12-02,10000028,16236,1000000,1000000,1000000,2,1
2017-12-02,10000028,16240,1100000,1100000,1100000,1,1
2017-12-02,10000028,16263,170001.12,170001.12,170001.12,8095,4
2017-12-02,10000028,16272,647,647,647,6769,1
2017-12-02,10000028,16273,85,85,85,5138355,24
2017-12-02,10000028,16275,4320,4320,4320,97,1
2017-12-02,10000028,16278,2372101.92,2372101.92,2372101.92,2,1
2017-12-02,10000028,16521,25000,25000,25000,1,1
2017-12-02,10000028,16591,32000000,32000000,32000000,2,2
2017-12-02,10000028,16594,1500000,1500000,1500000,1,1
2017-12-02,10000028,16598,3500000,3500000,3500000,1,1
2017-12-02,10000028,16622,5000000,5000000,5000000,1,1
2017-12-02,10000028,16678,500,500,500,8,1
2017-12-02,10000028,16681,7000,7000,7000,8,1
2017-12-02,10000028,17194,1000000,1000000,1000000,1,1
2017-12-02,10000028,17455,61.23,61.23,61.23,217586,17
2017-12-02,10000028,17456,63.73,63.73,63.73,28123,2
2017-12-02,10000028,17463,19.4,19.4,19.4,240000,3
2017-12-02,10000028,17470,15.18,15.18,15.18,144550,1
2017-12-02,10000028,17471,13.03,13.03,13.03,15718,1
2017-12-02,10000028,17478,22000000,22000000,22000000,3,3
2017-12-02,10000028,17765,100,100,100,20,1
2017-12-02,10000028,17865,2241.94,2241.94,2241.94,1446,1
2017-12-02,10000028,17866,2348.7,2348.7,2348.7,225,1
2017-12-02,10000028,17867,97.31,97.31,97.31,25693,5
2017-12-02,10000028,17868,101.79,101.79,101.79,14733,2
2017-12-02,10000028,17889,977,977,977,20470,1
2017-12-02,10000028,17912,4568046.57,4430768.23,4599999,13,4
2017-12-02,10000028,17938,71175,59999.99,74900,8,8
2017-12-02,10000028,17940,500000,500000,500000,1,1
2017-12-02,10000028,18050,75000,75000,75000,8,1
2017-12-02,10000028,18606,525000,525000,525000,2,1
2017-12-02,10000028,18639,47500,47000,48000,2,2
2017-12-02,10000028,19406,300008.01,300008.01,300008.01,1,1
2017-12-02,10000028,19500,800000,800000,800000,1,1
2017-12-02,10000028,19739,3000000,3000000,3000000,3,1
2017-12-02,10000028,19759,200000,200000,200000,1,1
2017-12-02,10000028,19760,160000,160000,160000,1,1
2017-12-02,10000028,19761,1000000,1000000,1000000,1,1
2017-12-02,10000028,19806,1249900,1249900,1249900,2,2
2017-12-02,10000028,19812,300,300,300,1,1
2017-12-02,10000028,19921,370000.88,370000.88,370000.88,1,1
2017-12-02,10000028,19952,200,200,200,1,1
2017-12-02,10000028,20138,34000,34000,34000,1,1
2017-12-02,10000028,20209,1198000.82,1198000.82,1198000.82,1,1
2017-12-02,10000028,20210,1198000.82,1198000.82,1198000.82,1,1
2017-12-02,10000028,20312,500000,500000,500000,1,1
2017-12-02,10000028,20315,1646667.15,1000000,1970000.73,3,3
2017-12-02,10000028,20342,54900000.29,50000000,64700000.87,3,3
2017-12-02,10000028,20347,679999,679999,679999,1,1
2017-12-02,10000028,20353,3299998.98,3299998.98,3299998.98,1,1
2017-12-02,10000028,20532,100000000,100000000,100000000,1,1
2017-12-02,10000028,21096,3125454.55,2189999.99,3500000,11,9
2017-12-02,10000028,21603,11000000,11000000,11000000,1,1
2017-12-02,10000028,21610,20000000,20000000,20000000,1,1
2017-12-02,10000028,21611,30000000,30000000,30000000,1,1
2017-12-02,10000028,21667,15000000,15000000,15000000,1,1
2017-12-02,10000028,21802,25000000,25000000,25000000,1,1
2017-12-02,10000028,21815,5000012,5000012,5000012,2,1
2017-12-02,10000028,21896,895,895,895,554,2
2017-12-02,10000028,21904,455.69,455.69,455.69,74,1
2017-12-02,10000028,22043,25000000,25000000,25000000,2,2
2017-12-02,10000028,22175,99999.99,99999.99,99999.99,3,3
2017-12-02,10000028,22177,122666.66,99999.99,134000,3,3
2017-12-02,10000028,22229,5999999,5999999,5999999,6,3
2017-12-02,10000028,22291,1344716.69,1160088.2,1599999,7,4
2017-12-02,10000028,22542,55108.75,39500,70717.5,2,2
2017-12-02,10000028,22551,28000000,28000000,28000000,1,1
2017-12-02,10000028,22552,999999,999999,999999,1,1
2017-12-02,10000028,22570,14000000.55,14000000.55,14000000.55,46,1
2017-12-02,10000028,22578,80000,80000,80000,1,1
2017-12-02,10000028,22806,295000.42,120000,470000.83,2,2
2017-12-02,10000028,22807,295000.44,120000,470000.88,2,2
2017-12-02,10000028,22808,284500.44,120000,449000.87,2,2
2017-12-02,10000028,22809,295000.44,120000,470000.87,2,2
2017-12-02,10000028,23009,684.71,684.71,684.71,1200,2
2017-12-02,10000028,23071,371249.51,371249.51,371249.51,8,1
2017-12-02,10000028,23566,228000.35,228000.35,228000.35,1,1
2017-12-02,10000028,23707,7999.92,7999.92,7999.92,4,1
2017-12-02,10000028,24241,370000.84,370000.84,370000.84,1,1
2017-12-02,10000028,24242,1735000.44,1000000,2470000.87,2,2
2017-12-02,10000028,24348,985745,985745,985745,1,1
2017-12-02,10000028,24492,298.85,298.85,298.85,4000,1
2017-12-02,10000028,24572,10000000,10000000,10000000,1,1
2017-12-02,10000028,25266,3999998,3999998,3999998,2,1
2017-12-02,10000028,25544,29324000.84,29324000.84,29324000.84,1,1
2017-12-02,10000028,25563,3599998.99,3599998.99,3599998.99,4,1
2017-12-02,10000028,25588,12009.27,5125.08,12501,15,4
2017-12-02,10000028,25589,1253.3,451.13,1315,28,6
2017-12-02,10000028,25590,88299.53,88151.42,100000.01,80,8
2017-12-02,10000028,25591,81000.52,5001.03,157000,10,8
2017-12-02,10000028,25592,93.28,26.12,1000,29,4
2017-12-02,10000028,25593,1143.91,250.09,7500,73,10
2017-12-02,10000028,25594,23800.89,20288.54,44875,14,5
2017-12-02,10000028,25595,15577.73,15577.73,15577.73,63,8
2017-12-02,10000028,25596,32561.46,32126.01,35000,33,9
2017-12-02,10000028,25597,3953.56,3953.56,3953.56,50,4
2017-12-02,10000028,25598,9706,9706,9706,199,14
2017-12-02,10000028,25599,200.21,200.21,200.21,287,15
2017-12-02,10000028,25600,25110.01,25110.01,25110.01,166,15
2017-12-02,10000028,25601,2022.45,2022.45,2022.45,199,13
2017-12-02,10000028,25602,2000.7,2000.7,2000.7,21,1
2017-12-02,10000028,25603,35000.41,35000.41,35000.41,17,1
2017-12-02,10000028,25604,3706.83,3706.83,3706.83,30,4
2017-12-02,10000028,25605,17101.89,17101.89,17101.89,60,6
2017-12-02,10000028,25606,42964.38,40125.11,60000,7,2
2017-12-02,10000028,25719,670000.87,670000.87,670000.87,1,1
2017-12-02,10000028,25739,970000.87,970000.87,970000.87,1,1
2017-12-02,10000028,25811,870000.86,870000.86,870000.86,1,1
2017-12-02,10000028,25861,67000,65000,73999.99,9,3
2017-12-02,10000028,25954,14000000,14000000,14000000,2,2
2017-12-02,10000028,26026,7000000,7000000,7000000,2,2
2017-12-02,10000028,26255,100000,100000,100000,1,1
2017-12-02,10000028,26261,100000,100000,100000,1,1
2017-12-02,10000028,26913,2999998.97,2999998.97,2999998.97,2,1
2017-12-02,10000028,26929,99999,99999,99999,3,1
2017-12-02,10000028,27195,19999999.98,19999999.98,19999999.98,1,1
2017-12-02,10000028,27260,39950000,39950000,39950000,1,1
2017-12-02,10000028,27315,989.85,989.85,989.85,2250,2
2017-12-02,10000028,27351,3498.8,3498.8,3498.8,600,1
2017-12-02,10000028,27361,1186.47,1186.47,1186.47,3212,4
2017-12-02,10000028,27441,1450,1450,1450,5000,1
2017-12-02,10000028,27902,100000,100000,100000,1,1
2017-12-02,10000028,28164,4500000,4500000,4500000,1,1
2017-12-02,10000028,28274,1300000,1300000,1300000,8,2
2017-12-02,10000028,28576,1187500,1100000,1275000,12,2
2017-12-02,10000028,28578,1197871.49,1197655.13,1198015.73,5,2
2017-12-02,10000028,28668,33998.43,33998.43,33998.43,264,4
2017-12-02,10000028,28695,1600,1600,1600,510,2
2017-12-02,10000028,28799,100000000,100000000,100000000,10,3
2017-12-02,10000028,28879,1000000,1000000,1000000,2,2
2017-12-02,10000028,28880,5000000,5000000,5000000,1,1
2017-12-02,10000028,28999,11000,11000,11000,1,1
2017-12-02,10000028,29005,11500,11500,11500,6,3
2017-12-02,10000028,29007,11500,11500,11500,1,1
2017-12-02,10000028,29009,449999.94,449999.94,449999.94,1,1
2017-12-02,10000028,29637,50000000,50000000,50000000,1,1
2017-12-02,10000028,30013,9999.99,9999.99,9999.99,144,11
2017-12-02,10000028,30028,149999.99,149999.99,149999.99,8,1
2017-12-02,10000028,30370,3220,3220,3220,960,1
2017-12-02,10000028,30371,1520,1520,1520,1280,1
2017-12-02,10000028,30372,2340,2340,2340,1080,1
2017-12-02,10000028,30373,11300,11300,11300,400,1
2017-12-02,10000028,30488,528500,528500,528500,8,1
2017-12-02,10000028,30540,6700000.87,6700000.87,6700000.87,1,1
2017-12-02,10000028,30546,6700000.88,6700000.88,6700000.88,1,1
2017-12-02,10000028,30547,5000000,5000000,5000000,1,1
2017-12-02,10000028,30550,6800000.87,6800000.87,6800000.87,1,1
2017-12-02,10000028,30553,6800000.87,6800000.87,6800000.87,1,1
2017-12-02,10000028,30652,2970000.87,2970000.87,2970000.87,1,1
2017-12-02,10000028,30836,2000000,2000000,2000000,1,1
2017-12-02,10000028,30987,553998.98,553998.98,553998.98,1,1
2017-12-02,10000028,30999,1599994.99,1599994.99,1599995.4,108,4
2017-12-02,10000028,31009,579249.24,579000,579996.97,4,4
2017-12-02,10000028,31083,1590000,1590000,1590000,1,1
2017-12-02,10000028,31119,1289998,1289998,1289998,2,1
2017-12-02,10000028,31213,88443.07,87665.13,89998.95,3,2
2017-12-02,10000028,31322,330000,320000,340000,2,2
2017-12-02,10000028,31358,948750,948000,949000,4,4
2017-12-02,10000028,31360,3900000,3900000,3900000,2,1
2017-12-02,10000028,31370,789989.99,789989.99,789989.99,3,2
2017-12-02,10000028,31372,1150000,1150000,1150000,7,4
2017-12-02,10000028,31406,1700000,1700000,1700000,1,1
2017-12-02,10000028,31644,1200000,1200000,1200000,2,1
2017-12-02,10000028,31680,289999.99,289999.99,289999.99,2,1
2017-12-02,10000028,31716,145000,145000,145000,1,1
2017-12-02,10000028,31718,382665.4,382000,383330.79,2,2
2017-12-02,10000028,31746,4999999.99,4999999.99,4999999.99,1,1
2017-12-02,10000028,31752,170000,170000,170000,1,1
2017-12-02,10000028,31788,515000,515000,515000,1,1
2017-12-02,10000028,31790,1923888.84,1871666.52,1950000,3,2
2017-12-02,10000028,31802,2366666.67,2300000,2500000,3,3
2017-12-02,10000028,32787,46599.4,39998.99,56500,10,6
2017-12-02,10000028,32797,500000,500000,500000,1,1
2017-12-02,10000028,32872,150000,150000,150000,10,1
2017-12-02,10000028,32876,924999.5,924999,925000,2,2
2017-12-02,10000028,32878,600000.5,1,1200000,2,2
2017-12-02,10000028,32880,320553.14,290000,324665.13,9,4
2017-12-02,10000028,32918,40000,40000,40000,2,1
2017-12-02,10000028,33000,200000,200000,200000,2,2
2017-12-02,10000028,33001,200000,200000,200000,1,1
2017-12-02,10000028,33076,625000,625000,625000,1,1
2017-12-02,10000028,33078,1044000.83,1044000.83,1044000.83,1,1
2017-12-02,10000028,33092,100000,100000,100000,1,1
2017-12-02,10000028,33093,100000,100000,100000,1,1
2017-12-02,10000028,33094,100000,100000,100000,1,1
2017-12-02,10000028,33096,1485000.44,1000000,1970000.88,2,2
2017-12-02,10000028,33098,1000000,1000000,1000000,1,1
2017-12-02,10000028,33140,23787927.22,23787927.22,23787927.22,6,1
2017-12-02,10000028,33141,29498998.99,29498998.99,29498998.99,6,1
2017-12-02,10000028,33399,5000000,5000000,5000000,1,1
2017-12-02,10000028,33467,3000000,3000000,3000000,1,1
2017-12-02,10000028,33470,269999900,269999900,269999900,1,1
2017-12-02,10000028,33474,2556011.61,2084017.42,3500000,3,2
2017-12-02,10000028,33475,14050000,8100000,20000000,2,2
2017-12-02,10000028,33856,4250000,4000000,4500000,2,2
2017-12-02,10000028,33892,7499999.99,7499999.99,7499999.99,1,1
2017-12-02,10000028,35658,50000,50000,50000,1,1
2017-12-02,10000028,35680,1485000.44,1000000,1970000.87,2,2
2017-12-02,10000028,35790,2599999,2599999,2599999,1,1
2017-12-02,10000028,37450,300000,300000,300000,2,1
2017-12-02,10000028,37608,1300010,1300010,1300010,2,2
2017-12-02,10000028,37610,1110004,1110004,1110004,2,2
2017-12-02,10000028,40328,4000000,4000000,4000000,1,1
2017-12-02,10000028,40519,385999996.17,385999996.17,385999996.17,1,1
2017-12-02,10000028,41155,899999.59,899999.59,899999.59,4,1
2017-12-02,10000028,41220,6000000,6000000,6000000,124,7
2017-12-02,10000028,41489,9050,9050,9050,100,1
2017-12-02,10000028,42528,1499999.99,1499999.99,1499999.99,1,1
2017-12-02,10000028,42694,1500,1500,1500,1000,1
2017-12-02,10000028,42695,2100,2100,2100,1000,1
2017-12-02,10000028,42696,1500,1500,1500,1000,1
2017-12-02,10000028,43699,45066.67,40000,47600,15,2
2017-12-02,10000028,44992,3500000,3500000,3500000,1370,6
2017-12-02,10000028,45635,189950000,189950000,189950000,4,3
2017-12-02,10000028,45746,1000000,1000000,1000000,1,1
2017-12-02,10000028,46152,10000000,10000000,10000000,1,1
2017-12-02,10000028,46154,20000000,20000000,20000000,1,1
2017-12-02,10000028,46372,1950000,1950000,1950000,10,1
2017-12-02,10000029,34,4.8,4.8,4.8,17456655,10
2017-12-02,10000029,35,5.48,5.48,5.48,540274,5
2017-12-02,10000029,36,54.85,54.85,54.85,184524,6
2017-12-02,10000029,37,38.35,38.35,38.35,806329,4
2017-12-02,10000029,38,266.26,266.26,266.26,185600,3
2017-12-02,10000029,39,904.87,904.87,904.87,68119,6
2017-12-02,10000029,40,879.15,879.15,879.15,29153,3
2017-12-02,10000029,44,10000,10000,10000,6665,2
2017-12-02,10000029,180,40,40,40,2000,1
2017-12-02,10000029,183,40.01,40.01,40.01,500,1
2017-12-02,10000029,185,40.01,40.01,40.01,1000,1
2017-12-02,10000029,196,100,100,100,2000,1
2017-12-02,10000029,203,275,275,275,35000,3
2017-12-02,10000029,208,89,89,89,4100,2
2017-12-02,10000029,209,74.92,74.92,74.92,10000,1
2017-12-02,10000029,212,40.01,40.01,40.01,1100,2
2017-12-02,10000029,215,40,40,40,1540,1
2017-12-02,10000029,223,75,75,75,25500,2
2017-12-02,10000029,229,75.01,75.01,75.01,2000,1
2017-12-02,10000029,263,300,300,300,220,2
2017-12-02,10000029,269,40,40,40,10000,1
2017-12-02,10000029,380,800000,800000,800000,7,5
2017-12-02,10000029,400,370000,370000,370000,2,2
2017-12-02,10000029,438,3999999.99,3999999.99,4000000,3,3
2017-12-02,10000029,439,20000,20000,20000,1,1
2017-12-02,10000029,440,5299999.58,5299999,5300000,26,15
2017-12-02,10000029,442,50000,50000,50000,7,2
2017-12-02,10000029,448,1436711.1,1400000,1437977,30,27
2017-12-02,10000029,484,600000,600000,600000,6,2
2017-12-02,10000029,519,1407059.03,1198889.99,1409991,72,14
2017-12-02,10000029,526,147749.75,147749.75,147749.75,1,1
2017-12-02,10000029,527,1025795,1025795,1025795,8,7
2017-12-02,10000029,578,140000,140000,140000,1,1
2017-12-02,10000029,583,821657.43,821657.43,821657.43,2,2
2017-12-02,10000029,585,707945.5,707945.5,707945.5,1,1
2017-12-02,10000029,586,840000,840000,840000,8,4
2017-12-02,10000029,587,699999.99,699999.99,699999.99,1,1
2017-12-02,10000029,590,750000,750000,750000,1,1
2017-12-02,10000029,593,682499.96,682499.96,682499.96,1,1
2017-12-02,10000029,603,799999.99,799999.99,799999.99,1,1
2017-12-02,10000029,605,500000,500000,500000,1,1
2017-12-02,10000029,608,891333.33,891000,892000,3,3
2017-12-02,10000029,620,9000000,9000000,9000000,1,1
2017-12-02,10000029,621,8775000,7000000,10550000,12,7
2017-12-02,10000029,625,7999998.4,7999998,8000000,5,5
2017-12-02,10000029,626,10950000,10950000,10950000,1,1
2017-12-02,10000029,634,9666667.35,7000000,10000000.77,9,6
2017-12-02,10000029,641,180000000,180000000,180000000,1,1
2017-12-02,10000029,644,160777777.77,160777777.77,160777777.77,1,1
2017-12-02,10000029,649,2999777.77,2999777.77,2999777.77,2,2
2017-12-02,10000029,650,3000000.77,3000000.77,3000000.77,2,2
2017-12-02,10000029,651,2898999.99,2898999.99,2898999.99,2,2
2017-12-02,10000029,654,1299999.99,1299999.99,1299999.99,1,1
2017-12-02,10000029,655,3000000.77,3000000.77,3000000.77,4,4
2017-12-02,10000029,656,1616533.65,1174800,2500000.97,3,3
2017-12-02,10000029,657,2788568.68,2777777.77,2899000,19,15
2017-12-02,10000029,672,42600,41999.99,50000,5,4
2017-12-02,10000029,1183,745500,745500,745500,3,3
2017-12-02,10000029,1201,199000,199000,199000,10,1
2017-12-02,10000029,1223,20923.68,20923.68,20923.68,3,1
2017-12-02,10000029,1231,3019.92,3019.92,3019.92,3,1
2017-12-02,10000029,1236,577248.7,549997.77,600000,13,12
2017-12-02,10000029,1248,949999.37,949998,950000,19,9
2017-12-02,10000029,1256,820000,820000,820000,1,1
2017-12-02,10000029,1306,425000,425000,425000,2,2
2017-12-02,10000029,1317,59999.99,59999.99,60000,15,3
2017-12-02,10000029,1319,1012377.77,588777.77,1299999.99,85,24
2017-12-02,10000029,1335,560000,560000,560000,5,2
2017-12-02,10000029,1355,797500,750000,845000,6,4
2017-12-02,10000029,1403,99999.97,99999.97,99999.97,20,7
2017-12-02,10000029,1405,744994.99,744994.99,744994.99,165,62
2017-12-02,10000029,1447,959093.75,850000,980912.5,12,10
2017-12-02,10000029,1541,1184606.78,1174344.63,1200000,10,8
2017-12-02,10000029,1810,50,50,50,6648,1
2017-12-02,10000029,1818,110.01,110.01,110.01,30000,1
2017-12-02,10000029,1826,340,340,340,210000,4
2017-12-02,10000029,1855,1300000,899999.98,1400000,5,2
2017-12-02,10000029,1877,1426871.79,1420777.77,1500000,26,6
2017-12-02,10000029,1944,1300000,1300000,1300000,3,1
2017-12-02,10000029,1949,480000,480000,480000,1,1
2017-12-02,10000029,1952,1474902.9,1389999.99,1477769,30,21
2017-12-02,10000029,1969,1777777.77,1777777.77,1777777.77,2,1
2017-12-02,10000029,1973,40000,40000,40000,2,1
2017-12-02,10000029,1978,1315534.97,1300777.77,1499999.99,27,11
2017-12-02,10000029,1987,1500000,1500000,1500000,1,1
2017-12-02,10000029,1999,973999.01,973999.01,973999.01,23,12
2017-12-02,10000029,2024,1377777.77,1377777.77,1377777.77,2,2
2017-12-02,10000029,2032,527062.54,350000,547776,28,13
2017-12-02,10000029,2038,1167000,1167000,1167000,7,4
2017-12-02,10000029,2048,617673.61,475000,625955.16,71,61
2017-12-02,10000029,2109,1398636.36,1395000,1400000,11,7
2017-12-02,10000029,2117,2017000,2017000,2017000,7,1
2017-12-02,10000029,2175,1199777.77,1199777.77,1199777.77,14,3
2017-12-02,10000029,2183,50000,50000,50000,5,1
2017-12-02,10000029,2185,1097354.12,1036954.5,1117777.77,85,12
2017-12-02,10000029,2195,2298777.76,2298777.76,2298777.76,10,2
2017-12-02,10000029,2203,30000,30000,30000,10,2
2017-12-02,10000029,2205,474493.23,400000,477767.66,95,19
2017-12-02,10000029,2254,3000000,3000000,3000000,2,2
2017-12-02,10000029,2281,2655500.83,2511904.99,4015388.5,61,39
2017-12-02,10000029,2291,114499.99,100000,128999.98,2,2
2017-12-02,10000029,2299,2393527.02,2290000,2399997.1,17,7
2017-12-02,10000029,2301,2640000,2640000,2640000,4,4
2017-12-02,10000029,2303,2906250,2900000,2950000,8,4
2017-12-02,10000029,2333,2799999.99,2799999.99,2799999.99,1,1
2017-12-02,10000029,2361,1,1,1,2,1
2017-12-02,10000029,2364,1432491.5,1365000,1499983,2,2
2017-12-02,10000029,2404,1396763.93,1396763.93,1396763.93,9,4
2017-12-02,10000029,2410,1053387.92,899000,1207775.84,12,2
2017-12-02,10000029,2436,2273844.99,1990149.82,2299999.77,42,9
2017-12-02,10000029,2446,1979775.77,1979775.77,1979775.77,5,1
2017-12-02,10000029,2454,29995.56,29990,30000,45,3
2017-12-02,10000029,2456,446628.65,444777.77,461065.55,44,8
2017-12-02,10000029,2464,27298.38,14000,30000,100,7
2017-12-02,10000029,2466,487656.56,447777.77,500000,55,5
2017-12-02,10000029,2486,24998.99,24998.99,24999,55,8
2017-12-02,10000029,2488,434777.79,434777.78,434777.79,94,24
2017-12-02,10000029,2506,450,450,450,8128,8
2017-12-02,10000029,2512,30,30,30,100,1
2017-12-02,10000029,2524,3000000,2999999.99,3000000,5,2
2017-12-02,10000029,2525,1800000,1800000,1800000,2,1
2017-12-02,10000029,2534,3000000,3000000,3000000,1,1
2017-12-02,10000029,2539,1200000,1200000,1200000,5,5
2017-12-02,10000029,2547,930000,930000,930000,1,1
2017-12-02,10000029,2549,680000,680000,680000,3,2
2017-12-02,10000029,2550,1800000,1800000,1800000,1,1
2017-12-02,10000029,2553,1388999.5,1277999,1500000,2,2
2017-12-02,10000029,2605,399964.92,395000,399999,70,45
2017-12-02,10000029,2613,93.94,93.94,93.94,1001,2
2017-12-02,10000029,2629,569.99,569.99,569.99,155000,6
2017-12-02,10000029,2679,479.96,479.96,479.96,5990,3
2017-12-02,10000029,2817,159,159,159,1200,1
2017-12-02,10000029,2871,1500000,1500000,1500000,19,1
2017-12-02,10000029,2873,800614,800614,800614,103,11
2017-12-02,10000029,2889,599995.33,599995.33,599995.33,5,2
2017-12-02,10000029,2897,1794999,1794999,1794999,6,1
2017-12-02,10000029,2913,2750000,2750000,2750000,6,3
2017-12-02,10000029,2929,4500000,4500000,4500000,7,1
2017-12-02,10000029,2961,5614389.88,5575000,5626923.03,29,4
2017-12-02,10000029,2969,2206666,2199999,2300000,15,5
2017-12-02,10000029,2977,919950,919949.99,919950,24,6
2017-12-02,10000029,2998,77829280,77829280,77829280,1,1
2017-12-02,10000029,3017,1075000,1075000,1075000,10,1
2017-12-02,10000029,3025,1199999.99,1199999.99,1199999.99,4,2
2017-12-02,10000029,3041,719000,719000,719000,4,1
2017-12-02,10000029,3074,819997,819997,819997,76,3
2017-12-02,10000029,3082,2539998.36,2539998.36,2539998.36,12,3
2017-12-02,10000029,3144,7000000,7000000,7000000,1,1
2017-12-02,10000029,3146,1999000,1999000,1999000,9,1
2017-12-02,10000029,3170,800000,800000,800000,1,1
2017-12-02,10000029,3178,1400000,1400000,1400000,3,1
2017-12-02,10000029,3242,25000,25000,25000,1,1
2017-12-02,10000029,3244,1243984.44,1243980,1244000,27,24
2017-12-02,10000029,3253,12600000,12600000,12600000,1,1
2017-12-02,10000029,3256,7077777.77,7077777.77,7077777.77,16,12
2017-12-02,10000029,3257,110111111,110111111,110111111,1,1
2017-12-02,10000029,3265,11999997.11,11999997.1,11999997.2,7,6
2017-12-02,10000029,3293,200000,200000,200000,5,1
2017-12-02,10000029,3296,850000,850000,850000,4,3
2017-12-02,10000029,3297,7777.77,7777.77,7777.77,6,1
2017-12-02,10000029,3301,500000,500000,500000,1,1
2017-12-02,10000029,3302,500000,500000,500000,2,2
2017-12-02,10000029,3320,500000,500000,500000,1,1
2017-12-02,10000029,3328,500000,500000,500000,1,1
2017-12-02,10000029,3329,500000,500000,500000,1,1
2017-12-02,10000029,3331,633333.33,500000,900000,3,3
2017-12-02,10000029,3333,1000000,1000000,1000000,1,1
2017-12-02,10000029,3335,1000000.01,1000000.01,1000000.01,2,2
2017-12-02,10000029,3336,5000000,5000000,5000000,1,1
2017-12-02,10000029,3337,5000000,5000000,5000000,1,1
2017-12-02,10000029,3342,1000000,1000000,1000000,1,1
2017-12-02,10000029,3348,500000,500000,500000,1,1
2017-12-02,10000029,3349,500000,500000,500000,1,1
2017-12-02,10000029,3350,500000,500000,500000,1,1
2017-12-02,10000029,3423,500000.01,500000.01,500000.01,1,1
2017-12-02,10000029,3433,500000.01,500000.01,500000.01,1,1
2017-12-02,10000029,3434,500000.01,500000.01,500000.01,1,1
2017-12-02,10000029,3437,500000,500000,500000,1,1
2017-12-02,10000029,3444,500000,500000,500000,1,1
2017-12-02,10000029,3446,500000,500000,500000,1,1
2017-12-02,10000029,3451,500000.01,500000.01,500000.01,1,1
2017-12-02,10000029,3465,31000,31000,31000,4,1
2017-12-02,10000029,3467,999999.99,999999.99,999999.99,1,1
2017-12-02,10000029,3488,943777.77,943777.77,943777.77,1,1
2017-12-02,10000029,3496,1617777.77,1617777.77,1617777.77,1,1
2017-12-02,10000029,3504,3600000,3600000,3600000,2,2
2017-12-02,10000029,3530,1477777.77,1477777.77,1477777.77,3,2
2017-12-02,10000029,3540,1799999,1799999,1799999,1,1
2017-12-02,10000029,3568,999000,999000,999000,9,9
2017-12-02,10000029,3578,2190000,2190000,2190000,7,5
2017-12-02,10000029,3683,390.01,390.01,390.01,1560,1
2017-12-02,10000029,3689,6882,6882,6882,20883,1
2017-12-02,10000029,3756,50000000,50000000,50000000,1,1
2017-12-02,10000029,3828,11200,11200,11200,2641,1
2017-12-02,10000029,3829,63500,50000,77000,6,2
2017-12-02,10000029,3831,1098037.99,1000000,1099998.99,51,25
2017-12-02,10000029,3841,1429087.22,1398777.77,1800000,49,31
2017-12-02,10000029,3888,1772200.66,1324902.98,1900000,9,7
2017-12-02,10000029,3898,17777777.77,17777777.77,17777777.77,14,7
2017-12-02,10000029,3979,5350000,5350000,5350000,8,1
2017-12-02,10000029,3993,650000,650000,650000,1,1
2017-12-02,10000029,4025,250000,250000,250000,16,6
2017-12-02,10000029,4027,100000,100000,100000,5,4
2017-12-02,10000029,4051,21200,21200,21200,154073,7
2017-12-02,10000029,4246,23000,23000,23000,6080,7
2017-12-02,10000029,4254,1200000,1150000,1500000,7,2
2017-12-02,10000029,4256,2650000,2650000,2650000,1,1
2017-12-02,10000029,4258,2025000,2025000,2025000,1,1
2017-12-02,10000029,4260,1880000,1850000,1895000,3,3
2017-12-02,10000029,4292,129333333.33,129333333.33,129333333.33,1,1
2017-12-02,10000029,4312,22499,22499,22499,11000,2
2017-12-02,10000029,4349,398700000.01,398700000.01,398700000.01,1,1
2017-12-02,10000029,4395,319999.99,319999.99,319999.99,3,3
2017-12-02,10000029,4399,7049285.71,7049285.71,7049285.71,1,1
2017-12-02,10000029,4403,600088.74,600080,600089.99,8,8
2017-12-02,10000029,4405,1390102.96,1289989.99,1400721,73,20
2017-12-02,10000029,4471,140000,140000,140000,3,1
2017-12-02,10000029,4573,150000,150000,150000,1,1
2017-12-02,10000029,4833,319333.33,258000,350000,3,3
2017-12-02,10000029,4835,24999,24999,24999,1,1
2017-12-02,10000029,4871,438000,438000,438000,1,1
2017-12-02,10000029,5011,300777.77,300777.77,300777.77,12,2
2017-12-02,10000029,5051,115000,115000,115000,1,1
2017-12-02,10000029,5091,100000,100000,100000,3,3
2017-12-02,10000029,5137,120000,120000,120000,2,1
2017-12-02,10000029,5302,54975.31,50000,94777.77,9,8
2017-12-02,10000029,5320,50400,50400,50400,9,6
2017-12-02,10000029,5322,200000,200000,200000,9,4
2017-12-02,10000029,5399,35000,35000,35000,1,1
2017-12-02,10000029,5439,33183.78,25000,49551.35,3,3
2017-12-02,10000029,5445,45986,45986,45986,1,1
2017-12-02,10000029,5599,50000,50000,50000,10,1
2017-12-02,10000029,5839,1407038,1407038,1407038,18,11
2017-12-02,10000029,5933,197692.31,170000,200000,13,3
2017-12-02,10000029,5945,349999.99,230000,389999.98,4,4
2017-12-02,10000029,5955,129525.85,100000,144288.78,3,2
2017-12-02,10000029,5971,73949.32,70777,219875.18,47,26
2017-12-02,10000029,5973,580000,580000,580000,17,13
2017-12-02,10000029,5975,40433.56,39998.77,49998.99,23,23
2017-12-02,10000029,6001,199998.97,199998.97,199998.97,10,5
2017-12-02,10000029,6003,109999.99,109999.99,109999.99,4,3
2017-12-02,10000029,6005,234999.91,229999.87,250000,4,4
2017-12-02,10000029,6159,17777.77,17777.77,17777.77,7,3
2017-12-02,10000029,6160,78271.94,50000,459943.18,29,7
2017-12-02,10000029,6173,149998.99,149998.99,149998.99,6,1
2017-12-02,10000029,6296,70822.6,70822.6,70822.6,3,3
2017-12-02,10000029,6485,15000,15000,15000,2,1
2017-12-02,10000029,6569,99000,99000,99000,2,2
2017-12-02,10000029,6963,250000,250000,250000,3,1
2017-12-02,10000029,7287,650000,650000,650000,1,1
2017-12-02,10000029,7289,57500,57500,57500,7,1
2017-12-02,10000029,7367,2981428.57,2980000,3000000,14,4
2017-12-02,10000029,7369,282380.95,280000,299999.99,21,6
2017-12-02,10000029,7373,344444.44,340000,349999.99,9,3
2017-12-02,10000029,7535,480000,480000,480000,3,1
2017-12-02,10000029,8001,77777.77,77777.77,77777.77,15,1
2017-12-02,10000029,8027,1437498.6,1377777.77,1629605.66,42,13
2017-12-02,10000029,8089,399199.98,388999.97,440000,5,3
2017-12-02,10000029,8105,1349988.5,1000000,1699977,10,3
2017-12-02,10000029,8117,200000,199999.99,200000,48,11
2017-12-02,10000029,8225,310000,310000,310000,2,1
2017-12-02,10000029,8263,350000,350000,350000,11,6
2017-12-02,10000029,8335,148999.33,148999.33,148999.33,2,2
2017-12-02,10000029,8427,499999,499999,499999,1,1
2017-12-02,10000029,8517,3599999.78,3599998,3600000,36,12
2017-12-02,10000029,8521,139987.88,139987.88,139987.88,9,5
2017-12-02,10000029,8529,106152.05,72000,140304.43,6,3
2017-12-02,10000029,8579,500000,500000,500000,1,1
2017-12-02,10000029,8585,120000,120000,120000,3,1
2017-12-02,10000029,8635,135777.63,135777.63,135777.63,19,1
2017-12-02,10000029,8639,130999.96,130999.96,130999.96,18,1
2017-12-02,10000029,8748,148444.44,148444.44,148444.44,1,1
2017-12-02,10000029,8785,399900,399900,399900,1,1
2017-12-02,10000029,8815,699000,699000,699000,4,2
2017-12-02,10000029,8903,499900,499900,499900,13,2
2017-12-02,10000029,9451,2874689.5,2249380,3499998.99,12,2
2017-12-02,10000029,9497,570000,570000,570000,21,3
2017-12-02,10000029,9580,200000,200000,200000,11,7
2017-12-02,10000029,9582,99441.48,99441.48,99441.48,1,1
2017-12-02,10000029,9608,150000,150000,150000,2,2
2017-12-02,10000029,9632,150000,150000,150000,5,5
2017-12-02,10000029,9660,150000,150000,150000,3,3
2017-12-02,10000029,9678,333333,333333,333333,3,2
2017-12-02,10000029,9832,8500,8500,8500,31939,3
2017-12-02,10000029,9838,2000,2000,2000,27,1
2017-12-02,10000029,9840,2000,2000,2000,15,1
2017-12-02,10000029,9842,2000,2000,2000,25,1
2017-12-02,10000029,9848,80000,80000,80000,2580,2
2017-12-02,10000029,9899,10777777.77,10777777.77,10777777.77,2,2
2017-12-02,10000029,9941,10777777.77,10777777.77,10777777.77,3,3
2017-12-02,10000029,9942,14500000,14500000,14500000,1,1
2017-12-02,10000029,9943,10777777.39,10777777,10777777.77,2,2
2017-12-02,10000029,9950,2555777.77,2555777.77,2555777.77,6,4
2017-12-02,10000029,9956,9999777.19,9999777.1,9999777.27,2,2
2017-12-02,10000029,9957,21000000,21000000,21000000,1,1
2017-12-02,10000029,10156,28999999.96,28999999.96,28999999.96,1,1
2017-12-02,10000029,10190,1447864.64,850000,1477759,84,17
2017-12-02,10000029,10208,25828507.88,25000000,29900000,7,7
2017-12-02,10000029,10212,20777777.77,20777777.77,20777777.77,7,7
2017-12-02,10000029,10216,26322666.66,23877777.77,29990000,5,5
2017-12-02,10000029,10221,22863796.13,22777777.77,23078842.02,7,7
2017-12-02,10000029,10225,22950000,22950000,22950000,4,4
2017-12-02,10000029,10246,17935.2,17777.77,22744.95,29,4
2017-12-02,10000029,10250,1436552.96,1436552.96,1436552.96,10,1
2017-12-02,10000029,10631,544077.54,540000,550000,11,5
2017-12-02,10000029,10680,739999,739999,739999,5,3
2017-12-02,10000029,10842,2450000,2450000,2450000,1,1
2017-12-02,10000029,10850,1671250,685000,2000000,4,2
2017-12-02,10000029,10858,1749999,1749999,1749999,1,1
2017-12-02,10000029,10998,184000,184000,184000,8,4
2017-12-02,10000029,11105,380000,380000,380000,1,1
2017-12-02,10000029,11129,41349.39,39999.96,50000,11,7
2017-12-02,10000029,11132,49999.99,49999.99,49999.99,2,2
2017-12-02,10000029,11134,49999,49999,49999,5,4
2017-12-02,10000029,11176,35000000,35000000,35000000,3,3
2017-12-02,10000029,11178,34800000,34800000,34800000,1,1
2017-12-02,10000029,11182,32500000,32500000,32500000,1,1
2017-12-02,10000029,11184,32333777.77,32333777.77,32333777.77,2,2
2017-12-02,10000029,11186,39099999.5,39099999,39100000,4,4
2017-12-02,10000029,11192,34900000,34900000,34900000,1,1
2017-12-02,10000029,11194,34000000,34000000,34000000,1,1
2017-12-02,10000029,11196,32600000,32600000,32600000,11,11
2017-12-02,10000029,11198,34299999.99,34299999.99,34299999.99,5,5
2017-12-02,10000029,11200,33300000,33300000,33300000,1,1
2017-12-02,10000029,11202,37800000,37800000,37800000,7,7
2017-12-02,10000029,11269,1000753.96,995000,1001712.99,14,10
2017-12-02,10000029,11295,120999.97,120999.97,120999.97,10,1
2017-12-02,10000029,11297,266400.02,220000,278000.03,5,2
2017-12-02,10000029,11317,350000,350000,350000,8,3
2017-12-02,10000029,11325,549999.97,549999.97,549999.97,2,2
2017-12-02,10000029,11370,2059779.05,1999777.77,2195500,42,29
2017-12-02,10000029,11377,38300000,38300000,38300000,8,4
2017-12-02,10000029,11387,34800000,34800000,34800000,8,1
2017-12-02,10000029,11393,42800000,42800000,42800000,1,1
2017-12-02,10000029,11399,10898.99,10898.99,10898.99,2002,3
2017-12-02,10000029,11533,56000,56000,56000,74,1
2017-12-02,10000029,11534,37500,37500,37500,391,1
2017-12-02,10000029,11540,75000,75000,75000,1324,1
2017-12-02,10000029,11550,158000,158000,158000,38,1
2017-12-02,10000029,11552,65000,65000,65000,442,1
2017-12-02,10000029,11556,54000,54000,54000,69,1
2017-12-02,10000029,11558,55000,55000,55000,511,2
2017-12-02,10000029,11563,550000,550000,550000,9,5
2017-12-02,10000029,11577,4898999.89,4898999,4899000,19,18
2017-12-02,10000029,11578,6994444.44,6900000,10000000,18,14
2017-12-02,10000029,11579,4500000,4500000,4500000,1,1
2017-12-02,10000029,11584,449500,449500,449500,5,5
2017-12-02,10000029,11640,1000000,1000000,1000000,32,10
2017-12-02,10000029,11642,1859999.96,1859999.96,1859999.96,3,3
2017-12-02,10000029,11644,2713716.47,2677777.77,3720000,58,9
2017-12-02,10000029,11646,2210000,2210000,2210000,62,11
2017-12-02,10000029,11648,2097777.77,2097777.77,2097777.77,6,6
2017-12-02,10000029,11963,266000000,266000000,266000000,1,1
2017-12-02,10000029,11987,240000000,240000000,240000000,2,1
2017-12-02,10000029,11989,270000000,270000000,270000000,2,2
2017-12-02,10000029,11993,296345000,296345000,296345000,4,4
2017-12-02,10000029,12005,304000000,300000000,308000000,4,4
2017-12-02,10000029,12019,330000000,330000000,330000000,1,1
2017-12-02,10000029,12032,41000000,41000000,41000000,6,6
2017-12-02,10000029,12034,36000000,36000000,36000000,7,3
2017-12-02,10000029,12038,39100000,39100000,39100000,1,1
2017-12-02,10000029,12058,3999965.96,3999965.9,3999965.99,7,7
2017-12-02,10000029,12068,6000775.93,6000775,6000775.97,22,17
2017-12-02,10000029,12076,8000000,8000000,8000000,4,4
2017-12-02,10000029,12084,9894000,9894000,9894000,12,11
2017-12-02,10000029,12092,2000000,2000000,2000000,3,3
2017-12-02,10000029,12098,22000000,22000000,22000000,1,1
2017-12-02,10000029,12198,1492784.57,1049500,1499998,7,4
2017-12-02,10000029,12199,6000000,6000000,6000000,2,1
2017-12-02,10000029,12200,14900000,14900000,14900000,2,1
2017-12-02,10000029,12205,10000000,10000000,10000000,1,1
2017-12-02,10000029,12208,4000000,4000000,4000000,2,2
2017-12-02,10000029,12209,10000000.01,10000000.01,10000000.01,1,1
2017-12-02,10000029,12210,2000000,2000000,2000000,1,1
2017-12-02,10000029,12215,10000000.01,10000000.01,10000000.01,1,1
2017-12-02,10000029,12259,5200000,5200000,5200000,2,2
2017-12-02,10000029,12267,4250000,4250000,4250000,1,1
2017-12-02,10000029,12271,4000000,4000000,4000000,4,4
2017-12-02,10000029,12487,4000000,4000000,4000000,2,1
2017-12-02,10000029,12563,95965,95965,95965,4,1
2017-12-02,10000029,12608,84.99,84.99,84.99,6020,3
2017-12-02,10000029,12612,45.5,45.5,45.5,5000,1
2017-12-02,10000029,12614,75,75,75,5000,1
2017-12-02,10000029,12618,40,40,40,39887,6
2017-12-02,10000029,12620,62.12,62.12,62.12,12424,4
2017-12-02,10000029,12625,64.99,64.99,64.99,2765,2
2017-12-02,10000029,12631,120,120,120,5031,4
2017-12-02,10000029,12633,65,65,65,6160,5
2017-12-02,10000029,12761,644.82,644.82,644.82,5360,4
2017-12-02,10000029,12765,554.97,554.97,554.97,6066,5
2017-12-02,10000029,12767,200.89,200.88,200.89,4234,3
2017-12-02,10000029,12771,290,290,290,6333,4
2017-12-02,10000029,12773,149.96,149.96,149.96,13000,2
2017-12-02,10000029,12775,449.99,449.99,449.99,3500,3
2017-12-02,10000029,12777,134.74,134.74,134.74,3000,1
2017-12-02,10000029,12779,500,500,500,9260,5
2017-12-02,10000029,12785,128,128,128,1254,1
2017-12-02,10000029,12814,300000,300000,300000,38,7
2017-12-02,10000029,12818,314999.93,314999.92,314999.93,34,2
2017-12-02,10000029,12822,246998.99,246998.99,246998.99,8,1
2017-12-02,10000029,12826,139999.98,139999.98,139999.98,8,1
2017-12-02,10000029,13001,3400000,3400000,3400000,1,1
2017-12-02,10000029,13216,24812698.26,22777777.76,29899999.52,7,5
2017-12-02,10000029,13219,21600000,21600000,21600000,1,1
2017-12-02,10000029,13229,44499999.99,44499999.99,44499999.99,1,1
2017-12-02,10000029,13244,24300000,24300000,24300000,1,1
2017-12-02,10000029,13261,19999999.91,19999999.77,20000000,34,25
2017-12-02,10000029,13856,139.95,139.95,139.95,990,1
2017-12-02,10000029,13953,6000000,6000000,6000000,1,1
2017-12-02,10000029,13966,6000000,6000000,6000000,1,1
2017-12-02,10000029,13968,7500000,7500000,7500000,4,1
2017-12-02,10000029,13974,5819999.95,5819999.95,5819999.95,1,1
2017-12-02,10000029,13976,11111111,11111111,11111111,1,1
2017-12-02,10000029,13978,7500000,7500000,7500000,1,1
2017-12-02,10000029,13980,5996000,4492000,7500000,2,2
2017-12-02,10000029,13982,6000000,6000000,6000000,1,1
2017-12-02,10000029,14001,8700000,8700000,8700000,1,1
2017-12-02,10000029,14003,6999999.99,6999999.99,6999999.99,1,1
2017-12-02,10000029,14074,1,1,1,2,1
2017-12-02,10000029,14076,3835000,3835000,3835000,1,1
2017-12-02,10000029,14078,777777.77,777777.77,777777.77,3,3
2017-12-02,10000029,14082,3499999.9,3499999.9,3499999.9,2,2
2017-12-02,10000029,14084,4625000,4500000,5000000,4,4
2017-12-02,10000029,14204,59999999,59999999,59999999,1,1
2017-12-02,10000029,14234,35500000,35500000,35500000,1,1
2017-12-02,10000029,14270,99999999.99,99999999.99,99999999.99,1,1
2017-12-02,10000029,15331,500.05,500.05,500.05,2,1
2017-12-02,10000029,15463,2888777.77,2888777.77,2888777.77,24,5
2017-12-02,10000029,15464,11999999,11999999,11999999,7,3
2017-12-02,10000029,15466,5800000,5800000,5800000,1,1
2017-12-02,10000029,15479,4300000,4300000,4300000,5,2
2017-12-02,10000029,15510,70000,70000,70000,5,1
2017-12-02,10000029,15681,123999999.99,123999999.99,123999999.99,1,1
2017-12-02,10000029,15729,39124999.87,38999999.99,39999998.99,8,6
2017-12-02,10000029,15766,35000000,35000000,35000000,3,2
2017-12-02,10000029,15963,138500000,138500000,138500000,3,1
2017-12-02,10000029,16229,58000000.01,58000000,58000000.01,2,2
2017-12-02,10000029,16231,46949999.99,46949999.99,46949999.99,1,1
2017-12-02,10000029,16236,1500000,1500000,1500000,1,1
2017-12-02,10000029,16238,1499999.99,1499999.99,1499999.99,11,3
2017-12-02,10000029,16272,639,639,639,8000,1
2017-12-02,10000029,16273,90,69.99,90,76363,60
2017-12-02,10000029,16274,856,856,856,2761480,67
2017-12-02,10000029,16275,4999.01,4999.01,4999.01,83597,41
2017-12-02,10000029,16278,1999999.99,1999999.99,1999999.99,2,1
2017-12-02,10000029,16299,170000,170000,170000,8,3
2017-12-02,10000029,16301,59888.89,50000,69777.77,22,9
2017-12-02,10000029,16303,655000,655000,655000,7,6
2017-12-02,10000029,16367,205000,205000,205000,9,5
2017-12-02,10000029,16375,200000,200000,200000,8,4
2017-12-02,10000029,16383,250000,250000,250000,8,4
2017-12-02,10000029,16391,380000,380000,380000,10,5
2017-12-02,10000029,16443,168572.13,100000.77,899999.96,35,9
2017-12-02,10000029,16447,999000,999000,999000,14,3
2017-12-02,10000029,16451,100000.01,100000.01,100000.01,1,1
2017-12-02,10000029,16455,120000,120000,120000,10,4
2017-12-02,10000029,16457,1500000,1500000,1500000,1,1
2017-12-02,10000029,16467,649999.99,649999.99,649999.99,10,1
2017-12-02,10000029,16469,200000,200000,200000,2,1
2017-12-02,10000029,16475,740000,740000,740000,10,1
2017-12-02,10000029,16477,550000,250000,850000,4,4
2017-12-02,10000029,16495,125000,125000,125000,9,7
2017-12-02,10000029,16519,84421.01,77777.77,120000,30,3
2017-12-02,10000029,16527,577774.94,577774.94,577774.94,12,1
2017-12-02,10000029,16535,32000000,32000000,32000000,3,3
2017-12-02,10000029,16591,36000000,36000000,36000000,1,1
2017-12-02,10000029,16636,7450,7450,7450,19043,1
2017-12-02,10000029,16641,7499.94,7499.94,7499.94,37828,1
2017-12-02,10000029,17366,130000,130000,130000,1,1
2017-12-02,10000029,17367,1787499.88,299999,2000000,8,5
2017-12-02,10000029,17476,31997487.5,31997487.5,31997487.5,2,1
2017-12-02,10000029,17478,24350000,24350000,24350000,2,1
2017-12-02,10000029,17480,23000000,23000000,23000000,1,1
2017-12-02,10000029,17482,2499999.77,2499999,2500000,26,8
2017-12-02,10000029,17648,2400,2400,2400,2000,1
2017-12-02,10000029,17650,1000,1000,1000,2000,1
2017-12-02,10000029,17660,900,900,900,1000,1
2017-12-02,10000029,17662,2000,2000,2000,2000,1
2017-12-02,10000029,17715,212638888.89,210000000,212777777.77,4,4
2017-12-02,10000029,17738,644950000,620000000,654900000,4,4
2017-12-02,10000029,17843,80694443.5,76388887,84999999.99,4,4
2017-12-02,10000029,17857,3500,3500,3500,500,1
2017-12-02,10000029,17863,3500,3500,3500,500,1
2017-12-02,10000029,17871,425769.23,425000,430000,13,7
2017-12-02,10000029,17887,1038,1038,1038,2872643,67
2017-12-02,10000029,17888,840,840,840,1582750,39
2017-12-02,10000029,17889,908,908,908,1256428,32
2017-12-02,10000029,17895,170000,170000,170000,1,1
2017-12-02,10000029,17912,5256840.45,4500000,5600000,16,5
2017-12-02,10000029,17918,430000000,430000000,430000000,1,1
2017-12-02,10000029,17922,100000000.77,100000000.77,100000000.77,1,1
2017-12-02,10000029,17930,66000000,66000000,66000000,2,2
2017-12-02,10000029,17932,48700000,48700000,48700000,4,4
2017-12-02,10000029,17938,108684.04,104010.01,118032.1,3,3
2017-12-02,10000029,17959,10000,10000,10000,25000,1
2017-12-02,10000029,17976,1061.61,1061.61,1061.61,20,2
2017-12-02,10000029,18639,124338.04,100000,130422.55,5,5
2017-12-02,10000029,18680,35001280,35001280,35001280,1,1
2017-12-02,10000029,18768,55000000,55000000,55000000,1,1
2017-12-02,10000029,18801,10000000,10000000,10000000,1,1
2017-12-02,10000029,19187,70000000,70000000,70000000,2,1
2017-12-02,10000029,19191,310000000,310000000,310000000,1,1
2017-12-02,10000029,19207,161799999.99,160000000,163599999.98,2,2
2017-12-02,10000029,19229,24999998.99,24999998.99,24999998.99,1,1
2017-12-02,10000029,19288,43599989.94,43599989.94,43599989.94,2,2
2017-12-02,10000029,19301,175932999.98,175932999.98,175932999.98,1,1
2017-12-02,10000029,19325,69899999.92,69899999.91,69899999.92,3,3
2017-12-02,10000029,19417,46500000.05,46500000.05,46500000.05,4,1
2017-12-02,10000029,19421,122000000.05,122000000.05,122000000.05,1,1
2017-12-02,10000029,19726,1850000000,1850000000,1850000000,1,1
2017-12-02,10000029,19739,3789999,3789999,3789999,5,2
2017-12-02,10000029,19806,1500000,1500000,1500000,17,2
2017-12-02,10000029,19814,300000,300000,300000,13,7
2017-12-02,10000029,20002,750,750,750,10000,1
2017-12-02,10000029,20008,750,750,750,5720,2
2017-12-02,10000029,20121,95555555,95555555,95555555,1,1
2017-12-02,10000029,20185,1200000000,1200000000,1200000000,1,1
2017-12-02,10000029,20212,10000000,10000000,10000000,1,1
2017-12-02,10000029,20280,70000000,65000000,79999999.99,3,3
2017-12-02,10000029,20306,90,90,90,9255,1
2017-12-02,10000029,20342,60000000,60000000,60000000,1,1
2017-12-02,10000029,20347,579996,579996,579996,4,4
2017-12-02,10000029,20351,1777776.77,1777776.77,1777776.77,5,5
2017-12-02,10000029,20353,3000000,3000000,3000000,2,2
2017-12-02,10000029,20452,56000000,56000000,56000000,3,1
2017-12-02,10000029,20500,58000000,58000000,58000000,1,1
2017-12-02,10000029,20701,47900000,47900000,47900000,1,1
2017-12-02,10000029,20703,60000000,60000000,60000000,1,1
2017-12-02,10000029,20727,950,950,950,5000,1
2017-12-02,10000029,20741,7299,7299,7299,1500,1
2017-12-02,10000029,20743,6500,6500,6500,2000,2
2017-12-02,10000029,20747,7199,7199,7199,1500,1
2017-12-02,10000029,21059,500000.01,500000.01,500000.01,2,2
2017-12-02,10000029,21096,2044167.92,1858992.77,3494027.16,35,27
2017-12-02,10000029,21368,10000,10000,10000,1000,1
2017-12-02,10000029,21372,5000,5000,5000,1000,1
2017-12-02,10000029,21382,10000,10000,10000,1000,1
2017-12-02,10000029,21603,12000000,12000000,12000000,2,2
2017-12-02,10000029,21638,1142609.4,1000000,1167775.77,20,5
2017-12-02,10000029,21640,1128331.91,999777,1177776.1,18,4
2017-12-02,10000029,21803,12000000,12000000,12000000,1,1
2017-12-02,10000029,21815,5900000,5900000,5900000,17,1
2017-12-02,10000029,21894,1277.77,1277.77,1277.77,9000,5
2017-12-02,10000029,21896,875.77,875.77,875.77,4000,2
2017-12-02,10000029,21898,620,620,620,49200,19
2017-12-02,10000029,21902,1260.27,1260.27,1260.27,9140,5
2017-12-02,10000029,21904,777.77,777.77,777.77,3000,2
2017-12-02,10000029,21906,599.76,599.76,599.76,12502,9
2017-12-02,10000029,21912,949.98,949.98,949.98,1000,1
2017-12-02,10000029,21918,1177.05,1177.05,1177.05,6000,4
2017-12-02,10000029,21922,777.77,777.77,777.77,3000,2
2017-12-02,10000029,21924,619.49,619.49,619.49,5634,5
2017-12-02,10000029,21935,1345,1345,1345,6000,6
2017-12-02,10000029,21937,938.99,938.99,938.99,1000,1
2017-12-02,10000029,21939,444.77,444.77,444.77,1200,1
2017-12-02,10000029,22043,30000000,30000000,30000000,1,1
2017-12-02,10000029,22175,138692.73,100000,148365.92,5,4
2017-12-02,10000029,22177,177777.77,177777.77,177777.77,3,3
2017-12-02,10000029,22229,4200000,4200000,4200000,4,1
2017-12-02,10000029,22291,1365970.15,990000,1390000,67,19
2017-12-02,10000029,22456,79000000,79000000,79000000,22,10
2017-12-02,10000029,22464,90100000,90100000,90100000,2,1
2017-12-02,10000029,22541,15000000,15000000,15000000,1,1
2017-12-02,10000029,22542,191826.17,184652.36,198999.98,2,2
2017-12-02,10000029,22544,394666666.67,380000000,402000000,3,3
2017-12-02,10000029,22778,133900,133900,133900,905,16
2017-12-02,10000029,22782,2266666.29,1500000,2300000,24,11
2017-12-02,10000029,22961,500,500,500,333,1
2017-12-02,10000029,23009,595,595,595,33125,8
2017-12-02,10000029,23025,720,720,720,31636,20
2017-12-02,10000029,23029,850,850,850,48748,14
2017-12-02,10000029,23035,694.67,694.67,694.67,19342,15
2017-12-02,10000029,23039,840,840,840,1000,1
2017-12-02,10000029,23055,3761110.86,3400000,4000000,54,5
2017-12-02,10000029,23057,3486967.73,3450000,3502312.83,75,6
2017-12-02,10000029,23059,3192500,3090000,3500000,36,3
2017-12-02,10000029,23061,2999990,2999990,3100000,136,11
2017-12-02,10000029,23071,370000,370000,370000,8,1
2017-12-02,10000029,23089,575000,575000,575000,3,1
2017-12-02,10000029,23095,565000,565000,565000,3,1
2017-12-02,10000029,23097,519995,519995,519995,3,1
2017-12-02,10000029,23523,196999.94,196999.94,196999.94,424,5
2017-12-02,10000029,23527,500000,499999.99,500000,20,14
2017-12-02,10000029,23533,100000,100000,100000,2,2
2017-12-02,10000029,23606,100000.01,100000.01,100000.01,1,1
2017-12-02,10000029,23705,77777.77,77777.77,77777.77,22,5
2017-12-02,10000029,23707,12199.99,12199.99,12199.99,389,13
2017-12-02,10000029,23709,25762,25762,25762,10,1
2017-12-02,10000029,23711,14777.77,14777.77,14777.77,8,2
2017-12-02,10000029,23729,220000,220000,220000,5,1
2017-12-02,10000029,23757,1198999989.24,1198999988.98,1198999990,4,4
2017-12-02,10000029,23950,70000000,70000000,70000000,1,1
2017-12-02,10000029,24241,499999.5,499999,500000,2,2
2017-12-02,10000029,24242,3500000,2000000,5000000,2,2
2017-12-02,10000029,24283,49514285.71,49000000,49900000,7,3
2017-12-02,10000029,24395,399999.75,399999,400000,8,6
2017-12-02,10000029,24417,1255085.73,1239771,1339316.76,13,12
2017-12-02,10000029,24427,1398131.8,1389688.77,1489887.99,17,14
2017-12-02,10000029,24438,2489999.99,2489999.98,2489999.99,8,4
2017-12-02,10000029,24471,215,215,215,1760,1
2017-12-02,10000029,24475,66,66,66,1500,1
2017-12-02,10000029,24486,204.99,204.99,204.99,990,1
2017-12-02,10000029,24488,139.99,139.99,139.99,990,1
2017-12-02,10000029,24490,205,205,205,82990,7
2017-12-02,10000029,24492,203,203,203,1990,2
2017-12-02,10000029,24493,205,205,205,30990,3
2017-12-02,10000029,24494,205,205,205,990,1
2017-12-02,10000029,24495,81.46,81.46,81.46,14212,7
2017-12-02,10000029,24497,98.98,98.98,98.98,9360,5
2017-12-02,10000029,24499,115.01,115.01,115.01,1695,2
2017-12-02,10000029,24505,104.19,104.19,104.19,600,1
2017-12-02,10000029,24509,569.99,569.99,569.99,10000,1
2017-12-02,10000029,24511,550,550,550,5000,1
2017-12-02,10000029,24513,590.88,590.88,590.88,52000,3
2017-12-02,10000029,24533,700,700,700,60000,2
2017-12-02,10000029,24562,60000000,60000000,60000000,1,1
2017-12-02,10000029,24568,12000000,12000000,12000000,1,1
2017-12-02,10000029,25235,500000,500000,500000,1,1
2017-12-02,10000029,25563,2900000,2900000,2900000,1,1
2017-12-02,10000029,25588,10140,10140,10140,751,4
2017-12-02,10000029,25589,3500,3500,3500,640,4
2017-12-02,10000029,25597,3001,3001,3001,864,4
2017-12-02,10000029,25598,8892.14,8892.14,8892.14,625,4
2017-12-02,10000029,25599,800,800,800,672,4
2017-12-02,10000029,25600,24414.06,24414.06,24414.06,712,4
2017-12-02,10000029,25601,2984,2984,2984,663,4
2017-12-02,10000029,25606,50250.71,50250.71,50250.71,683,4
2017-12-02,10000029,25607,40000,40000,40000,68,4
2017-12-02,10000029,25608,415000,415000,415000,135,3
2017-12-02,10000029,25616,6725.36,6600,7240,97,3
2017-12-02,10000029,25617,318242.12,318242.12,318242.12,107,3
2017-12-02,10000029,25618,12324,12324,12324,87,3
2017-12-02,10000029,25619,546000.16,546000.16,546000.16,120,4
2017-12-02,10000029,25620,40000.51,40000.51,40000.51,48,3
2017-12-02,10000029,25625,2201000.08,2201000.07,2201000.08,59,3
2017-12-02,10000029,25707,450000,450000,450000,5,1
2017-12-02,10000029,25715,1399992.6,1399992.6,1399992.6,5,1
2017-12-02,10000029,25719,500000,500000,500000,1,1
2017-12-02,10000029,25861,194375.85,150000,199922.83,9,5
2017-12-02,10000029,25890,12000000,12000000,12000000,1,1
2017-12-02,10000029,25894,12500000,12500000,12500000,12,6
2017-12-02,10000029,25948,7499997.65,7499997.65,7499997.65,4,3
2017-12-02,10000029,25956,19999990.77,19999990.77,19999990.77,4,4
2017-12-02,10000029,26020,7500000,7500000,7500000,1,1
2017-12-02,10000029,26088,9697799.69,9697799.69,9697799.69,2,1
2017-12-02,10000029,26256,499999,499999,499999,1,1
2017-12-02,10000029,26257,500000,500000,500000,1,1
2017-12-02,10000029,26258,500000,500000,500000,1,1
2017-12-02,10000029,26259,500000,500000,500000,1,1
2017-12-02,10000029,26260,480000,480000,480000,1,1
2017-12-02,10000029,26374,44574999.5,44500000,44649999,2,2
2017-12-02,10000029,26912,2210000,2210000,2210000,2,2
2017-12-02,10000029,26929,117777.77,117777.77,117777.77,7,5
2017-12-02,10000029,26931,3300000,3300000,3300000,4,4
2017-12-02,10000029,27127,699999.99,699999.99,699999.99,1,1
2017-12-02,10000029,27143,741333.07,499999.99,821777.36,4,4
2017-12-02,10000029,27327,1100,1100,1100,5000,1
2017-12-02,10000029,27339,2700,2700,2700,10542,6
2017-12-02,10000029,27345,2899.99,2899.99,2899.99,8405,6
2017-12-02,10000029,27359,2899.99,2899.99,2899.99,3000,1
2017-12-02,10000029,27361,1050,1050,1050,31170,15
2017-12-02,10000029,27371,969.71,969.71,969.71,12138,7
2017-12-02,10000029,27381,1050,1050,1050,16500,9
2017-12-02,10000029,27387,946,946,946,21556,14
2017-12-02,10000029,27393,1000,1000,1000,1000,1
2017-12-02,10000029,27405,1470,1470,1470,990,1
2017-12-02,10000029,27419,1577.77,1577.77,1577.77,4230,1
2017-12-02,10000029,27435,1320,1320,1320,20000,1
2017-12-02,10000029,27441,1350,1350,1350,333,1
2017-12-02,10000029,27447,1355,1355,1355,7500,2
2017-12-02,10000029,27914,2125000,2125000,2125000,9,5
2017-12-02,10000029,27918,1300000,1300000,1300000,26,4
2017-12-02,10000029,27920,1249884.93,1249808.22,1250000,10,7
2017-12-02,10000029,27951,56727911,54444443.99,59011378,4,4
2017-12-02,10000029,28209,2199999.99,2199999.99,2199999.99,5,1
2017-12-02,10000029,28262,647664.06,647664.06,647664.06,8,1
2017-12-02,10000029,28276,13999999.99,13999999.99,13999999.99,2,1
2017-12-02,10000029,28278,1399954.55,1399900,1400000,22,5
2017-12-02,10000029,28282,1557096.89,6936,2000000,9,2
2017-12-02,10000029,28294,1297000,1297000,1297000,2,1
2017-12-02,10000029,28324,1385,1385,1385,1000,1
2017-12-02,10000029,28328,375,375,375,1544,1
2017-12-02,10000029,28332,1286.76,1286.76,1286.76,9200,8
2017-12-02,10000029,28334,938.99,938.99,938.99,1000,1
2017-12-02,10000029,28361,6477,6477,6477,79,1
2017-12-02,10000029,28362,163500,163500,163500,25,1
2017-12-02,10000029,28363,121616,121616,121616,46,1
2017-12-02,10000029,28364,20334,20334,20334,43,1
2017-12-02,10000029,28365,26101.47,22297,28400,77,2
2017-12-02,10000029,28366,2847125,2362000,3000000,96,3
2017-12-02,10000029,28440,580000,580000,580000,245,1
2017-12-02,10000029,28576,1774387.21,1609721.76,1849999.99,34,9
2017-12-02,10000029,28578,500000,500000,500000,6,1
2017-12-02,10000029,28668,28777.73,28777.66,28777.73,11818,74
2017-12-02,10000029,28676,1199999.99,1199999.99,1199999.99,2,1
2017-12-02,10000029,28756,48000000,48000000,48000000,1,1
2017-12-02,10000029,28758,37799999.31,37799999,37799999.52,5,5
2017-12-02,10000029,28999,14794.73,11222,14957.97,45,18
2017-12-02,10000029,29001,24951.17,23998.98,25000,41,18
2017-12-02,10000029,29005,14777.76,14777.76,14777.76,14,8
2017-12-02,10000029,29007,10776.99,10776.99,10776.99,6,3
2017-12-02,10000029,29009,13999.99,13999.99,13999.99,154,27
2017-12-02,10000029,29011,12041.11,11979.99,15000,50,28
2017-12-02,10000029,29013,19998,19998,19998,1,1
2017-12-02,10000029,29015,15000,15000,15000,12,9
2017-12-02,10000029,29618,17000,17000,17000,1100,2
2017-12-02,10000029,29620,14000,14000,14000,1100,2
2017-12-02,10000029,30013,6399.89,6399.89,6399.89,16,1
2017-12-02,10000029,30028,63333.33,40000,75000,24,3
2017-12-02,10000029,30486,704624.99,689499.99,750000,32,3
2017-12-02,10000029,30488,648999.08,648999.08,648999.08,128,13
2017-12-02,10000029,30650,3000000,3000000,3000000,1,1
2017-12-02,10000029,30652,3000000,3000000,3000000,1,1
2017-12-02,10000029,30832,2099999.88,2099999.88,2099999.88,3,3
2017-12-02,10000029,30834,1998999.97,1998999.97,1998999.97,1,1
2017-12-02,10000029,30836,1143247,1143247,1143247,2,1
2017-12-02,10000029,30993,86133333.33,60000000,99200000,3,2
2017-12-02,10000029,30999,2506936.5,1300000,2599777.77,14,12
2017-12-02,10000029,31041,28999997.25,28999997.25,28999997.25,1,1
2017-12-02,10000029,31045,800000,800000,800000,6,4
2017-12-02,10000029,31047,2300000,2300000,2300000,1,1
2017-12-02,10000029,31051,10400000,10400000,10400000,3,2
2017-12-02,10000029,31055,2999777.77,2999777.77,2999777.77,24,10
2017-12-02,10000029,31059,23124997.83,22949999,23999989.99,6,4
2017-12-02,10000029,31065,3650000,3650000,3650000,1,1
2017-12-02,10000029,31069,9650000,9650000,9650000,1,1
2017-12-02,10000029,31085,6499999,6499999,6499999,3,1
2017-12-02,10000029,31111,4799950,4799950,4799950,3,2
2017-12-02,10000029,31117,220000,220000,220000,4,1
2017-12-02,10000029,31119,2539992.78,2539992.78,2539992.78,15,5
2017-12-02,10000029,31125,14000000,14000000,14000000,2,1
2017-12-02,10000029,31153,500000,500000,500000,2,1
2017-12-02,10000029,31159,333777.77,333777.77,333777.77,1,1
2017-12-02,10000029,31165,8789996.57,8789996.56,8789996.57,17,9
2017-12-02,10000029,31171,7881997.15,7881995.77,7881999.44,8,5
2017-12-02,10000029,31177,300013.59,300000,300407.71,30,17
2017-12-02,10000029,31179,1247989.56,1247989.56,1247989.56,6,4
2017-12-02,10000029,31183,3564996.69,3564996.69,3564996.69,36,13
2017-12-02,10000029,31185,13499999.97,13499999.97,13499999.97,2,2
2017-12-02,10000029,31201,220000,220000,220000,3,3
2017-12-02,10000029,31207,7499999.99,7499999.99,7499999.99,1,1
2017-12-02,10000029,31213,68988.06,68988.03,68988.06,4,4
2017-12-02,10000029,31220,4000000,4000000,4000000,1,1
2017-12-02,10000029,31238,170000,170000,170000,1,1
2017-12-02,10000029,31244,3800000,3800000,3800000,1,1
2017-12-02,10000029,31274,439908.33,439899.99,439950,6,5
2017-12-02,10000029,31286,250000,250000,250000,2,2
2017-12-02,10000029,31358,737005.14,700000,776477.77,37,17
2017-12-02,10000029,31360,3444776.75,3444776.75,3444776.75,13,11
2017-12-02,10000029,31364,4999999,4999999,4999999,5,4
2017-12-02,10000029,31366,25979997.99,25499999.99,27899989.99,5,5
2017-12-02,10000029,31372,2298196.76,2290264.31,2298990,11,7
2017-12-02,10000029,31374,47499999.99,45000000,49999999.98,2,2
2017-12-02,10000029,31378,16005946.18,16005946.18,16005946.18,6,4
2017-12-02,10000029,31380,185000000,185000000,185000000,2,1
2017-12-02,10000029,31442,550000,550000,550000,1,1
2017-12-02,10000029,31454,399999,399999,399999,1,1
2017-12-02,10000029,31526,700000,700000,700000,1,1
2017-12-02,10000029,31562,550000,550000,550000,20,1
2017-12-02,10000029,31586,370000,370000,370000,3,3
2017-12-02,10000029,31600,2299949.99,2299949.99,2299949.99,1,1
2017-12-02,10000029,31604,3500000,3500000,3500000,1,1
2017-12-02,10000029,31610,2300000,2300000,2300000,1,1
2017-12-02,10000029,31620,350000,350000,350000,1,1
2017-12-02,10000029,31626,5900000,5900000,5900000,1,1
2017-12-02,10000029,31634,1850000,1850000,1850000,1,1
2017-12-02,10000029,31646,1799999.99,1799999.99,1799999.99,1,1
2017-12-02,10000029,31656,298500,298500,298500,2,2
2017-12-02,10000029,31668,235500,235500,235500,3,3
2017-12-02,10000029,31670,650000,650000,650000,3,3
2017-12-02,10000029,31682,480000,480000,480000,3,3
2017-12-02,10000029,31716,72499.99,72499.98,72500,9,9
2017-12-02,10000029,31718,349998.66,349998.58,349998.68,4,4
2017-12-02,10000029,31722,2200000,2200000,2200000,5,4
2017-12-02,10000029,31724,4674841.2,4300000,4700000,14,14
2017-12-02,10000029,31742,294223.92,188447.84,400000,2,2
2017-12-02,10000029,31748,5614415.77,5544769.88,5962645.2,12,3
2017-12-02,10000029,31754,399999.99,399999.99,399999.99,4,3
2017-12-02,10000029,31758,2577777.77,2577777.77,2577777.77,3,3
2017-12-02,10000029,31760,5499973.04,5496476.66,5519203.14,13,12
2017-12-02,10000029,31788,437999.69,437999.69,437999.69,15,3
2017-12-02,10000029,31790,1700445.38,1600667.98,1900000,30,16
2017-12-02,10000029,31792,52469135.75,52469135.75,52469135.75,3,2
2017-12-02,10000029,31794,7569991.73,7569991.73,7569991.73,6,4
2017-12-02,10000029,31796,22750215.22,22700000,23000000,19,12
2017-12-02,10000029,31802,1878998.82,1878998.82,1878998.83,7,3
2017-12-02,10000029,31810,12999999.92,12999999.92,12999999.92,1,1
2017-12-02,10000029,31822,14999999.78,14999999.78,14999999.78,1,1
2017-12-02,10000029,31866,4500000,4500000,4500000,5,1
2017-12-02,10000029,31874,3018362.62,3000000,3499000,55,13
2017-12-02,10000029,31876,4522024.34,4000000,7596167.7,62,10
2017-12-02,10000029,31878,3888777.67,3888777.67,3888777.67,3,1
2017-12-02,10000029,31884,2777777.77,2777777.77,2777777.77,5,1
2017-12-02,10000029,31890,2499999.99,2499999.99,2500000,4,2
2017-12-02,10000029,31900,47777777.38,47777777,47777777.76,8,4
2017-12-02,10000029,31924,3333777.76,3333777.76,3333777.76,2,2
2017-12-02,10000029,31928,14999999.99,14999999.99,15000000,7,7
2017-12-02,10000029,31932,36899989.87,36899989.87,36899989.87,1,1
2017-12-02,10000029,31936,10500000,10500000,10500000,3,3
2017-12-02,10000029,31942,99999999.01,99999999.01,99999999.01,2,1
2017-12-02,10000029,31998,77367.67,77367.67,77367.67,209,3
2017-12-02,10000029,32006,145775.76,145775.75,145775.76,439,26
2017-12-02,10000029,32014,204726.82,160000,216497.05,96,6
2017-12-02,10000029,32325,14391106.29,14391106.29,14391106.29,32,3
2017-12-02,10000029,32342,5461111.11,5333333.33,5500000,30,3
2017-12-02,10000029,32772,1500000,1500000,1500000,4,2
2017-12-02,10000029,32774,500000,500000,500000,1,1
2017-12-02,10000029,32819,999999.99,999999.99,999999.99,1,1
2017-12-02,10000029,33003,483164.1,483164.1,483164.1,5,1
2017-12-02,10000029,33076,230833.33,229999.99,239999.99,12,12
2017-12-02,10000029,33078,2000000.01,2000000.01,2000000.01,1,1
2017-12-02,10000029,33091,500000.01,500000.01,500000.01,2,2
2017-12-02,10000029,33098,2000000,2000000,2000000,1,1
2017-12-02,10000029,33101,669999.99,669999.99,669999.99,2,2
2017-12-02,10000029,33157,166499500,166499500,166499500,1,1
2017-12-02,10000029,33176,450000,450000,450000,1,1
2017-12-02,10000029,33180,135000,135000,135000,10,6
2017-12-02,10000029,33201,2650000,2650000,2650000,2,2
2017-12-02,10000029,33332,18000,18000,18000,27,1
2017-12-02,10000029,33450,2824999.01,2824999.01,2824999.01,6,1
2017-12-02,10000029,33468,68166666.67,66500000,69000000,6,6
2017-12-02,10000029,33470,199000000,199000000,199000000,1,1
2017-12-02,10000029,33474,1897487.17,1888777.77,2000000,13,12
2017-12-02,10000029,33475,9916666.52,9777777.77,12000000,16,4
2017-12-02,10000029,33681,98499999.99,98499999.99,98499999.99,1,1
2017-12-02,10000029,33706,20777.77,20777.77,20777.77,49,6
2017-12-02,10000029,33712,847777.77,847777.77,847777.77,4,1
2017-12-02,10000029,33824,1125326.4,959992,2200000,15,7
2017-12-02,10000029,33842,130000000,130000000,130000000,3,1
2017-12-02,10000029,33844,158999999.96,158999999.96,158999999.96,1,1
2017-12-02,10000029,33896,12000000,12000000,12000000,6,3
2017-12-02,10000029,33915,477777.76,477777.76,477777.76,2,2
2017-12-02,10000029,33983,71200000,71200000,71200000,9,2
2017-12-02,10000029,34124,45000000,45000000,45000000,1,1
2017-12-02,10000029,34268,1300000,1300000,1300000,1,1
2017-12-02,10000029,34593,19000000,18000000,20000000,2,2
2017-12-02,10000029,34828,52388888.88,52000000,52777777.76,2,2
2017-12-02,10000029,35656,200000,200000,200000,4,4
2017-12-02,10000029,35658,150000,150000,150000,15,11
2017-12-02,10000029,35659,100938.15,99777.77,199998.99,9,9
2017-12-02,10000029,35660,77777.77,77777.77,77777.77,15,10
2017-12-02,10000029,35661,367728.2,367648.71,368999.95,17,6
2017-12-02,10000029,35662,387019.95,378999.91,440677.53,71,11
2017-12-02,10000029,35685,2000000,2000000,2000000,1,1
2017-12-02,10000029,35774,1099995,1099995,1099995,1,1
2017-12-02,10000029,35788,32719.18,32719.18,32719.18,1,1
2017-12-02,10000029,35790,1249999.94,1249999.94,1249999.94,12,9
2017-12-02,10000029,35794,8939.39,5000,15000,33,12
2017-12-02,10000029,35795,19999,19999,19999,16,12
2017-12-02,10000029,35922,30000000,30000000,30000000,1,1
2017-12-02,10000029,36908,6000772.67,6000772.67,6000772.67,1,1
2017-12-02,10000029,36910,6999777.77,6999777.77,6999777.77,2,1
2017-12-02,10000029,36912,7041777.67,7041777.67,7041777.67,4,3
2017-12-02,10000029,37604,1200000000,1200000000,1200000000,2,2
2017-12-02,10000029,37796,6000000.01,6000000.01,6000000.01,1,1
2017-12-02,10000029,40346,9500000,9000000,10500000,9,3
2017-12-02,10000029,40347,9992555.33,9000000,10488833,9,3
2017-12-02,10000029,40349,59999999.99,59999999.99,59999999.99,2,1
2017-12-02,10000029,40351,218500000.02,218500000.02,218500000.02,3,2
2017-12-02,10000029,40357,177457142.83,171871428.54,199800000.01,5,5
2017-12-02,10000029,40358,2800000,2800000,2800000,12,2
2017-12-02,10000029,40359,2783018.87,2500000,2800000,53,3
2017-12-02,10000029,40360,2800000,2800000,2800000,62,4
2017-12-02,10000029,40361,3000000,3000000,3000000,114,4
2017-12-02,10000029,40519,382500000,382500000,382500000,1,1
2017-12-02,10000029,40554,9000000,9000000,9000000,6,1
2017-12-02,10000029,40557,11450000,11450000,11450000,101,11
2017-12-02,10000029,40559,12749999.99,12749999.99,12749999.99,27,3
2017-12-02,10000029,40566,32742500,32000000,33485000,12,2
2017-12-02,10000029,40571,31000000,31000000,31000000,14,2
2017-12-02,10000029,40573,160500000.02,160500000.02,160500000.02,1,1
2017-12-02,10000029,40659,31777777.77,31777777.77,31777777.77,2,1
2017-12-02,10000029,40714,49900000,49900000,49900000,1,1
2017-12-02,10000029,40717,125999999.39,125999999.39,125999999.39,1,1
2017-12-02,10000029,40734,120000000,120000000,120000000,1,1
2017-12-02,10000029,41031,104995,104995,104995,1,1
2017-12-02,10000029,41032,110000,110000,110000,3,2
2017-12-02,10000029,41034,110000,110000,110000,2,1
2017-12-02,10000029,41057,6600000,6600000,6600000,2,2
2017-12-02,10000029,41155,19882.77,17209.38,19999,24,16
2017-12-02,10000029,41196,13999999.99,13999999.99,13999999.99,1,1
2017-12-02,10000029,41200,299999000,299999000,299999000,1,1
2017-12-02,10000029,41218,34633333.33,34500000,34700000,6,4
2017-12-02,10000029,41237,127000000,127000000,127000000,1,1
2017-12-02,10000029,41271,12000.01,12000.01,12000.01,1000,1
2017-12-02,10000029,41275,12920.01,12920.01,12920.01,2000,1
2017-12-02,10000029,41322,5000,5000,5000,4000,2
2017-12-02,10000029,41324,4500,4500,4500,3500,2
2017-12-02,10000029,41405,35000000.01,35000000.01,35000000.01,1,1
2017-12-02,10000029,41409,35000000,35000000,35000000,1,1
2017-12-02,10000029,41411,36700000,36700000,36700000,4,4
2017-12-02,10000029,41415,166205450.19,160000000,172410900.38,10,3
2017-12-02,10000029,41476,1500000,1500000,1500000,2,1
2017-12-02,10000029,41486,22209911.59,22000000,22629734.77,3,3
2017-12-02,10000029,41489,12000,12000,12000,5389,19
2017-12-02,10000029,41490,1177777.77,1177777.77,1177777.77,554,23
2017-12-02,10000029,41491,44500000,44500000,44500000,1,1
2017-12-02,10000029,41493,228613571.43,228613571.43,228613571.43,4,3
2017-12-02,10000029,42244,73000000,73000000,73000000,2,2
2017-12-02,10000029,42526,900000,900000,900000,4,1
2017-12-02,10000029,42530,800000,800000,800000,3,3
2017-12-02,10000029,42694,749.8,749.8,749.8,300,1
2017-12-02,10000029,42695,950,950,950,4601,7
2017-12-02,10000029,42829,759.99,759.99,759.99,15600,3
2017-12-02,10000029,42830,749.97,749.97,749.97,15503,3
2017-12-02,10000029,42831,999.99,999.99,999.99,503,1
2017-12-02,10000029,42832,1100,1100,1100,4000,1
2017-12-02,10000029,42834,1100,1100,1100,4000,1
2017-12-02,10000029,42835,990,990,990,300,1
2017-12-02,10000029,42838,999.01,999.01,999.01,1893,5
2017-12-02,10000029,43552,3199999.99,3199999.99,3199999.99,2,1
2017-12-02,10000029,43555,5399999.77,5399999.77,5399999.77,2,2
2017-12-02,10000029,43681,1100000000,1100000000,1100000000,1,1
2017-12-02,10000029,43700,5600000,5600000,5600000,5,1
2017-12-02,10000029,43896,1377777.77,1377777.77,1377777.77,1,1
2017-12-02,10000029,44992,3500000,3500000,3500000,150,3
2017-12-02,10000029,45589,69999999.99,69999999.99,69999999.99,1,1
2017-12-02,10000029,45613,67999999.99,67999999.99,67999999.99,1,1
2017-12-02,10000029,45614,43000000,43000000,43000000,1,1
2017-12-02,10000029,45616,41333333.33,41333333.33,41333333.33,1,1
2017-12-02,10000029,45620,40700000,40700000,40700000,1,1
2017-12-02,10000029,45635,199999999.81,199999999.78,199999999.87,6,5
2017-12-02,10000029,45749,30000000,30000000,30000000,2,2
2017-12-02,10000029,45998,4999998.11,4999998.11,4999998.11,1,1
2017-12-02,10000029,46002,12935619.65,12935619.65,12935619.65,1,1
2017-12-02,10000029,46355,485000,485000,485000,4,2
2017-12-02,10000029,46365,490000,490000,490000,2,1
2017-12-02,10000029,46366,1250000,1250000,1250000,6,1
2017-12-02,10000029,46367,1000000,1000000,1000000,6,1
2017-12-02,10000029,46368,1785714.29,1100000,1900000,7,2
2017-12-02,10000029,46369,498000,498000,498000,2,1
2017-12-02,10000030,18,47.5,40,47.52,2981420,71
2017-12-02,10000030,20,202.89,202.89,202.89,316873,44
2017-12-02,10000030,21,312,312,312,27,1
2017-12-02,10000030,22,2108.7,1502.72,2435,40,2
2017-12-02,10000030,34,4.52,4.51,4.54,799284520,446
2017-12-02,10000030,35,4.45,4.22,4.73,215625895,348
2017-12-02,10000030,36,54.22,52.24,55,21756066,309
2017-12-02,10000030,37,52.23,45,52.24,5437400,195
2017-12-02,10000030,38,342.03,342.01,349,2001959,197
2017-12-02,10000030,39,1124.96,1005,1124.98,711586,148
2017-12-02,10000030,40,1392.98,1390,1392.99,95737,139
2017-12-02,10000030,41,15.68,15.02,27.95,384600,26
2017-12-02,10000030,42,375,375,375,60,6
2017-12-02,10000030,43,334.4,334.4,334.48,127248,15
2017-12-02,10000030,44,11949,11949,11949,5141,3
2017-12-02,10000030,45,25.01,25.01,25.01,130,13
2017-12-02,10000030,178,5.02,5.02,5.02,224107,84
2017-12-02,10000030,179,5,5,5,27070,28
2017-12-02,10000030,180,10,10,10,157909,56
2017-12-02,10000030,181,25,25,25,249099,46
2017-12-02,10000030,182,8.04,8.04,8.04,101447,57
2017-12-02,10000030,183,18,14.25,19.99,132636,74
2017-12-02,10000030,184,18.3,18,18.31,234610,69
2017-12-02,10000030,185,6.15,6.15,6.15,1216840,126
2017-12-02,10000030,186,9.5,3.13,9.78,13395,11
2017-12-02,10000030,187,17.99,17.99,17.99,144900,9
2017-12-02,10000030,188,32.57,32.57,32.57,17091,7
2017-12-02,10000030,189,53.97,53.97,53.97,137014,18
2017-12-02,10000030,190,53.99,53.99,53.99,19100,13
2017-12-02,10000030,191,32.83,32.82,32.98,293114,31
2017-12-02,10000030,192,56.29,56.28,56.29,251042,21
2017-12-02,10000030,193,55.96,55.96,55.96,100423,17
2017-12-02,10000030,194,3.02,3.02,3.02,900,3
2017-12-02,10000030,195,5.02,5.02,5.02,500,2
2017-12-02,10000030,197,133.99,133.99,133.99,50600,7
2017-12-02,10000030,198,51.37,51.37,51.37,35302,7
2017-12-02,10000030,199,80.21,80.21,80.21,186729,10
2017-12-02,10000030,200,185.99,185.99,185.99,1135074,9
2017-12-02,10000030,201,279.99,279.99,279.99,115492,12
2017-12-02,10000030,202,225,225,225,11500,5
2017-12-02,10000030,203,199.95,199.95,199.95,30765,14
2017-12-02,10000030,204,190,190,190,17785,14
2017-12-02,10000030,205,164.98,164.98,164.98,13520,8
2017-12-02,10000030,206,31.13,29.8,31.15,40482,32
2017-12-02,10000030,207,44.89,44.89,44.89,15800,13
2017-12-02,10000030,208,52,1.5,60,10685,22
2017-12-02,10000030,209,67,65.08,84.58,54346,39
2017-12-02,10000030,210,13.82,13.82,13.82,385175,42
2017-12-02,10000030,211,19.9,19.9,19.91,59579,29
2017-12-02,10000030,212,21.95,20,21.95,29950,26
2017-12-02,10000030,213,14.5,9.98,15.23,41369,31
2017-12-02,10000030,215,5.49,5.49,5.49,43209,16
2017-12-02,10000030,216,5.85,5.4,5.9,4000,11
2017-12-02,10000030,217,6.89,6.89,6.89,19804,13
2017-12-02,10000030,218,20,20,20,40100,8
2017-12-02,10000030,219,8.95,8.95,8.95,3383,10
2017-12-02,10000030,220,2.55,2.55,2.55,902,9
2017-12-02,10000030,221,11.98,11.98,11.98,17706,13
2017-12-02,10000030,222,17.83,16.5,18,247706,46
2017-12-02,10000030,223,24.64,24.64,24.64,3297,7
2017-12-02,10000030,224,39.76,39.76,39.76,1346,3
2017-12-02,10000030,225,45,45,45,18500,11
2017-12-02,10000030,226,34.75,34.75,34.75,2404,5
2017-12-02,10000030,227,67.7,67.7,67.7,5705,13
2017-12-02,10000030,228,54.94,54.94,54.94,6700,12
2017-12-02,10000030,229,37.98,37.98,37.98,4262,10
2017-12-02,10000030,230,54.1,20.3,89.94,90440,19
2017-12-02,10000030,231,1,1,1,300,2
2017-12-02,10000030,232,3.76,2.52,5,200,2
2017-12-02,10000030,233,2.04,2.04,2.04,100,1
2017-12-02,10000030,235,24,24,24,400,4
2017-12-02,10000030,236,4,4,4,200,2
2017-12-02,10000030,237,4,4,4,100,1
2017-12-02,10000030,238,155,155,155,20997,3
2017-12-02,10000030,239,2775.93,500,8999.99,29,9
2017-12-02,10000030,240,262.62,200.16,450,4,4
2017-12-02,10000030,242,214.72,2.54,1700,8,7
2017-12-02,10000030,243,100.01,100,100.03,7,7
2017-12-02,10000030,244,651,100,750,10,9
2017-12-02,10000030,245,2392.31,100,15000,13,11
2017-12-02,10000030,246,1878.08,100.24,4749.99,34,13
2017-12-02,10000030,247,26436.43,65.65,32500,11,6
2017-12-02,10000030,248,49304.71,27.87,250000,6,5
2017-12-02,10000030,249,40026.73,35000,250000,15,7
2017-12-02,10000030,250,47731.61,124.39,52500,11,6
2017-12-02,10000030,251,7244.55,100.96,7500,9,4
2017-12-02,10000030,252,24682.1,300.61,45000,11,5
2017-12-02,10000030,253,38166.51,601.74,45000,13,6
2017-12-02,10000030,254,28488.62,100.1,34997,21,9
2017-12-02,10000030,255,230398.82,120.82,239993.74,25,2
2017-12-02,10000030,256,226163.44,125.98,244999.89,13,3
2017-12-02,10000030,257,115.28,115.28,115.29,3,3
2017-12-02,10000030,258,45579.53,124.41,47000,33,5
2017-12-02,10000030,259,229999.75,229999.75,229999.76,12,2
2017-12-02,10000030,260,1250.61,1250.61,1250.61,3,2
2017-12-02,10000030,261,140003.99,20,174999.99,5,2
2017-12-02,10000030,262,280000.68,280000.67,280000.68,39,5
2017-12-02,10000030,263,298,298,298,514,19
2017-12-02,10000030,264,649,649,649,7223,10
2017-12-02,10000030,266,9.84,9.82,9.85,34196,23
2017-12-02,10000030,267,187,187,187,10250,4
2017-12-02,10000030,269,5,5,5,581,5
2017-12-02,10000030,377,14169.41,9998.84,38880,58,32
2017-12-02,10000030,380,759819.23,694989.99,829998.92,17,13
2017-12-02,10000030,393,16384.86,12000,34997,7,7
2017-12-02,10000030,394,335563.63,180101.5,424399,11,9
2017-12-02,10000030,399,20713.86,18994.99,25000,55,34
2017-12-02,10000030,400,448141.32,399999,489757.49,12,12
2017-12-02,10000030,434,74569.76,63000,83999.99,57,40
2017-12-02,10000030,438,3013226.18,1149095.08,3099995.95,49,35
2017-12-02,10000030,439,8000,6999.99,12000,126,90
2017-12-02,10000030,440,4799890.54,4799877.81,4799941.43,10,10
2017-12-02,10000030,442,7561.53,7390,10300,17,17
2017-12-02,10000030,444,5669.99,2999.99,6439.1,21,21
2017-12-02,10000030,447,99999.97,99999.96,99999.98,13,12
2017-12-02,10000030,448,2013774.18,1999998.98,2039998.9,79,57
2017-12-02,10000030,452,3575,3575,3575,1,1
2017-12-02,10000030,456,469998.95,469998.95,469998.95,3,1
2017-12-02,10000030,458,1000,1000,1000,1,1
2017-12-02,10000030,482,1343248.98,1299999.89,1584999.94,80,29
2017-12-02,10000030,483,6337.32,600.06,12663.62,64,43
2017-12-02,10000030,484,3550,3550,3550,187,69
2017-12-02,10000030,485,21140.39,19999.9,26999.97,78,26
2017-12-02,10000030,486,22999,22974.5,34000,262,85
2017-12-02,10000030,487,63285.13,54893,88000,31,13
2017-12-02,10000030,488,58738.33,24001,75000,51,17
2017-12-02,10000030,489,36000,36000,36000,3,1
2017-12-02,10000030,491,235786.03,132001.78,255000,14,5
2017-12-02,10000030,496,1100000,1100000,1100000,39,1
2017-12-02,10000030,499,12279.04,9998.96,19994.88,94,32
2017-12-02,10000030,501,248300.12,51998.91,459899.97,18,5
2017-12-02,10000030,508,4499945,4499945,4499945,2,1
2017-12-02,10000030,519,1200000,1200000,1200000,106,53
2017-12-02,10000030,520,65408.34,59779,65777.99,73,35
2017-12-02,10000030,523,14523.75,10000,37777.77,47,34
2017-12-02,10000030,524,33000.82,29002.53,34999.97,3,3
2017-12-02,10000030,526,34688.81,13000,39997.99,35,27
2017-12-02,10000030,527,1164364.02,1100000,1166662.94,29,25
2017-12-02,10000030,529,17.77,17.77,17.77,3,2
2017-12-02,10000030,530,32355.73,24422.99,34999.98,4,4
2017-12-02,10000030,533,42989.99,42989.99,42989.99,3,2
2017-12-02,10000030,561,9799.99,9799.99,9799.99,7,2
2017-12-02,10000030,563,184998.99,184998.99,184998.99,5,1
2017-12-02,10000030,564,33333,33332.99,33333,9,3
2017-12-02,10000030,566,444441.79,444441.79,444441.79,3,1
2017-12-02,10000030,575,1890999.87,1890999.87,1890999.87,3,1
2017-12-02,10000030,578,96710.31,89996.97,149999.93,53,40
2017-12-02,10000030,580,2777.77,2777.77,2777.77,1,1
2017-12-02,10000030,583,277097.37,145002.43,322741,5,5
2017-12-02,10000030,584,318000,318000,318000,3,3
2017-12-02,10000030,585,281701.75,200000.04,316241,45,42
2017-12-02,10000030,586,393113.56,369003.99,469999,40,40
2017-12-02,10000030,587,351568.92,310000,434999.97,64,48
2017-12-02,10000030,588,6234.4,1102,10000,58,37
2017-12-02,10000030,589,327270.83,320000,328725,6,6
2017-12-02,10000030,591,449999.98,449999.98,449999.99,5,5
2017-12-02,10000030,592,274500,274500,274500,3,3
2017-12-02,10000030,593,383925.25,300000,399450,16,13
2017-12-02,10000030,594,390757.11,263000.02,425938,9,9
2017-12-02,10000030,597,492224.14,461665,498750,7,7
2017-12-02,10000030,598,331525.82,300000,354999,17,17
2017-12-02,10000030,599,150022,150021,150022,167,21
2017-12-02,10000030,602,337417.18,334999.93,361999,41,6
2017-12-02,10000030,603,387272.64,170000.03,430000,11,6
2017-12-02,10000030,605,404548.65,387500,410878,7,6
2017-12-02,10000030,606,6036.87,1000,11073.74,4,4
2017-12-02,10000030,607,451659.44,441208.12,489598.97,5,5
2017-12-02,10000030,608,299995.99,299995.99,299996,5,5
2017-12-02,10000030,620,6731500,5000000,8462999.99,2,2
2017-12-02,10000030,621,8018588.76,7302010,8502002.01,12,6
2017-12-02,10000030,622,10445766.74,9602000,10498994.92,17,10
2017-12-02,10000030,623,8475500.15,6201000.3,10750000,2,2
2017-12-02,10000030,624,11059958,11059957.99,11059958,3,2
2017-12-02,10000030,626,10484063.25,8559002,10559002,16,12
2017-12-02,10000030,627,10174999.99,10149999.99,10249999.99,4,4
2017-12-02,10000030,628,6000000,6000000,6000000,1,1
2017-12-02,10000030,629,8785707.4,7250001.02,9399989.93,7,7
2017-12-02,10000030,630,8325843.33,7975000,9027530,3,3
2017-12-02,10000030,631,8699999.71,7950000,9000000,7,4
2017-12-02,10000030,632,9091993.33,8448000,9225990,6,3
2017-12-02,10000030,633,5701000.31,5701000.31,5701000.31,1,1
2017-12-02,10000030,634,8600000,8600000,8600000,2,1
2017-12-02,10000030,638,154937499.44,154750000,154999998.92,4,4
2017-12-02,10000030,639,139544004.34,133000029.84,146087978.84,4,3
2017-12-02,10000030,641,139449578.87,137712001,147373998.99,11,9
2017-12-02,10000030,644,151003674.68,141111025.11,155949999.47,3,3
2017-12-02,10000030,645,168750000,168750000,168750000,1,1
2017-12-02,10000030,649,1450000,1400000,1500000,2,2
2017-12-02,10000030,650,975151.58,897500,1188871,7,7
2017-12-02,10000030,651,916092.19,900000,995553.16,6,6
2017-12-02,10000030,652,1503133.73,1440000,1657930.94,23,23
2017-12-02,10000030,653,496477.55,377777.77,550000,33,28
2017-12-02,10000030,654,1275000,1275000,1275000,1,1
2017-12-02,10000030,655,1,1,1,1,1
2017-12-02,10000030,656,1178531.33,1000000,1267797,6,6
2017-12-02,10000030,657,1887035.19,1835176.24,1899999.93,5,5
2017-12-02,10000030,672,19611.66,12000,19969.99,19,19
2017-12-02,10000030,689,2100000,2100000,2100000,1,1
2017-12-02,10000030,690,2700000,2700000,2700000,3,3
2017-12-02,10000030,691,2800000,2800000,2800000,1,1
2017-12-02,10000030,692,82000000,82000000,82000000,12,4
2017-12-02,10000030,693,1055000000,1055000000,1055000000,3,3
2017-12-02,10000030,786,60000,60000,60000,4,3
2017-12-02,10000030,788,300000,300000,300000,1,1
2017-12-02,10000030,803,5000000,5000000,5000000,1,1
2017-12-02,10000030,804,3000000,3000000,3000000,1,1
2017-12-02,10000030,805,4000000,4000000,4000000,2,2
2017-12-02,10000030,806,2500000,2500000,2500000,1,1
2017-12-02,10000030,807,700000,700000,700000,2,2
2017-12-02,10000030,808,900000,900000,900000,1,1
2017-12-02,10000030,809,800000,800000,800000,2,2
2017-12-02,10000030,810,750000,750000,750000,2,2
2017-12-02,10000030,811,150000,150000,150000,1,1
2017-12-02,10000030,813,180000,180000,180000,2,2
2017-12-02,10000030,814,140000,140000,140000,7,5
2017-12-02,10000030,819,20000,20000,20000,1,1
2017-12-02,10000030,820,60000,60000,60000,2,2
2017-12-02,10000030,821,90000,90000,90000,6,6
2017-12-02,10000030,822,120000,120000,120000,1,1
2017-12-02,10000030,823,150000,150000,150000,1,1
2017-12-02,10000030,824,200000,200000,200000,1,1
2017-12-02,10000030,825,600000,600000,600000,1,1
2017-12-02,10000030,826,900000,900000,900000,1,1
2017-12-02,10000030,879,20000,20000,20000,11,7
2017-12-02,10000030,881,40000,40000,40000,2,2
2017-12-02,10000030,883,60000,59999.99,60000,2,2
2017-12-02,10000030,884,70000,70000,70000,4,4
2017-12-02,10000030,885,80000,80000,80000,7,7
2017-12-02,10000030,886,99900,99000,100000,10,10
2017-12-02,10000030,888,120000,120000,120000,2,1
2017-12-02,10000030,893,325000,325000,325000,3,3
2017-12-02,10000030,896,300000,300000,300000,1,1
2017-12-02,10000030,898,500000,500000,500000,2,2
2017-12-02,10000030,899,600000,600000,600000,1,1
2017-12-02,10000030,900,700000,700000,700000,1,1
2017-12-02,10000030,901,800000,800000,800000,1,1
2017-12-02,10000030,902,1000000,1000000,1000000,1,1
2017-12-02,10000030,945,2800000,2800000,2800000,1,1
2017-12-02,10000030,952,4125000,4125000,4125000,1,1
2017-12-02,10000030,971,149999991,149999991,149999991,1,1
2017-12-02,10000030,974,83000000,83000000,83000000,11,2
2017-12-02,10000030,975,81000000,81000000,81000000,11,2
2017-12-02,10000030,976,80000000,80000000,80000000,11,3
2017-12-02,10000030,986,4525000,4525000,4525000,2,2
2017-12-02,10000030,987,9375000,9375000,9375000,1,1
2017-12-02,10000030,988,3225000,3225000,3225000,1,1
2017-12-02,10000030,1072,64500,64500,64500,2,1
2017-12-02,10000030,1076,20000,20000,20000,1,1
2017-12-02,10000030,1099,200000,200000,200000,2,2
2017-12-02,10000030,1112,20000,20000,20000,2,1
2017-12-02,10000030,1128,281240,281240,281240,1,1
2017-12-02,10000030,1129,6000000,6000000,6000000,1,1
2017-12-02,10000030,1131,30000,30000,30000,1,1
2017-12-02,10000030,1178,100000,100000,100000,1,1
2017-12-02,10000030,1182,111210.8,1100.01,122221.88,11,11
2017-12-02,10000030,1183,591888.6,355803.25,599987.8,35,26
2017-12-02,10000030,1185,54395.52,48999.55,77777.77,16,13
2017-12-02,10000030,1195,30775.9,6625,32979.97,18,14
2017-12-02,10000030,1201,49903.36,21117.44,69598.99,32,9
2017-12-02,10000030,1202,2987.79,2470.01,4800,9,3
2017-12-02,10000030,1208,29440,29440,29440,2,2
2017-12-02,10000030,1214,5000000,5000000,5000000,2,2
2017-12-02,10000030,1216,180000,180000,180000,1,1
2017-12-02,10000030,1220,45000,45000,45000,1,1
2017-12-02,10000030,1223,2480,2480,2480,123,2
2017-12-02,10000030,1224,44,44,44,76,1
2017-12-02,10000030,1225,2973.88,2973.88,3286.94,122,3
2017-12-02,10000030,1226,200,200,200,6174,3
2017-12-02,10000030,1227,81.06,81.06,81.06,790770,47
2017-12-02,10000030,1228,15.01,15.01,15.01,4043442,77
2017-12-02,10000030,1229,683,683,683,88,1
2017-12-02,10000030,1230,12,10.26,13.9,16115867,199
2017-12-02,10000030,1231,1150,1150,1150,10481,3
2017-12-02,10000030,1232,620,620,620,98,1
2017-12-02,10000030,1236,807630.76,313001.34,819998.95,41,27
2017-12-02,10000030,1244,27041.09,214.89,129999.93,22,16
2017-12-02,10000030,1246,29999.5,29999,30000,2,2
2017-12-02,10000030,1248,739037.05,526226.33,779999,6,5
2017-12-02,10000030,1286,292500,292500,292500,1,1
2017-12-02,10000030,1304,25777.76,25777.76,25777.76,1,1
2017-12-02,10000030,1306,377439.71,151500.26,409999,25,20
2017-12-02,10000030,1317,5854.15,3489.93,11008.28,78,42
2017-12-02,10000030,1319,628882.94,628882.94,628882.94,194,71
2017-12-02,10000030,1333,42000,42000,42000,1,1
2017-12-02,10000030,1335,361655.79,354998.93,455999.99,35,11
2017-12-02,10000030,1353,29499.49,28999,29999.98,2,2
2017-12-02,10000030,1355,701698.79,505101.13,799997.62,3,3
2017-12-02,10000030,1403,11789.63,4000.13,18746.75,37,10
2017-12-02,10000030,1405,749998.96,749998.96,749998.96,103,53
2017-12-02,10000030,1422,943213.6,939999,950000,28,11
2017-12-02,10000030,1436,831388.8,54168.39,1219999,3,3
2017-12-02,10000030,1445,48130.78,100.09,59989.94,6,5
2017-12-02,10000030,1447,761982.52,400001.34,789997.99,14,9
2017-12-02,10000030,1539,21988.98,21988.98,21988.98,4,2
2017-12-02,10000030,1541,993818.2,800007.3,1092998.98,26,20
2017-12-02,10000030,1549,489999,489999,489999,1,1
2017-12-02,10000030,1553,799999,799999,799999,1,1
2017-12-02,10000030,1559,999999,999999,999999,12,1
2017-12-02,10000030,1565,799999,799999,799999,1,1
2017-12-02,10000030,1808,49373.97,44499.37,63997.77,4,4
2017-12-02,10000030,1810,20,20,20,4340,8
2017-12-02,10000030,1811,150000,150000,150000,1,1
2017-12-02,10000030,1814,11.5,11.5,11.5,7600,5
2017-12-02,10000030,1815,140000,140000,140000,1,1
2017-12-02,10000030,1816,3,3,3,900,5
2017-12-02,10000030,1817,160000,160000,160000,1,1
2017-12-02,10000030,1818,100,100,100,18902,10
2017-12-02,10000030,1819,750000,750000,750000,2,2
2017-12-02,10000030,1820,15.1,15.1,15.1,1100,7
2017-12-02,10000030,1821,900000,900000,900000,1,1
2017-12-02,10000030,1822,8.01,8.01,8.01,1001,9
2017-12-02,10000030,1823,700000,700000,700000,1,1
2017-12-02,10000030,1824,20.31,20.31,20.31,2400,4
2017-12-02,10000030,1825,800000,800000,800000,1,1
2017-12-02,10000030,1826,85,85,85,300,2
2017-12-02,10000030,1828,85,85,85,300,3
2017-12-02,10000030,1830,335,335,335,5400,2
2017-12-02,10000030,1832,85,85,85,300,1
2017-12-02,10000030,1875,28000,28000,28000,5,3
2017-12-02,10000030,1877,1649993.75,1649970,1649997,37,13
2017-12-02,10000030,1944,1378889,1300000,1418333.5,3,3
2017-12-02,10000030,1948,0.01,0.01,0.01,4,1
2017-12-02,10000030,1952,1412634.77,839023.55,1448887.99,24,17
2017-12-02,10000030,1956,0.01,0.01,0.01,1,1
2017-12-02,10000030,1957,64285.72,0.01,75000,7,3
2017-12-02,10000030,1958,120000,120000,120000,2,1
2017-12-02,10000030,1969,1949999,1949999,1949999,3,2
2017-12-02,10000030,1973,62667.73,5870.56,63996,23,10
2017-12-02,10000030,1977,31253.51,27400,89999.5,55,45
2017-12-02,10000030,1978,1504899.53,820002.33,1689998.87,10,8
2017-12-02,10000030,1986,52448.87,39899.97,64997.77,4,4
2017-12-02,10000030,1987,844357.04,55000.25,911100,7,7
2017-12-02,10000030,1998,81286.22,3027.77,98896.51,6,6
2017-12-02,10000030,1999,1171035.8,872672.07,1199998.98,43,33
2017-12-02,10000030,2006,10000000,10000000,10000000,2,2
2017-12-02,10000030,2018,62996.16,62996.16,62996.16,6,5
2017-12-02,10000030,2020,219999.83,219999.83,219999.83,2,1
2017-12-02,10000030,2024,1222221,1222221,1222221,7,7
2017-12-02,10000030,2032,638571,450981.26,679999.87,54,38
2017-12-02,10000030,2038,979041.5,979041.5,979041.5,1,1
2017-12-02,10000030,2046,11499.98,11499.94,12000,105,81
2017-12-02,10000030,2047,50000,50000,50000,6,2
2017-12-02,10000030,2048,548999.95,548999.95,548999.97,240,185
2017-12-02,10000030,2050,185002905.14,185002905.14,185002905.14,1,1
2017-12-02,10000030,2082,189999595,189999590,189999599.99,2,2
2017-12-02,10000030,2108,22900.96,22900.96,22900.96,1,1
2017-12-02,10000030,2117,2499999,2499999,2499999,2,2
2017-12-02,10000030,2161,357808,357808,357808,10,2
2017-12-02,10000030,2173,46986.32,46986.32,46986.32,169,23
2017-12-02,10000030,2174,1700000,1700000,1700000,1,1
2017-12-02,10000030,2175,950550.07,732000.57,1010154.79,98,11
2017-12-02,10000030,2183,20000,13000.02,29999.88,142,31
2017-12-02,10000030,2184,1800000,1800000,1800000,1,1
2017-12-02,10000030,2185,963999.96,963994.12,963999.97,155,37
2017-12-02,10000030,2193,54717.19,26982.15,60000.05,25,8
2017-12-02,10000030,2194,6000000,6000000,6000000,2,2
2017-12-02,10000030,2195,1631641.46,1631022.14,1632000.01,30,3
2017-12-02,10000030,2203,3150,3150,3150,142,28
2017-12-02,10000030,2204,200000,200000,200000,3,3
2017-12-02,10000030,2205,449999.98,449999.9,449999.99,105,29
2017-12-02,10000030,2254,93461.53,81000,98999.99,13,6
2017-12-02,10000030,2267,0.91,0.91,0.91,879879,1
2017-12-02,10000030,2270,1.95,1.95,1.95,27050,1
2017-12-02,10000030,2281,3048862,3048858,3048869,138,89
2017-12-02,10000030,2289,90657.28,72972.85,99499.5,3,3
2017-12-02,10000030,2291,149999.92,149999.92,149999.92,1,1
2017-12-02,10000030,2293,91739.33,15217.99,130000,3,3
2017-12-02,10000030,2295,140997.71,138996.57,145000,3,3
2017-12-02,10000030,2297,1691517.56,1250209.07,2029998.89,7,4
2017-12-02,10000030,2299,1712119.2,1205301.02,2049997.98,5,3
2017-12-02,10000030,2301,2127427.75,1394000.02,2299998.98,21,14
2017-12-02,10000030,2303,1957333.43,1355000.71,2050000,15,8
2017-12-02,10000030,2312,11100.07,11100.07,11100.07,3673,2
2017-12-02,10000030,2331,81874.18,74999.48,130000,8,5
2017-12-02,10000030,2333,1890971.27,700707,1899998,11,11
2017-12-02,10000030,2341,799999,799999,799999,1,1
2017-12-02,10000030,2346,97986,97986,97986,25,1
2017-12-02,10000030,2348,127998.96,127998.96,127998.96,602,3
2017-12-02,10000030,2363,59624.25,1827.77,68000,7,5
2017-12-02,10000030,2364,1055659.57,565085.01,1100000,46,24
2017-12-02,10000030,2389,420.04,420.04,420.04,2120,1
2017-12-02,10000030,2390,386.01,386.01,386.01,2120,1
2017-12-02,10000030,2393,270,270,270,28920,2
2017-12-02,10000030,2395,899.99,899.99,899.99,10000,1
2017-12-02,10000030,2396,260,260,260,16280,1
2017-12-02,10000030,2398,408.97,408.97,408.97,34569,3
2017-12-02,10000030,2399,720,720,720,6001,2
2017-12-02,10000030,2400,300,300,300,23440,1
2017-12-02,10000030,2401,852.11,852.08,852.11,27190,3
2017-12-02,10000030,2403,7500000,7500000,7500000,1,1
2017-12-02,10000030,2404,1306784.68,1299995,1310000,56,19
2017-12-02,10000030,2406,1000000,1000000,1000000,2,2
2017-12-02,10000030,2410,1702498.97,1689995,1809998.99,32,10
2017-12-02,10000030,2420,4819999.5,4800000,4839999,6,2
2017-12-02,10000030,2436,2499898.96,2499898.96,2499898.96,5,1
2017-12-02,10000030,2444,45997.99,45997.99,45997.99,152,13
2017-12-02,10000030,2445,7000000,7000000,7000000,2,2
2017-12-02,10000030,2446,1772694.64,1410126.54,1848999.97,76,17
2017-12-02,10000030,2454,3398.98,3398,3399,419,99
2017-12-02,10000030,2455,250000,250000,250000,1,1
2017-12-02,10000030,2456,474999.99,474998.95,475499.96,450,82
2017-12-02,10000030,2464,2399.99,2399.99,2399.99,714,21
2017-12-02,10000030,2465,300000,300000,300000,5,5
2017-12-02,10000030,2466,517829.09,433997.75,549994.89,84,6
2017-12-02,10000030,2476,40569.48,27193,54998.99,30,10
2017-12-02,10000030,2477,4000000,4000000,4000000,2,2
2017-12-02,10000030,2486,5999.97,5999.97,5999.97,369,63
2017-12-02,10000030,2487,400000,400000,400000,3,3
2017-12-02,10000030,2488,437995.96,437985.94,437995.97,341,69
2017-12-02,10000030,2495,599999.8,500000,999998.99,5,5
2017-12-02,10000030,2505,500000,499999.99,500000,5,5
2017-12-02,10000030,2506,20.04,20.04,20.04,508,4
2017-12-02,10000030,2508,81.01,81.01,81.01,600,3
2017-12-02,10000030,2510,11.01,11.01,11.01,599,4
2017-12-02,10000030,2512,5.61,5.21,8.3,6400,15
2017-12-02,10000030,2513,35000,35000,35000,1,1
2017-12-02,10000030,2514,4.3,2.16,4.33,8713,20
2017-12-02,10000030,2515,40000,40000,40000,1,1
2017-12-02,10000030,2516,4.54,4.54,4.54,107544,15
2017-12-02,10000030,2517,50000,50000,50000,1,1
2017-12-02,10000030,2524,89484.87,81000,101360.99,24,11
2017-12-02,10000030,2525,105166.65,81000,109999.98,6,3
2017-12-02,10000030,2529,30832.22,30000,64997.76,7,7
2017-12-02,10000030,2531,835600.56,277033.85,976990,10,9
2017-12-02,10000030,2533,89700,81000,110000,10,5
2017-12-02,10000030,2534,86942.41,81000,98825.97,24,7
2017-12-02,10000030,2537,54999.99,54999.98,54999.99,2,2
2017-12-02,10000030,2539,1192668,825011.31,1274000,18,14
2017-12-02,10000030,2547,694594.94,355194.33,724999,12,9
2017-12-02,10000030,2549,81000,81000,81000,15,7
2017-12-02,10000030,2550,81000,81000,81000,9,4
2017-12-02,10000030,2551,95499.99,81000,109999.98,10,4
2017-12-02,10000030,2553,1040996.11,800284.09,1099999,30,24
2017-12-02,10000030,2559,1599944.49,1599889.99,1599998.99,2,2
2017-12-02,10000030,2563,2499999,2499999,2499999,2,2
2017-12-02,10000030,2567,2150499.65,2029900.88,2450000,19,8
2017-12-02,10000030,2571,1579996,1579996,1579996,2,2
2017-12-02,10000030,2575,2099999.5,1900000,2299998.99,2,2
2017-12-02,10000030,2589,199999999.99,199999999.99,199999999.99,2,2
2017-12-02,10000030,2603,11849.49,1425,12999,34,14
2017-12-02,10000030,2605,369983.79,369983.76,369987.98,115,73
2017-12-02,10000030,2613,187.99,187.99,187.99,10600,5
2017-12-02,10000030,2621,999.99,999.99,999.99,2448,3
2017-12-02,10000030,2629,522.97,522.97,522.97,16126,15
2017-12-02,10000030,2655,716,716,716,3000,1
2017-12-02,10000030,2679,244.69,244.69,244.69,30000,1
2017-12-02,10000030,2739,50000000,50000000,50000000,1,1
2017-12-02,10000030,2817,123,123,123,1500,1
2017-12-02,10000030,2863,4400401,4400401,4400401,1,1
2017-12-02,10000030,2867,2869028.32,2760387.02,2897999,19,4
2017-12-02,10000030,2868,2670833.32,2649999.98,2699999.99,24,2
2017-12-02,10000030,2869,1116384.61,1000000.22,1201296.14,50,4
2017-12-02,10000030,2870,1107000,1107000,1107000,364,6
2017-12-02,10000030,2871,1803254.39,1600110.32,1958998.89,53,5
2017-12-02,10000030,2872,2526000,2526000,2526000,10,1
2017-12-02,10000030,2873,833332.89,799999.95,879999,12,5
2017-12-02,10000030,2875,1478201.06,1303002.08,1650000,45,5
2017-12-02,10000030,2876,2269231.04,2000000.42,2750000,78,5
2017-12-02,10000030,2881,483332.93,449999.99,549998.99,18,5
2017-12-02,10000030,2889,816387.5,799998.97,909994.92,36,9
2017-12-02,10000030,2897,1889998.99,1889998.99,1889998.99,24,5
2017-12-02,10000030,2905,818000,818000,818000,9,2
2017-12-02,10000030,2913,1806426.51,1592720.73,1939990,26,5
2017-12-02,10000030,2921,1584286.52,1160001.42,2149999.98,14,6
2017-12-02,10000030,2929,2954467.13,1919200.02,3999999.98,32,8
2017-12-02,10000030,2937,1600000,1600000,1600000,32,4
2017-12-02,10000030,2953,4649997.89,4649988.99,4649999,9,3
2017-12-02,10000030,2961,5089980.25,5089910,5089998.98,19,3
2017-12-02,10000030,2969,2499998,2499997.99,2499998,12,5
2017-12-02,10000030,2977,1230544.81,1199000,1499990.83,53,12
2017-12-02,10000030,2998,64338687.01,60008033.05,72999994.92,3,3
2017-12-02,10000030,3001,550000.02,550000.02,550000.02,22,3
2017-12-02,10000030,3009,2311049.81,2219999,2500000,19,6
2017-12-02,10000030,3025,2040000,2000000,2200000.02,5,2
2017-12-02,10000030,3033,969999,969998.99,969999,10,4
2017-12-02,10000030,3041,700000,700000,700000,14,4
2017-12-02,10000030,3057,5400000,5400000,5400000,8,2
2017-12-02,10000030,3065,5700000.02,5700000.02,5700000.02,8,1
2017-12-02,10000030,3074,751874.6,500000.01,929998.88,16,5
2017-12-02,10000030,3082,2229998,2229998,2229998,9,3
2017-12-02,10000030,3090,5499532.27,5499000,5499998,15,2
2017-12-02,10000030,3098,639000,639000,639000,3,1
2017-12-02,10000030,3128,10200000,10200000,10200000,1,1
2017-12-02,10000030,3130,1801285.32,1789998.99,1819998,23,5
2017-12-02,10000030,3136,11000000,11000000,11000000,1,1
2017-12-02,10000030,3138,2196666.33,2189999,2200000,18,3
2017-12-02,10000030,3146,2329165.33,2210000,2339999,12,5
2017-12-02,10000030,3162,600000,600000,600000,5,1
2017-12-02,10000030,3170,645088.73,550119.01,699000,44,14
2017-12-02,10000030,3178,920492.91,651001,958991,72,14
2017-12-02,10000030,3184,1600000,1600000,1600000,13,12
2017-12-02,10000030,3186,4972705.65,4749999,5099966.59,22,4
2017-12-02,10000030,3237,10200000,10200000,10200000,1,1
2017-12-02,10000030,3240,10000000,10000000,10000000,1,1
2017-12-02,10000030,3242,113742.88,113742.81,113742.94,2,2
2017-12-02,10000030,3244,1676718.44,1400000,1699997.65,64,53
2017-12-02,10000030,3256,9965760,9965760,9965760,1,1
2017-12-02,10000030,3265,9999347.49,9999345.98,9999349,2,2
2017-12-02,10000030,3266,139999999.99,139999999.99,139999999.99,1,1
2017-12-02,10000030,3293,224550.98,224550.98,224550.98,1,1
2017-12-02,10000030,3297,19999.81,19999.8,19999.81,22,6
2017-12-02,10000030,3301,20421.75,20000,23795.72,9,9
2017-12-02,10000030,3302,55980.7,20000,199999,15,15
2017-12-02,10000030,3303,21428.57,20000,50000,21,12
2017-12-02,10000030,3304,105000,100000,200000,20,11
2017-12-02,10000030,3305,104591.84,100000,325000,49,27
2017-12-02,10000030,3306,116352.94,100000,377999.99,17,8
2017-12-02,10000030,3307,2153846.15,2000000,4000000,13,4
2017-12-02,10000030,3308,2181250,2000000,3450000,8,8
2017-12-02,10000030,3309,2352941.18,2000000,4000000,17,7
2017-12-02,10000030,3310,40000,40000,40000,3,3
2017-12-02,10000030,3311,77500.03,60000.27,80000,8,8
2017-12-02,10000030,3312,59599.66,57998.28,60000,5,5
2017-12-02,10000030,3315,1090909.09,1000000,2000000,11,6
2017-12-02,10000030,3316,72661.5,70000,93953.49,9,9
2017-12-02,10000030,3317,117920.02,100000,174791.37,21,9
2017-12-02,10000030,3318,95091,80000,155455,5,5
2017-12-02,10000030,3319,20400.16,20000,21999.84,5,5
2017-12-02,10000030,3320,12653.06,10000,50000,49,30
2017-12-02,10000030,3321,21358.34,20000,29000,38,36
2017-12-02,10000030,3322,286111.11,25000,1200000,9,9
2017-12-02,10000030,3323,31333.33,30000,58000,42,13
2017-12-02,10000030,3324,100391.04,100000,112904.34,33,22
2017-12-02,10000030,3325,400000,400000,400000,18,9
2017-12-02,10000030,3326,350000,350000,350000,3,3
2017-12-02,10000030,3327,20000,20000,20000,2,2
2017-12-02,10000030,3328,42857.14,40000,80000,14,14
2017-12-02,10000030,3329,64143.31,40000,194998.97,36,36
2017-12-02,10000030,3330,46998.4,40000,74992,10,10
2017-12-02,10000030,3331,46666.67,40000,80000,6,6
2017-12-02,10000030,3332,600000,500000,1000000,15,15
2017-12-02,10000030,3333,545751.41,500000,1450000,44,41
2017-12-02,10000030,3334,500000,500000,500000,6,6
2017-12-02,10000030,3335,500000,500000,500000,9,9
2017-12-02,10000030,3336,4615357.23,4000000,7999821.98,13,13
2017-12-02,10000030,3337,3894736.84,2000000.02,4000000,19,19
2017-12-02,10000030,3338,4000000,4000000,4000000,4,4
2017-12-02,10000030,3339,4000000,4000000,4000000,7,7
2017-12-02,10000030,3340,300033.12,300000,449999,9,9
2017-12-02,10000030,3341,300000,300000,300000,6,6
2017-12-02,10000030,3342,325000,300000,450000,6,3
2017-12-02,10000030,3343,300000,300000,300000,2,2
2017-12-02,10000030,3348,66000,20000,342000,21,21
2017-12-02,10000030,3349,75000,75000,75000,1,1
2017-12-02,10000030,3354,3999999,3999999,3999999,2,2
2017-12-02,10000030,3355,21470.56,20000,39999.98,34,30
2017-12-02,10000030,3356,62000,60000,69999.97,15,15
2017-12-02,10000030,3357,180000,180000,180000,48,19
2017-12-02,10000030,3358,100000,100000,100000,4,4
2017-12-02,10000030,3359,200000,200000,200000,18,14
2017-12-02,10000030,3361,200000,200000,200000,37,8
2017-12-02,10000030,3363,1447142.86,20000,20000000,14,14
2017-12-02,10000030,3380,22908.14,20239.03,34999.99,6,6
2017-12-02,10000030,3385,41622.21,1024.45,50000,24,24
2017-12-02,10000030,3386,20000,20000,20000,1,1
2017-12-02,10000030,3387,151700,150000,175499.95,45,16
2017-12-02,10000030,3388,198999.5,75000,250000,4,4
2017-12-02,10000030,3389,280000,280000,280000,9,5
2017-12-02,10000030,3392,20000,20000,20000,2,2
2017-12-02,10000030,3393,29432.58,131.43,30000,55,55
2017-12-02,10000030,3394,60000,60000,60000,1,1
2017-12-02,10000030,3395,80000,80000,80000,4,4
2017-12-02,10000030,3396,2000000,2000000,2000000,1,1
2017-12-02,10000030,3403,300000,300000,300000,7,7
2017-12-02,10000030,3405,25000,25000,25000,57,13
2017-12-02,10000030,3406,300000,300000,300000,4,4
2017-12-02,10000030,3409,350000,350000,350000,5,5
2017-12-02,10000030,3410,465294.12,450000,600000,17,13
2017-12-02,10000030,3411,75000,75000,75000,2,2
2017-12-02,10000030,3412,450000,450000,450000,4,4
2017-12-02,10000030,3416,38570.4,35000,59992.82,7,7
2017-12-02,10000030,3417,40000,40000,40000,2,2
2017-12-02,10000030,3418,233250,170000,423000,4,4
2017-12-02,10000030,3419,170000,170000,170000,4,4
2017-12-02,10000030,3420,210000,210000,210000,17,6
2017-12-02,10000030,3421,132500,130000,160000,12,11
2017-12-02,10000030,3422,67104.78,2000.35,80000,19,18
2017-12-02,10000030,3423,109745.76,75000,908898.34,24,24
2017-12-02,10000030,3424,79000,79000,79000,3,3
2017-12-02,10000030,3425,125500,84000,250000,4,4
2017-12-02,10000030,3426,20000,20000,20000,1,1
2017-12-02,10000030,3427,127500,120000,195000,10,3
2017-12-02,10000030,3428,88000,88000,88000,5,5
2017-12-02,10000030,3429,100000,100000,100000,5,5
2017-12-02,10000030,3430,500000,500000,500000,4,4
2017-12-02,10000030,3431,74990,74950,75000,5,5
2017-12-02,10000030,3432,100000,100000,100000,5,5
2017-12-02,10000030,3433,100000,100000,100000,10,6
2017-12-02,10000030,3434,80962.05,80000,88017.09,25,25
2017-12-02,10000030,3435,88000.43,57000.65,150000,3,3
2017-12-02,10000030,3436,20033.77,20000,20101.31,3,3
2017-12-02,10000030,3437,44999.63,40000,54998.89,3,3
2017-12-02,10000030,3438,45000,40000,80000,24,14
2017-12-02,10000030,3439,229166.81,200000,666669,16,7
2017-12-02,10000030,3440,220000,220000,220000,6,6
2017-12-02,10000030,3441,742726.36,380000,2374995,11,11
2017-12-02,10000030,3442,563157.89,500000,1100000,19,16
2017-12-02,10000030,3443,20000,20000,20000,2,2
2017-12-02,10000030,3444,100000,100000,100000,5,5
2017-12-02,10000030,3446,104142.85,100000,128999.98,14,14
2017-12-02,10000030,3447,7500000,7500000,7500000,1,1
2017-12-02,10000030,3449,20500,18000,23000,2,2
2017-12-02,10000030,3450,17646.75,12543.5,22750,4,4
2017-12-02,10000030,3451,30000,30000,30000,9,9
2017-12-02,10000030,3452,49448.28,40000,250069,36,34
2017-12-02,10000030,3453,25000,25000,25000,4,4
2017-12-02,10000030,3454,460000,340000,700000,9,8
2017-12-02,10000030,3455,30000,30000,30000,2,2
2017-12-02,10000030,3456,11249593.26,10000000,13748779.78,3,3
2017-12-02,10000030,3465,800000,800000,800000,2,2
2017-12-02,10000030,3466,883333.33,650000,999999.99,3,2
2017-12-02,10000030,3467,64499.9,64499.9,64499.9,1,1
2017-12-02,10000030,3488,2318574.92,1299999,3988789.94,9,8
2017-12-02,10000030,3496,1669289.5,1649999,1790990,8,6
2017-12-02,10000030,3504,3399618.33,3399597,3399639,6,5
2017-12-02,10000030,3512,1759899.97,1759899.97,1759899.97,5,1
2017-12-02,10000030,3520,1637470.64,951111.01,1789995,11,4
2017-12-02,10000030,3528,71615.83,69950,80000,24,6
2017-12-02,10000030,3530,1307341.39,1116001.02,1369998.96,32,28
2017-12-02,10000030,3538,49849,49849,49849,1,1
2017-12-02,10000030,3540,2099985.81,2099985.79,2099985.82,4,4
2017-12-02,10000030,3551,36000,36000,36000,2,2
2017-12-02,10000030,3552,0.01,0.01,0.01,10,1
2017-12-02,10000030,3554,1490,1490,1490,433,9
2017-12-02,10000030,3566,50692.27,39000,65000,13,9
2017-12-02,10000030,3567,112500,112500,112500,1,1
2017-12-02,10000030,3568,1257689.91,1199999,1299998,26,20
2017-12-02,10000030,3577,702580,702580,702580,1,1
2017-12-02,10000030,3578,2066427.7,634999,2299999,7,5
2017-12-02,10000030,3581,8500056.83,5000000,12000113.65,2,2
2017-12-02,10000030,3586,500000,500000,500000,1,1
2017-12-02,10000030,3598,1699999,1699999,1699999,1,1
2017-12-02,10000030,3643,119.48,68,119.57,72974,32
2017-12-02,10000030,3645,400,250.01,528.99,76499,47
2017-12-02,10000030,3647,281.61,281.61,281.61,201682,35
2017-12-02,10000030,3651,438.09,203.37,866.03,10,10
2017-12-02,10000030,3653,174599.91,174599.91,174599.91,1,1
2017-12-02,10000030,3673,1.14,1.13,1.14,11,2
2017-12-02,10000030,3683,351.45,351.45,351.45,54468,11
2017-12-02,10000030,3685,511.03,511.03,511.03,10,1
2017-12-02,10000030,3687,821.21,788.53,821.22,170398,27
2017-12-02,10000030,3689,10005,10005,10005,3540,6
2017-12-02,10000030,3691,5509.11,5509.11,5509.11,3325,22
2017-12-02,10000030,3699,45.47,45.05,52.38,563762,14
2017-12-02,10000030,3705,6.23,6.23,6.23,120,9
2017-12-02,10000030,3707,671.86,6.23,4000,60,6
2017-12-02,10000030,3709,6,6,6.01,60,4
2017-12-02,10000030,3711,2.01,2.01,2.01,10,1
2017-12-02,10000030,3713,10612.31,10549.97,10845.99,6560,12
2017-12-02,10000030,3715,91.72,91.72,91.78,347620,33
2017-12-02,10000030,3717,103,103,103,3840,58
2017-12-02,10000030,3719,2203,2203,2203,138,4
2017-12-02,10000030,3723,67739.64,100,338298.19,5,2
2017-12-02,10000030,3756,57240600.1,51057202.7,63399000,8,5
2017-12-02,10000030,3766,415053.55,375000,455107.09,2,2
2017-12-02,10000030,3771,201,201,201,60,5
2017-12-02,10000030,3773,200,200,200,100,1
2017-12-02,10000030,3777,505.08,505.08,505.08,218,18
2017-12-02,10000030,3810,2150,2150,2150,70,2
2017-12-02,10000030,3812,169.62,169.62,169.63,71511,7
2017-12-02,10000030,3814,21.98,19.41,24.54,2,2
2017-12-02,10000030,3822,8,8,8.01,60,6
2017-12-02,10000030,3824,6,6,6,20,2
2017-12-02,10000030,3826,6,5.96,6,60,6
2017-12-02,10000030,3829,28317.33,27996.95,31500,69,39
2017-12-02,10000030,3831,873952.28,812500.01,879989.99,48,35
2017-12-02,10000030,3839,122221,122220.99,122221,3,3
2017-12-02,10000030,3840,1875000,1875000,1875000,1,1
2017-12-02,10000030,3841,1360304.53,1349998.95,1538997.31,85,45
2017-12-02,10000030,3887,33591.66,1777.78,49498.6,3,3
2017-12-02,10000030,3888,1174750.35,875105,1250000,26,15
2017-12-02,10000030,3895,35764994.83,34999995,37294994.5,6,6
2017-12-02,10000030,3898,14618000.05,14618000.05,14618000.05,2,1
2017-12-02,10000030,3953,599999,599999,599999,1,1
2017-12-02,10000030,3958,144000000,144000000,144000000,1,1
2017-12-02,10000030,4025,29995.95,9006.3,29998.96,267,82
2017-12-02,10000030,4027,33000,22251.91,82999.87,235,85
2017-12-02,10000030,4051,23094,23094,23094,19069,5
2017-12-02,10000030,4165,1111111,1111111,1111111,1,1
2017-12-02,10000030,4168,9999999,9999999,9999999,1,1
2017-12-02,10000030,4246,22396.95,22396.94,25490,120506,20
2017-12-02,10000030,4247,19999.98,19999.98,19999.98,5920,3
2017-12-02,10000030,4250,2167650.1,2103094.07,2369999.49,15,12
2017-12-02,10000030,4254,1091665.5,300000.02,1149999,12,10
2017-12-02,10000030,4256,2989665.96,2988999.88,2989999,3,2
2017-12-02,10000030,4258,1659999,1659999,1659999,3,3
2017-12-02,10000030,4302,73949802.37,71999999.97,74599736.5,4,4
2017-12-02,10000030,4306,61499998.92,61499998.91,61499998.92,2,2
2017-12-02,10000030,4308,72749898.98,72749898.97,72749898.98,2,2
2017-12-02,10000030,4310,58260024.99,50040104.01,60999998.97,4,4
2017-12-02,10000030,4311,592000000,592000000,592000000,1,1
2017-12-02,10000030,4312,23000,23000,23000,4000,1
2017-12-02,10000030,4313,10000000,10000000,10000000,1,1
2017-12-02,10000030,4314,10000000,10000000,10000000,1,1
2017-12-02,10000030,4315,10000000,10000000,10000000,3,3
2017-12-02,10000030,4316,10000000,10000000,10000000,2,2
2017-12-02,10000030,4345,241088416.24,241088276.09,241088696.55,3,3
2017-12-02,10000030,4358,100.04,100.04,100.04,10,1
2017-12-02,10000030,4383,1503843.82,1480100.01,1504400,25,12
2017-12-02,10000030,4385,4609888.89,4500000,5489000,9,9
2017-12-02,10000030,4391,229118.01,194950,233999.16,8,6
2017-12-02,10000030,4393,54726.64,49856.37,55499.99,23,11
2017-12-02,10000030,4394,2874999.81,2874999.81,2874999.81,1,1
2017-12-02,10000030,4395,480389.95,480389.95,480389.95,14,10
2017-12-02,10000030,4397,4990147.78,4990147.78,4990147.78,1,1
2017-12-02,10000030,4399,9799971.61,9799965.93,9800000,6,4
2017-12-02,10000030,4401,24779000,24779000,24779000,1,1
2017-12-02,10000030,4403,595425.83,353201,599999.99,31,20
2017-12-02,10000030,4405,1527895.01,1499999.95,1574999.93,89,54
2017-12-02,10000030,4409,67694.26,67694.26,67694.26,5,1
2017-12-02,10000030,4411,600000,600000,600000,2,2
2017-12-02,10000030,4435,79345.64,2255.13,189899.99,29,19
2017-12-02,10000030,4471,145061.89,7082.16,184704.36,27,15
2017-12-02,10000030,4477,90485.1,7506.85,168196.95,40,28
2017-12-02,10000030,4529,4680.58,101.04,8489,27,18
2017-12-02,10000030,4531,25596.19,417.77,117777.77,10,9
2017-12-02,10000030,4533,148581.99,89249.9,149998,9,9
2017-12-02,10000030,4535,100,100,100,2,2
2017-12-02,10000030,4569,11000.81,7001.02,27000,5,5
2017-12-02,10000030,4571,7000,7000,7000,6,6
2017-12-02,10000030,4573,447994.77,445999,448992.65,3,3
2017-12-02,10000030,4575,2400.48,2400.48,2400.48,1,1
2017-12-02,10000030,4609,10000.01,10000,10000.01,6,3
2017-12-02,10000030,4611,10000.01,10000.01,10000.01,8,3
2017-12-02,10000030,4613,10000,10000,10000,2,2
2017-12-02,10000030,4615,10000,10000,10000,7,3
2017-12-02,10000030,4787,81968.25,1777.77,188888.89,14,12
2017-12-02,10000030,4829,153.01,153.01,153.01,1,1
2017-12-02,10000030,4831,2650,2650,2650,13,10
2017-12-02,10000030,4833,242506.82,135000.33,255945.22,18,10
2017-12-02,10000030,4835,2750,2750,2750,26,6
2017-12-02,10000030,4871,115340.91,20000.01,229750,11,9
2017-12-02,10000030,5007,5.01,5.01,5.01,1,1
2017-12-02,10000030,5009,1436.65,1029.97,4500,6,5
2017-12-02,10000030,5011,355874.48,329999.88,379996.99,56,9
2017-12-02,10000030,5013,1808.33,10,10800,6,6
2017-12-02,10000030,5047,33251.81,33251.81,33251.81,6,4
2017-12-02,10000030,5049,37893.77,37893.77,37893.77,8,6
2017-12-02,10000030,5051,65570.25,63169.95,92999.98,9,8
2017-12-02,10000030,5053,44509.29,44509.29,44509.29,3,3
2017-12-02,10000030,5087,551.04,551.04,551.04,3,2
2017-12-02,10000030,5089,494.12,400,1000,17,12
2017-12-02,10000030,5091,720.02,200.03,1500,5,4
2017-12-02,10000030,5093,233.33,200,1000,24,13
2017-12-02,10000030,5137,37122.22,5250,110000,45,24
2017-12-02,10000030,5141,9761.48,5711.08,27999.95,28,15
2017-12-02,10000030,5181,2777.77,2777.77,2777.77,1,1
2017-12-02,10000030,5215,250.01,250.01,250.01,2,1
2017-12-02,10000030,5217,1894.83,440,7714.14,5,5
2017-12-02,10000030,5219,332999.67,249999,374500,3,3
2017-12-02,10000030,5239,18354.2,15000,32500,71,43
2017-12-02,10000030,5245,18327.61,12499.95,54875,22,15
2017-12-02,10000030,5279,929.56,114.08,9899.99,12,9
2017-12-02,10000030,5281,1250.1,1250.1,1250.1,5,5
2017-12-02,10000030,5282,0.01,0.01,0.01,4,4
2017-12-02,10000030,5299,18159.09,3277.78,37999.99,7,5
2017-12-02,10000030,5301,5250,5250,5250,14,13
2017-12-02,10000030,5302,13200,13200,13200,4,4
2017-12-02,10000030,5319,4492.17,3120,4500,23,10
2017-12-02,10000030,5320,8621.13,2787.77,23999.99,40,17
2017-12-02,10000030,5321,2727.36,1500.01,3000.1,11,9
2017-12-02,10000030,5322,5596.15,3250,18499.96,13,7
2017-12-02,10000030,5339,100,100,100,1,1
2017-12-02,10000030,5340,522.89,522.89,522.89,6,5
2017-12-02,10000030,5361,0.01,0.01,0.01,2,2
2017-12-02,10000030,5363,5091.67,2510,18000,6,6
2017-12-02,10000030,5365,62936.05,808.16,94000,3,3
2017-12-02,10000030,5399,9194.56,6508.04,13999.99,68,26
2017-12-02,10000030,5403,12464.88,8500.22,20499.98,80,23
2017-12-02,10000030,5405,16998.98,16998.97,16998.98,226,32
2017-12-02,10000030,5439,7750.67,7750.67,7750.67,139,39
2017-12-02,10000030,5443,59350.9,59350.9,59350.9,118,46
2017-12-02,10000030,5445,11002.94,11002.94,11002.94,161,33
2017-12-02,10000030,5493,64820.55,25112.66,82500,11,8
2017-12-02,10000030,5533,47505.85,22501.39,75501.29,22,15
2017-12-02,10000030,5599,66127.92,5100.04,80023.93,33,21
2017-12-02,10000030,5631,60718.75,31050.01,96999.96,16,10
2017-12-02,10000030,5647,120,120,120.01,4,3
2017-12-02,10000030,5649,16746,120,49998,3,3
2017-12-02,10000030,5683,70000,70000,70000,4,4
2017-12-02,10000030,5693,1,1,1,1,1
2017-12-02,10000030,5697,101920,101920,101920,3,3
2017-12-02,10000030,5721,105215.09,105215.09,105215.09,12,10
2017-12-02,10000030,5723,101187.04,101187.04,101187.04,8,8
2017-12-02,10000030,5743,51017.36,17034.72,85000,2,2
2017-12-02,10000030,5745,1149.94,1000.01,2799.11,12,11
2017-12-02,10000030,5747,2199.99,2199.99,2199.99,2,1
2017-12-02,10000030,5755,101150.62,101150.62,101150.62,7,7
2017-12-02,10000030,5757,101658.85,101658.85,101658.85,10,6
2017-12-02,10000030,5759,92971.06,100,101413.92,12,9
2017-12-02,10000030,5839,1426925.04,1023102.61,1449671.83,62,40
2017-12-02,10000030,5849,65294.77,5031.82,105659.99,14,11
2017-12-02,10000030,5865,300,300,300,2,1
2017-12-02,10000030,5867,7956.65,187.05,99566,13,9
2017-12-02,10000030,5869,14.14,1,300,22,18
2017-12-02,10000030,5871,912.61,0.19,3650,8,7
2017-12-02,10000030,5933,152878.93,148989.58,377777,99,48
2017-12-02,10000030,5945,401176.93,399869.11,409998,24,14
2017-12-02,10000030,5955,108798.59,80557.08,139801,17,16
2017-12-02,10000030,5971,35863.4,17500.22,61988.96,72,48
2017-12-02,10000030,5973,450000,250100.66,459801,123,94
2017-12-02,10000030,5975,15810.91,7500.35,24498.91,45,30
2017-12-02,10000030,6001,175000,11011.09,211000.96,109,84
2017-12-02,10000030,6003,16433.62,1500.02,29999.95,75,55
2017-12-02,10000030,6005,13148.13,4500.04,37499.98,27,18
2017-12-02,10000030,6073,95825.74,3601,132997.81,39,18
2017-12-02,10000030,6131,15180.01,200.06,29999.97,10,10
2017-12-02,10000030,6135,0.01,0.01,0.01,1,1
2017-12-02,10000030,6159,1683.35,560.02,7300,6,4
2017-12-02,10000030,6160,12679.58,10000,23899.97,44,23
2017-12-02,10000030,6173,67855.39,65000,69996.93,7,7
2017-12-02,10000030,6176,3410.89,100,14998.99,9,7
2017-12-02,10000030,6296,7359.26,1800,47999.99,30,20
2017-12-02,10000030,6325,5128.72,2510.57,14997,62,15
2017-12-02,10000030,6437,77094.68,9000.15,88777.99,21,21
2017-12-02,10000030,6439,1017.94,150.02,3199.99,7,7
2017-12-02,10000030,6441,148194.51,7778.11,194999.98,4,4
2017-12-02,10000030,6443,14262.57,6812.18,37777.77,7,7
2017-12-02,10000030,6485,3000.65,501.01,3001.11,39,24
2017-12-02,10000030,6527,198.57,100,310,14,12
2017-12-02,10000030,6569,396.01,396.01,396.01,202,25
2017-12-02,10000030,6631,10965.47,5061.44,16869.5,4,4
2017-12-02,10000030,6633,1440.94,0.01,1801.17,5,4
2017-12-02,10000030,6635,89111.18,89111.18,89111.18,2,2
2017-12-02,10000030,6637,28333.33,2777.77,105000,4,4
2017-12-02,10000030,6673,0.01,0.01,0.01,2,2
2017-12-02,10000030,6675,433844.31,289801,474999.5,9,8
2017-12-02,10000030,6677,138750,135000,140000,4,3
2017-12-02,10000030,6715,1,1,1,1,1
2017-12-02,10000030,6717,0.01,0.01,0.01,1,1
2017-12-02,10000030,6719,869033.31,353166.11,1384900.5,4,4
2017-12-02,10000030,6721,2808.02,2807.77,2808.8,4,4
2017-12-02,10000030,6807,152999.98,152999.98,152999.98,1,1
2017-12-02,10000030,6859,950.01,900.01,1000,2,2
2017-12-02,10000030,6861,20104.11,20104.11,20104.11,3,2
2017-12-02,10000030,6865,120001,120001,120001,2,2
2017-12-02,10000030,6919,44740,44740,44740,1,1
2017-12-02,10000030,6921,24356,24356,24356,5,3
2017-12-02,10000030,6923,323456.5,162012.51,484900.5,4,4
2017-12-02,10000030,6925,25000,25000,25000,4,4
2017-12-02,10000030,6959,25000,25000,25000,2,2
2017-12-02,10000030,6961,25012.42,25012.42,25012.42,10,5
2017-12-02,10000030,6965,400,400,400,1,1
2017-12-02,10000030,6999,30000,30000,30000,5,4
2017-12-02,10000030,7001,46475.1,46475.1,46475.1,5,3
2017-12-02,10000030,7003,30000,30000,30000,2,2
2017-12-02,10000030,7005,30000,30000,30000,2,2
2017-12-02,10000030,7043,153350.93,153350.93,153350.93,4,4
2017-12-02,10000030,7045,133417.04,133417.04,133417.04,5,4
2017-12-02,10000030,7047,152823.21,152823.21,152823.21,4,3
2017-12-02,10000030,7049,134132.23,134132.23,134132.23,5,4
2017-12-02,10000030,7085,204080.21,204080.21,204080.21,2,2
2017-12-02,10000030,7087,1473879.66,557874.75,1693697.64,30,6
2017-12-02,10000030,7123,274731.21,274731.21,274731.21,7,5
2017-12-02,10000030,7125,285294.27,285294.27,285294.27,24,10
2017-12-02,10000030,7127,265935.87,265935.87,265935.87,7,2
2017-12-02,10000030,7131,258613.16,258613.16,258613.16,11,6
2017-12-02,10000030,7167,341812.89,341812.89,341812.89,6,6
2017-12-02,10000030,7169,371590.24,371590.24,371590.24,4,4
2017-12-02,10000030,7171,398543.25,300000.35,400000.35,7,6
2017-12-02,10000030,7173,379566.18,379566.18,379566.18,1,1
2017-12-02,10000030,7247,929090.34,890999,989999,11,8
2017-12-02,10000030,7249,10000,10000,10000,3,3
2017-12-02,10000030,7251,17000,17000,17000,1,1
2017-12-02,10000030,7253,1777.77,1777.77,1777.78,3,3
2017-12-02,10000030,7287,353895.08,132291.12,689784.75,21,12
2017-12-02,10000030,7289,3400.86,1701,13600,7,6
2017-12-02,10000030,7291,111606.22,1515.56,185000,5,3
2017-12-02,10000030,7293,77336,2008.01,115000,9,5
2017-12-02,10000030,7327,244062.9,88125.8,400000,2,2
2017-12-02,10000030,7329,4300.01,4300.01,4300.01,3,1
2017-12-02,10000030,7331,2171.09,2171.09,2171.09,5,2
2017-12-02,10000030,7333,100.01,100.01,100.01,3,2
2017-12-02,10000030,7367,1070349.31,800161.67,1199997.77,35,19
2017-12-02,10000030,7369,37347.52,37347.52,37347.52,15,10
2017-12-02,10000030,7371,55783.52,51584.51,70900,23,14
2017-12-02,10000030,7373,53612.72,53612.71,53612.72,16,10
2017-12-02,10000030,7411,81372.26,81372.26,81372.26,1,1
2017-12-02,10000030,7413,32460,32460,32460,2,2
2017-12-02,10000030,7449,300000,300000,300000,1,1
2017-12-02,10000030,7451,699999.99,699999.99,699999.99,2,1
2017-12-02,10000030,7453,331910.99,331910.99,331910.99,1,1
2017-12-02,10000030,7489,295000,295000,295000,3,1
2017-12-02,10000030,7535,772391.45,35001.2,919869.5,6,3
2017-12-02,10000030,7539,18000,18000,18000,1,1
2017-12-02,10000030,7541,5000,5000,5000,1,1
2017-12-02,10000030,7579,600339.22,600339.22,600339.22,1,1
2017-12-02,10000030,7581,196554.78,144000,229999,9,4
2017-12-02,10000030,7583,502.81,502.81,502.81,1,1
2017-12-02,10000030,7585,16008.81,16008.81,16008.81,1,1
2017-12-02,10000030,7663,265020.11,265020.11,265020.11,2,2
2017-12-02,10000030,7703,116001.46,116000.81,116001.79,3,2
2017-12-02,10000030,7705,1000.35,1000.35,1000.35,1,1
2017-12-02,10000030,7707,4500.08,4500.08,4500.08,2,2
2017-12-02,10000030,7743,123248.17,123248.17,123248.17,2,2
2017-12-02,10000030,7745,139080.02,139080.02,139080.02,3,2
2017-12-02,10000030,7747,140060,140060,140060,4,3
2017-12-02,10000030,7749,120000,120000,120000,5,4
2017-12-02,10000030,7783,859280.82,342237.34,1442235.91,17,4
2017-12-02,10000030,7785,306526.09,306526.09,306526.09,2,2
2017-12-02,10000030,7787,280132.02,280132.02,280132.02,1,1
2017-12-02,10000030,7789,210345.62,210345.62,210345.62,2,2
2017-12-02,10000030,7827,140000,140000,140000,2,2
2017-12-02,10000030,7831,150403.81,150403.81,150403.81,5,4
2017-12-02,10000030,7997,58590.85,2208.17,286999.09,10,8
2017-12-02,10000030,8007,200499.03,3000.59,239998.72,18,6
2017-12-02,10000030,8023,6380.4,951,10000,5,5
2017-12-02,10000030,8025,21249.98,9000,99999.93,6,4
2017-12-02,10000030,8027,975283.81,629363.1,1099869.68,74,22
2017-12-02,10000030,8089,305874.71,201000.4,349999.94,73,29
2017-12-02,10000030,8091,69572.08,48000.02,89998.98,33,17
2017-12-02,10000030,8101,8350.76,1851.91,18000,10,8
2017-12-02,10000030,8103,16176.12,505.54,18998.94,20,9
2017-12-02,10000030,8105,1587808.41,1100000.44,1739998.75,42,20
2017-12-02,10000030,8113,2750,2750,2750,4,2
2017-12-02,10000030,8115,3100,3100,3100,1,1
2017-12-02,10000030,8117,244675.5,222202.86,900000,19,9
2017-12-02,10000030,8133,20003.81,5.02,99999,5,5
2017-12-02,10000030,8175,134922.61,1000.1,289998.99,13,10
2017-12-02,10000030,8177,85.72,0.01,200,7,5
2017-12-02,10000030,8225,70863.6,300,132335.99,10,9
2017-12-02,10000030,8263,26895.7,7100.24,244998.7,12,9
2017-12-02,10000030,8295,275.25,201,300,4,2
2017-12-02,10000030,8297,1000.11,1000.11,1000.11,8,5
2017-12-02,10000030,8335,30212.46,29996.99,54950,15,10
2017-12-02,10000030,8337,25100.51,201.01,50000,4,3
2017-12-02,10000030,8419,54178.36,49990,74999.96,32,13
2017-12-02,10000030,8427,99687.03,25000.03,121498.55,24,16
2017-12-02,10000030,8433,551130.45,228142.6,665999,46,32
2017-12-02,10000030,8517,3126121.14,2577012.22,3299497.77,46,38
2017-12-02,10000030,8521,160161.72,149990.97,210000,33,23
2017-12-02,10000030,8529,102447.25,45001.68,105997.99,29,26
2017-12-02,10000030,8531,11303.67,11303.67,11303.67,7,7
2017-12-02,10000030,8535,7856.08,7856.08,7856.08,8,7
2017-12-02,10000030,8537,7878.29,2793.2,16781.27,11,6
2017-12-02,10000030,8579,5750.02,5750.02,5750.02,12,7
2017-12-02,10000030,8583,11250,11250,11250,8,6
2017-12-02,10000030,8585,17700.1,6000.14,45000,10,7
2017-12-02,10000030,8635,208998,208998,208998,1,1
2017-12-02,10000030,8639,173959.46,10000.15,190355.39,11,8
2017-12-02,10000030,8641,189799.45,189799.45,189799.45,8,2
2017-12-02,10000030,8748,57705.26,401.68,150000,14,11
2017-12-02,10000030,8759,3500051.07,2800102.14,4900000,6,5
2017-12-02,10000030,8785,43561.29,11455.54,75000,15,14
2017-12-02,10000030,8787,148471.09,27640.01,265000,18,12
2017-12-02,10000030,8815,216573.15,199449.99,699999.99,79,13
2017-12-02,10000030,8817,41111.48,2777.77,117767.77,6,5
2017-12-02,10000030,8819,39551.76,1825.08,47999.99,22,7
2017-12-02,10000030,8821,116657.65,93998.97,320000,12,6
2017-12-02,10000030,8863,1179199.99,466250.11,1250000,45,21
2017-12-02,10000030,8865,94746.46,7100.14,169695,22,15
2017-12-02,10000030,8867,221608.34,27650.23,225000,42,13
2017-12-02,10000030,8869,258990.87,258990.87,258990.87,150,34
2017-12-02,10000030,8903,478211.61,450000,499447,38,12
2017-12-02,10000030,8905,38188.42,21025,149999.99,6,6
2017-12-02,10000030,8907,129631.16,118999.89,300000,15,8
2017-12-02,10000030,8909,185842.94,77800.22,290000,7,7
2017-12-02,10000030,9093,29000,29000,29000,1,1
2017-12-02,10000030,9127,4499938.39,4499935.89,4499945.9,4,2
2017-12-02,10000030,9129,22011.05,22011.05,22011.05,1,1
2017-12-02,10000030,9135,604284.03,403143.19,691997,24,7
2017-12-02,10000030,9137,14666.68,0.01,22000.02,3,3
2017-12-02,10000030,9139,22033.01,22033.01,22033.01,2,2
2017-12-02,10000030,9141,278028.26,50214.11,448888.88,7,5
2017-12-02,10000030,9207,406645.82,399998.99,419999.99,38,13
2017-12-02,10000030,9209,50000,50000,50000,1,1
2017-12-02,10000030,9211,137000.02,116000.02,200000,4,3
2017-12-02,10000030,9213,120000.01,51000.02,188999.99,4,2
2017-12-02,10000030,9247,30000,30000,30000,1,1
2017-12-02,10000030,9249,30000.01,30000,30000.01,4,3
2017-12-02,10000030,9251,41000.01,41000.01,41000.01,2,1
2017-12-02,10000030,9253,30000,30000,30000,3,3
2017-12-02,10000030,9287,121075.22,121075.22,121075.22,2,1
2017-12-02,10000030,9289,120516.51,120516.51,120516.51,3,2
2017-12-02,10000030,9291,132031.92,132031.92,132031.92,1,1
2017-12-02,10000030,9293,120000,120000,120000,1,1
2017-12-02,10000030,9327,915114.15,200388.13,1399999.99,17,8
2017-12-02,10000030,9329,273640.92,180350.38,302250,11,11
2017-12-02,10000030,9331,180285.64,180285.64,180285.64,2,2
2017-12-02,10000030,9333,221061.58,221061.58,221061.58,2,1
2017-12-02,10000030,9367,779998.19,500006.97,849996,10,3
2017-12-02,10000030,9369,275237.53,275237.53,275237.53,2,2
2017-12-02,10000030,9371,240123.34,240123.34,240123.34,1,1
2017-12-02,10000030,9377,320000.01,320000.01,320000.01,2,2
2017-12-02,10000030,9411,2750000.25,2564999.97,2900000,20,11
2017-12-02,10000030,9413,290608.06,58401.61,400000,13,8
2017-12-02,10000030,9415,342066.88,110013.34,418988.65,11,7
2017-12-02,10000030,9417,995980.8,262013.34,1169969,30,13
2017-12-02,10000030,9451,2649499.58,1600001.25,2899999,36,16
2017-12-02,10000030,9453,76000.01,76000.01,76000.01,3,3
2017-12-02,10000030,9455,135602.17,96003.82,194999.69,10,7
2017-12-02,10000030,9457,249343.02,108029.07,320000,6,3
2017-12-02,10000030,9491,2708581.78,125724.93,4000010.21,3,2
2017-12-02,10000030,9493,402014.34,401000,403028.67,4,4
2017-12-02,10000030,9495,844569.68,839167.45,849971.9,16,7
2017-12-02,10000030,9497,1197040.4,426002,1389800,5,2
2017-12-02,10000030,9521,380,350,400,5,5
2017-12-02,10000030,9556,5621.82,777.77,24998,10,10
2017-12-02,10000030,9568,69513.89,6222.23,175000,8,6
2017-12-02,10000030,9580,211359.49,37000,398889.97,14,13
2017-12-02,10000030,9582,12900.35,4000,24999.5,9,8
2017-12-02,10000030,9608,4868.59,3000,10999,24,12
2017-12-02,10000030,9622,17887.1,17675.22,18000,44,27
2017-12-02,10000030,9632,217007.92,150000.08,239999.98,76,55
2017-12-02,10000030,9646,16680.19,16573.39,17000,34,15
2017-12-02,10000030,9660,20147.46,15067.32,58248.5,17,12
2017-12-02,10000030,9668,253519.46,184531.26,254519.29,70,13
2017-12-02,10000030,9670,7650,1200,49000,8,8
2017-12-02,10000030,9678,254450.12,254450.12,254450.12,21,4
2017-12-02,10000030,9680,1000.11,1000.11,1000.11,4,2
2017-12-02,10000030,9728,258089.04,210000,260092.75,50,18
2017-12-02,10000030,9734,216024.12,216024.12,216024.12,21,5
2017-12-02,10000030,9744,1200,1200,1200,2,2
2017-12-02,10000030,9762,254029.11,254029.11,254029.11,30,10
2017-12-02,10000030,9772,251181.91,251181.91,251181.91,15,9
2017-12-02,10000030,9784,17998.97,17998.97,17998.97,1,1
2017-12-02,10000030,9800,244421.86,244421.86,244421.86,45,10
2017-12-02,10000030,9808,228560.69,228560.69,228560.69,44,8
2017-12-02,10000030,9826,385.86,357.12,385.86,3560,49
2017-12-02,10000030,9830,11009.01,11009.01,11009.01,1429,2
2017-12-02,10000030,9832,10279.99,10279.99,10279.99,12712,4
2017-12-02,10000030,9834,110998,110998,110998,221,5
2017-12-02,10000030,9838,11799.99,11799.99,11799.99,15,1
2017-12-02,10000030,9844,257,257,257,110,6
2017-12-02,10000030,9848,80001.12,80001.12,80001.12,4347,7
2017-12-02,10000030,9850,462.52,462.52,462.52,15876,5
2017-12-02,10000030,9852,58.94,46.02,59.32,22987,6
2017-12-02,10000030,9899,9874902.45,8400004,10488985.99,11,11
2017-12-02,10000030,9941,11466660,10999989.99,11999999,15,12
2017-12-02,10000030,9942,11565281.89,11191699.6,11999997.41,6,6
2017-12-02,10000030,9943,10033845.62,9999999.5,10039999,13,11
2017-12-02,10000030,9944,35642.22,6100.07,49995.95,9,5
2017-12-02,10000030,9945,249940,249940,249940,1,1
2017-12-02,10000030,9947,3999508.24,3999501.45,3999510.5,4,3
2017-12-02,10000030,9950,3289230.37,3000000,4115600,27,11
2017-12-02,10000030,9956,8649468.53,8300025,8998919.99,10,7
2017-12-02,10000030,9957,18499995,18499989.99,18500000,2,2
2017-12-02,10000030,10039,4673.51,2000,9794.99,36,32
2017-12-02,10000030,10040,3360,3360,3360,9,9
2017-12-02,10000030,10155,7499999.91,7499999.91,7499999.91,1,1
2017-12-02,10000030,10156,31998859.99,31998859.99,31998859.99,1,1
2017-12-02,10000030,10190,1237755.21,1007000.12,1279995,74,30
2017-12-02,10000030,10208,20066324.33,19000016.21,22999900,30,16
2017-12-02,10000030,10212,19562104.02,18751010.01,21345929.44,29,16
2017-12-02,10000030,10216,19820469.14,18758077.21,23249996.99,27,14
2017-12-02,10000030,10221,20693644.75,19000022.05,22498866.66,18,13
2017-12-02,10000030,10225,19765133.98,18753091.19,23799598,31,15
2017-12-02,10000030,10228,24998489.99,24998489.99,24998489.99,1,1
2017-12-02,10000030,10246,6799.99,6799.99,6799.99,875,27
2017-12-02,10000030,10247,19986000,19986000,19986000,1,1
2017-12-02,10000030,10250,1070980.68,1054996.98,1206247.57,46,8
2017-12-02,10000030,10629,12409.43,9500,29999.91,33,16
2017-12-02,10000030,10631,448409.5,64229.09,450000,45,13
2017-12-02,10000030,10678,29999,29999,29999,5,1
2017-12-02,10000030,10680,741481.22,300000,800000,27,5
2017-12-02,10000030,10688,38900.99,38900.99,38900.99,20,5
2017-12-02,10000030,10690,291.31,135.76,1535.77,9,7
2017-12-02,10000030,10692,39.99,39.99,39.99,3,3
2017-12-02,10000030,10694,219119.99,149999,248979.17,31,7
2017-12-02,10000030,10836,37566.77,34646.96,38999.94,11,9
2017-12-02,10000030,10842,2620714.11,1200002.8,2847499.49,7,6
2017-12-02,10000030,10850,703911.37,333042.18,739998,11,8
2017-12-02,10000030,10858,1228814.99,1228799,1228846.98,6,6
2017-12-02,10000030,10866,3010,3010,3010,3,3
2017-12-02,10000030,10868,84089.15,1815.61,207499.46,5,5
2017-12-02,10000030,10870,251,251,251,3,2
2017-12-02,10000030,10872,35244.78,34998.64,90000,22,19
2017-12-02,10000030,10876,47998.99,47998.99,47998.99,1,1
2017-12-02,10000030,10878,15000,15000,15000,2,2
2017-12-02,10000030,10880,39999.5,15000,64999,4,4
2017-12-02,10000030,10882,60053.67,60052.25,60056.52,3,3
2017-12-02,10000030,10884,60080.06,60080.06,60080.06,3,2
2017-12-02,10000030,10886,60073.23,60073.23,60073.23,5,3
2017-12-02,10000030,10888,60072.92,60072.92,60072.92,5,2
2017-12-02,10000030,10998,23342.47,22999.99,29944.99,93,37
2017-12-02,10000030,11082,1200000,1200000,1200000,1,1
2017-12-02,10000030,11084,533076.54,500000,829994.99,65,7
2017-12-02,10000030,11105,269266.63,125004.22,299998.77,21,14
2017-12-02,10000030,11129,16820.93,5000,19999,21,16
2017-12-02,10000030,11130,50000,50000,50000,1,1
2017-12-02,10000030,11132,27308.21,14998.99,29000.44,67,44
2017-12-02,10000030,11133,50000,50000,50000,9,9
2017-12-02,10000030,11134,74142.86,29000,500000,21,12
2017-12-02,10000030,11172,46256835.49,46256835.49,46256835.49,1,1
2017-12-02,10000030,11174,36999999,36999999,36999999,1,1
2017-12-02,10000030,11176,47989967.41,47989959.9,47989969.91,4,4
2017-12-02,10000030,11178,41999999.99,41999999.99,41999999.99,3,3
2017-12-02,10000030,11182,36299935.79,35999999,36999889.98,5,5
2017-12-02,10000030,11186,40999999.98,40999999.98,40999999.98,1,1
2017-12-02,10000030,11192,59999924.87,59999919.86,59999929.87,2,2
2017-12-02,10000030,11194,26154755.04,20009773.07,32299737,2,2
2017-12-02,10000030,11196,42999943.57,42999929.82,42999959.83,8,8
2017-12-02,10000030,11198,34999949.44,34999899.99,34999998.89,2,2
2017-12-02,10000030,11202,39089999.98,39089999.97,39089999.98,2,2
2017-12-02,10000030,11207,519047.52,500000,549999,21,21
2017-12-02,10000030,11227,197499.5,169999.99,224999,2,2
2017-12-02,10000030,11239,564998,564998,564998,1,1
2017-12-02,10000030,11247,50000,50000,50000,2,1
2017-12-02,10000030,11257,109000,109000,109000,2,1
2017-12-02,10000030,11259,1029999,1029999,1029999,2,2
2017-12-02,10000030,11265,7000000,7000000,7000000,1,1
2017-12-02,10000030,11267,151692.5,5001.3,177999.99,13,10
2017-12-02,10000030,11269,868189.96,600090.51,899999.99,55,34
2017-12-02,10000030,11279,1599998.7,1599998.7,1599998.7,1,1
2017-12-02,10000030,11280,7000000,7000000,7000000,1,1
2017-12-02,10000030,11283,1914.06,1914.06,1914.06,160,2
2017-12-02,10000030,11285,3800,2450.02,4000,660,13
2017-12-02,10000030,11287,9999.99,9999.99,9999.99,6445,12
2017-12-02,10000030,11288,3750000,3750000,3750000,1,1
2017-12-02,10000030,11289,4195.77,4195.77,4195.77,1265,9
2017-12-02,10000030,11293,17802.1,6929.98,23238.17,3,3
2017-12-02,10000030,11295,139998.07,139998.06,139998.07,5,4
2017-12-02,10000030,11297,261248.52,10000,344998.03,4,3
2017-12-02,10000030,11298,1600000,1600000,1600000,1,1
2017-12-02,10000030,11299,1199999.99,1199999.99,1199999.99,1,1
2017-12-02,10000030,11300,4000000,4000000,4000000,2,2
2017-12-02,10000030,11303,101974.94,101974.94,101974.94,2,1
2017-12-02,10000030,11309,194874.02,131374.11,249999.95,38,25
2017-12-02,10000030,11311,117091.19,111069.98,159997.97,30,13
2017-12-02,10000030,11317,314325.42,310104.79,339999,30,14
2017-12-02,10000030,11319,267414.85,253721.68,397499.98,21,12
2017-12-02,10000030,11325,539144.78,475000,649869,18,14
2017-12-02,10000030,11327,497006.36,485690.1,508999,14,11
2017-12-02,10000030,11341,9588.56,6098.9,13990,13,9
2017-12-02,10000030,11343,6175.01,4939.3,10500,9,6
2017-12-02,10000030,11349,92892.45,44293.14,127489.99,44,24
2017-12-02,10000030,11351,47286.67,46143.41,68999.99,20,13
2017-12-02,10000030,11355,50000,50000,50000,1,1
2017-12-02,10000030,11357,90000,90000,90000,1,1
2017-12-02,10000030,11365,47989096.96,47989096.96,47989096.96,1,1
2017-12-02,10000030,11370,1943154.05,862629.27,2063980.35,19,18
2017-12-02,10000030,11377,48000000,48000000,48000000,1,1
2017-12-02,10000030,11379,22229366.28,22229366.28,22229366.28,1,1
2017-12-02,10000030,11381,39900000,39900000,39900000,1,1
2017-12-02,10000030,11395,500000,500000,500000,8,8
2017-12-02,10000030,11399,8001.03,8001.03,8001.03,2520,9
2017-12-02,10000030,11400,33833329.48,33499999,33999994.72,3,3
2017-12-02,10000030,11433,10000000,10000000,10000000,1,1
2017-12-02,10000030,11442,10000000,10000000,10000000,1,1
2017-12-02,10000030,11445,3000000,3000000,3000000,1,1
2017-12-02,10000030,11446,7750060.25,1000240.99,10000000,4,4
2017-12-02,10000030,11447,10000000,10000000,10000000,1,1
2017-12-02,10000030,11452,10000000,10000000,10000000,1,1
2017-12-02,10000030,11475,14.43,14.43,14.43,100,1
2017-12-02,10000030,11476,150,150,150,40,1
2017-12-02,10000030,11478,21.37,21.37,21.37,200,2
2017-12-02,10000030,11481,204.22,204.22,204.22,280,3
2017-12-02,10000030,11484,97.81,97.81,97.81,900,2
2017-12-02,10000030,11486,236.06,236.06,236.06,100,1
2017-12-02,10000030,11489,294545.43,290000,299999.96,11,9
2017-12-02,10000030,11496,15000,15000,15000,21,1
2017-12-02,10000030,11540,76001.84,76001.84,76001.84,1,1
2017-12-02,10000030,11541,67777.77,67777.77,67777.77,1514,3
2017-12-02,10000030,11543,31999.99,31999.99,31999.99,300,1
2017-12-02,10000030,11551,82998.99,82998.99,82998.99,1,1
2017-12-02,10000030,11561,149998.52,149998.52,149998.53,3,3
2017-12-02,10000030,11563,201156.58,177895.21,375000,26,18
2017-12-02,10000030,11564,1500000,1500000,1500000,1,1
2017-12-02,10000030,11566,121949.95,120000,158998.98,20,20
2017-12-02,10000030,11574,4000000,2000000,5999999.99,2,2
2017-12-02,10000030,11577,4252768.73,4099999.98,5787689.89,20,19
2017-12-02,10000030,11578,6980354.52,6304000.06,7049998.96,45,42
2017-12-02,10000030,11579,3799936.61,3500000,4999683.07,10,10
2017-12-02,10000030,11584,100567.95,75000,1199990,44,15
2017-12-02,10000030,11613,99940,99940,99940,2,2
2017-12-02,10000030,11620,98700,98700,98700,1,1
2017-12-02,10000030,11621,399000,399000,399000,2,2
2017-12-02,10000030,11640,745028.29,712002.58,749998.87,23,13
2017-12-02,10000030,11642,1551039.13,1134159.62,1689998.97,4,3
2017-12-02,10000030,11644,2205418.82,1027100.11,2499998.99,5,5
2017-12-02,10000030,11646,2190760.89,1402205.04,2387899.94,15,10
2017-12-02,10000030,11648,1647498.87,800000.48,1929998,4,4
2017-12-02,10000030,11688,52998.98,52998.98,52998.98,80,2
2017-12-02,10000030,11689,37900.07,37900.07,37900.07,1,1
2017-12-02,10000030,11693,41999.99,41999.99,41999.99,310,1
2017-12-02,10000030,11737,209.06,209.06,209.06,1,1
2017-12-02,10000030,11738,1,1,1,2,2
2017-12-02,10000030,11944,400,400,400,10,1
2017-12-02,10000030,11957,294700000,294700000,294700000,1,1
2017-12-02,10000030,11959,272980000,272980000,272980000,1,1
2017-12-02,10000030,11961,254050506.78,170101013.57,337999999.99,2,2
2017-12-02,10000030,11963,309999879.88,309999879.88,309999879.88,1,1
2017-12-02,10000030,11985,249999999.98,249999999.98,249999999.98,1,1
2017-12-02,10000030,11987,389900000,389900000,389900000,1,1
2017-12-02,10000030,11993,262889998,262889998,262889998,1,1
2017-12-02,10000030,12005,299220655.33,285000000,313441310.65,2,2
2017-12-02,10000030,12019,275000008.97,275000008.97,275000008.97,1,1
2017-12-02,10000030,12023,298300000,298300000,298300000,1,1
2017-12-02,10000030,12032,40000000,40000000,40000000,2,2
2017-12-02,10000030,12034,37490320.36,37490320.33,37490320.38,3,2
2017-12-02,10000030,12042,25868049,21266000,30470098,2,2
2017-12-02,10000030,12044,34749849.5,32499699,36999999.99,2,2
2017-12-02,10000030,12052,121428.56,30000.15,189999.88,7,7
2017-12-02,10000030,12054,200001.19,200001.19,200001.19,1,1
2017-12-02,10000030,12056,40050.98,40000,40994.76,19,15
2017-12-02,10000030,12058,3271343.92,2400059.05,3469998.97,30,26
2017-12-02,10000030,12066,79950.96,79950.96,79950.96,2,2
2017-12-02,10000030,12068,5250830.33,3378064.01,5999948.92,7,7
2017-12-02,10000030,12076,5937488.18,4124000.2,6199899.99,13,12
2017-12-02,10000030,12084,11399998.95,11399998.95,11399998.95,1,1
2017-12-02,10000030,12092,2199999,2000000,3999995,5,5
2017-12-02,10000030,12093,4124987.5,4000000,4999899.99,8,8
2017-12-02,10000030,12095,6000000,4000000,8000000,2,2
2017-12-02,10000030,12109,3500000,3500000,3500000,1,1
2017-12-02,10000030,12110,9001,9001,9001,10,1
2017-12-02,10000030,12179,40000000,40000000,40000000,1,1
2017-12-02,10000030,12180,750000,750000,750000,1,1
2017-12-02,10000030,12182,650000,650000,650000,1,1
2017-12-02,10000030,12183,275000,275000,275000,10,1
2017-12-02,10000030,12184,250000,250000,250000,10,1
2017-12-02,10000030,12187,175000,175000,175000,10,1
2017-12-02,10000030,12188,300000,300000,300000,1,1
2017-12-02,10000030,12190,125000,125000,125000,1,1
2017-12-02,10000030,12191,75000,75000,75000,4,4
2017-12-02,10000030,12192,133333.33,100000,200000,3,3
2017-12-02,10000030,12193,50000,50000,50000,2,2
2017-12-02,10000030,12194,300000,300000,300000,10,1
2017-12-02,10000030,12195,25000,25000,25000,2,2
2017-12-02,10000030,12196,300000,300000,300000,2,2
2017-12-02,10000030,12201,750000,750000,750000,2,2
2017-12-02,10000030,12202,2700000.5,2500001,2900000,2,2
2017-12-02,10000030,12203,9000000,9000000,9000000,2,2
2017-12-02,10000030,12205,21999009,21999009,21999009,2,2
2017-12-02,10000030,12207,8909699.82,8909699.82,8909699.82,1,1
2017-12-02,10000030,12208,2500113,2500113,2500113,2,2
2017-12-02,10000030,12209,6850027.25,4000112,7200000,4,4
2017-12-02,10000030,12210,1250000,1250000,1250000,1,1
2017-12-02,10000030,12211,8000000,8000000,8000000,1,1
2017-12-02,10000030,12213,1250000,1250000,1250000,2,2
2017-12-02,10000030,12250,2158.79,2158.79,2158.79,12,1
2017-12-02,10000030,12259,4209108.1,4208880.8,4209790,4,3
2017-12-02,10000030,12267,3845426.29,3572499.66,3868989.79,15,7
2017-12-02,10000030,12274,132463.6,85000,169998.74,28,18
2017-12-02,10000030,12304,75563.79,75563.79,75563.79,3,3
2017-12-02,10000030,12305,109375,100000,150000,16,16
2017-12-02,10000030,12344,150000,150000,150000,4,1
2017-12-02,10000030,12346,1499000,1499000,1499000,5,1
2017-12-02,10000030,12356,5999999.99,5999999.99,5999999.99,6,1
2017-12-02,10000030,12365,123391.22,120000,158998.98,23,23
2017-12-02,10000030,12366,120000,120000,120000,21,21
2017-12-02,10000030,12367,120000,120000,120000,21,21
2017-12-02,10000030,12441,86925.93,80000,117000,27,27
2017-12-02,10000030,12442,100000,100000,100000,16,16
2017-12-02,10000030,12484,3779000,3779000,3779000,7,7
2017-12-02,10000030,12485,5975868.57,4207767.49,9000000,7,7
2017-12-02,10000030,12486,3762989.98,3762989.97,3762989.98,4,4
2017-12-02,10000030,12487,4316191.5,4200000,4354922,4,4
2017-12-02,10000030,12528,11008.96,11008.79,11009.46,4,4
2017-12-02,10000030,12530,72579.87,2001.1,99995.97,29,4
2017-12-02,10000030,12531,3502.14,3502.14,3502.14,3,1
2017-12-02,10000030,12533,20000.79,20000.79,20000.79,1,1
2017-12-02,10000030,12536,20000.79,20000.79,20000.79,1,1
2017-12-02,10000030,12538,14.8,14.8,14.8,2,2
2017-12-02,10000030,12540,12124.8,12124.8,12124.8,2,2
2017-12-02,10000030,12541,1.45,1.45,1.45,2,2
2017-12-02,10000030,12549,10000.79,10000.79,10000.79,1,1
2017-12-02,10000030,12557,749999.65,749999.6,749999.66,38,4
2017-12-02,10000030,12559,584999.84,584999.84,584999.84,34,3
2017-12-02,10000030,12563,140468.76,125000,143415.19,50,10
2017-12-02,10000030,12565,198990.54,198990.54,198990.54,11,4
2017-12-02,10000030,12608,51.99,51.99,51.99,38413,12
2017-12-02,10000030,12612,59.4,59.4,59.4,42218,13
2017-12-02,10000030,12614,38.98,38.98,38.98,55362,15
2017-12-02,10000030,12618,35,35,35,5100,3
2017-12-02,10000030,12620,239.58,239.58,239.59,5176,4
2017-12-02,10000030,12625,41.99,41.99,41.99,117542,14
2017-12-02,10000030,12631,47.02,47.02,47.02,13670,9
2017-12-02,10000030,12633,53.92,53.92,53.92,16550,11
2017-12-02,10000030,12709,99882.8,99882.8,99882.8,3,1
2017-12-02,10000030,12731,219131000,219131000,219131000,1,1
2017-12-02,10000030,12733,120000000,120000000,120000000,1,1
2017-12-02,10000030,12743,195262358.27,170049603.2,203999959.94,4,4
2017-12-02,10000030,12747,203379232,203379232,203379232,1,1
2017-12-02,10000030,12767,279,279,279,13000,2
2017-12-02,10000030,12771,317.93,317.93,317.93,9000,2
2017-12-02,10000030,12773,227.97,227.97,227.97,25448,6
2017-12-02,10000030,12775,594,594,594,73296,5
2017-12-02,10000030,12777,271.99,271.99,271.99,30300,8
2017-12-02,10000030,12779,746.36,746.36,746.36,36924,7
2017-12-02,10000030,12785,331.39,331.39,331.39,20501,5
2017-12-02,10000030,12787,397.73,397.72,397.73,15000,7
2017-12-02,10000030,12789,348.85,348.85,348.85,10920,4
2017-12-02,10000030,12791,265,265,265,22662,4
2017-12-02,10000030,12801,224.97,224.97,224.97,63000,4
2017-12-02,10000030,12803,397.65,397.65,397.65,25000,4
2017-12-02,10000030,12805,179.91,179.91,179.91,55000,4
2017-12-02,10000030,12807,388.89,388.89,388.89,5000,1
2017-12-02,10000030,12814,500864.88,402489.9,795989.82,12,3
2017-12-02,10000030,12816,1699978.99,1699978.99,1699978.99,8,1
2017-12-02,10000030,12818,342769.22,339999.99,348999.99,13,3
2017-12-02,10000030,12820,879998,879998,879998,8,1
2017-12-02,10000030,12822,237985.87,237985.87,237985.87,16,3
2017-12-02,10000030,12824,966665.99,899998.99,1100000,12,2
2017-12-02,10000030,12828,518679.36,498349.2,600000,20,4
2017-12-02,10000030,13001,2077668.01,43681.08,2399999,7,7
2017-12-02,10000030,13003,2600293.31,2425500,2998997,29,11
2017-12-02,10000030,13216,34199831.32,30999999.98,34999791.66,5,5
2017-12-02,10000030,13222,25000000,25000000,25000000,1,1
2017-12-02,10000030,13224,2998000,2998000,2998000,1,1
2017-12-02,10000030,13230,25944000,25944000,25944000,1,1
2017-12-02,10000030,13231,25908898.66,25908898.66,25908898.66,1,1
2017-12-02,10000030,13243,2199999.43,2199999.43,2199999.43,1,1
2017-12-02,10000030,13244,24999269.99,24999269.99,24999269.99,1,1
2017-12-02,10000030,13247,39999899.4,39999899.4,39999899.4,1,1
2017-12-02,10000030,13249,39999835.19,39999830.18,39999840.19,2,2
2017-12-02,10000030,13257,2949999.99,2949999.99,2949999.99,6,1
2017-12-02,10000030,13259,39999988.48,39999986.96,39999989.99,2,2
2017-12-02,10000030,13260,21999800,21999800,21999800,1,1
2017-12-02,10000030,13261,43999925.78,43999925.78,43999925.78,1,1
2017-12-02,10000030,13263,24999999.99,24999999.99,24999999.99,1,1
2017-12-02,10000030,13267,2101.01,2101.01,2101.01,50,5
2017-12-02,10000030,13278,99999.77,99998.65,100000,6,6
2017-12-02,10000030,13279,250000,250000,250000,4,4
2017-12-02,10000030,13283,4208.75,4200.05,4226.14,3,3
2017-12-02,10000030,13284,140004.75,140004,140005.5,2,2
2017-12-02,10000030,13286,6874.03,6874.03,6874.03,2,2
2017-12-02,10000030,13287,300000,300000,300000,8,1
2017-12-02,10000030,13780,20000000,20000000,20000000,1,1
2017-12-02,10000030,13856,138,138,138,43803,4
2017-12-02,10000030,13929,33200113.65,33200113.65,33200113.65,1,1
2017-12-02,10000030,13937,129999981,129999981,129999981,3,3
2017-12-02,10000030,13955,5979998.5,5879999,6079998,2,2
2017-12-02,10000030,13966,3242856.67,100000,4814285,3,2
2017-12-02,10000030,13968,8333330,5000000,14999990,3,2
2017-12-02,10000030,14031,1000000,1000000,1000000,1,1
2017-12-02,10000030,14037,17500000,17500000,17500000,2,2
2017-12-02,10000030,14069,29999990,29999990,29999990,1,1
2017-12-02,10000030,14070,26000000,26000000,26000000,1,1
2017-12-02,10000030,14072,37000000.01,31000000.02,42999999.99,2,2
2017-12-02,10000030,14074,19599777.97,19599777.97,19599777.97,1,1
2017-12-02,10000030,14116,31123000,31123000,31123000,1,1
2017-12-02,10000030,14134,45000000,45000000,45000000,1,1
2017-12-02,10000030,14136,54998889.99,54998889.99,54998889.99,1,1
2017-12-02,10000030,14238,239999999.87,239999999.87,239999999.87,1,1
2017-12-02,10000030,14248,118999999.98,118999999.98,118999999.98,1,1
2017-12-02,10000030,14260,124999999.22,124999999.22,124999999.22,1,1
2017-12-02,10000030,14262,66669999.9,66669999.9,66669999.9,1,1
2017-12-02,10000030,14268,139999923.99,139999918.98,139999928.99,2,2
2017-12-02,10000030,14272,53672.29,22570.01,76999,7,7
2017-12-02,10000030,14274,10025.52,10025.52,10025.52,4,2
2017-12-02,10000030,14276,3002.67,3002.66,3002.69,3,3
2017-12-02,10000030,14278,377671.7,96125.22,799999,5,4
2017-12-02,10000030,14280,250000.01,250000.01,250000.01,1,1
2017-12-02,10000030,14286,699998.33,699998,699999,3,2
2017-12-02,10000030,14292,1687.87,1687.87,1687.87,5,5
2017-12-02,10000030,14295,4888500,4888500,4888500,1,1
2017-12-02,10000030,14296,5789539.21,1751200.33,6798998.75,10,6
2017-12-02,10000030,14298,3153000.04,3153000.04,3153000.04,1,1
2017-12-02,10000030,14299,4658250.73,4609900.87,4900000,6,3
2017-12-02,10000030,15331,1200.02,1200.02,1200.02,6471,419
2017-12-02,10000030,15460,3519734.99,3519734.99,3519734.99,5,1
2017-12-02,10000030,15466,5991475.59,5991470.58,5991480.59,2,2
2017-12-02,10000030,15479,5989926.44,5989926,5989926.88,2,2
2017-12-02,10000030,15480,14000000,14000000,14000000,1,1
2017-12-02,10000030,15508,33255.64,20000,34000,30,6
2017-12-02,10000030,15509,1600000,1600000,1600000,1,1
2017-12-02,10000030,15510,33749.48,24003.15,37000,64,15
2017-12-02,10000030,15511,1500000,1500000,1500000,1,1
2017-12-02,10000030,15587,1615.01,1615.01,1615.01,9,8
2017-12-02,10000030,15588,2815.01,2815.01,2815.01,7,6
2017-12-02,10000030,15590,7520.01,7520.01,7520.01,15,5
2017-12-02,10000030,15592,732524.65,12500.01,950000,20,5
2017-12-02,10000030,15593,68749.63,50000,99999,8,4
2017-12-02,10000030,15596,2900.06,2900.06,2900.06,4,2
2017-12-02,10000030,15597,6100.59,4601.06,8000,34,10
2017-12-02,10000030,15598,9322.12,7666.07,15000,31,10
2017-12-02,10000030,15599,20000,10051,22000,132,16
2017-12-02,10000030,15600,444633.87,350000,550000,62,14
2017-12-02,10000030,15601,650000,650000,650000,1,1
2017-12-02,10000030,15602,91340.83,80000,100000,60,8
2017-12-02,10000030,15604,1672386.55,1671002.42,1680000,39,3
2017-12-02,10000030,15605,833859.74,500344.62,1500889.99,9,2
2017-12-02,10000030,15607,2050.02,2050.02,2050.02,165,24
2017-12-02,10000030,15608,5224.75,4200.05,8000,89,15
2017-12-02,10000030,15609,8921.83,8025.03,15000,70,22
2017-12-02,10000030,15610,147841.72,135008,190009.68,60,8
2017-12-02,10000030,15611,12810.11,12810.11,12810.11,108,17
2017-12-02,10000030,15612,28605.12,27610.01,50000,45,13
2017-12-02,10000030,15613,357000,357000,357000,122,23
2017-12-02,10000030,15614,110070,110070,110070,399,25
2017-12-02,10000030,15615,2399990,2060100,2400000,433,18
2017-12-02,10000030,15625,1525.01,1525.01,1525.01,31,8
2017-12-02,10000030,15626,2525.01,2525.01,2525.01,28,13
2017-12-02,10000030,15627,3250,3250,3250,2,1
2017-12-02,10000030,15628,12511,12511,12511,5,1
2017-12-02,10000030,15629,10005.13,10005.13,10005.13,2,2
2017-12-02,10000030,15646,16015.01,16015.01,16015.01,3,2
2017-12-02,10000030,15656,55114,55114,55114,51,10
2017-12-02,10000030,15669,1864093.33,751034.31,2367017.01,69,13
2017-12-02,10000030,15681,110999037.27,110999037.27,110999037.27,1,1
2017-12-02,10000030,15705,20000000.01,20000000.01,20000000.01,1,1
2017-12-02,10000030,15729,35011377.92,34511795.89,35510959.94,4,3
2017-12-02,10000030,15757,48251430.09,48251430.09,48251430.09,1,1
2017-12-02,10000030,15766,35999715.56,35999715.55,35999715.56,2,2
2017-12-02,10000030,15770,59999998.64,59999998.64,59999998.64,1,1
2017-12-02,10000030,15887,64999983.32,64999974.98,65000000,3,3
2017-12-02,10000030,15889,54988119.98,54988119.98,54988119.98,1,1
2017-12-02,10000030,15900,114999999.97,114999999.97,114999999.97,1,1
2017-12-02,10000030,15992,18000.04,18000.04,18000.04,131,14
2017-12-02,10000030,15996,16500.01,16500.01,16500.01,5,2
2017-12-02,10000030,15997,6515.01,6515.01,6515.01,1,1
2017-12-02,10000030,15998,15005.01,15005.01,15005.01,2,2
2017-12-02,10000030,15999,28051.68,27700.23,50000,47,11
2017-12-02,10000030,16000,38751.07,30000.01,48229.05,94,17
2017-12-02,10000030,16002,30010.01,30010.01,30010.01,8,2
2017-12-02,10000030,16062,31000000,31000000,31000000,6,2
2017-12-02,10000030,16069,110550,85000,199975,9,9
2017-12-02,10000030,16118,13015,13015,13015,24,6
2017-12-02,10000030,16119,180,180,180,34,8
2017-12-02,10000030,16229,41749332.67,41748999,41750000,6,6
2017-12-02,10000030,16231,44811050.02,42999999.99,46622100.04,2,2
2017-12-02,10000030,16233,49999889.97,49999889.97,49999889.97,1,1
2017-12-02,10000030,16236,1038125.94,550004.01,1197499.88,4,3
2017-12-02,10000030,16238,922714.43,459007.03,999999,7,7
2017-12-02,10000030,16240,856964.57,786501,900000,14,7
2017-12-02,10000030,16242,911223.46,752005.01,942004.99,71,61
2017-12-02,10000030,16243,7500000,7500000,7500000,2,2
2017-12-02,10000030,16246,149919999.97,149919999.97,149919999.97,1,1
2017-12-02,10000030,16263,200000,182000,239000,7139,24
2017-12-02,10000030,16272,519.69,519.69,519.69,98516,6
2017-12-02,10000030,16273,149,117.51,171.87,230647,44
2017-12-02,10000030,16274,759.99,759.99,759.99,72926,4
2017-12-02,10000030,16275,4106.09,4106.09,4106.09,61416,11
2017-12-02,10000030,16278,2342851.44,1500001.13,2499991.48,14,7
2017-12-02,10000030,16281,375000,375000,375000,5,5
2017-12-02,10000030,16297,5000.02,5000.02,5000.02,7,4
2017-12-02,10000030,16299,22478.01,2750.01,199999.99,10,10
2017-12-02,10000030,16301,13643.02,1002.5,74499.99,29,7
2017-12-02,10000030,16303,213322.5,150000.07,279999.78,31,15
2017-12-02,10000030,16305,1777.77,1777.77,1777.77,1,1
2017-12-02,10000030,16307,94153.84,70000,117777.77,13,4
2017-12-02,10000030,16309,40000,40000,40000,1,1
2017-12-02,10000030,16311,299449.15,159900,438998.3,2,2
2017-12-02,10000030,16315,102.36,102.36,102.36,1,1
2017-12-02,10000030,16321,101.79,101.79,101.79,1,1
2017-12-02,10000030,16323,110,110,110,1,1
2017-12-02,10000030,16325,50000,50000,50000,1,1
2017-12-02,10000030,16327,101.26,101.26,101.26,1,1
2017-12-02,10000030,16333,102.99,102.99,102.99,1,1
2017-12-02,10000030,16335,85728.86,102.18,99999.97,7,5
2017-12-02,10000030,16337,126.21,105.5,140.01,5,4
2017-12-02,10000030,16339,6233.67,350.5,18000,3,3
2017-12-02,10000030,16343,10.01,10.01,10.01,2,2
2017-12-02,10000030,16345,1777.77,1777.77,1777.77,1,1
2017-12-02,10000030,16349,101.1,101.1,101.1,1,1
2017-12-02,10000030,16351,0.02,0.02,0.02,1,1
2017-12-02,10000030,16353,70002.24,70002.24,70002.24,8,6
2017-12-02,10000030,16355,76164.81,76164.81,76164.81,15,8
2017-12-02,10000030,16357,84047.5,84047.25,84047.54,8,7
2017-12-02,10000030,16359,89357.08,89356.79,89357.23,3,3
2017-12-02,10000030,16361,152827.86,145682.53,209990.48,18,10
2017-12-02,10000030,16363,170529.07,167314.78,172314.79,14,10
2017-12-02,10000030,16365,122390.39,122390.39,122390.39,15,6
2017-12-02,10000030,16367,181613.25,170648.57,219990,9,8
2017-12-02,10000030,16369,138719.43,138719.43,138719.43,11,7
2017-12-02,10000030,16371,136762.74,136762.74,136762.74,6,4
2017-12-02,10000030,16373,113127.35,113127.35,113127.35,7,6
2017-12-02,10000030,16375,164877.44,155979.79,179999,9,7
2017-12-02,10000030,16377,128563.44,128563.44,128563.44,7,5
2017-12-02,10000030,16379,127713.95,127713.95,127713.95,8,7
2017-12-02,10000030,16381,114855.4,114855.38,114855.4,9,6
2017-12-02,10000030,16383,140329.19,1,145128.79,23,11
2017-12-02,10000030,16385,60602.36,33302.7,169801,5,4
2017-12-02,10000030,16387,17000.2,17000.2,17000.2,2,2
2017-12-02,10000030,16389,58850.92,5109.71,174500,9,3
2017-12-02,10000030,16391,623445.02,25508.8,859998.77,9,7
2017-12-02,10000030,16393,1390.56,1201.06,1580.05,2,2
2017-12-02,10000030,16397,3000,3000,3000,2,2
2017-12-02,10000030,16399,123000,123000,123000,1,1
2017-12-02,10000030,16401,1002.26,1002.26,1002.26,1,1
2017-12-02,10000030,16403,22501.13,3002.26,42000,2,2
2017-12-02,10000030,16405,52166.67,4500,147500,3,3
2017-12-02,10000030,16407,137033,5550,399999,3,3
2017-12-02,10000030,16411,597.14,597.14,597.14,1,1
2017-12-02,10000030,16417,2000,2000,2000,1,1
2017-12-02,10000030,16419,500,500,500,2,2
2017-12-02,10000030,16423,0.01,0.01,0.01,1,1
2017-12-02,10000030,16425,10014.61,10014.61,10014.61,1,1
2017-12-02,10000030,16427,3014.88,3014.6,3015.16,2,2
2017-12-02,10000030,16431,49666.67,0.01,149000,3,3
2017-12-02,10000030,16435,14099.36,14099.36,14099.36,1,1
2017-12-02,10000030,16439,583056,614,874277,9,6
2017-12-02,10000030,16441,2750.01,2750.01,2750.01,2,2
2017-12-02,10000030,16443,2750.01,2750.01,2750.01,1,1
2017-12-02,10000030,16447,508990.88,508990.88,508990.88,6,4
2017-12-02,10000030,16455,2500.79,2500.79,2500.79,2,2
2017-12-02,10000030,16457,3639540.2,2210140.11,3996890.27,15,12
2017-12-02,10000030,16467,166992.6,45001.23,199987.1,5,4
2017-12-02,10000030,16469,139779.18,21500,149996.99,16,6
2017-12-02,10000030,16475,212382.15,131000.02,244935,7,3
2017-12-02,10000030,16477,289999.99,289999.99,289999.99,1,1
2017-12-02,10000030,16481,29700,29700,29700,4,3
2017-12-02,10000030,16483,2500,2500,2500,3,3
2017-12-02,10000030,16485,2500,2500,2500,1,1
2017-12-02,10000030,16487,170000,170000,170000,1,1
2017-12-02,10000030,16489,9050,9050,9050,2,1
2017-12-02,10000030,16491,7890,7890,7890,1,1
2017-12-02,10000030,16493,2750,2750,2750,1,1
2017-12-02,10000030,16495,329850.99,329801,329900.98,2,2
2017-12-02,10000030,16497,180799,169990,182000,10,9
2017-12-02,10000030,16499,182091.62,182091.62,182091.62,3,2
2017-12-02,10000030,16505,210948.86,10100.06,244636,7,6
2017-12-02,10000030,16507,91999.93,89999.88,99999.97,10,4
2017-12-02,10000030,16513,1000,1000,1000,1,1
2017-12-02,10000030,16517,36124.7,5999,57000,10,3
2017-12-02,10000030,16519,52899.38,49999,61999.69,10,3
2017-12-02,10000030,16521,1899.9,250,8499.49,10,10
2017-12-02,10000030,16523,20805.69,102.01,27500,19,13
2017-12-02,10000030,16525,127858.64,2027.09,294999.97,13,10
2017-12-02,10000030,16527,507954.83,325006.97,544767.9,30,21
2017-12-02,10000030,16529,318640.65,108160,388800.87,4,4
2017-12-02,10000030,16531,3129998.86,3129998.86,3129998.86,1,1
2017-12-02,10000030,16533,6318400.03,3750000,8886800.06,2,2
2017-12-02,10000030,16537,21499988.2,21499988.2,21499988.2,1,1
2017-12-02,10000030,16591,32000000,32000000,32000000,2,2
2017-12-02,10000030,16594,1500000,1500000,1500000,4,3
2017-12-02,10000030,16597,20000000,20000000,20000000,1,1
2017-12-02,10000030,16598,3529354.45,3500000,3999025.69,17,13
2017-12-02,10000030,16622,5000000,5000000,5000000,3,3
2017-12-02,10000030,16635,6750.01,6750.01,6750.01,29011,1
2017-12-02,10000030,16636,6802.17,6802.17,6802.17,10956,1
2017-12-02,10000030,16638,4202.17,4202.17,4202.17,10956,1
2017-12-02,10000030,16641,7550.05,7550.05,7550.05,24065,2
2017-12-02,10000030,16642,6750,6750,6750,3390,1
2017-12-02,10000030,16643,9600.01,9600.01,9600.01,5714,1
2017-12-02,10000030,16644,5800.01,5800.01,5800.01,32084,2
2017-12-02,10000030,16648,10000,10000,10000,9081,1
2017-12-02,10000030,16651,41000.02,41000.02,41000.02,31833,1
2017-12-02,10000030,16670,275,275,275,5019584,6
2017-12-02,10000030,16671,298.64,298.64,300,5317957,11
2017-12-02,10000030,16672,287.31,287.31,287.31,159,1
2017-12-02,10000030,16673,239.99,239.99,239.99,58241,7
2017-12-02,10000030,16678,450.47,450.47,450.47,1763453,12
2017-12-02,10000030,16679,1587.59,1587.59,1587.59,1098030,13
2017-12-02,10000030,16680,2050.12,2050.12,2050.12,25029,2
2017-12-02,10000030,16681,10995.36,10995.36,10995.36,175,1
2017-12-02,10000030,16682,21943.06,21943.06,21943.06,1979,7
2017-12-02,10000030,16683,69441.17,69441.17,69441.17,268,6
2017-12-02,10000030,17136,76799,76799,76799,20,1
2017-12-02,10000030,17192,5005.79,5005.79,5005.79,3,1
2017-12-02,10000030,17194,273181.61,5007.79,299998.99,22,2
2017-12-02,10000030,17199,2900.52,1001.02,84579.07,44,4
2017-12-02,10000030,17202,10,10,10,2,2
2017-12-02,10000030,17212,500006.79,500006.79,500006.79,1,1
2017-12-02,10000030,17214,0.01,0.01,0.01,16,3
2017-12-02,10000030,17217,3071197.4,1009061.8,4900000,6,6
2017-12-02,10000030,17219,2000,2000,2000,6,2
2017-12-02,10000030,17220,20000,20000,20000,1,1
2017-12-02,10000030,17222,300,300,300,3,1
2017-12-02,10000030,17230,2000.01,0.01,4000,2,2
2017-12-02,10000030,17317,105975.08,105975.08,105975.08,775,2
2017-12-02,10000030,17337,5000000,5000000,5000000,1,1
2017-12-02,10000030,17339,5000000,5000000,5000000,1,1
2017-12-02,10000030,17351,5000000,5000000,5000000,1,1
2017-12-02,10000030,17355,5000000,5000000,5000000,1,1
2017-12-02,10000030,17366,55588.49,27500,76000,14,9
2017-12-02,10000030,17368,3000000,3000000,3000000,5,3
2017-12-02,10000030,17392,102700,100000,109000,30,3
2017-12-02,10000030,17425,2554,2554,2554,17,1
2017-12-02,10000030,17426,2679,2679,2679,61,1
2017-12-02,10000030,17428,2555,2555,2555,164,2
2017-12-02,10000030,17429,2655,2655,2655,50,1
2017-12-02,10000030,17432,2580,2580,2580,724,3
2017-12-02,10000030,17433,2085,2085,2085,50,1
2017-12-02,10000030,17436,652,652,652,52,1
2017-12-02,10000030,17440,271,271,271,37,2
2017-12-02,10000030,17441,291,291,291,31,1
2017-12-02,10000030,17444,400.01,400.01,400.01,54,1
2017-12-02,10000030,17445,400.01,400.01,400.01,54,1
2017-12-02,10000030,17448,222,222,222,135,2
2017-12-02,10000030,17449,229,229,229,49,2
2017-12-02,10000030,17452,120,120,120,1923,4
2017-12-02,10000030,17453,120,120,120,14363,5
2017-12-02,10000030,17455,48.01,48.01,48.01,3206453,84
2017-12-02,10000030,17456,55,53.01,63.33,835726,49
2017-12-02,10000030,17459,26,26,26,216,4
2017-12-02,10000030,17460,48.01,48.01,48.01,14424,3
2017-12-02,10000030,17463,14.01,14,16.39,1999410,69
2017-12-02,10000030,17464,19.75,19.75,19.75,1392201,66
2017-12-02,10000030,17466,1736.98,1736.98,1736.98,87,1
2017-12-02,10000030,17470,13.7,10.01,13.8,6475120,138
2017-12-02,10000030,17471,10.01,10.01,10.01,3312937,100
2017-12-02,10000030,17476,21437023.3,7898193.19,25950000,4,4
2017-12-02,10000030,17478,22171804.94,19411010.15,23999999.98,15,13
2017-12-02,10000030,17480,18509996.95,17999995.27,22575000,15,12
2017-12-02,10000030,17482,2551197.39,2395000,2899999,45,23
2017-12-02,10000030,17497,37999999.97,37999999.97,37999999.97,1,1
2017-12-02,10000030,17499,36000000,36000000,36000000,1,1
2017-12-02,10000030,17500,33700903.24,33700903.24,33700903.24,2,1
2017-12-02,10000030,17526,29178995,29178889.99,29179100,4,4
2017-12-02,10000030,17619,20339498.81,12032001.46,24493000,6,6
2017-12-02,10000030,17624,968.8,968.8,968.8,2,2
2017-12-02,10000030,17636,605000000.01,510000000.02,699999999.99,2,2
2017-12-02,10000030,17671,7000000,7000000,7000000,10,1
2017-12-02,10000030,17677,4000000,4000000,4000000,9,1
2017-12-02,10000030,17709,179979717.43,179979717.43,179979717.43,1,1
2017-12-02,10000030,17713,59665982.32,55000000,61998973.48,3,3
2017-12-02,10000030,17715,223397037.42,219890000,224799848,7,7
2017-12-02,10000030,17718,179991000,179991000,179991000,1,1
2017-12-02,10000030,17720,146094330,142188659.99,150000000,2,2
2017-12-02,10000030,17726,470000000,470000000,470000000,1,1
2017-12-02,10000030,17728,469999999.99,469999999.99,469999999.99,1,1
2017-12-02,10000030,17736,326839003.85,326839003.85,326839003.85,1,1
2017-12-02,10000030,17738,583833244.95,579890000,587776489.9,2,2
2017-12-02,10000030,17765,87307.69,65000,94000,26,3
2017-12-02,10000030,17812,11081091.09,11000000,11099999.99,10,10
2017-12-02,10000030,17841,15399869.89,15399869,15399869.96,15,8
2017-12-02,10000030,17843,63584081.67,62515000.81,72288273.96,19,10
2017-12-02,10000030,17866,14.98,14.98,14.98,162,1
2017-12-02,10000030,17867,35,35,35,105304,17
2017-12-02,10000030,17868,35,35,35,30993,15
2017-12-02,10000030,17869,1.82,1.82,1.82,35,1
2017-12-02,10000030,17887,1100,1100,1100,125000,3
2017-12-02,10000030,17888,1098.91,1098.91,1098.91,350000,3
2017-12-02,10000030,17889,744.65,744.65,744.65,4818142,15
2017-12-02,10000030,17893,135001.77,135001.77,135001.77,8,4
2017-12-02,10000030,17894,190000.84,190000.84,190000.87,12,6
2017-12-02,10000030,17895,410001.21,410001.15,410001.23,17,8
2017-12-02,10000030,17897,201,201,201,1,1
2017-12-02,10000030,17912,4204600.09,4141999.53,6113000.65,20,12
2017-12-02,10000030,17918,481742556.56,477614000,489999669.69,3,3
2017-12-02,10000030,17920,266999999.98,266999999.98,266999999.98,1,1
2017-12-02,10000030,17922,98999907.96,98999907.96,98999907.96,1,1
2017-12-02,10000030,17924,62041687.21,62041674.94,62041699.48,4,4
2017-12-02,10000030,17928,79579979.98,79579979.98,79579979.98,1,1
2017-12-02,10000030,17930,66020796.48,52500002.03,72781193.71,3,3
2017-12-02,10000030,17932,53999169.49,53899499.99,54098838.99,2,2
2017-12-02,10000030,17938,23211.97,17993.95,44400,74,67
2017-12-02,10000030,17940,548071.72,500000,812466.2,13,13
2017-12-02,10000030,18025,400000,400000,400000,1,1
2017-12-02,10000030,18047,500000,500000,500000,1,1
2017-12-02,10000030,18049,450000,450000,450000,1,1
2017-12-02,10000030,18051,400000,400000,400000,2,2
2017-12-02,10000030,18052,149999.97,149999.97,149999.97,2,1
2017-12-02,10000030,18053,350000,350000,350000,2,2
2017-12-02,10000030,18056,191600,74800,250000,6,2
2017-12-02,10000030,18057,300000,300000,300000,1,1
2017-12-02,10000030,18058,10000,10000,10000,144,3
2017-12-02,10000030,18059,250000,250000,250000,1,1
2017-12-02,10000030,18060,185937.03,185937.03,185937.03,2,1
2017-12-02,10000030,18061,200000,200000,200000,2,2
2017-12-02,10000030,18062,13669.36,13669.36,13669.36,1,1
2017-12-02,10000030,18063,150000,150000,150000,1,1
2017-12-02,10000030,18066,13099.99,12500,13249.99,5,2
2017-12-02,10000030,18067,100000,100000,100000,1,1
2017-12-02,10000030,18068,1799999,1799999,1799999,1,1
2017-12-02,10000030,18600,246598,246598,246598,10,1
2017-12-02,10000030,18602,514471,514471,514471,10,1
2017-12-02,10000030,18604,249969,249969,249969,10,1
2017-12-02,10000030,18606,749949.98,749949.98,749949.98,10,1
2017-12-02,10000030,18610,51000,51000,51000,16,1
2017-12-02,10000030,18612,349996.87,349996.87,349996.87,233,8
2017-12-02,10000030,18614,188249.14,188249.14,188249.14,10,2
2017-12-02,10000030,18618,365000.65,365000.65,365000.65,1,1
2017-12-02,10000030,18635,199999.88,199999.88,199999.88,10,1
2017-12-02,10000030,18639,54351,50000,57999.96,14,12
2017-12-02,10000030,18640,600000,600000,600000,1,1
2017-12-02,10000030,18660,60911136.83,60911136.83,60911136.83,1,1
2017-12-02,10000030,18676,58999945.18,58999945.18,58999945.18,1,1
2017-12-02,10000030,18688,175000000,175000000,175000000,1,1
2017-12-02,10000030,18692,31169690.12,30499904.14,32509262.09,3,3
2017-12-02,10000030,18758,3000000,3000000,3000000,1,1
2017-12-02,10000030,18833,13000000,13000000,13000000,1,1
2017-12-02,10000030,19017,139122021.01,139122021,139122021.04,3,3
2017-12-02,10000030,19023,125599993,125000000,125899989.5,3,3
2017-12-02,10000030,19029,100428826.98,100428821.97,100428831.98,2,2
2017-12-02,10000030,19044,200000000,200000000,200000000,1,1
2017-12-02,10000030,19046,199999879.55,199999879.55,199999879.55,1,1
2017-12-02,10000030,19075,30000,30000,30000,1,1
2017-12-02,10000030,19133,250000,250000,250000,1,1
2017-12-02,10000030,19141,15000000,15000000,15000000,1,1
2017-12-02,10000030,19151,74999966,74999966,74999966,1,1
2017-12-02,10000030,19171,60118907.52,60118907.52,60118907.52,1,1
2017-12-02,10000030,19181,49998999,49998999,49998999,1,1
2017-12-02,10000030,19187,37450416.01,37111602.99,38128042.05,3,3
2017-12-02,10000030,19189,149999932.69,149999932.69,149999932.69,1,1
2017-12-02,10000030,19191,226999808.8,226999728.72,226999888.88,2,2
2017-12-02,10000030,19193,260000000,260000000,260000000,1,1
2017-12-02,10000030,19202,49999981.81,49999981.81,49999981.81,1,1
2017-12-02,10000030,19207,137566153.1,105132433.27,169999872.93,2,2
2017-12-02,10000030,19208,102999668.79,102999668.79,102999668.79,1,1
2017-12-02,10000030,19213,3499994.21,3499994.21,3499994.21,1,1
2017-12-02,10000030,19215,16420112.79,6881788.12,19599551.03,4,4
2017-12-02,10000030,19233,2749999,2749999,2749999,1,1
2017-12-02,10000030,19235,1454611,1454610.99,1454611,2,2
2017-12-02,10000030,19243,2750000,2750000,2750000,2,2
2017-12-02,10000030,19276,8988808.85,8988808.85,8988808.85,1,1
2017-12-02,10000030,19280,11312103,11312103,11312103,1,1
2017-12-02,10000030,19282,199999899.53,199999899.35,199999899.71,2,2
2017-12-02,10000030,19284,45555089.99,45555089.99,45555089.99,1,1
2017-12-02,10000030,19286,6999950.62,6999950.62,6999950.62,1,1
2017-12-02,10000030,19288,35999999.99,35999999.99,35999999.99,1,1
2017-12-02,10000030,19311,299990000,299990000,299990000,1,1
2017-12-02,10000030,19315,62563000,62563000,62563000,1,1
2017-12-02,10000030,19325,45797456.77,45797456.77,45797456.77,2,2
2017-12-02,10000030,19343,44000000,44000000,44000000,1,1
2017-12-02,10000030,19400,6887.63,2000.18,11000,36,8
2017-12-02,10000030,19403,20000.02,20000.02,20000.02,1,1
2017-12-02,10000030,19404,70000.4,70000.39,70000.4,8,7
2017-12-02,10000030,19405,150000,150000,150000,1,1
2017-12-02,10000030,19406,430248.9,430248.9,430248.9,8,5
2017-12-02,10000030,19407,901845.61,901845.61,901845.61,1,1
2017-12-02,10000030,19416,37000123.01,37000123.01,37000123.02,5,5
2017-12-02,10000030,19500,0.01,0.01,0.01,1,1
2017-12-02,10000030,19660,2157.99,27.97,2797,13,5
2017-12-02,10000030,19687,177979590.77,177979590.77,177979590.77,1,1
2017-12-02,10000030,19699,9000000,9000000,9000000,1,1
2017-12-02,10000030,19719,47704163.19,40816662.78,50000000,4,4
2017-12-02,10000030,19720,1799999999.98,1799999999.98,1799999999.98,2,2
2017-12-02,10000030,19722,1177319599.23,1177319599.23,1177319599.23,1,1
2017-12-02,10000030,19739,3594999.5,3589999,3600000,12,2
2017-12-02,10000030,19744,1049999,1049999,1049999,1,1
2017-12-02,10000030,19759,200000,200000,200000,2,2
2017-12-02,10000030,19760,160000,160000,160000,2,2
2017-12-02,10000030,19761,1000000,1000000,1000000,2,2
2017-12-02,10000030,19766,800000,800000,800000,2,2
2017-12-02,10000030,19767,400000,400000,400000,1,1
2017-12-02,10000030,19806,1204645.07,1199900,1204984,15,6
2017-12-02,10000030,19810,3480.9,1025,59999.99,72,7
2017-12-02,10000030,19812,269.27,1,11000,41,8
2017-12-02,10000030,19814,6032.27,2000.04,42324.74,68,17
2017-12-02,10000030,19921,101041.46,90000,619989.98,48,19
2017-12-02,10000030,19922,800000,600000,1400000,4,4
2017-12-02,10000030,19923,1206.71,0.01,1508.38,5,3
2017-12-02,10000030,19925,9063.66,2502.04,54995,8,7
2017-12-02,10000030,19927,5085.01,127.52,15000,3,2
2017-12-02,10000030,19929,3499.86,1200.03,14999,6,6
2017-12-02,10000030,19935,757.6,409.12,2500,6,5
2017-12-02,10000030,19937,17.77,17.77,17.77,3,3
2017-12-02,10000030,19939,10123.53,3215,49999,6,6
2017-12-02,10000030,19942,2200,2200,2200,4,4
2017-12-02,10000030,19944,2625.75,2501,3000,4,4
2017-12-02,10000030,19946,27650,3301,51999,2,2
2017-12-02,10000030,19948,763.57,1.49,3049.82,4,4
2017-12-02,10000030,19950,1100.8,0.01,1210.88,11,11
2017-12-02,10000030,19952,5283.12,4327.28,12000,7,7
2017-12-02,10000030,19966,20.4,20.4,20.4,2000,1
2017-12-02,10000030,19970,14,14,14,18793,7
2017-12-02,10000030,19998,1549.98,1499.98,1599.98,3000,2
2017-12-02,10000030,20000,100,100,100,22590,1
2017-12-02,10000030,20006,4853.97,4853.97,4853.97,1552,1
2017-12-02,10000030,20008,53,53,53,49431,1
2017-12-02,10000030,20010,449988,449988,449988,1,1
2017-12-02,10000030,20121,137999998.78,137999998.78,137999998.78,1,1
2017-12-02,10000030,20157,154999998.98,154999998.98,154999998.98,1,1
2017-12-02,10000030,20158,219999994.98,219999994.98,219999994.98,1,1
2017-12-02,10000030,20159,319999991.98,319999991.98,319999991.98,1,1
2017-12-02,10000030,20160,699999905.98,699999905.98,699999905.98,1,1
2017-12-02,10000030,20161,1287999997.98,1287999997.98,1287999997.98,1,1
2017-12-02,10000030,20171,52499.28,52499.28,52499.28,59,3
2017-12-02,10000030,20172,66568.68,62125.1,72000,73,4
2017-12-02,10000030,20187,1301800000,1301800000,1301800000,1,1
2017-12-02,10000030,20189,1267566993.99,1267566993.99,1267566993.99,1,1
2017-12-02,10000030,20209,953333.33,950000,1000000,6,6
2017-12-02,10000030,20210,920000,700000,975000,5,5
2017-12-02,10000030,20211,2750000,2500000,3000000,2,2
2017-12-02,10000030,20212,9000000,9000000,9000000,1,1
2017-12-02,10000030,20213,9000000,9000000,9000000,3,3
2017-12-02,10000030,20306,22,22,22,549,1
2017-12-02,10000030,20307,91.99,91.99,91.99,37681,4
2017-12-02,10000030,20308,45.26,45.26,45.26,383,1
2017-12-02,10000030,20312,513130.91,500000,788879.99,22,11
2017-12-02,10000030,20314,60000,60000,60000,18,17
2017-12-02,10000030,20315,1071428.57,1000000,2000000,28,17
2017-12-02,10000030,20342,61799887.99,50000000,79499719.97,5,5
2017-12-02,10000030,20345,277249.47,275000,294998.89,4,3
2017-12-02,10000030,20347,594722.53,351120.47,629519.95,8,4
2017-12-02,10000030,20349,976000.54,328003.66,1299998.98,3,3
2017-12-02,10000030,20351,1714996,1714990,1714999,3,3
2017-12-02,10000030,20353,3520088.5,3500000,3589998.99,18,9
2017-12-02,10000030,20411,169452.94,137825.03,177825.01,43,3
2017-12-02,10000030,20412,63002.53,63002.53,63002.53,4,1
2017-12-02,10000030,20413,224999,224999,224999,114,4
2017-12-02,10000030,20414,131502.81,131502.75,131502.9,5,2
2017-12-02,10000030,20415,60132.03,60129.75,60149.22,72,4
2017-12-02,10000030,20416,160002.76,160002.26,160010,63,4
2017-12-02,10000030,20418,188000,188000,188000,10,1
2017-12-02,10000030,20419,317810.23,161009.25,387500,26,5
2017-12-02,10000030,20420,97824.31,92525,123148.99,58,6
2017-12-02,10000030,20421,34226,34226,34226,26,3
2017-12-02,10000030,20423,70149.01,70149.01,70149.01,214,8
2017-12-02,10000030,20424,34000.27,34000.27,34000.27,284,17
2017-12-02,10000030,20425,100,100,100,55,1
2017-12-02,10000030,20499,119999980.48,119999980.48,119999980.48,1,1
2017-12-02,10000030,20501,124999998.92,124999998.92,124999998.92,1,1
2017-12-02,10000030,20503,299999997.77,299999997.77,299999997.77,1,1
2017-12-02,10000030,20505,459999994.71,459999994.71,459999994.71,1,1
2017-12-02,10000030,20507,159999996.94,159999996.94,159999996.94,1,1
2017-12-02,10000030,20524,94999984.56,94999984.56,94999984.56,1,1
2017-12-02,10000030,20528,75000000,75000000,75000000,2,2
2017-12-02,10000030,20532,102442636.64,100000000,134196912.91,14,7
2017-12-02,10000030,20533,400000000,400000000,400000000,2,2
2017-12-02,10000030,20753,2.01,2.01,2.01,1000,1
2017-12-02,10000030,20755,216,216,216,3979,3
2017-12-02,10000030,20773,2678.84,857.67,4500,4,2
2017-12-02,10000030,20775,12800.5,12800.5,12800.5,1000,1
2017-12-02,10000030,20963,3946.87,3946.87,3946.87,500,1
2017-12-02,10000030,21009,7982999.99,7982999.99,7982999.99,26,3
2017-12-02,10000030,21017,6000000,6000000,6000000,12,2
2017-12-02,10000030,21026,1663964800,1663964800,1663964800,1,1
2017-12-02,10000030,21037,7169999.65,7169999.65,7169999.65,45,2
2017-12-02,10000030,21059,121625,120000,158999.98,24,24
2017-12-02,10000030,21071,40450,40000,49000,20,20
2017-12-02,10000030,21073,55000.1,55000.1,55000.1,1,1
2017-12-02,10000030,21077,10.93,10.93,10.93,1,1
2017-12-02,10000030,21078,2500.12,2500.12,2500.12,1,1
2017-12-02,10000030,21079,1914.64,1914.64,1914.64,1,1
2017-12-02,10000030,21080,250011.03,250011.03,250011.03,2,2
2017-12-02,10000030,21082,113073.12,113073.1,113073.13,2,2
2017-12-02,10000030,21084,18500.05,18500.05,18500.05,2,2
2017-12-02,10000030,21085,2006.46,2006.46,2006.46,2,2
2017-12-02,10000030,21087,100.1,100.1,100.1,1,1
2017-12-02,10000030,21096,1804170.15,1381849.23,2524996.63,19,14
2017-12-02,10000030,21210,1,1,1,1,1
2017-12-02,10000030,21450,1,1,1,1,1
2017-12-02,10000030,21549,39997500,39997500,39997500,6,2
2017-12-02,10000030,21587,6.03,6.03,6.03,236,5
2017-12-02,10000030,21588,6.02,6.02,6.02,338,6
2017-12-02,10000030,21589,18.03,18.03,18.03,552,7
2017-12-02,10000030,21590,11.02,11.02,11.02,82,3
2017-12-02,10000030,21592,6.13,6.13,6.13,319,5
2017-12-02,10000030,21593,6.11,6.11,6.11,658,9
2017-12-02,10000030,21594,6.11,6.11,6.11,237,5
2017-12-02,10000030,21595,6.11,6.11,6.11,68,3
2017-12-02,10000030,21603,10923075.38,10000000,14000000,13,11
2017-12-02,10000030,21610,23199701.78,20000000,24799552.68,3,3
2017-12-02,10000030,21611,39999709.91,39999709.91,39999709.91,1,1
2017-12-02,10000030,21638,966201.37,650034.49,995999.99,35,7
2017-12-02,10000030,21640,947996.58,947996.49,947996.6,105,26
2017-12-02,10000030,21667,15000000,15000000,15000000,22,3
2017-12-02,10000030,21668,15000000,15000000,15000000,1,1
2017-12-02,10000030,21718,99398.49,99000,100000,13,13
2017-12-02,10000030,21721,46009.43,46009.43,46009.43,1,1
2017-12-02,10000030,21722,1584500.79,802002.07,2366999.5,4,4
2017-12-02,10000030,21725,1100002.02,1100002.02,1100002.02,1,1
2017-12-02,10000030,21728,39996.09,39996.09,39996.09,1,1
2017-12-02,10000030,21729,10.03,10.03,10.03,1,1
2017-12-02,10000030,21732,200000.01,200000.01,200000.01,1,1
2017-12-02,10000030,21740,765.58,765.58,765.58,57474,7
2017-12-02,10000030,21790,5000,5000,5000,1,1
2017-12-02,10000030,21802,25000000,25000000,25000000,3,3
2017-12-02,10000030,21803,17500000,17500000,17500000,1,1
2017-12-02,10000030,21815,7250008.11,7250008.11,7250008.11,164,11
2017-12-02,10000030,21853,45258.47,20000,58172.94,9,8
2017-12-02,10000030,21855,135000,135000,135000,1,1
2017-12-02,10000030,21857,10772.44,9000,15163.57,46,38
2017-12-02,10000030,21867,45,45,45,15000,3
2017-12-02,10000030,21890,80000000,80000000,80000000,1,1
2017-12-02,10000030,21894,980,980,980,449847,13
2017-12-02,10000030,21896,699.98,699.98,699.98,92875,18
2017-12-02,10000030,21898,489.95,489.95,491.86,69777,45
2017-12-02,10000030,21902,1000,997,1024.99,172139,16
2017-12-02,10000030,21904,649.99,649.99,649.99,51281,19
2017-12-02,10000030,21906,462.99,462.99,462.99,58773,24
2017-12-02,10000030,21910,655.89,655.89,655.89,1000,1
2017-12-02,10000030,21918,1000,1000,1000,7440,5
2017-12-02,10000030,21922,677.99,677.99,677.99,44587,13
2017-12-02,10000030,21924,608.98,608.98,608.98,90800,33
2017-12-02,10000030,21926,1100,1100,1100,100000,1
2017-12-02,10000030,21931,524,524,524,2600,1
2017-12-02,10000030,21935,1168,1168,1168,3000,2
2017-12-02,10000030,21937,438.87,438.87,438.87,16643,4
2017-12-02,10000030,21939,600,600,600,6647,8
2017-12-02,10000030,22043,25000000,25000000,25000000,5,5
2017-12-02,10000030,22114,13000000,13000000,13000000,1,1
2017-12-02,10000030,22115,34999999,34999999,34999999,1,1
2017-12-02,10000030,22175,56734.61,44897,176999.99,53,52
2017-12-02,10000030,22176,332640,332640,332640,3,3
2017-12-02,10000030,22177,76782.1,74986.38,85000,55,55
2017-12-02,10000030,22178,332640,332640,332640,2,2
2017-12-02,10000030,22229,4097650.62,1224170.79,4349998,11,5
2017-12-02,10000030,22291,1099998.69,1099998.68,1099998.76,106,53
2017-12-02,10000030,22448,400000000,400000000,400000000,1,1
2017-12-02,10000030,22456,79999928.9,79999928.9,79999928.9,3,3
2017-12-02,10000030,22474,500000000,500000000,500000000,1,1
2017-12-02,10000030,22536,421499.94,392999.89,449999.99,4,4
2017-12-02,10000030,22541,9249999.75,9000000,9999999,12,11
2017-12-02,10000030,22542,93939.59,32000,175978.74,70,43
2017-12-02,10000030,22544,424666296,419998900,426999994,3,3
2017-12-02,10000030,22548,336651160.72,329999999,339552446.97,4,4
2017-12-02,10000030,22551,31499964.99,28000000,34999929.98,2,2
2017-12-02,10000030,22552,4217416.61,4099999.88,4569666.66,4,4
2017-12-02,10000030,22570,24590000,24590000,24590000,1,1
2017-12-02,10000030,22573,6000000,6000000,6000000,1,1
2017-12-02,10000030,22576,33382.48,32000,35456.19,5,2
2017-12-02,10000030,22578,80606.03,80000,99999,66,57
2017-12-02,10000030,22765,118100,118100,118100,7,3
2017-12-02,10000030,22778,219859.02,219859.02,219859.02,177,4
2017-12-02,10000030,22782,1639998.99,1639998.99,1639998.99,3,2
2017-12-02,10000030,22806,120000,120000,120000,50,21
2017-12-02,10000030,22807,120000,120000,120000,19,19
2017-12-02,10000030,22808,120000,120000,120000,21,21
2017-12-02,10000030,22809,120000,120000,120000,18,18
2017-12-02,10000030,22949,20414142.97,20300000.26,20500000,7,3
2017-12-02,10000030,22961,499,499,499,4898,5
2017-12-02,10000030,22969,858,858,858,400,1
2017-12-02,10000030,22977,775,775,775,5800,5
2017-12-02,10000030,22993,1219.98,1219.98,1219.98,7920,4
2017-12-02,10000030,23009,608.95,608.95,608.95,76204,28
2017-12-02,10000030,23023,950,950,950,5000,1
2017-12-02,10000030,23025,998.99,998.98,999,17080,11
2017-12-02,10000030,23055,2500000,2500000,2500000,26,1
2017-12-02,10000030,23056,200473400,200473400,200473400,1,1
2017-12-02,10000030,23061,3200000,3200000,3200000,9,1
2017-12-02,10000030,23069,50000000,50000000,50000000,2,2
2017-12-02,10000030,23071,409851.72,397030.69,477619.99,44,12
2017-12-02,10000030,23073,800000,800000,800000,36,3
2017-12-02,10000030,23079,698984.29,698984.29,698984.29,3,1
2017-12-02,10000030,23087,5000,5000,5000,6,4
2017-12-02,10000030,23089,693080.73,693080.73,693080.73,25,6
2017-12-02,10000030,23095,1499990.97,1499990.97,1499990.97,10,2
2017-12-02,10000030,23097,889000,889000,889000,10,2
2017-12-02,10000030,23101,898997.99,898997.99,898997.99,7,1
2017-12-02,10000030,23105,1244992.99,1244992.97,1244993,20,2
2017-12-02,10000030,23121,200000,199999.99,200000,2,2
2017-12-02,10000030,23128,2362000.01,2362000.01,2362000.01,1,1
2017-12-02,10000030,23130,251100.02,251100.02,251100.02,1,1
2017-12-02,10000030,23133,476011.51,152023.01,800000,2,2
2017-12-02,10000030,23134,2000000.01,2000000.01,2000000.01,2,2
2017-12-02,10000030,23135,1000.01,1000.01,1000.01,2,2
2017-12-02,10000030,23140,10.69,10.69,10.69,1,1
2017-12-02,10000030,23143,1999.7,1999.7,1999.7,4,2
2017-12-02,10000030,23146,10.09,10.09,10.09,4,3
2017-12-02,10000030,23147,15500.33,15500.33,15500.33,1,1
2017-12-02,10000030,23158,3.03,3.03,3.03,835,8
2017-12-02,10000030,23159,1,1,1,155,2
2017-12-02,10000030,23160,6.02,6.02,6.02,337,8
2017-12-02,10000030,23161,51.09,51.09,51.09,234,5
2017-12-02,10000030,23162,2.52,2.52,2.52,114,2
2017-12-02,10000030,23163,6.05,6.05,6.05,129,3
2017-12-02,10000030,23164,2.02,2.02,2.02,178,3
2017-12-02,10000030,23165,3.07,3.07,3.07,135,3
2017-12-02,10000030,23166,1598.99,1598.99,1598.99,179,3
2017-12-02,10000030,23167,6.03,6.03,6.03,24,1
2017-12-02,10000030,23170,100,100,100,3,1
2017-12-02,10000030,23173,150.04,150.04,150.04,1,1
2017-12-02,10000030,23175,1604.94,1604.94,1604.94,2,1
2017-12-02,10000030,23523,100000,100000,100000,2,1
2017-12-02,10000030,23525,85000,85000,85000,4,1
2017-12-02,10000030,23527,455783.98,350000,499984.03,31,20
2017-12-02,10000030,23533,16750,1000.01,22000,4,2
2017-12-02,10000030,23536,50000,50000,50000,12,2
2017-12-02,10000030,23537,4000000,4000000,4000000,1,1
2017-12-02,10000030,23559,110000,110000,110000,1,1
2017-12-02,10000030,23563,190599.75,125000,234332.92,10,3
2017-12-02,10000030,23566,425000,400000,599999.97,16,16
2017-12-02,10000030,23594,450000,450000,450000,10,7
2017-12-02,10000030,23606,150000,150000,150000,12,12
2017-12-02,10000030,23618,63500,50000,182750,16,16
2017-12-02,10000030,23659,3291.83,1,3950,6,2
2017-12-02,10000030,23660,200000,200000,200000,1,1
2017-12-02,10000030,23703,1700000,1700000,1700000,1,1
2017-12-02,10000030,23705,29997.83,29997.82,29997.86,15,4
2017-12-02,10000030,23707,5099.94,5099.93,5099.94,122,25
2017-12-02,10000030,23710,2500000,2500000,2500000,1,1
2017-12-02,10000030,23711,125050.02,100.03,250000,8,2
2017-12-02,10000030,23727,7500,7500,7500,5,1
2017-12-02,10000030,23729,35500,35500,35500,3,1
2017-12-02,10000030,23730,1500000,1500000,1500000,1,1
2017-12-02,10000030,23731,94642.21,94642.21,94642.21,7,2
2017-12-02,10000030,23732,400000,400000,400000,1,1
2017-12-02,10000030,23789,41000000.26,41000000.26,41000000.26,1,1
2017-12-02,10000030,23791,99926.07,99926.07,99926.07,1,1
2017-12-02,10000030,24241,52552.36,50000,58999.98,43,43
2017-12-02,10000030,24242,1018181.77,1000000,1399999,22,18
2017-12-02,10000030,24268,7500000,7500000,7500000,2,2
2017-12-02,10000030,24270,7500000,7500000,7500000,2,2
2017-12-02,10000030,24305,4175000,4175000,4175000,2,1
2017-12-02,10000030,24311,500000000,500000000,500000000,1,1
2017-12-02,10000030,24312,500000000,500000000,500000000,1,1
2017-12-02,10000030,24313,500000000,500000000,500000000,1,1
2017-12-02,10000030,24314,500000000,500000000,500000000,1,1
2017-12-02,10000030,24348,1301820.12,27970,1499999.9,36,22
2017-12-02,10000030,24349,90000,90000,90000,2,2
2017-12-02,10000030,24395,241244.85,219999,245368,6,5
2017-12-02,10000030,24417,1793742.88,1749950,1799999,8,6
2017-12-02,10000030,24427,2332163.64,1650000,3499998.99,25,13
2017-12-02,10000030,24438,1690241.92,1222000.11,1799998.99,8,6
2017-12-02,10000030,24443,1053997.43,590010,1169991.5,10,7
2017-12-02,10000030,24445,143320.34,142987,143987.01,6,4
2017-12-02,10000030,24471,119.88,119.88,119.88,10600,3
2017-12-02,10000030,24473,121.99,121.99,121.99,9263,7
2017-12-02,10000030,24475,96.28,96.28,96.28,10300,2
2017-12-02,10000030,24477,159,159,159,6228,3
2017-12-02,10000030,24478,49.99,49.99,49.99,8082,6
2017-12-02,10000030,24479,70,70,70,1500,2
2017-12-02,10000030,24486,380,380,380,40000,1
2017-12-02,10000030,24488,207.99,207.99,207.99,18000,2
2017-12-02,10000030,24490,362.95,362.95,362.95,43415,3
2017-12-02,10000030,24492,180,180,180,30000,1
2017-12-02,10000030,24493,438,438,438,41000,2
2017-12-02,10000030,24494,344.96,344.96,344.96,41000,3
2017-12-02,10000030,24495,185.96,185.96,185.96,23697,9
2017-12-02,10000030,24497,150.95,150.95,150.95,16800,11
2017-12-02,10000030,24499,191.99,191.99,191.99,4137,6
2017-12-02,10000030,24501,400,400,400,1000,1
2017-12-02,10000030,24505,235,235,235,2000,1
2017-12-02,10000030,24507,977.8,977.8,977.8,10434,2
2017-12-02,10000030,24511,1436.72,1436.72,1436.72,11740,4
2017-12-02,10000030,24513,800,800,800,7000,2
2017-12-02,10000030,24515,700,700,700,1500,1
2017-12-02,10000030,24519,1956,1956,1956,3000,1
2017-12-02,10000030,24531,631,631,631,61000,4
2017-12-02,10000030,24533,745,745,745,23500,5
2017-12-02,10000030,24535,850,850,850,38500,5
2017-12-02,10000030,24537,477,477,477,4764,2
2017-12-02,10000030,24539,637.99,637.99,637.99,10000,1
2017-12-02,10000030,24541,535,535,535,2956,2
2017-12-02,10000030,24562,50000000,50000000,50000000,1,1
2017-12-02,10000030,24563,250000000,250000000,250000000,1,1
2017-12-02,10000030,24568,10000000,10000000,10000000,1,1
2017-12-02,10000030,24571,10000000,10000000,10000000,2,2
2017-12-02,10000030,24572,10000000,10000000,10000000,1,1
2017-12-02,10000030,24613,15000000,15000000,15000000,2,2
2017-12-02,10000030,24624,20000000,20000000,20000000,4,3
2017-12-02,10000030,24625,20000000,20000000,20000000,2,2
2017-12-02,10000030,24663,49999999,49999999,49999999,1,1
2017-12-02,10000030,24692,168999884.77,168999879.77,168999889.76,2,2
2017-12-02,10000030,24694,162005501.51,160006003,169999999.98,10,8
2017-12-02,10000030,24696,44499999,44499998.99,44499999,2,2
2017-12-02,10000030,24698,44291007.5,40664121,45499969.99,4,4
2017-12-02,10000030,24700,48010399.6,42052001.01,48999999,5,5
2017-12-02,10000030,24702,40130091.55,20301020.59,42999979.99,10,10
2017-12-02,10000030,24703,565000000,565000000,565000000,5,2
2017-12-02,10000030,24764,20000000,20000000,20000000,1,1
2017-12-02,10000030,25235,237499.75,150000,499999,4,4
2017-12-02,10000030,25266,2199998.92,1600002.21,2299998.56,21,11
2017-12-02,10000030,25267,16500000,16500000,16500000,2,2
2017-12-02,10000030,25278,50000,50000,50000,151,1
2017-12-02,10000030,25538,165114808.06,165114808.06,165114808.06,1,1
2017-12-02,10000030,25544,24428569.14,24000000,26999984,14,5
2017-12-02,10000030,25563,2449999.14,2399999,2750000,7,3
2017-12-02,10000030,25565,60379.93,140,90499.89,3,2
2017-12-02,10000030,25567,2346.16,2346.16,2346.16,2,1
2017-12-02,10000030,25569,0.11,0.1,0.11,3,3
2017-12-02,10000030,25571,302.22,302.22,302.22,5,4
2017-12-02,10000030,25588,13000,13000,13000,11475,48
2017-12-02,10000030,25589,3200.01,3200.01,3200.01,20712,93
2017-12-02,10000030,25590,111000,110000.01,129499,2366,120
2017-12-02,10000030,25591,201000.01,201000,225000,957,67
2017-12-02,10000030,25592,14999.99,14999.99,14999.99,7065,51
2017-12-02,10000030,25593,7005,7000.01,13999.99,3891,153
2017-12-02,10000030,25594,40000,40000,40000,12024,48
2017-12-02,10000030,25595,16600.01,16600,16600.01,1475,114
2017-12-02,10000030,25596,49311.22,49311.22,49311.22,2842,69
2017-12-02,10000030,25597,2800.02,2800.01,3750,4517,77
2017-12-02,10000030,25598,10101,10000.03,10101.01,4781,134
2017-12-02,10000030,25599,1029.02,1029.02,1029.02,6757,139
2017-12-02,10000030,25600,25100.01,25000.08,25101,5054,134
2017-12-02,10000030,25601,3902.15,3902.15,3902.15,6695,151
2017-12-02,10000030,25602,12300.01,12300,12300.01,1271,40
2017-12-02,10000030,25603,31000.01,31000.01,31000.01,346,28
2017-12-02,10000030,25604,12980,11700,14000,1014,50
2017-12-02,10000030,25605,36000.04,36000.04,36000.05,1431,101
2017-12-02,10000030,25606,62201,62200.01,62201.01,480,17
2017-12-02,10000030,25607,25686.49,25686.47,25686.5,32,2
2017-12-02,10000030,25608,601639.88,520026,620003,49,5
2017-12-02,10000030,25609,333010,333010,333010,21,4
2017-12-02,10000030,25611,75613.75,75613.75,75613.75,35,4
2017-12-02,10000030,25612,972002.95,972002.95,972002.95,123,10
2017-12-02,10000030,25613,650303.21,650303.21,650303.21,53,3
2017-12-02,10000030,25614,660002,660002,660002,107,10
2017-12-02,10000030,25615,2000000.1,2000000.1,2000000.1,16,4
2017-12-02,10000030,25616,8573.04,8573.04,8573.04,242,15
2017-12-02,10000030,25617,400009.9,400009.9,400009.9,290,15
2017-12-02,10000030,25618,10300.01,10300.01,10300.01,198,12
2017-12-02,10000030,25619,700099.99,700099.9,700195,309,24
2017-12-02,10000030,25620,45010.05,45010.05,45010.05,188,15
2017-12-02,10000030,25621,960616.45,955030,1050000,85,9
2017-12-02,10000030,25622,681560,681560,681560,40,3
2017-12-02,10000030,25623,35003.18,35003.18,35003.18,16,5
2017-12-02,10000030,25624,4399999,4399999,4399999,464,15
2017-12-02,10000030,25625,2900000,2900000,2900000,52,5
2017-12-02,10000030,25707,373157.11,211001.61,399998.9,19,7
2017-12-02,10000030,25709,4377.82,4000.01,6998.95,18,11
2017-12-02,10000030,25711,7.51,5.01,10,8,7
2017-12-02,10000030,25713,150412.31,26504.83,288988.99,7,5
2017-12-02,10000030,25715,1445875.17,903221.82,1879997.95,18,4
2017-12-02,10000030,25718,3000000,3000000,3000000,2,2
2017-12-02,10000030,25719,100000,100000,100000,11,11
2017-12-02,10000030,25739,450000,450000,450000,2,2
2017-12-02,10000030,25810,450000,450000,450000,16,6
2017-12-02,10000030,25811,450000,450000,450000,4,4
2017-12-02,10000030,25812,4999999,4999999,4999999,4,2
2017-12-02,10000030,25861,66995.95,50000,66995.96,114,73
2017-12-02,10000030,25862,332640,332640,332640,3,3
2017-12-02,10000030,25863,1277777.71,1000000,1555555.42,2,2
2017-12-02,10000030,25887,85548.61,85010.1,86010.19,26,3
2017-12-02,10000030,25890,14950946.99,14950946.99,14950946.99,1,1
2017-12-02,10000030,25894,13691457.87,13690034.19,13700000,7,3
2017-12-02,10000030,25896,14790130.2,14790130.2,14790130.2,3,2
2017-12-02,10000030,25908,8990460,8990460,8990460,1,1
2017-12-02,10000030,25912,8990452,8990452,8990452,1,1
2017-12-02,10000030,25914,9890632,9890632,9890632,1,1
2017-12-02,10000030,25918,14790797.37,14790790.35,14790800.88,3,3
2017-12-02,10000030,25920,14950948,14950948,14950948,1,1
2017-12-02,10000030,25948,9218212.76,6100000,9997724.59,10,7
2017-12-02,10000030,25954,10990920,10990920,10990920,3,2
2017-12-02,10000030,25956,17489999.98,17489999.98,17489999.98,2,1
2017-12-02,10000030,25957,1250000,1250000,1250000,1,1
2017-12-02,10000030,26016,7790580,7790580,7790580,1,1
2017-12-02,10000030,26020,8950549,8950549,8950549,1,1
2017-12-02,10000030,26022,5799999.99,5799999.99,5799999.99,1,1
2017-12-02,10000030,26026,6299999,6299999,6299999,1,1
2017-12-02,10000030,26028,6562760.33,6560520,6565000.65,2,2
2017-12-02,10000030,26030,9990000,9989999.99,9990000,2,2
2017-12-02,10000030,26060,4990842.75,4990401,4990990,4,2
2017-12-02,10000030,26070,5990447,5990447,5990447,2,2
2017-12-02,10000030,26076,2190970.5,2190960.99,2190980,2,2
2017-12-02,10000030,26077,1250000,1250000,1250000,1,1
2017-12-02,10000030,26078,619000,619000,619000,1,1
2017-12-02,10000030,26080,1990123,1990123,1990123,1,1
2017-12-02,10000030,26082,2750111,2750101.99,2750120,2,2
2017-12-02,10000030,26086,8980792,8980792,8980792,1,1
2017-12-02,10000030,26088,9890620.76,9890597.49,9890655.68,10,4
2017-12-02,10000030,26089,1250000,1250000,1250000,1,1
2017-12-02,10000030,26252,59946.17,58654.32,60000,25,25
2017-12-02,10000030,26253,100623.79,100000,103742.75,12,12
2017-12-02,10000030,26254,17868.7,10000,20000,12,11
2017-12-02,10000030,26255,100115.71,100000,101214.95,21,14
2017-12-02,10000030,26256,149438.88,99999.99,989899.99,18,10
2017-12-02,10000030,26257,97404.72,70000,100000,7,7
2017-12-02,10000030,26258,100000,100000,100000,1,1
2017-12-02,10000030,26259,100000,100000,100000,5,5
2017-12-02,10000030,26260,100000,99999.99,100000,11,7
2017-12-02,10000030,26261,101739.11,100000,199998.99,46,17
2017-12-02,10000030,26290,149920000,149920000,149920000,3,2
2017-12-02,10000030,26292,299997000,299997000,299997000,3,1
2017-12-02,10000030,26302,139878000,139878000,139878000,3,2
2017-12-02,10000030,26312,44999000,44999000,44999000,1,1
2017-12-02,10000030,26374,42145896.68,25502026.83,43995000,10,6
2017-12-02,10000030,26414,49999000,49999000,49999000,1,1
2017-12-02,10000030,26424,64989980.97,64989980.97,64989980.97,1,1
2017-12-02,10000030,26430,69999703.96,69999703.96,69999703.96,1,1
2017-12-02,10000030,26440,17999999,17999999,17999999,1,1
2017-12-02,10000030,26448,89999962.97,89999957.96,89999967.97,2,2
2017-12-02,10000030,26450,93996959.96,93996959.96,93996959.96,1,1
2017-12-02,10000030,26892,4569001.99,4569001.99,4569001.99,5,1
2017-12-02,10000030,26913,2999999,2999999,2999999,4,3
2017-12-02,10000030,26914,2444999.49,2444999,2444999.98,2,2
2017-12-02,10000030,26929,125613.47,89979.98,588838.89,28,24
2017-12-02,10000030,26931,2899976.88,2899976.88,2899976.88,5,5
2017-12-02,10000030,27015,20000,20000,20000,151,151
2017-12-02,10000030,27115,1000000,1000000,1000000,1,1
2017-12-02,10000030,27116,167978000,167978000,167978000,1,1
2017-12-02,10000030,27118,174250115,174250115,174250115,1,1
2017-12-02,10000030,27127,3248792.3,3000000,3310990.38,5,5
2017-12-02,10000030,27142,257999996.82,257999996.82,257999996.82,1,1
2017-12-02,10000030,27143,1139750.39,1100000,1149687.99,5,4
2017-12-02,10000030,27169,29999999,29999999,29999999,1,1
2017-12-02,10000030,27188,33999865.57,33999865.57,33999865.57,1,1
2017-12-02,10000030,27258,197499999.98,197499999.98,197499999.98,1,1
2017-12-02,10000030,27315,988.92,988.92,988.92,3830,10
2017-12-02,10000030,27319,199.98,199.98,199.98,2000,1
2017-12-02,10000030,27321,1199.99,1199.99,1199.99,2685,5
2017-12-02,10000030,27327,1299.99,1299.99,1299.99,2955,8
2017-12-02,10000030,27333,1500,1500,1500,8304,19
2017-12-02,10000030,27339,1756.36,1756.36,1756.36,1346,1
2017-12-02,10000030,27345,2988.91,2988.91,2988.91,108,1
2017-12-02,10000030,27361,1179.77,1179.75,1200,15771,19
2017-12-02,10000030,27365,33,33,33,934,1
2017-12-02,10000030,27371,1726.98,1726.89,1726.99,14196,13
2017-12-02,10000030,27377,1028.55,1028.55,1028.55,117821,4
2017-12-02,10000030,27381,1835.23,1835.18,1835.23,10040,12
2017-12-02,10000030,27387,2130.88,2130.87,2130.96,6797,12
2017-12-02,10000030,27395,1052.58,1052.58,1052.58,76475,5
2017-12-02,10000030,27401,2398.1,2398.1,2398.1,41688,2
2017-12-02,10000030,27413,3199.99,3199.99,3199.99,6189,5
2017-12-02,10000030,27423,1101.1,1028.58,1101.16,134587,8
2017-12-02,10000030,27429,1048.55,1048.55,1048.55,63592,5
2017-12-02,10000030,27435,2398.99,2398.99,2398.99,5240,6
2017-12-02,10000030,27439,3999.97,3999.97,3999.97,1000,1
2017-12-02,10000030,27441,1477.87,1477.87,1477.87,39400,9
2017-12-02,10000030,27445,4999.99,4999.99,4999.99,5001,2
2017-12-02,10000030,27447,1999.99,1999.99,1999.99,7304,5
2017-12-02,10000030,27451,1998.99,1998.99,1998.99,1000,1
2017-12-02,10000030,27453,4748.95,4748.95,4748.95,1200,3
2017-12-02,10000030,27902,100000,100000,100000,53,17
2017-12-02,10000030,27904,31244,31244,31244,3,1
2017-12-02,10000030,27906,25000000,25000000,25000000,2,2
2017-12-02,10000030,27911,12000000,12000000,12000000,1,1
2017-12-02,10000030,27912,1699992.78,1699992.78,1699992.78,10,1
2017-12-02,10000030,27914,1988999.3,1979998.9,1997999.68,10,4
2017-12-02,10000030,27916,1717952,1717951.99,1717952,27,4
2017-12-02,10000030,27918,1419993.97,1419993.97,1419993.97,35,2
2017-12-02,10000030,27919,200000000,200000000,200000000,1,1
2017-12-02,10000030,27920,1500000.98,1500000.98,1500000.98,10,2
2017-12-02,10000030,27932,250000,250000,250000,1,1
2017-12-02,10000030,28073,8000000,8000000,8000000,7,6
2017-12-02,10000030,28164,4499918.32,4499754.96,4500000,6,6
2017-12-02,10000030,28209,1089440.57,500056.93,1199950,19,2
2017-12-02,10000030,28211,718986.16,699991.96,770000,5,3
2017-12-02,10000030,28213,1245000,1245000,1245000,10,1
2017-12-02,10000030,28215,1029956,999890,1050000,5,3
2017-12-02,10000030,28262,162000,162000,162000,4,1
2017-12-02,10000030,28266,1899999,1899999,1899999,10,1
2017-12-02,10000030,28270,1250000,1250000,1250000,5,1
2017-12-02,10000030,28272,47999959.93,47999959.93,47999959.93,1,1
2017-12-02,10000030,28274,1109000,1109000,1109000,2,1
2017-12-02,10000030,28276,23949989.99,23949989.99,23949989.99,1,1
2017-12-02,10000030,28282,1590799,1590799,1590799,5,1
2017-12-02,10000030,28286,2099705.69,1260000,2249999.7,17,6
2017-12-02,10000030,28296,38000000,38000000,38000000,1,1
2017-12-02,10000030,28324,1199.97,1199.97,1199.97,100778,4
2017-12-02,10000030,28328,249.99,249.99,249.99,3001,2
2017-12-02,10000030,28334,960,960,960,6620,1
2017-12-02,10000030,28336,940.99,940.99,940.99,8028,7
2017-12-02,10000030,28361,4000.01,4000.01,7700,3240,15
2017-12-02,10000030,28362,174001.38,174001.33,174001.43,890,13
2017-12-02,10000030,28363,142000.04,142000.04,142000.04,272,11
2017-12-02,10000030,28364,6007.01,6007.01,6007.01,192,7
2017-12-02,10000030,28365,18020,18020,18020,25,1
2017-12-02,10000030,28366,2527250.35,2011001.33,3249998.97,12,2
2017-12-02,10000030,28374,574998035.97,574998035.97,574998035.97,1,1
2017-12-02,10000030,28409,27000,27000,27000,10000,1
2017-12-02,10000030,28415,6104.2,6104.2,6104.2,487,2
2017-12-02,10000030,28416,6950,6950,6950,1251,4
2017-12-02,10000030,28421,5401.08,5401.08,5401.08,2499,3
2017-12-02,10000030,28422,6065.11,6065.11,6065.11,19273,7
2017-12-02,10000030,28423,6289.02,6289.02,6289.02,1318,6
2017-12-02,10000030,28424,4500,4500,4500,400,1
2017-12-02,10000030,28425,4303,4303,4303,4152,2
2017-12-02,10000030,28430,1579,1579,1579,245333,8
2017-12-02,10000030,28438,186000.19,186000.19,186000.19,853,9
2017-12-02,10000030,28576,1037162.27,949998.96,1965000.13,70,26
2017-12-02,10000030,28578,978632.48,44160.4,989898,28,7
2017-12-02,10000030,28585,29808316.65,25000000,39424949.95,3,3
2017-12-02,10000030,28606,756662505.55,727409434.32,798999900,7,7
2017-12-02,10000030,28609,32000000,32000000,32000000,1,1
2017-12-02,10000030,28615,4000000,4000000,4000000,1,1
2017-12-02,10000030,28646,7499980.88,7499980.85,7499980.9,2,2
2017-12-02,10000030,28656,67197953.95,64000000,79989769.75,5,5
2017-12-02,10000030,28665,1593999989,1593999989,1593999989,1,1
2017-12-02,10000030,28667,64000000,64000000,64000000,2,2
2017-12-02,10000030,28668,30799.9,30699.89,30799.94,13947,103
2017-12-02,10000030,28672,1500000.89,1500000.89,1500000.89,1,1
2017-12-02,10000030,28676,1391276.99,1391276.99,1391276.99,9,2
2017-12-02,10000030,28700,1000,1000,1000,2695,3
2017-12-02,10000030,28756,44901530.47,44901527.97,44901537.98,4,4
2017-12-02,10000030,28758,32935205.48,29000001.03,33500000,13,12
2017-12-02,10000030,28879,1000000,1000000,1000000,6,6
2017-12-02,10000030,28880,5000000,5000000,5000000,4,4
2017-12-02,10000030,28999,29730.63,9899.98,119956.89,23,16
2017-12-02,10000030,29001,40361.91,25000,152670.6,45,21
2017-12-02,10000030,29005,8990.72,8990.71,8990.72,18,5
2017-12-02,10000030,29006,1500000,1500000,1500000,1,1
2017-12-02,10000030,29007,40138.51,40138.51,40138.52,10,4
2017-12-02,10000030,29009,58592.49,6590.67,59999.97,28,15
2017-12-02,10000030,29011,11200.07,9999.98,79999,36,16
2017-12-02,10000030,29013,10984.27,10980.03,10997,4,2
2017-12-02,10000030,29015,14666.76,14666.76,14666.76,7,2
2017-12-02,10000030,29248,488678.37,412356.74,564999.99,2,2
2017-12-02,10000030,29336,53619509.74,41862538.5,59497995.8,6,6
2017-12-02,10000030,29340,134999999.99,134999999.99,134999999.99,1,1
2017-12-02,10000030,29637,53124875,50000000,74999000,8,8
2017-12-02,10000030,29984,163595541.67,150000001,183988853.15,5,4
2017-12-02,10000030,29986,125003038.09,125003038.09,125003038.09,1,1
2017-12-02,10000030,29988,180204194.99,180204194.99,180204194.99,1,1
2017-12-02,10000030,29990,314896408.39,314895908.36,314896908.42,2,2
2017-12-02,10000030,30013,4600.05,4600.05,4600.05,4542,84
2017-12-02,10000030,30018,7030.04,7030.04,7030.04,4,2
2017-12-02,10000030,30019,804,804,804,109,4
2017-12-02,10000030,30021,23252,23252,23252,161,4
2017-12-02,10000030,30022,60524,60524,60524,10,3
2017-12-02,10000030,30024,9011.91,9011.91,9011.91,6,2
2017-12-02,10000030,30028,89972.22,59999.95,250000,83,9
2017-12-02,10000030,30029,8999999.68,8999999.68,8999999.68,1,1
2017-12-02,10000030,30248,35734.08,35734.08,35734.08,7,3
2017-12-02,10000030,30251,3401,3401,3401,40,5
2017-12-02,10000030,30252,20001.99,20001.99,20001.99,1,1
2017-12-02,10000030,30254,954.01,954.01,954.01,290,5
2017-12-02,10000030,30258,30858.3,30858.3,30858.3,6,3
2017-12-02,10000030,30259,702907.24,702907.23,702907.24,17,5
2017-12-02,10000030,30268,42200.39,42200.39,42200.39,3,2
2017-12-02,10000030,30270,40008.74,40008.74,40008.74,1,1
2017-12-02,10000030,30271,33001.01,33001.01,33001.01,4,1
2017-12-02,10000030,30328,10.01,10,10.01,4,4
2017-12-02,10000030,30342,4870.6,4870.6,4870.6,1,1
2017-12-02,10000030,30370,2500,2500,2500,3580,4
2017-12-02,10000030,30371,3089.98,3089.98,3089.98,39372,6
2017-12-02,10000030,30372,2999.99,2999.99,2999.99,19887,6
2017-12-02,10000030,30373,7106.19,7106.19,7106.19,7716,5
2017-12-02,10000030,30374,3504.03,3504.03,3504.03,16659,4
2017-12-02,10000030,30375,5100.06,5100.06,5100.06,3044,3
2017-12-02,10000030,30376,13744.44,13001.02,13744.44,1750,4
2017-12-02,10000030,30377,50000,50000,50000,1114,2
2017-12-02,10000030,30378,44026.08,44026.08,44026.08,489,1
2017-12-02,10000030,30422,0.04,0.04,0.04,1,1
2017-12-02,10000030,30486,537388.78,420672.27,557985.65,80,5
2017-12-02,10000030,30488,440000,440000,440000,687,56
2017-12-02,10000030,30497,5000.08,5000.08,5000.08,93,6
2017-12-02,10000030,30540,5000000,5000000,5000000,1,1
2017-12-02,10000030,30545,5000000,5000000,5000000,1,1
2017-12-02,10000030,30546,5000000,5000000,5000000,1,1
2017-12-02,10000030,30547,5000000,5000000,5000000,1,1
2017-12-02,10000030,30550,5000000,5000000,5000000,1,1
2017-12-02,10000030,30553,5000000,5000000,5000000,1,1
2017-12-02,10000030,30562,112500,112500,112500,8,3
2017-12-02,10000030,30586,100000,100000,100000,2,2
2017-12-02,10000030,30588,8000,8000,8000,4,1
2017-12-02,10000030,30615,25000,25000,25000,1,1
2017-12-02,10000030,30618,185000,185000,185000,6,2
2017-12-02,10000030,30633,125000.08,125000.08,125000.08,3,2
2017-12-02,10000030,30650,1500000,1500000,1500000,1,1
2017-12-02,10000030,30652,1500000,1500000,1500000,1,1
2017-12-02,10000030,30653,1500000,1500000,1500000,1,1
2017-12-02,10000030,30744,200000,200000,200000,8256,49
2017-12-02,10000030,30745,500000,500000,500000,7856,44
2017-12-02,10000030,30746,1500000,1500000,1500000,3504,23
2017-12-02,10000030,30747,5000000,5000000,5000000,2219,23
2017-12-02,10000030,30832,1389995.1,1389990,1389998.94,7,7
2017-12-02,10000030,30834,1438331,1429999,1480000,6,6
2017-12-02,10000030,30836,1299998.75,1299997.59,1300000,14,10
2017-12-02,10000030,30839,8405.25,8300,8826.25,5,4
2017-12-02,10000030,30987,528224.81,383000,539999.8,40,16
2017-12-02,10000030,30997,420000,420000,420000,3,1
2017-12-02,10000030,30999,2990200,2990200,2990200,2,1
2017-12-02,10000030,31009,514250.4,475000,519990.49,31,25
2017-12-02,10000030,31011,2790200.99,2790200.99,2790200.99,7,7
2017-12-02,10000030,31015,8388999,8388999,8388999,5,4
2017-12-02,10000030,31017,26190700,26190700,26190700,1,1
2017-12-02,10000030,31021,539999,539999,539999,6,2
2017-12-02,10000030,31023,2990201,2990201,2990201,2,2
2017-12-02,10000030,31027,11869998.94,11869998.94,11869998.94,1,1
2017-12-02,10000030,31033,529999.97,529999.97,529999.97,3,3
2017-12-02,10000030,31045,1140759.58,1123891,1144890.98,51,25
2017-12-02,10000030,31047,2741062.51,43925.2,2850275.93,17,13
2017-12-02,10000030,31051,8295998.3,8295997.97,8295998.95,3,2
2017-12-02,10000030,31053,36582235.33,36580800,36582953,3,3
2017-12-02,10000030,31055,2284230,2250799.99,2300000,20,12
2017-12-02,10000030,31057,9694914.21,9694903.49,9694924.93,4,3
2017-12-02,10000030,31059,20466154.35,19999989.99,21118770.44,12,8
2017-12-02,10000030,31063,655749.99,580000,680999.98,4,4
2017-12-02,10000030,31065,3133746.7,3008998.99,3890232.98,7,6
2017-12-02,10000030,31069,11091000,11091000,11091000,1,1
2017-12-02,10000030,31073,3990280,3990280,3990280,6,1
2017-12-02,10000030,31083,757444.44,753000,759999.99,9,8
2017-12-02,10000030,31085,2949000,2949000,2949000,4,2
2017-12-02,10000030,31105,212927.5,175000,229994.88,29,12
2017-12-02,10000030,31107,1650890,1650890,1650890,2,2
2017-12-02,10000030,31111,4588794.19,4588793.38,4588795,2,2
2017-12-02,10000030,31117,238191.12,237499.98,240000.01,13,5
2017-12-02,10000030,31119,1175901.65,1149998.98,1180929.94,46,19
2017-12-02,10000030,31123,4498399.44,4498399.44,4498399.44,7,6
2017-12-02,10000030,31125,12998523.76,12996990.44,12998830.42,6,5
2017-12-02,10000030,31131,550000,550000,550000,1,1
2017-12-02,10000030,31137,20000000,20000000,20000000,1,1
2017-12-02,10000030,31153,189995.01,189995.01,189995.03,23,15
2017-12-02,10000030,31155,1990895.08,1990894.94,1990898.97,30,11
2017-12-02,10000030,31159,380238.02,358994.86,690226.07,44,20
2017-12-02,10000030,31161,1290112.98,1290112.97,1290112.98,15,8
2017-12-02,10000030,31165,5088015.89,5087995.49,5088027.99,11,9
2017-12-02,10000030,31167,14966410.24,14966388,14966474.99,4,4
2017-12-02,10000030,31171,4989845.44,4989840.5,4989849,9,6
2017-12-02,10000030,31173,10999979.73,10000001.76,11399970.91,7,5
2017-12-02,10000030,31177,219984.58,219984.56,219984.58,14,12
2017-12-02,10000030,31179,1035714.17,1030000,1039999.84,7,5
2017-12-02,10000030,31183,3587974.41,3587973.99,3587974.94,11,7
2017-12-02,10000030,31185,13499599.99,13499599.99,13499599.99,1,1
2017-12-02,10000030,31201,240009.06,239998.99,240150,15,12
2017-12-02,10000030,31207,2899987.97,2899987.97,2899987.97,1,1
2017-12-02,10000030,31213,69785.72,64999.9,113000.65,56,36
2017-12-02,10000030,31214,125000,125000,125000,1,1
2017-12-02,10000030,31215,570390,570390,570390,1,1
2017-12-02,10000030,31220,4999661.98,4999661.98,4999661.98,2,2
2017-12-02,10000030,31238,154702.37,150990,191826.07,11,10
2017-12-02,10000030,31268,5555554,5555554,5555554,1,1
2017-12-02,10000030,31274,239999.97,239999.97,239999.97,2,2
2017-12-02,10000030,31276,1190910,1190910,1190910,4,3
2017-12-02,10000030,31280,4333411.49,4333410.99,4333411.99,2,2
2017-12-02,10000030,31286,298431.17,115000,390147,6,4
2017-12-02,10000030,31288,875000,875000,875000,1,1
2017-12-02,10000030,31292,7777776,7777776,7777776,1,1
2017-12-02,10000030,31298,490119.99,490119.99,490119.99,1,1
2017-12-02,10000030,31310,490159,490159,490159,1,1
2017-12-02,10000030,31312,2250000,2250000,2250000,1,1
2017-12-02,10000030,31316,3900000,3900000,3900000,1,1
2017-12-02,10000030,31322,280229.99,280229.99,280229.99,4,4
2017-12-02,10000030,31324,1290909.93,1290909.93,1290909.93,2,1
2017-12-02,10000030,31328,4799767.99,4799767.99,4799767.99,1,1
2017-12-02,10000030,31358,574506.51,574492,574993,35,29
2017-12-02,10000030,31359,125000,125000,125000,1,1
2017-12-02,10000030,31360,3163166.44,3158000,3179999.99,31,21
2017-12-02,10000030,31361,750000,750000,750000,1,1
2017-12-02,10000030,31364,4799938.66,4799931.68,4799943.91,7,7
2017-12-02,10000030,31366,23594063.33,23590000,23597000,9,8
2017-12-02,10000030,31370,306609.52,259999.17,750000,46,26
2017-12-02,10000030,31372,1696592.58,1500000,1768999.98,27,19
2017-12-02,10000030,31376,5082786.03,5082784.88,5082788.91,7,6
2017-12-02,10000030,31378,9113806.7,8900495.22,11999000,17,14
2017-12-02,10000030,31382,330260,330260,330260,1,1
2017-12-02,10000030,31390,10000000,10000000,10000000,1,1
2017-12-02,10000030,31394,178899,178899,178899,1,1
2017-12-02,10000030,31406,614057.14,500000,750300,7,5
2017-12-02,10000030,31408,1969666.67,1969000,1970000,6,5
2017-12-02,10000030,31414,26994340.94,26994334.24,26994344.3,3,3
2017-12-02,10000030,31442,550180,550180,550180,4,4
2017-12-02,10000030,31444,539999.97,539999.96,539999.98,2,2
2017-12-02,10000030,31454,220170,220170,220170,2,2
2017-12-02,10000030,31456,990750,990750,990750,2,2
2017-12-02,10000030,31460,8389536.98,8389536.98,8389536.98,1,1
2017-12-02,10000030,31478,990150,990150,990150,7,3
2017-12-02,10000030,31484,3495982.93,3495982.93,3495982.93,2,1
2017-12-02,10000030,31486,19991366.74,19991362.69,19991383.69,10,6
2017-12-02,10000030,31502,725000,725000,725000,1,1
2017-12-02,10000030,31514,579999.99,579999.99,579999.99,17,2
2017-12-02,10000030,31526,1288951.12,1288950.98,1288951.95,7,7
2017-12-02,10000030,31532,6656477.06,6656476.11,6656478,2,2
2017-12-02,10000030,31534,8925804.75,1000.01,11900739.99,4,4
2017-12-02,10000030,31538,1199999.85,1199999.84,1199999.87,19,9
2017-12-02,10000030,31540,4825000,4825000,4825000,1,1
2017-12-02,10000030,31586,308493.14,305000,308897,17,14
2017-12-02,10000030,31588,1875000,1875000,1875000,1,1
2017-12-02,10000030,31592,4997913,4997912.99,4997913,3,3
2017-12-02,10000030,31598,289995,289995,289995,1,1
2017-12-02,10000030,31600,1490000,1490000,1490000,3,2
2017-12-02,10000030,31604,7999932.98,7999932.98,7999932.98,2,2
2017-12-02,10000030,31606,10629942.96,200000.01,15844914.44,3,3
2017-12-02,10000030,31610,2850127.5,2850126.99,2850128,2,2
2017-12-02,10000030,31620,416244.58,400000,429990,24,8
2017-12-02,10000030,31622,2290989.99,2290989.99,2290990,4,4
2017-12-02,10000030,31626,5983501.26,5983491.99,5983510.53,2,2
2017-12-02,10000030,31628,15000000,15000000,15000000,2,2
2017-12-02,10000030,31632,289999,289999,289999,2,1
2017-12-02,10000030,31634,1950118,1950118,1950118,2,2
2017-12-02,10000030,31644,218000,218000,218000,1,1
2017-12-02,10000030,31646,1229999.99,1229999.99,1229999.99,2,1
2017-12-02,10000030,31650,5444300.99,5444300.99,5444300.99,1,1
2017-12-02,10000030,31656,118789.58,87500,119992.99,27,11
2017-12-02,10000030,31668,150821.38,148998.99,160000,45,32
2017-12-02,10000030,31670,470987.92,470987.85,470987.98,2,2
2017-12-02,10000030,31674,2020206.11,40431.21,3999981,2,2
2017-12-02,10000030,31676,18387195.98,18387190.97,18387200.98,2,2
2017-12-02,10000030,31680,113347.69,100000,114987.76,70,40
2017-12-02,10000030,31682,989999.99,989999.99,990000,6,5
2017-12-02,10000030,31686,4414548.75,3497900,4720097.99,4,4
2017-12-02,10000030,31692,890138.05,890137,890140,19,7
2017-12-02,10000030,31694,469988,469988,469988,1,1
2017-12-02,10000030,31704,381811.42,277632.13,590170,3,3
2017-12-02,10000030,31716,79285.01,77998.97,119999.99,68,50
2017-12-02,10000030,31717,125000,125000,125000,1,1
2017-12-02,10000030,31718,319886.33,319884.99,319886.72,37,30
2017-12-02,10000030,31722,3517992.08,3517992,3517992.7,9,7
2017-12-02,10000030,31724,4256250,1525001.01,4399999.95,20,16
2017-12-02,10000030,31728,119999.99,119999.99,119999.99,3,3
2017-12-02,10000030,31734,4999995,4999995,4999995,1,1
2017-12-02,10000030,31740,98887.91,98887.91,98887.91,1,1
2017-12-02,10000030,31742,390320,390320,390320,1,1
2017-12-02,10000030,31746,2197999.97,2197999.97,2197999.97,1,1
2017-12-02,10000030,31748,4395300,4395300,4395300,4,4
2017-12-02,10000030,31752,113337.69,50039.3,119999.99,27,18
2017-12-02,10000030,31754,422289.33,420310,450000,15,10
2017-12-02,10000030,31758,3995964.73,3995964.72,3995964.8,7,5
2017-12-02,10000030,31760,4400000,4400000,4400000,12,10
2017-12-02,10000030,31764,110000,110000,110000,4,4
2017-12-02,10000030,31770,4557653,4557653,4557653,1,1
2017-12-02,10000030,31772,6798661,6798661,6798661,2,2
2017-12-02,10000030,31776,121998.5,121998,121998.99,2,2
2017-12-02,10000030,31788,420112.89,418998.93,485095.07,89,39
2017-12-02,10000030,31789,125000,125000,125000,2,1
2017-12-02,10000030,31790,2089055.35,2048000,2999999.99,70,36
2017-12-02,10000030,31794,7862047.3,7861978.99,7862999,16,9
2017-12-02,10000030,31796,22035858.17,21989789.99,23591922.13,32,22
2017-12-02,10000030,31800,379681.82,369000,395000,22,14
2017-12-02,10000030,31801,125000,125000,125000,1,1
2017-12-02,10000030,31802,2156400,2000000,2167000,15,8
2017-12-02,10000030,31810,9999965.9,9999965.9,9999965.9,4,2
2017-12-02,10000030,31812,20122927.2,8201341.49,22290289.94,13,8
2017-12-02,10000030,31870,7999879.95,7999879.95,7999879.95,4,1
2017-12-02,10000030,31872,1080000.01,1080000.01,1080000.01,10,1
2017-12-02,10000030,31874,3699974.01,1830000.01,5000000,22,4
2017-12-02,10000030,31876,7999882.09,7999882.09,7999882.09,5,1
2017-12-02,10000030,31878,3699998.99,3699998.99,3699998.99,4,1
2017-12-02,10000030,31880,1485510.2,1355000,1554999.99,49,12
2017-12-02,10000030,31882,2298984.82,2298984,2298984.99,30,6
2017-12-02,10000030,31884,2413626.67,265409.41,2745000,24,4
2017-12-02,10000030,31888,1344304.58,1300000,1937986,72,16
2017-12-02,10000030,31890,1999999,1999999,1999999,12,3
2017-12-02,10000030,31892,2850907.45,1500000,2985998.19,11,4
2017-12-02,10000030,31908,37999999.98,37999999.98,37999999.98,1,1
2017-12-02,10000030,31926,27867361.83,27867361.83,27867361.83,1,1
2017-12-02,10000030,31928,11149102.19,10999999.99,13236533,15,10
2017-12-02,10000030,31930,66666411.91,49999999.97,74999617.89,3,3
2017-12-02,10000030,31944,40999854.3,40999843.87,40999864.72,2,2
2017-12-02,10000030,31946,38999999.99,38999999.99,38999999.99,1,1
2017-12-02,10000030,31952,66998522.54,66998522.54,66998522.54,1,1
2017-12-02,10000030,31982,29500,29500,29500,100,1
2017-12-02,10000030,31990,57998,57998,57998,162,8
2017-12-02,10000030,31998,49000,49000,49000,222,8
2017-12-02,10000030,32006,98000,98000,98000,5723,45
2017-12-02,10000030,32014,276000,250000,276000,407,22
2017-12-02,10000030,32027,1800000,1800000,1800000,4,4
2017-12-02,10000030,32033,575000,575000,575000,1,1
2017-12-02,10000030,32035,2990186,2990186,2990186,4,2
2017-12-02,10000030,32043,2532148.8,2300000,2590186,5,4
2017-12-02,10000030,32059,1990137,1990137,1990137,1,1
2017-12-02,10000030,32083,2990200,2990200,2990200,2,2
2017-12-02,10000030,32099,6747499.9,6500000,8989999.58,4,4
2017-12-02,10000030,32311,394993333.33,370000000,407490000,3,3
2017-12-02,10000030,32339,100000000,100000000,100000000,1,1
2017-12-02,10000030,32459,10.01,10.01,10.01,7,7
2017-12-02,10000030,32772,532726.41,499999.56,539999.05,22,14
2017-12-02,10000030,32774,188907.99,124800,201999.99,50,10
2017-12-02,10000030,32780,890100,890100,890100,15,9
2017-12-02,10000030,32782,1,1,1,100,1
2017-12-02,10000030,32787,23000,23000,23000,427,40
2017-12-02,10000030,32797,500000,500000,500000,4,4
2017-12-02,10000030,32819,885563.79,879500,888595.69,3,3
2017-12-02,10000030,32858,999999,999999,999999,1,1
2017-12-02,10000030,32859,5249999.95,5249999.95,5249999.95,1,1
2017-12-02,10000030,32871,12000000,12000000,12000000,1,1
2017-12-02,10000030,32872,1241398.68,1080140.88,1261240,7,7
2017-12-02,10000030,32876,1191198.3,1170000,1499999.95,7,6
2017-12-02,10000030,32878,1160716.78,360202.07,1190000,17,14
2017-12-02,10000030,32879,7837500,7837500,7837500,2,2
2017-12-02,10000030,32880,187529.56,126115,254988.7,81,74
2017-12-02,10000030,32881,6899999.95,6899999.95,6899999.95,2,2
2017-12-02,10000030,32918,92435.39,40000,400000,13,13
2017-12-02,10000030,32999,200000,200000,200000,8,8
2017-12-02,10000030,33000,200000,200000,200000,2,2
2017-12-02,10000030,33001,200000,200000,200000,7,7
2017-12-02,10000030,33002,200000,200000,200000,2,2
2017-12-02,10000030,33003,240000,240000,240000,1704,4
2017-12-02,10000030,33005,253666.66,251000,254999.99,6,4
2017-12-02,10000030,33007,296249.99,288000,298999.98,4,3
2017-12-02,10000030,33009,110000,110000,110000,3,2
2017-12-02,10000030,33011,29665.78,27000,29999,9,2
2017-12-02,10000030,33076,273999.99,260015.53,273999.99,269,53
2017-12-02,10000030,33078,1011772.73,1000000,1259000,22,22
2017-12-02,10000030,33091,111874.88,100000,194999,8,8
2017-12-02,10000030,33092,100000,100000,100000,6,6
2017-12-02,10000030,33093,126666.67,100000,200000,15,15
2017-12-02,10000030,33094,89480.17,67000,100000,33,33
2017-12-02,10000030,33095,1200000,1000000,1900000,9,9
2017-12-02,10000030,33096,1222222.22,1000000,2000000,9,8
2017-12-02,10000030,33097,1107142.85,1000000,1499999.97,14,13
2017-12-02,10000030,33098,1000000,1000000,1000000,11,11
2017-12-02,10000030,33101,529879.6,528968,548111.56,21,13
2017-12-02,10000030,33103,168989.98,168950,168997.97,6,4
2017-12-02,10000030,33151,195999999.99,195999999.99,195999999.99,1,1
2017-12-02,10000030,33153,226676007.95,200009350.93,280009322,3,3
2017-12-02,10000030,33157,159488664.41,159488663.99,159488664.82,2,2
2017-12-02,10000030,33176,70856.67,1001.27,74999.99,8,8
2017-12-02,10000030,33177,600000,600000,600000,1,1
2017-12-02,10000030,33178,177775.88,177775,177777.77,4,4
2017-12-02,10000030,33180,155080.79,148927.98,197777.77,27,21
2017-12-02,10000030,33181,600000,600000,600000,1,1
2017-12-02,10000030,33195,14004.16,14004.1,14004.16,108,19
2017-12-02,10000030,33197,1399999,1399999,1399999,1,1
2017-12-02,10000030,33201,1439996,1439990,1439999,3,2
2017-12-02,10000030,33270,100000,100000,100000,2,1
2017-12-02,10000030,33330,8877,8877,8877,80,2
2017-12-02,10000030,33332,35000.1,35000.1,35000.1,928,15
2017-12-02,10000030,33359,17504.12,17504.12,17504.12,4500,3
2017-12-02,10000030,33361,28249.85,28249.85,28249.85,4281,2
2017-12-02,10000030,33362,28004.34,28004.34,28004.34,3064,3
2017-12-02,10000030,33393,84417973.95,82835947.9,86000000,2,2
2017-12-02,10000030,33394,89999900,89999900,89999900,2,2
2017-12-02,10000030,33399,5000000,5000000,5000000,5,5
2017-12-02,10000030,33400,10468455.9,10468455.9,10468455.9,1,1
2017-12-02,10000030,33407,36000000,36000000,36000000,5,5
2017-12-02,10000030,33440,20165.67,19999,20999,6,2
2017-12-02,10000030,33441,3200.01,3200.01,3200.01,3,2
2017-12-02,10000030,33449,749970,749970,749970,1,1
2017-12-02,10000030,33450,2842935,2749999.01,2909988,51,6
2017-12-02,10000030,33467,3000000,3000000,3000000,3,2
2017-12-02,10000030,33468,61720897.45,56384054.24,63244998,9,9
2017-12-02,10000030,33470,216924987.3,214250000,219488978,5,5
2017-12-02,10000030,33474,2159388.07,1050050.71,2299930,16,15
2017-12-02,10000030,33475,8337793.43,7621000,8749999.98,42,32
2017-12-02,10000030,33482,1000000,1000000,1000000,9,1
2017-12-02,10000030,33517,1000000,1000000,1000000,1,1
2017-12-02,10000030,33539,1355555,1355555,1355555,169,8
2017-12-02,10000030,33569,37,37,37,472,2
2017-12-02,10000030,33571,0.1,0.1,0.1,1100,3
2017-12-02,10000030,33572,0.13,0.13,0.13,1100,3
2017-12-02,10000030,33573,0.11,0.11,0.11,1100,3
2017-12-02,10000030,33577,375000.01,375000.01,375000.01,46,5
2017-12-02,10000030,33604,10000,10000,10000,3,1
2017-12-02,10000030,33607,10000000,10000000,10000000,23,1
2017-12-02,10000030,33671,175000,175000,175000,5,1
2017-12-02,10000030,33681,84702293.09,78039558.5,98027000,15,6
2017-12-02,10000030,33697,47899942.58,47899935.91,47899945.92,3,3
2017-12-02,10000030,33699,143750,100000,275000,12,12
2017-12-02,10000030,33706,17399,17399,17399,4,1
2017-12-02,10000030,33816,66878999.97,66878999.96,66878999.99,4,4
2017-12-02,10000030,33824,1256666.33,220000,1774999.5,3,3
2017-12-02,10000030,33842,129999996,129999996,129999996,3,2
2017-12-02,10000030,33848,103182238.87,103182238.87,103182238.87,1,1
2017-12-02,10000030,33856,5714063.57,4000000,7999484.99,7,7
2017-12-02,10000030,33890,932653.4,890819.94,949998.98,58,19
2017-12-02,10000030,33892,3532996.16,3499999.95,3598988.57,6,3
2017-12-02,10000030,33894,3870354.99,3870354.99,3870354.99,19,4
2017-12-02,10000030,33896,8890649.5,8890499,8890800,6,2
2017-12-02,10000030,33915,377183.97,316925,392498.46,5,5
2017-12-02,10000030,33981,28000000,28000000,28000000,1,1
2017-12-02,10000030,34133,1251001001,1251001001,1251001001,2,1
2017-12-02,10000030,34201,344997,344994.97,344997.99,137,29
2017-12-02,10000030,34202,1299462.74,982706.35,2091353.73,7,4
2017-12-02,10000030,34203,800311,800311,800322,121,33
2017-12-02,10000030,34204,971104.11,971103.01,971105.18,35,17
2017-12-02,10000030,34205,336430.09,325002.01,360002.01,71,25
2017-12-02,10000030,34206,209159.15,209159.13,248999,125,25
2017-12-02,10000030,34207,3999999.99,3999999.98,3999999.99,4,4
2017-12-02,10000030,34208,3700000.09,3700000.09,3700000.09,3,3
2017-12-02,10000030,34266,229999.99,229999.99,229999.99,1,1
2017-12-02,10000030,34286,3839999,3839999,3839999,6,1
2017-12-02,10000030,34306,4790375,4790375,4790375,2,2
2017-12-02,10000030,34317,58970689.99,58970689.99,58970689.99,1,1
2017-12-02,10000030,34327,35000000,35000000,35000000,2,2
2017-12-02,10000030,34328,1300000000,1300000000,1300000000,1,1
2017-12-02,10000030,34496,1650000,1650000,1650000,1,1
2017-12-02,10000030,34533,1499999.99,1000000,1999999.97,2,2
2017-12-02,10000030,34562,60499727.73,60499727.73,60499727.73,1,1
2017-12-02,10000030,34590,155100039.33,155100039.33,155100039.33,1,1
2017-12-02,10000030,34735,2499998,2499998,2499998,1,1
2017-12-02,10000030,34746,180000,180000,180000,1,1
2017-12-02,10000030,34828,49199974.98,48999979.98,49399969.97,2,2
2017-12-02,10000030,35656,78370.76,13000.01,104999.78,41,29
2017-12-02,10000030,35657,102519.06,101000.01,109000,21,14
2017-12-02,10000030,35658,44504.08,15225.57,65900.98,51,41
2017-12-02,10000030,35659,49558.37,22025.12,64997.93,47,45
2017-12-02,10000030,35660,19189.32,7997.77,47399.5,28,20
2017-12-02,10000030,35661,376232.88,371437.22,452718.61,37,19
2017-12-02,10000030,35662,354820.32,329923.85,578888.5,20,14
2017-12-02,10000030,35683,45080000.03,45080000.03,45080000.03,1,1
2017-12-02,10000030,35685,1333333.33,1000000,2000000,3,3
2017-12-02,10000030,35770,39000,35000,55000,5,4
2017-12-02,10000030,35771,1599998.57,1599997.5,1599999,7,6
2017-12-02,10000030,35774,267083.83,12778.88,521388.79,4,4
2017-12-02,10000030,35788,96742.14,79000,148968.57,4,3
2017-12-02,10000030,35789,2033331.24,1999996.71,2049998,6,6
2017-12-02,10000030,35790,2142272.98,910008.69,2499998,11,8
2017-12-02,10000030,35794,42858.04,10.17,49999.35,14,9
2017-12-02,10000030,35795,24998.78,24998.77,24998.78,13,8
2017-12-02,10000030,35825,605999899.91,605999899.91,605999899.91,1,1
2017-12-02,10000030,35832,1139799989.99,1139799989.99,1139799989.99,1,1
2017-12-02,10000030,35878,214999989.99,214999989.99,214999989.99,1,1
2017-12-02,10000030,35891,224997272.95,224997272.95,224997272.95,1,1
2017-12-02,10000030,35892,1599999998.7,1599999998.7,1599999998.7,1,1
2017-12-02,10000030,35894,300000000,300000000,300000000,1,1
2017-12-02,10000030,35899,44995989.83,44995989.83,44995989.83,1,1
2017-12-02,10000030,35922,42000000,41999999.99,42000000,5,4
2017-12-02,10000030,35925,72000000,72000000,72000000,1,1
2017-12-02,10000030,35943,37489857.93,37489857.93,37489857.93,1,1
2017-12-02,10000030,35949,33499999.99,33499999.99,33499999.99,2,2
2017-12-02,10000030,35959,15999999.99,15999999.99,15999999.99,3,1
2017-12-02,10000030,36425,6999999.69,6999999.69,6999999.69,1,1
2017-12-02,10000030,36451,24000000,24000000,24000000,1,1
2017-12-02,10000030,36909,9998643.48,9998635.97,9998645.98,4,3
2017-12-02,10000030,37450,350000,350000,350000,2,1
2017-12-02,10000030,37454,12375054.51,8000109.03,16749999.99,2,2
2017-12-02,10000030,37456,18999999.83,18999999.5,19000000,3,3
2017-12-02,10000030,37479,798999.99,798999.99,798999.99,4,2
2017-12-02,10000030,37482,88999999.86,88999999.86,88999999.86,1,1
2017-12-02,10000030,37483,104999928.89,104999928.89,104999928.89,1,1
2017-12-02,10000030,37532,17639492.99,17639492.99,17639492.99,1,1
2017-12-02,10000030,37544,1647.64,1522.54,3398.98,15,13
2017-12-02,10000030,37545,1893.91,1671,2505.49,18,15
2017-12-02,10000030,37546,1900000,1900000,1900000,2,1
2017-12-02,10000030,37600,1000000,1000000,1000000,2,2
2017-12-02,10000030,37608,1630000,1630000,1630000.01,140,45
2017-12-02,10000030,37610,1640000,1640000,1640000,114,41
2017-12-02,10000030,37611,1640000,1640000,1640000,119,50
2017-12-02,10000030,37615,27211995,20000000,34423989.99,4,4
2017-12-02,10000030,37625,97999731.43,97999731.43,97999731.43,2,1
2017-12-02,10000030,37805,34999898.99,34999898.99,34999898.99,1,1
2017-12-02,10000030,37810,8833333.33,4000000,11250000,3,3
2017-12-02,10000030,37817,2600000,2600000,2600000,1,1
2017-12-02,10000030,37846,13046.46,13046.46,13046.46,4100,7
2017-12-02,10000030,37847,17797.99,17797.99,17797.99,4500,3
2017-12-02,10000030,37848,14972.99,14972.99,14972.99,4490,3
2017-12-02,10000030,37856,8000000,8000000,8000000,1,1
2017-12-02,10000030,37857,8000000,8000000,8000000,1,1
2017-12-02,10000030,37881,177777,177777,177777,1,1
2017-12-02,10000030,40328,4000000,4000000,4000000,1,1
2017-12-02,10000030,40334,139999.99,139999.99,139999.99,1,1
2017-12-02,10000030,40335,18397.99,18397.99,18397.99,1,1
2017-12-02,10000030,40519,349947081.11,325000000,381500000,47,23
2017-12-02,10000030,40520,801799998.5,800799998.56,812600000,102,67
2017-12-02,10000030,40556,12500000,12500000,12500000,9,1
2017-12-02,10000030,40559,11599999.99,11599999.99,11599999.99,12,1
2017-12-02,10000030,40572,100000000,100000000,100000000,2,2
2017-12-02,10000030,40573,99333316.64,98999974.97,100000000,3,3
2017-12-02,10000030,41031,277.79,0.01,2499.99,9,8
2017-12-02,10000030,41032,1301.35,2.12,8100,7,7
2017-12-02,10000030,41033,4155.56,200,18000,9,7
2017-12-02,10000030,41034,59760.3,24707.74,99999.99,18,14
2017-12-02,10000030,41054,535365.41,535365.41,535365.41,38,16
2017-12-02,10000030,41055,535811.26,535605.26,539999.98,64,11
2017-12-02,10000030,41056,535857.04,528801,535946.36,80,17
2017-12-02,10000030,41057,4313500,4018000,5200000,4,3
2017-12-02,10000030,41092,34000000,34000000,34000000,1,1
2017-12-02,10000030,41155,31987.81,31987.77,31987.98,10,6
2017-12-02,10000030,41191,32489912.7,32489912.7,32489912.7,2,1
2017-12-02,10000030,41212,24776630.93,24776630.93,24776630.93,1,1
2017-12-02,10000030,41215,27747131.03,27747131.03,27747131.03,1,1
2017-12-02,10000030,41217,87999999.99,87999999.99,87999999.99,1,1
2017-12-02,10000030,41220,60054356.77,60054356.76,60054356.77,2,2
2017-12-02,10000030,41355,300000000,300000000,300000000,5,1
2017-12-02,10000030,41403,27000000,27000000,27000000,3,3
2017-12-02,10000030,41404,27000000,27000000,27000000,3,3
2017-12-02,10000030,41409,27000000,27000000,27000000,1,1
2017-12-02,10000030,41410,27000000,27000000,27000000,1,1
2017-12-02,10000030,41489,11000,11000,11000,40,1
2017-12-02,10000030,41490,979411.1,949999.95,999999,51,3
2017-12-02,10000030,41534,134999739.24,134999739.24,134999739.24,1,1
2017-12-02,10000030,41537,250000000,250000000,250000000,1,1
2017-12-02,10000030,41579,555556,555556,555556,1,1
2017-12-02,10000030,41585,1000000000,1000000000,1000000000,1,1
2017-12-02,10000030,41644,12000000,12000000,12000000,5,1
2017-12-02,10000030,42244,67999999.99,66999999.99,68500000,3,3
2017-12-02,10000030,42527,1014142.36,1014142.36,1014142.36,1,1
2017-12-02,10000030,42528,570999.98,564999.96,575000,5,3
2017-12-02,10000030,42530,809997,809997,809997,2,2
2017-12-02,10000030,42685,22999900,22999900,22999900,1,1
2017-12-02,10000030,42695,1685,1685,1685,1000,1
2017-12-02,10000030,42707,1990000,1990000,1990000,1,1
2017-12-02,10000030,42829,1098.95,1098.95,1098.95,8065,9
2017-12-02,10000030,42830,850,850,850,8070,10
2017-12-02,10000030,42831,585.35,577.69,593,600,2
2017-12-02,10000030,42832,963,924.99,1500,1338,5
2017-12-02,10000030,42833,2400,2400,2400,1038,3
2017-12-02,10000030,42834,1575,1500,1649.99,1200,4
2017-12-02,10000030,42835,1299.98,1299.98,1299.98,570,2
2017-12-02,10000030,42836,1374.99,1249.98,1500,600,2
2017-12-02,10000030,42837,1249.98,1249.98,1249.98,800,2
2017-12-02,10000030,42840,1793.67,1793.67,1793.67,300,1
2017-12-02,10000030,42881,19999999.99,19999999.99,19999999.99,1,1
2017-12-02,10000030,42882,16999999.99,16999999.99,16999999.99,1,1
2017-12-02,10000030,42905,256000,256000,256000,2,2
2017-12-02,10000030,42906,2670666.67,756000,6500000,3,3
2017-12-02,10000030,43530,2237254.23,786008.54,3688499.91,2,2
2017-12-02,10000030,43544,7500000,7500000,7500000,1,1
2017-12-02,10000030,43551,6264974.9,5949879.61,7997999,13,8
2017-12-02,10000030,43552,3900848.99,3900848.99,3900848.99,7,4
2017-12-02,10000030,43694,73999921.76,73999921.76,73999921.76,7,3
2017-12-02,10000030,43699,70102.65,58225.84,80000,11,2
2017-12-02,10000030,43700,6000000,6000000,6000000,1,1
2017-12-02,10000030,43702,80000,80000,80000,10,8
2017-12-02,10000030,43703,18000000,18000000,18000000,4,2
2017-12-02,10000030,43794,4000000,4000000,4000000,1,1
2017-12-02,10000030,43894,550279.99,550279.99,550279.99,2,1
2017-12-02,10000030,43898,6990466,6990466,6990466,2,1
2017-12-02,10000030,44067,250000000,250000000,250000000,1,1
2017-12-02,10000030,44110,0.01,0.01,0.01,300,1
2017-12-02,10000030,44166,4222646.86,4222646.86,4222646.86,3,1
2017-12-02,10000030,44215,1,1,1,1,1
2017-12-02,10000030,44992,3359514.74,3359498.94,3400043.17,39408,142
2017-12-02,10000030,44993,150699323.88,150699323.88,150699323.88,1,1
2017-12-02,10000030,45482,16499999.5,15000000,17999999,2,2
2017-12-02,10000030,45586,19654321.25,19654321.25,19654321.25,1,1
2017-12-02,10000030,45588,25000000.53,25000000.53,25000000.53,1,1
2017-12-02,10000030,45589,80000080.54,80000080.54,80000080.54,1,1
2017-12-02,10000030,45590,11051008.67,3102017.34,19000000,2,2
2017-12-02,10000030,45591,35920104.71,30000069.45,53680210.56,4,3
2017-12-02,10000030,45592,42498095.45,40998120.17,43998070.72,2,2
2017-12-02,10000030,45594,82999999.98,82999999.98,82999999.98,1,1
2017-12-02,10000030,45595,57999056.64,57999051.65,57999061.63,2,2
2017-12-02,10000030,45597,54984612.14,54984612.14,54984612.14,1,1
2017-12-02,10000030,45599,10000123.01,10000123.01,10000123.01,1,1
2017-12-02,10000030,45601,20274460.62,16024460.62,33024460.6,4,2
2017-12-02,10000030,45602,54915300.14,54915300.14,54915300.14,1,1
2017-12-02,10000030,45605,55003987.08,55003987.08,55003987.08,1,1
2017-12-02,10000030,45608,90599856.8,90599851.79,90599861.8,2,2
2017-12-02,10000030,45611,29026991.86,29026991.86,29026991.86,1,1
2017-12-02,10000030,45613,35000007.55,35000007.55,35000007.55,1,1
2017-12-02,10000030,45615,21320169.15,19100227.67,27979993.62,4,3
2017-12-02,10000030,45616,101919113.67,101919113.67,101919113.67,1,1
2017-12-02,10000030,45617,56987397.48,56987397.48,56987397.48,1,1
2017-12-02,10000030,45621,39996998.67,39996998,39996999,3,3
2017-12-02,10000030,45623,10000009.02,10000009.02,10000009.02,1,1
2017-12-02,10000030,45625,5100125.02,5100124.95,5100125.09,2,2
2017-12-02,10000030,45626,24997970.13,19000033.85,33994874.57,5,4
2017-12-02,10000030,45628,10000904,10000904,10000904,1,1
2017-12-02,10000030,45629,36999979.98,36999979.98,36999979.98,1,1
2017-12-02,10000030,45632,43997160.14,43997160.14,43997160.14,2,2
2017-12-02,10000030,45633,47988115.58,47988115.58,47988115.58,1,1
2017-12-02,10000030,45635,170133302.15,162800000,217777777.77,21,19
2017-12-02,10000030,45660,3015.36,3001.02,3023.01,23,4
2017-12-02,10000030,45661,4020.04,4020,4020.05,22,3
2017-12-02,10000030,45662,2032.87,2032,2033.02,28,4
2017-12-02,10000030,45663,11530.79,11530.76,11530.8,8,3
2017-12-02,10000030,45668,910230459,910230459,910230459,1,1
2017-12-02,10000030,45740,1,1,1,1,1
2017-12-02,10000030,45743,42000,42000,42000,1,1
2017-12-02,10000030,45746,1000000,1000000,1000000,58,20
2017-12-02,10000030,45748,5000000,5000000,5000000,3,3
2017-12-02,10000030,45749,25000000,25000000,25000000,2,2
2017-12-02,10000030,45750,15000000,15000000,15000000,1,1
2017-12-02,10000030,45770,375000,375000,375000,1,1
2017-12-02,10000030,45788,3500000,3500000,3500000,1,1
2017-12-02,10000030,45813,99000,99000,99000,1,1
2017-12-02,10000030,45816,380000,380000,380000,1,1
2017-12-02,10000030,45830,70500,70500,70500,1,1
2017-12-02,10000030,45833,74000,74000,74000,1,1
2017-12-02,10000030,45836,1500.52,1500.52,1500.52,1,1
2017-12-02,10000030,45878,2500000,2500000,2500000,1,1
2017-12-02,10000030,45879,4999999,4999999,4999999,1,1
2017-12-02,10000030,45888,100000,100000,100000,1,1
2017-12-02,10000030,45903,3499999,3499999,3499999,1,1
2017-12-02,10000030,45905,400000,400000,400000,1,1
2017-12-02,10000030,45907,1500000,1500000,1500000,1,1
2017-12-02,10000030,45933,175000,175000,175000,1,1
2017-12-02,10000030,45934,17102.79,17102.79,17102.79,1,1
2017-12-02,10000030,45945,2000000,2000000,2000000,1,1
2017-12-02,10000030,45950,25000000,25000000,25000000,1,1
2017-12-02,10000030,45954,2505000,10000,5000000,2,2
2017-12-02,10000030,45955,449999.81,449999.81,449999.81,1,1
2017-12-02,10000030,45957,19900.01,19900.01,19900.01,1,1
2017-12-02,10000030,45967,9949999.99,9949999.99,9949999.99,1,1
2017-12-02,10000030,45969,900000,900000,900000,1,1
2017-12-02,10000030,45973,4499544,4499544,4499544,1,1
2017-12-02,10000030,45974,6000000,6000000,6000000,1,1
2017-12-02,10000030,45984,390000,390000,390000,1,1
2017-12-02,10000030,45986,50000,50000,50000,1,1
2017-12-02,10000030,45996,80991.71,80991.71,80991.71,9,9
2017-12-02,10000030,45998,2211006.01,2211006.01,2211006.01,2,1
2017-12-02,10000030,46000,35000000,35000000,35000000,2,1
2017-12-02,10000030,46001,599998.18,599998.18,599998.18,2,1
2017-12-02,10000030,46002,3959999.8,3950000,3999999,5,2
2017-12-02,10000030,46003,14940000,14940000,14940000,2,2
2017-12-02,10000030,46004,680190.72,680190.72,680190.72,5,2
2017-12-02,10000030,46005,4199800.98,4199800.98,4199800.99,3,2
2017-12-02,10000030,46008,2006333.33,1999999.99,2500000,12,7
2017-12-02,10000030,46050,654035.74,654035.74,654035.74,7,7
2017-12-02,10000030,46152,10000000,10000000,10000000,2,2
2017-12-02,10000030,46153,15000000,15000000,15000000,1,1
2017-12-02,10000030,46154,20000000,20000000,20000000,2,2
2017-12-02,10000030,46155,25000000,25000000,25000000,2,2
2017-12-02,10000030,46156,30000000,30000000,30000000,2,2
2017-12-02,10000030,46157,15000000,15000000,15000000,5,1
2017-12-02,10000030,46158,15000000,15000000,15000000,5,1
2017-12-02,10000030,46159,15000000,15000000,15000000,5,1
2017-12-02,10000030,46160,20000000,20000000,20000000,2,1
2017-12-02,10000030,46163,15000000,15000000,15000000,15,3
2017-12-02,10000030,46165,15000000,15000000,15000000,10,2
2017-12-02,10000030,46197,10000000,10000000,10000000,10,1
2017-12-02,10000030,46359,10000000,10000000,10000000,1,1
2017-12-02,10000030,46722,17777700,17777700,17777700,1,1
2017-12-02,10000031,19,11494,11494,11494,8518,1
2017-12-02,10000031,34,5.2,5.2,5.2,9881597,5
2017-12-02,10000031,35,3.92,3.92,3.92,8150002,5
2017-12-02,10000031,36,89.34,89.34,89.34,2754277,6
2017-12-02,10000031,37,45.32,45.32,45.32,1547015,5
2017-12-02,10000031,38,162.01,162.01,162.01,17566,3
2017-12-02,10000031,39,1007.74,1007.74,1007.74,49495,3
2017-12-02,10000031,40,991,991,991,310,2
2017-12-02,10000031,181,10,10,10,504,1
2017-12-02,10000031,192,38.25,32.5,44,200,2
2017-12-02,10000031,205,340,340,340,4000,2
2017-12-02,10000031,222,63.66,63.66,63.66,4000,1
2017-12-02,10000031,230,86.08,86.08,86.08,6488,1
2017-12-02,10000031,377,368158.8,249000,546897,10,4
2017-12-02,10000031,380,753999,753999,753999,4,2
2017-12-02,10000031,394,1650000,1650000,1650000,9,1
2017-12-02,10000031,438,2298888,2298888,2298888,1,1
2017-12-02,10000031,442,120000,120000,120000,1,1
2017-12-02,10000031,444,25000,25000,25000,1,1
2017-12-02,10000031,447,195000,195000,195000,1,1
2017-12-02,10000031,448,1818400,1500000,1898000,5,5
2017-12-02,10000031,499,24000,24000,24000,3,1
2017-12-02,10000031,519,1572117.03,1399989.97,1801619.78,7,3
2017-12-02,10000031,527,1366666.66,1100000,1499999.99,3,2
2017-12-02,10000031,563,151000,151000,151000,3,1
2017-12-02,10000031,578,650000,650000,650000,7,4
2017-12-02,10000031,584,482119.7,482119.7,482119.7,2,1
2017-12-02,10000031,585,650000,650000,650000,2,1
2017-12-02,10000031,586,1459896.23,1459896.23,1459896.23,1,1
2017-12-02,10000031,591,900000,900000,900000,10,1
2017-12-02,10000031,605,1868145.83,1840145.83,1896145.83,2,2
2017-12-02,10000031,607,500000,500000,500000,5,5
2017-12-02,10000031,609,1500000,1500000,1500000,1,1
2017-12-02,10000031,627,13249500,13249500,13249500,2,1
2017-12-02,10000031,632,15000000,15000000,15000000,1,1
2017-12-02,10000031,648,5000000,5000000,5000000,1,1
2017-12-02,10000031,653,3000000,3000000,3000000,1,1
2017-12-02,10000031,654,2510000,2510000,2510000,1,1
2017-12-02,10000031,656,2499999.99,2499999.99,2499999.99,1,1
2017-12-02,10000031,657,3578272.4,2195498.5,5959169.24,6,6
2017-12-02,10000031,1236,574240.69,574240.69,574240.69,2,2
2017-12-02,10000031,1248,1500000,1500000,1500000,2,2
2017-12-02,10000031,1306,607333.34,586666.67,690000,5,3
2017-12-02,10000031,1317,98999.99,98999.99,99000,26,8
2017-12-02,10000031,1319,920589.83,822445.41,993000,29,11
2017-12-02,10000031,1335,1025336.13,882352.93,1049000,14,5
2017-12-02,10000031,1353,550000,550000,550000,1,1
2017-12-02,10000031,1355,1250000,1250000,1250000,1,1
2017-12-02,10000031,1403,25000,25000,25000,156,5
2017-12-02,10000031,1405,952281.35,790000,1276844.06,6,4
2017-12-02,10000031,1422,999999.99,999999.99,999999.99,18,1
2017-12-02,10000031,1436,4000000,4000000,4000000,1,1
2017-12-02,10000031,1447,917499.99,699999.96,990000,8,7
2017-12-02,10000031,1541,1199999.99,1199999.98,1199999.99,2,2
2017-12-02,10000031,1808,250000,250000,250000,1,1
2017-12-02,10000031,1877,1689999.99,1689999.99,1689999.99,9,2
2017-12-02,10000031,1952,2500000,2500000,2500000,1,1
2017-12-02,10000031,1957,50000,50000,50000,3,2
2017-12-02,10000031,1987,1059999.98,1059999.98,1059999.98,2,1
2017-12-02,10000031,1999,999999,999999,999999,3,1
2017-12-02,10000031,2032,896666,599999,1490000,3,2
2017-12-02,10000031,2048,684739.57,493202.82,704851.47,22,22
2017-12-02,10000031,2173,311003.45,300000,312470.58,17,4
2017-12-02,10000031,2183,38000,38000,38000,9,2
2017-12-02,10000031,2185,1133100.67,999302.04,1199999.99,3,2
2017-12-02,10000031,2205,699998.99,699998.99,699998.99,5,1
2017-12-02,10000031,2281,3513230.87,2750000,3698579,31,20
2017-12-02,10000031,2291,249999,249999,249999,1,1
2017-12-02,10000031,2297,3000000,3000000,3000000,5,1
2017-12-02,10000031,2299,2329999.99,2329999.99,2329999.99,2,2
2017-12-02,10000031,2301,2887657.96,2886486.95,2890000,3,3
2017-12-02,10000031,2333,2489000,2489000,2489000,4,4
2017-12-02,10000031,2390,499.99,499.99,499.99,60000,1
2017-12-02,10000031,2400,500,500,500,50000,1
2017-12-02,10000031,2401,700,700,700,35000,1
2017-12-02,10000031,2404,1110713.53,1098989.57,1200000,11,4
2017-12-02,10000031,2420,655792,655792,655792,3,1
2017-12-02,10000031,2456,682000,666000,698000,10,2
2017-12-02,10000031,2476,280000,280000,280000,5,2
2017-12-02,10000031,2478,2731244.51,2448997.8,2991000,58,14
2017-12-02,10000031,2486,39649.33,37998.99,57900,30,7
2017-12-02,10000031,2488,497786.64,497786.64,497786.64,134,19
2017-12-02,10000031,2524,350000,350000,350000,2,1
2017-12-02,10000031,2529,249999,249999,249999,1,1
2017-12-02,10000031,2531,1449999,1399999,1499999,2,2
2017-12-02,10000031,2534,350000,350000,350000,1,1
2017-12-02,10000031,2545,249999,249999,249999,1,1
2017-12-02,10000031,2550,375000,350000,399999.99,2,2
2017-12-02,10000031,2551,350000,350000,350000,2,1
2017-12-02,10000031,2553,1350000,1200000,1500000,2,2
2017-12-02,10000031,2559,2200000,2200000,2200000,1,1
2017-12-02,10000031,2563,2520749.98,2520749.98,2520749.98,1,1
2017-12-02,10000031,2575,3594999.47,3594999.47,3594999.47,1,1
2017-12-02,10000031,2605,679016.69,550000,700000,23,13
2017-12-02,10000031,2613,149,149,149,2949,2
2017-12-02,10000031,2629,450,450,450,250000,1
2017-12-02,10000031,2679,1000,1000,1000,6000,1
2017-12-02,10000031,2811,1211,1211,1211,2000,1
2017-12-02,10000031,2881,735597.01,729999.99,736396.58,8,2
2017-12-02,10000031,2889,783999.98,783999.98,783999.98,7,1
2017-12-02,10000031,2937,1599997.85,1599997.85,1599997.85,7,3
2017-12-02,10000031,2969,2499999.99,2499999.99,2499999.99,11,3
2017-12-02,10000031,3244,2299999.99,2299999.99,2299999.99,3,3
2017-12-02,10000031,3256,9999999.99,9999999.99,9999999.99,1,1
2017-12-02,10000031,3265,9999999.92,9999999.92,9999999.92,6,1
2017-12-02,10000031,3334,1000000,1000000,1000000,1,1
2017-12-02,10000031,3340,399999,399999,399999,2,2
2017-12-02,10000031,3405,600000,600000,600000,1,1
2017-12-02,10000031,3410,599999,599999,599999,2,2
2017-12-02,10000031,3416,350000,350000,350000,1,1
2017-12-02,10000031,3422,500000,500000,500000,1,1
2017-12-02,10000031,3444,89899,89899,89899,1,1
2017-12-02,10000031,3530,3248254.88,3248254.88,3248254.88,1,1
2017-12-02,10000031,3540,2239998.32,2239998.32,2239998.32,1,1
2017-12-02,10000031,3565,330000000,330000000,330000000,3,1
2017-12-02,10000031,3578,2700000,2700000,2700000,1,1
2017-12-02,10000031,3689,11000,11000,11000,3450,1
2017-12-02,10000031,3828,12000,12000,12000,225,3
2017-12-02,10000031,3829,111999,73999,149999,2,2
2017-12-02,10000031,3831,1852882.35,1200000,2000000,17,12
2017-12-02,10000031,3841,1648339.99,1250000,1683764.99,18,11
2017-12-02,10000031,3888,1454394.81,1454394.81,1454394.81,4,2
2017-12-02,10000031,4025,394677.13,240000,858708.53,4,2
2017-12-02,10000031,4027,1200000,1200000,1200000,2,2
2017-12-02,10000031,4246,21000,21000,21000,6100,6
2017-12-02,10000031,4247,20000,20000,20000,7200,6
2017-12-02,10000031,4254,1340000,1340000,1340000,1,1
2017-12-02,10000031,4260,3999999,3999999,3999999,1,1
2017-12-02,10000031,4383,2191988.76,2037983.14,2499999.99,3,3
2017-12-02,10000031,4391,440986.99,440986.99,440986.99,1,1
2017-12-02,10000031,4393,495000,250000,740000,6,3
2017-12-02,10000031,4397,2499999.99,2499999.99,2499999.99,1,1
2017-12-02,10000031,4405,2377073.97,2299999.99,2398888,47,19
2017-12-02,10000031,5239,75000,75000,75000,2,1
2017-12-02,10000031,5302,108249,108249,108249,3,1
2017-12-02,10000031,5319,14828,14828,14828,5,2
2017-12-02,10000031,5403,100000,100000,100000,4,3
2017-12-02,10000031,5439,1190000,1190000,1190000,2,2
2017-12-02,10000031,5631,13099.9,13000,13999,10,6
2017-12-02,10000031,5839,1500000,1500000,1500000,1,1
2017-12-02,10000031,5945,508999,508999,508999,1,1
2017-12-02,10000031,5955,257142.86,200000,300000,7,7
2017-12-02,10000031,5971,104166.67,100000,150000,12,3
2017-12-02,10000031,5973,523261.5,522000,523969.12,11,11
2017-12-02,10000031,5975,75000,75000,75000,10,1
2017-12-02,10000031,6001,188888,188888,188888,3,2
2017-12-02,10000031,6003,99000,99000,99000,2,2
2017-12-02,10000031,6005,96427.57,93998,100071.42,5,4
2017-12-02,10000031,6073,400000,400000,400000,1,1
2017-12-02,10000031,6159,100000,100000,100000,2,2
2017-12-02,10000031,6160,55680,55680,55680,1,1
2017-12-02,10000031,6485,40000.5,1,80000,2,2
2017-12-02,10000031,8175,199999,199999,199999,1,1
2017-12-02,10000031,8419,150000,150000,150000,1,1
2017-12-02,10000031,8433,633332.42,599999,799999.5,6,2
2017-12-02,10000031,8517,3499999.99,3499999.99,3499999.99,1,1
2017-12-02,10000031,8529,150000,150000,150000,1,1
2017-12-02,10000031,8585,55533.38,55533.38,55533.38,1,1
2017-12-02,10000031,9632,783787,783787,783787,1,1
2017-12-02,10000031,9848,84508,84508,84508,3000,5
2017-12-02,10000031,10155,9999999,9999999,9999999,1,1
2017-12-02,10000031,10212,25923076.92,25923076.92,25923076.92,2,2
2017-12-02,10000031,10216,27126591.35,27126591.35,27126591.35,2,2
2017-12-02,10000031,10225,24986011.09,24986011.09,24986011.09,1,1
2017-12-02,10000031,10246,41448.72,39999.04,49999.98,69,10
2017-12-02,10000031,10250,1092868.82,1092868.82,1092868.82,16,2
2017-12-02,10000031,10629,15000,15000,15000,3,1
2017-12-02,10000031,10880,980000,980000,980000,1,1
2017-12-02,10000031,10998,250000,250000,250000,4,2
2017-12-02,10000031,11129,45000,20000,50000,6,2
2017-12-02,10000031,11172,44999999.99,44999999.99,44999999.99,1,1
2017-12-02,10000031,11176,35000000,35000000,35000000,1,1
2017-12-02,10000031,11182,40499999.42,39999999,40999999.83,2,2
2017-12-02,10000031,11186,49933557.78,49933557.78,49933557.78,3,3
2017-12-02,10000031,11198,50000000,50000000,50000000,2,2
2017-12-02,10000031,11202,39000000,39000000,39000000,1,1
2017-12-02,10000031,11269,867972.72,799999.94,890630.31,8,5
2017-12-02,10000031,11285,5000,5000,5000,500,1
2017-12-02,10000031,11289,5312.61,5312.61,5312.61,110,3
2017-12-02,10000031,11370,3260870.97,3000000,3521741.93,2,2
2017-12-02,10000031,11399,7680,7680,7680,767,1
2017-12-02,10000031,11475,1000,1000,1000,9633,1
2017-12-02,10000031,11563,248988.07,248984.09,248999.99,4,3
2017-12-02,10000031,11577,4399999.99,4399999.99,4399999.99,1,1
2017-12-02,10000031,11578,6687312.94,6374625.87,7000000,2,2
2017-12-02,10000031,11640,1656087.25,1656087.25,1656087.25,2,1
2017-12-02,10000031,12196,3000000,3000000,3000000,1,1
2017-12-02,10000031,12267,4133333.33,3999999.99,4200000,3,3
2017-12-02,10000031,12305,8000000,8000000,8000000,1,1
2017-12-02,10000031,12485,9000000,9000000,9000000,1,1
2017-12-02,10000031,12608,144.99,144.99,144.99,5000,2
2017-12-02,10000031,12612,75,75,75,1000,1
2017-12-02,10000031,12618,55.54,55.54,55.54,1000,1
2017-12-02,10000031,12620,97.95,97.95,97.95,1000,1
2017-12-02,10000031,12625,57,57,57,5251,2
2017-12-02,10000031,12631,68.99,68.99,68.99,4111,3
2017-12-02,10000031,12633,88.86,88.86,88.86,4111,1
2017-12-02,10000031,12767,411.99,411.99,411.99,15000,6
2017-12-02,10000031,12771,244.96,244.96,244.96,10000,4
2017-12-02,10000031,12773,142.98,142.98,142.98,4000,1
2017-12-02,10000031,12777,193.32,193.32,193.32,10000,2
2017-12-02,10000031,12785,122.98,122.98,122.98,2000,1
2017-12-02,10000031,12789,127.47,127.47,127.47,2000,2
2017-12-02,10000031,12818,196999.09,196999.09,196999.09,4,1
2017-12-02,10000031,13261,45999999.99,45999999.99,45999999.99,1,1
2017-12-02,10000031,14070,45000000,45000000,45000000,1,1
2017-12-02,10000031,14174,15000000,15000000,15000000,1,1
2017-12-02,10000031,15510,65000,65000,65000,5,1
2017-12-02,10000031,16227,44500000,44000000,45000000,2,2
2017-12-02,10000031,16233,59999999.99,59999999.99,59999999.99,1,1
2017-12-02,10000031,16240,2500000,2500000,2500000,1,1
2017-12-02,10000031,16242,1300000,1300000,1300000,3,3
2017-12-02,10000031,16272,699,599.99,724,8500,3
2017-12-02,10000031,16273,128.99,125,129,104418,33
2017-12-02,10000031,16274,729.99,729.99,729.99,200000,1
2017-12-02,10000031,16278,1999989,1999989,1999989,4,2
2017-12-02,10000031,16519,990000,990000,990000,4,1
2017-12-02,10000031,16598,4500000,4500000,4500000,1,1
2017-12-02,10000031,16622,15000000,15000000,15000000,1,1
2017-12-02,10000031,17366,780427.44,780427.44,780427.44,3,1
2017-12-02,10000031,17476,35094409.75,35094409.75,35094409.75,2,2
2017-12-02,10000031,17478,30000000,30000000,30000000,3,3
2017-12-02,10000031,17480,23492027.61,20423289.15,23998998,10,10
2017-12-02,10000031,17482,2399789.36,2398999.99,2399999.99,38,17
2017-12-02,10000031,17660,599,599,599,3000,1
2017-12-02,10000031,17715,199999999.99,199999999.99,199999999.99,1,1
2017-12-02,10000031,17841,15000000,15000000,15000000,1,1
2017-12-02,10000031,17843,73987999.88,69999999.86,89940000,10,10
2017-12-02,10000031,17887,949.99,949.99,949.99,585000,8
2017-12-02,10000031,17889,999.99,999.99,999.99,532000,14
2017-12-02,10000031,17912,4871428.57,4800000,4900000,14,8
2017-12-02,10000031,17938,184999.75,180000,199998.99,4,4
2017-12-02,10000031,17940,1000000,1000000,1000000,1,1
2017-12-02,10000031,18036,199995.98,199995.98,199995.98,1,1
2017-12-02,10000031,18054,399999.99,399999.99,399999.99,2,1
2017-12-02,10000031,18590,999999.99,999999.99,999999.99,2,1
2017-12-02,10000031,18592,849999.99,849999.99,849999.99,2,2
2017-12-02,10000031,18594,829999.99,829999.99,829999.99,2,2
2017-12-02,10000031,18598,799999.99,799999.99,799999.99,2,2
2017-12-02,10000031,18624,995000,990000,999999.99,2,2
2017-12-02,10000031,18626,780000,780000,780000,50,2
2017-12-02,10000031,18639,348999,348999,348999,1,1
2017-12-02,10000031,19200,275000000,275000000,275000000,1,1
2017-12-02,10000031,19207,211500000,211500000,211500000,1,1
2017-12-02,10000031,19260,25000000,25000000,25000000,1,1
2017-12-02,10000031,19275,29000000,29000000,29000000,2,1
2017-12-02,10000031,19286,30999999.99,30999999.99,30999999.99,1,1
2017-12-02,10000031,19726,1541551100,1541551100,1541551100,1,1
2017-12-02,10000031,19739,4239999.79,4239999.79,4239999.79,3,1
2017-12-02,10000031,19814,199999,199999,199999,3,2
2017-12-02,10000031,19931,249999,249999,249999,1,1
2017-12-02,10000031,19946,249999,249999,249999,1,1
2017-12-02,10000031,20183,1200000000,1200000000,1200000000,1,1
2017-12-02,10000031,20349,1000000,1000000,1000000,1,1
2017-12-02,10000031,20353,3390000,3390000,3390000,2,2
2017-12-02,10000031,21027,4999997.15,4999997,4999999.99,20,2
2017-12-02,10000031,21096,3001999.08,2999999,3500000,25,13
2017-12-02,10000031,21638,3000000,2000000,4999999.99,3,2
2017-12-02,10000031,21640,1175595.24,1135619.03,1399999.99,138,12
2017-12-02,10000031,21790,3000000,3000000,3000000,1,1
2017-12-02,10000031,21896,1288.42,1288.42,1288.42,11500,4
2017-12-02,10000031,21898,704.92,704.92,704.92,7367,2
2017-12-02,10000031,21904,1000,1000,1000,7500,3
2017-12-02,10000031,21912,1399.99,1399.99,1399.99,6500,2
2017-12-02,10000031,21922,1133.92,1133.92,1133.92,7500,3
2017-12-02,10000031,21924,699.99,699.99,699.99,1111,1
2017-12-02,10000031,21937,1200,1200,1200,4000,2
2017-12-02,10000031,22175,499999,499999,499999,2,2
2017-12-02,10000031,22177,499999,499999,499999,3,3
2017-12-02,10000031,22291,1320853.42,1103219.9,1407906.83,7,4
2017-12-02,10000031,22464,84000000,84000000,84000000,1,1
2017-12-02,10000031,22542,89262.67,88999,89999.95,19,6
2017-12-02,10000031,22544,410452081.25,400000000,420904162.49,2,2
2017-12-02,10000031,22546,313333333.33,299999999.99,320000000,3,3
2017-12-02,10000031,22576,47499.99,39999.99,54999.99,6,2
2017-12-02,10000031,22765,499999,499999,499999,3,1
2017-12-02,10000031,22778,149999.99,149999.99,149999.99,66,1
2017-12-02,10000031,22782,1999996.58,1999996.58,1999996.58,1,1
2017-12-02,10000031,23009,665.13,665.13,665.13,1160,2
2017-12-02,10000031,23035,799,799,799,1300,1
2017-12-02,10000031,23059,4345588.67,4345588,4345599.98,18,2
2017-12-02,10000031,23061,4450000,4268001.95,4500000,114,10
2017-12-02,10000031,23089,641499.99,641499.99,641499.99,4,1
2017-12-02,10000031,23527,317634.22,312000,330853.98,9,8
2017-12-02,10000031,23705,79000,79000,79000,5,1
2017-12-02,10000031,23707,100000,100000,100000,101,14
2017-12-02,10000031,23911,1150000000,1150000000,1150000000,1,1
2017-12-02,10000031,24241,199999,199999,199999,1,1
2017-12-02,10000031,24268,9500000,9500000,9500000,1,1
2017-12-02,10000031,24283,60000000,60000000,60000000,2,2
2017-12-02,10000031,24348,1641600,1627000,1700000,5,5
2017-12-02,10000031,24395,393332.93,299999,580000,15,8
2017-12-02,10000031,24417,1996564.5,1996564.49,1996564.5,6,2
2017-12-02,10000031,24427,1756536.08,1694582.31,1906002.82,7,5
2017-12-02,10000031,24438,1714424.62,1575294.08,1990000,7,5
2017-12-02,10000031,24443,1000000,1000000,1000000,2,1
2017-12-02,10000031,24488,230,230,230,31000,3
2017-12-02,10000031,24490,149,149,149,1000,1
2017-12-02,10000031,24495,175,175,175,7000,1
2017-12-02,10000031,24497,221.64,221.64,221.64,10029,6
2017-12-02,10000031,24501,124,124,124,51,1
2017-12-02,10000031,24531,700,700,700,3000,1
2017-12-02,10000031,24533,642.76,642.76,642.76,68150,1
2017-12-02,10000031,24702,40999400,40999400,40999400,1,1
2017-12-02,10000031,25565,190000,190000,190000,1,1
2017-12-02,10000031,25589,1001.13,1001.13,1001.13,6,1
2017-12-02,10000031,25593,2000.48,2000.48,2000.48,13,1
2017-12-02,10000031,25595,5000.22,5000.22,5000.22,2,1
2017-12-02,10000031,25598,6001.41,6001.41,6001.41,16,1
2017-12-02,10000031,25599,500.28,500.28,500.28,14,1
2017-12-02,10000031,25600,15001.21,15001.21,15001.21,210,2
2017-12-02,10000031,25601,4000.54,4000.54,4000.54,19,1
2017-12-02,10000031,25605,16003.37,16003.37,16003.37,8,1
2017-12-02,10000031,25861,139743.59,50000,145000,39,10
2017-12-02,10000031,25896,15400000,15400000,15400000,1,1
2017-12-02,10000031,25898,13300000,13300000,13300000,1,1
2017-12-02,10000031,26078,2000000,2000000,2000000,1,1
2017-12-02,10000031,26088,11114389.5,9800000,11990649.16,5,3
2017-12-02,10000031,26374,91200000,91200000,91200000,2,1
2017-12-02,10000031,26914,2499099.98,2499099.98,2499099.98,3,2
2017-12-02,10000031,26929,208333.16,149999.99,499999,12,3
2017-12-02,10000031,27127,849988.77,849988.77,849988.77,1,1
2017-12-02,10000031,27327,1.8,1.8,1.8,400,1
2017-12-02,10000031,27361,999.98,999.98,999.98,7000,2
2017-12-02,10000031,27371,1026.22,1026.22,1026.22,2000,1
2017-12-02,10000031,27381,1013.74,1013.74,1013.74,2170,2
2017-12-02,10000031,27387,1034.82,1034.82,1034.82,1647,1
2017-12-02,10000031,27395,3000,3000,3000,2600,2
2017-12-02,10000031,27419,1399,1399,1399,750,1
2017-12-02,10000031,28213,739000,739000,739000,2,1
2017-12-02,10000031,28215,1500000,1500000,1500000,4,2
2017-12-02,10000031,28334,1846.67,1846.67,1846.67,2500,2
2017-12-02,10000031,28336,599,599,599,1063,1
2017-12-02,10000031,28431,55000,55000,55000,1394,1
2017-12-02,10000031,28576,878431.11,850000,999999,51,12
2017-12-02,10000031,28656,94000000,94000000,94000000,1,1
2017-12-02,10000031,28668,44000,44000,44000,3318,8
2017-12-02,10000031,28756,49999999,49999999,49999999,2,2
2017-12-02,10000031,28758,40000000,40000000,40000000,1,1
2017-12-02,10000031,28999,75000,75000,75000,4,1
2017-12-02,10000031,29009,33333,21998.99,39000,3,2
2017-12-02,10000031,29011,179998.99,179998.99,179998.99,2,2
2017-12-02,10000031,30013,9899,9899,9899,42,4
2017-12-02,10000031,30028,150833.33,132500,160000,48,4
2017-12-02,10000031,30486,700000,700000,700000,8,1
2017-12-02,10000031,30488,666869.97,600449.4,1000000,42,5
2017-12-02,10000031,30554,7000000,7000000,7000000,1,1
2017-12-02,10000031,30653,2990000,2990000,2990000,1,1
2017-12-02,10000031,30832,1999999,1999999,1999999,1,1
2017-12-02,10000031,30834,1999999,1999999,1999999,1,1
2017-12-02,10000031,31053,36499999.99,36499999.99,36499999.99,2,1
2017-12-02,10000031,31055,3300000,3300000,3300000,4,2
2017-12-02,10000031,31059,22999979.9,22999979.9,22999979.9,2,1
2017-12-02,10000031,31083,977000,977000,977000,3,1
2017-12-02,10000031,31125,12785714.28,12699999.99,12999999.99,7,3
2017-12-02,10000031,31153,209499,209499,209499,5,2
2017-12-02,10000031,31159,516666.67,400000,750000,6,3
2017-12-02,10000031,31165,6010000,6010000,6010000,2,1
2017-12-02,10000031,31177,184999,184999,184999,1,1
2017-12-02,10000031,31201,799999.33,799999.33,799999.33,1,1
2017-12-02,10000031,31213,431666,399999,494999.99,3,2
2017-12-02,10000031,31274,250000,250000,250000,1,1
2017-12-02,10000031,31280,4799999.9,4799999.9,4799999.9,1,1
2017-12-02,10000031,31322,533998.84,533998.84,533998.84,3,2
2017-12-02,10000031,31358,889999.95,889999.95,889999.95,2,2
2017-12-02,10000031,31364,4999999,4999999,4999999,1,1
2017-12-02,10000031,31372,1717383.68,1717383.68,1717383.68,1,1
2017-12-02,10000031,31378,13624999.99,12874999.99,13999999.99,3,2
2017-12-02,10000031,31640,49999999.99,49999999.99,49999999.99,1,1
2017-12-02,10000031,31716,499999,499999,499999,2,2
2017-12-02,10000031,31718,748360.6,695555.49,783564,10,9
2017-12-02,10000031,31720,10000000,10000000,10000000,1,1
2017-12-02,10000031,31724,5449999.99,5449999.99,5449999.99,1,1
2017-12-02,10000031,31730,1026666.67,590000,1900000,9,5
2017-12-02,10000031,31734,3000000,3000000,3000000,1,1
2017-12-02,10000031,31736,5449999.99,5449999.99,5449999.99,1,1
2017-12-02,10000031,31742,930333.33,900000,991000,3,3
2017-12-02,10000031,31748,5999999.99,5999999.99,5999999.99,1,1
2017-12-02,10000031,31754,389999.95,350000,397999.93,6,6
2017-12-02,10000031,31790,2724905.71,2440000,2847773.7,24,14
2017-12-02,10000031,31792,55000000,55000000,55000000,6,4
2017-12-02,10000031,31794,8990900.9,8990900.9,8990900.9,3,2
2017-12-02,10000031,31796,30484848.14,24999999,33227272.72,3,3
2017-12-02,10000031,31798,650000000,650000000,650000000,1,1
2017-12-02,10000031,31812,25999999.99,25999999.99,25999999.99,3,1
2017-12-02,10000031,31884,2000000,2000000,2000000,2,1
2017-12-02,10000031,31892,2485716.62,2462744.97,2500000,49,15
2017-12-02,10000031,31894,5499999.99,5499999.99,5499999.99,20,2
2017-12-02,10000031,31900,129999999.99,129999999.99,129999999.99,2,1
2017-12-02,10000031,31932,58329999.96,54989999.89,59999999.99,3,2
2017-12-02,10000031,31942,99800000.02,99800000.02,99800000.02,1,1
2017-12-02,10000031,32006,189999,189999,189999,45,2
2017-12-02,10000031,32014,297102.47,287288.14,299999.94,21,3
2017-12-02,10000031,32043,4829999.99,4829999.99,4829999.99,6,3
2017-12-02,10000031,32047,41999999.99,41999999.99,41999999.99,2,1
2017-12-02,10000031,32342,6906249.71,6906249.71,6906249.71,18,1
2017-12-02,10000031,32780,1324999.48,1324999.48,1324999.48,1,1
2017-12-02,10000031,32872,3320000,3275000,3365000,2,2
2017-12-02,10000031,32880,283274.74,283274.74,283274.74,3,3
2017-12-02,10000031,33003,750000,750000,750000,3,1
2017-12-02,10000031,33007,110000,110000,110000,4,1
2017-12-02,10000031,33092,1000000,1000000,1000000,1,1
2017-12-02,10000031,33103,199994.29,199994.29,199994.29,2,2
2017-12-02,10000031,33176,209870,209870,209870,1,1
2017-12-02,10000031,33180,349999,349999,349999,1,1
2017-12-02,10000031,33270,500000,500000,500000,1,1
2017-12-02,10000031,33468,73999999.99,73999999.99,73999999.99,1,1
2017-12-02,10000031,33475,10893157.79,8500000,11249999.5,19,10
2017-12-02,10000031,33681,148750000.01,135000000,162500000.02,2,2
2017-12-02,10000031,33816,65000000,65000000,65000000,1,1
2017-12-02,10000031,33824,1926999.99,1899999.99,1990000,10,8
2017-12-02,10000031,33892,3999999.99,3999999.99,3999999.99,2,1
2017-12-02,10000031,34317,6025000,6025000,6025000,2,1
2017-12-02,10000031,34593,19000000,19000000,19000000,1,1
2017-12-02,10000031,35656,399000,399000,399000,1,1
2017-12-02,10000031,35657,200000,200000,200000,1,1
2017-12-02,10000031,35658,250000,250000,250000,2,2
2017-12-02,10000031,35659,29577.97,29577,29578.93,2,2
2017-12-02,10000031,35660,187930.43,54999.98,241102.61,7,3
2017-12-02,10000031,35661,600000,600000,600000,1,1
2017-12-02,10000031,35790,2100000,2099999.98,2100000,4,3
2017-12-02,10000031,35795,1999999,1999999,1999999,3,2
2017-12-02,10000031,40346,7999999,7999999,7999999,6,1
2017-12-02,10000031,40358,2000000,2000000,2000000,5,1
2017-12-02,10000031,40365,11000000,11000000,11000000,15,1
2017-12-02,10000031,40520,924913984.85,924913983.32,924913985.61,3,2
2017-12-02,10000031,40557,10799999.98,10799999.98,10799999.98,18,1
2017-12-02,10000031,40564,42000000,42000000,42000000,4,1
2017-12-02,10000031,40567,30999999,30999999,30999999,3,1
2017-12-02,10000031,40662,150000000,150000000,150000000,1,1
2017-12-02,10000031,41030,1000000000,1000000000,1000000000,2,1
2017-12-02,10000031,41155,25000,25000,25000,1,1
2017-12-02,10000031,41411,78800000.01,78800000.01,78800000.01,1,1
2017-12-02,10000031,41415,221500000,221500000,221500000,2,1
2017-12-02,10000031,41486,30000000,30000000,30000000,1,1
2017-12-02,10000031,41489,11999.99,11999.99,11999.99,100,1
2017-12-02,10000031,41490,1300899.97,1300899.97,1300899.97,15,1
2017-12-02,10000031,42244,80499999.5,80499999.5,80499999.5,1,1
2017-12-02,10000031,42529,1000000,1000000,1000000,4,2
2017-12-02,10000031,42694,1500,1500,1500,300,1
2017-12-02,10000031,42695,1500,1500,1500,300,1
2017-12-02,10000031,42696,1500,1500,1500,300,1
2017-12-02,10000031,42829,800,800,800,5300,3
2017-12-02,10000031,42830,800,800,800,12900,5
2017-12-02,10000031,42835,1500,1500,1500,725,2
2017-12-02,10000031,42838,800,800,800,300,1
2017-12-02,10000031,42840,800,800,800,300,1
2017-12-02,10000031,43551,5999999,5999999,5999999,5,2
2017-12-02,10000031,43556,3157499.98,2999999.99,3209999.99,4,4
2017-12-02,10000031,44992,2860205.39,2856101.01,2860205.39,1721,5
2017-12-02,10000031,45746,1500000,1500000,1500000,1,1
2017-12-02,10000031,45748,8000000,8000000,8000000,2,1
2017-12-02,10000031,46005,6000000,6000000,6000000,1,1
2017-12-02,10000031,46156,45000000,45000000,45000000,1,1
2017-12-02,10000031,46355,500000,500000,500000,2,1
2017-12-02,10000031,46356,1199999.99,1199999.99,1199999.99,5,1
2017-12-02,10000031,46365,472222.22,450000,500000,9,3
2017-12-02,10000031,46367,549999.99,500000,699999.96,16,3
2017-12-02,10000031,46369,483333.29,469999.93,500000,9,3
2017-12-02,10000031,46371,471999.55,429998.87,500000,10,3
2017-12-02,10000032,18,58,58,58,35027720,322
2017-12-02,10000032,19,0.1,0.1,0.1,75,1
2017-12-02,10000032,20,290,288,298,198071,50
2017-12-02,10000032,21,485.9,485.9,485.9,1248,1
2017-12-02,10000032,22,4342,4342,4342,6501,4
2017-12-02,10000032,34,4.85,4.85,4.85,530683344,628
2017-12-02,10000032,35,5,4.79,5.2,263126554,489
2017-12-02,10000032,36,60.99,59.32,62.44,69833012,399
2017-12-02,10000032,37,41.13,41.13,42.22,10308137,319
2017-12-02,10000032,38,359.86,359.79,359.88,2950022,339
2017-12-02,10000032,39,1116.77,1049.48,1116.86,1504293,261
2017-12-02,10000032,40,1237.99,1108.05,1238.99,820676,206
2017-12-02,10000032,41,0.02,0.02,0.02,10,1
2017-12-02,10000032,42,1354.29,325.01,1708.57,320,14
2017-12-02,10000032,43,329,329,329,790431,62
2017-12-02,10000032,44,11989.64,11989.64,11989.64,5500,4
2017-12-02,10000032,45,5.96,5.95,5.96,270,23
2017-12-02,10000032,178,1.15,1.15,1.15,6688,30
2017-12-02,10000032,179,9.09,9.09,9.09,16599,36
2017-12-02,10000032,180,0.23,0.23,0.23,1100,6
2017-12-02,10000032,181,8.22,8.22,8.22,5800,13
2017-12-02,10000032,182,2.5,2.49,8.25,3172,19
2017-12-02,10000032,183,22.81,22.81,22.81,1996068,40
2017-12-02,10000032,184,16.89,16.89,16.89,57367,37
2017-12-02,10000032,185,17.05,17.05,17.05,100104,39
2017-12-02,10000032,186,9.44,9.44,9.44,20600,11
2017-12-02,10000032,187,19.75,19.75,19.75,6700,8
2017-12-02,10000032,188,1.75,1.66,21.87,2100,11
2017-12-02,10000032,189,8.22,8.22,8.22,11531,18
2017-12-02,10000032,190,45,45,45,3940,17
2017-12-02,10000032,191,22.81,22.8,22.86,1500,14
2017-12-02,10000032,192,89.69,89.5,89.74,49790,19
2017-12-02,10000032,193,68.88,68.88,68.88,45367,20
2017-12-02,10000032,194,39.9,39.9,39.9,10800,6
2017-12-02,10000032,195,2.73,2.73,2.73,1124,10
2017-12-02,10000032,196,30,30,30,1600,6
2017-12-02,10000032,197,3.86,3.84,3.89,700,6
2017-12-02,10000032,198,139.99,139.99,139.99,10378,15
2017-12-02,10000032,199,95.8,95.8,95.8,1110,11
2017-12-02,10000032,200,244.34,244.34,244.34,30933,10
2017-12-02,10000032,201,140.1,140.1,140.1,18702,6
2017-12-02,10000032,202,80.33,80.33,336.82,12286,17
2017-12-02,10000032,203,84.09,84.08,243.99,13200,27
2017-12-02,10000032,204,219.99,219.99,219.99,20290,24
2017-12-02,10000032,205,93.84,93.84,93.84,8080,23
2017-12-02,10000032,206,13.57,13.57,85.17,26865,58
2017-12-02,10000032,207,46,46,46,20159,53
2017-12-02,10000032,208,83.99,83.99,83.99,58840,65
2017-12-02,10000032,209,44.99,44.99,44.99,97333,67
2017-12-02,10000032,210,11.04,6.01,12.45,102043,71
2017-12-02,10000032,211,18.44,18.44,18.44,43349,77
2017-12-02,10000032,212,7.1,7.1,15,40246,58
2017-12-02,10000032,213,18.67,7.03,18.67,38159,69
2017-12-02,10000032,215,5.68,5.68,5.68,246493,118
2017-12-02,10000032,216,5.79,5.79,5.79,757336,97
2017-12-02,10000032,217,5.95,5.94,5.99,358480,104
2017-12-02,10000032,218,8.22,4.3,8.23,49996,87
2017-12-02,10000032,219,0.55,0.55,0.55,150771,86
2017-12-02,10000032,220,5.53,0.55,5.53,249149,105
2017-12-02,10000032,221,0.55,0.55,0.55,171530,100
2017-12-02,10000032,222,18.1,18.09,18.1,3215908,383
2017-12-02,10000032,223,48.55,48.54,48.55,117119,70
2017-12-02,10000032,224,23.37,23.37,23.37,203406,67
2017-12-02,10000032,225,33,30,34.82,77631,75
2017-12-02,10000032,226,39,39,39,70364,61
2017-12-02,10000032,227,58.43,26.01,58.48,39126,61
2017-12-02,10000032,228,37.69,37.69,37.69,245527,61
2017-12-02,10000032,229,29.9,29.9,29.9,44691,47
2017-12-02,10000032,230,65.37,65.36,65.38,831094,159
2017-12-02,10000032,231,14.5,14.5,14.5,3420,13
2017-12-02,10000032,232,30.84,30.84,30.84,135190,19
2017-12-02,10000032,233,32.86,32.86,32.86,96317,22
2017-12-02,10000032,234,38.82,38.82,38.82,4502,19
2017-12-02,10000032,235,25.47,25.47,25.47,1700,11
2017-12-02,10000032,236,26.99,26.99,26.99,1300,11
2017-12-02,10000032,237,75.64,32.14,75.74,5200,17
2017-12-02,10000032,238,142.9,142.9,142.93,507680,39
2017-12-02,10000032,239,590.66,480.03,1000,56,34
2017-12-02,10000032,240,121.62,100,500,37,22
2017-12-02,10000032,241,420.07,420.07,420.07,435,25
2017-12-02,10000032,242,1111.05,225.12,2925.09,64,23
2017-12-02,10000032,243,1600.32,130.01,4699.96,31,18
2017-12-02,10000032,244,414.9,105.12,1684.99,51,31
2017-12-02,10000032,245,1063.79,904.21,1199.99,44,20
2017-12-02,10000032,246,2863.87,800.97,3200,80,39
2017-12-02,10000032,247,11351.98,3500.02,17999.89,45,18
2017-12-02,10000032,248,3719.55,1201.04,18201.02,27,13
2017-12-02,10000032,249,3289.54,800.12,7749.76,67,13
2017-12-02,10000032,250,2290.89,1563.18,9250.98,31,14
2017-12-02,10000032,251,2685.11,1671.03,6994.95,21,10
2017-12-02,10000032,252,6891.22,2200.38,27999.99,33,13
2017-12-02,10000032,253,5911.16,5000.01,9738,26,12
2017-12-02,10000032,254,2500.33,2500.33,2500.33,190,24
2017-12-02,10000032,255,55259.29,1015.68,78990.93,23,7
2017-12-02,10000032,256,912.63,124,1000.25,10,8
2017-12-02,10000032,257,158.6,158.6,158.6,1,1
2017-12-02,10000032,258,5251.13,2001.5,15000,4,3
2017-12-02,10000032,259,18199.14,2736.23,23997.77,11,4
2017-12-02,10000032,260,26999.78,1001.42,39999,18,6
2017-12-02,10000032,261,75457.09,10009.56,99999.92,22,5
2017-12-02,10000032,262,91739.98,26138.05,99999.98,43,10
2017-12-02,10000032,263,30.24,30.24,30.24,2751,24
2017-12-02,10000032,264,675.98,675.98,675.98,2204,13
2017-12-02,10000032,266,6.48,6.48,6.48,17358,43
2017-12-02,10000032,267,110.14,110.14,110.14,18418,11
2017-12-02,10000032,269,5.08,5.08,5.08,8239,25
2017-12-02,10000032,377,9000,9000,9000,382,59
2017-12-02,10000032,380,576588.29,350006.54,579998.75,47,40
2017-12-02,10000032,393,7062.5,4000,9500,8,6
2017-12-02,10000032,394,237500.08,160001,239999.99,32,22
2017-12-02,10000032,399,35649.85,29999.96,57700,41,23
2017-12-02,10000032,400,402151.47,368991,999999.99,19,17
2017-12-02,10000032,421,950000,950000,950000,1,1
2017-12-02,10000032,434,61000,60999.99,68544.59,109,77
2017-12-02,10000032,438,3063883.89,2702004.33,3099997.69,96,70
2017-12-02,10000032,439,10989.96,10989.95,11999.96,223,151
2017-12-02,10000032,440,4457842.09,4155671.66,4519916,59,54
2017-12-02,10000032,442,15847.7,2059.14,15989.98,27,24
2017-12-02,10000032,443,3110.5,3110,3110.99,2,2
2017-12-02,10000032,444,30943.7,25005,31998.94,34,19
2017-12-02,10000032,447,46234.22,40000,49555.55,37,22
2017-12-02,10000032,448,2019992.99,2019990.98,2019994,170,133
2017-12-02,10000032,451,19811.82,19811.82,19811.82,1,1
2017-12-02,10000032,452,65787.01,1901,77999.99,24,5
2017-12-02,10000032,453,27396.87,27396.87,27396.87,8,2
2017-12-02,10000032,454,36133.25,36000,36199.87,3,2
2017-12-02,10000032,455,12368.05,12368.05,12368.05,4,1
2017-12-02,10000032,457,106669.08,40007.2,185000,9,4
2017-12-02,10000032,460,30000,30000,30000,8,2
2017-12-02,10000032,463,1199999.99,1199999.99,1199999.99,8,1
2017-12-02,10000032,482,1074997.89,1069998.55,1074997.99,145,77
2017-12-02,10000032,483,9999,9999,9999,558,69
2017-12-02,10000032,484,7098.91,900,8498.83,24,10
2017-12-02,10000032,485,3840.88,1681.75,6000,2,2
2017-12-02,10000032,486,38993.76,38991.98,38995.81,28,7
2017-12-02,10000032,487,33204.44,4000,35587.36,27,7
2017-12-02,10000032,488,113544.57,99000,118998.79,22,6
2017-12-02,10000032,490,114482.14,100000,248441.97,41,2
2017-12-02,10000032,491,229998.9,229998.9,229998.9,2,1
2017-12-02,10000032,493,348990,348990,348990,4,1
2017-12-02,10000032,494,550000,549999.99,550000,6,2
2017-12-02,10000032,499,5200,5198,7999,354,13
2017-12-02,10000032,501,23608.23,5700.25,29928.9,23,7
2017-12-02,10000032,518,6999999.98,6999999.98,6999999.98,1,1
2017-12-02,10000032,519,1329983.9,1329977.87,1329983.95,158,65
2017-12-02,10000032,520,68043.36,35002.49,72999.5,23,13
2017-12-02,10000032,521,1500000,1500000,1500000,1,1
2017-12-02,10000032,522,4000000,4000000,4000000,1,1
2017-12-02,10000032,523,15525.11,10133.99,17390,76,63
2017-12-02,10000032,524,43124.99,38999.99,72000,8,8
2017-12-02,10000032,526,48162.18,22001,53999.95,82,51
2017-12-02,10000032,527,1589997.96,1589997.92,1589998.68,159,98
2017-12-02,10000032,530,21177.75,7401,29739.99,8,7
2017-12-02,10000032,533,12417.57,6001.08,44500,6,3
2017-12-02,10000032,561,2383.99,2383.98,2394,197,53
2017-12-02,10000032,562,22348.94,20797.69,26000,31,12
2017-12-02,10000032,563,23611.98,7777.77,23666.93,34,11
2017-12-02,10000032,564,27496.94,27496.89,27496.95,170,40
2017-12-02,10000032,565,48950,37500,49992.32,139,58
2017-12-02,10000032,566,270000,130000,290000,24,7
2017-12-02,10000032,567,27615.38,25000,42000,13,4
2017-12-02,10000032,568,328600,220000,495000,20,8
2017-12-02,10000032,569,299999.86,170000,369999.78,20,7
2017-12-02,10000032,570,231774.37,150150.98,344899.99,42,11
2017-12-02,10000032,574,600205.06,600205.06,600205.06,3,1
2017-12-02,10000032,575,1500000,1500000,1500000,8,2
2017-12-02,10000032,577,61999.29,3000.01,96998.78,7,7
2017-12-02,10000032,578,79000,79000,79000,134,95
2017-12-02,10000032,581,150000,150000,150000,1,1
2017-12-02,10000032,583,370415.66,261246.97,425000,12,5
2017-12-02,10000032,584,357437,357437,357437,1,1
2017-12-02,10000032,585,317896.39,316240.98,319000,5,5
2017-12-02,10000032,586,379182.26,211004.88,395000,11,9
2017-12-02,10000032,587,327817.03,265500.5,341998,19,14
2017-12-02,10000032,588,21009.04,20000,22018.08,2,2
2017-12-02,10000032,589,208636.75,110000,328725,8,8
2017-12-02,10000032,591,405294.88,75000,468312,4,4
2017-12-02,10000032,592,161889.35,80003.08,172500,26,21
2017-12-02,10000032,593,383668.47,132121.39,413996.99,80,72
2017-12-02,10000032,594,394246.8,311001,425489,59,48
2017-12-02,10000032,596,24678.98,400.02,97514.87,4,4
2017-12-02,10000032,597,440971.16,347499.5,461664.99,12,9
2017-12-02,10000032,598,400000,400000,400000,1,1
2017-12-02,10000032,599,231499.5,200000,262999,2,2
2017-12-02,10000032,601,8836.67,305,26000,9,9
2017-12-02,10000032,602,420127.42,330985.23,424974,20,11
2017-12-02,10000032,603,420891.47,410000.01,430749.98,21,14
2017-12-02,10000032,605,333276.08,300000,338454,24,19
2017-12-02,10000032,606,1001.41,1.03,9900,26,25
2017-12-02,10000032,607,378388.89,347499.99,390000,85,74
2017-12-02,10000032,608,261302.13,249999.99,296949.9,65,52
2017-12-02,10000032,609,373947.8,333899.96,435000,23,12
2017-12-02,10000032,620,6399999.99,3200000,7999999.99,3,3
2017-12-02,10000032,621,8644221.98,7520000,9206999.99,9,9
2017-12-02,10000032,622,9983685.56,9950000,9997999.99,7,7
2017-12-02,10000032,623,9669177.75,8023500.01,11148999.99,5,5
2017-12-02,10000032,624,11235999.98,11126999.99,11562999.94,4,4
2017-12-02,10000032,625,8170499.99,8169999.99,8170999.98,2,2
2017-12-02,10000032,626,9795999.99,9795999.99,9795999.99,135,78
2017-12-02,10000032,627,8924016.33,7761688.48,9189999.98,27,27
2017-12-02,10000032,628,9148425,9148425,9148425,8,7
2017-12-02,10000032,629,9949871.67,9949869.84,9949879,5,5
2017-12-02,10000032,630,8500000,8500000,8500000,1,1
2017-12-02,10000032,632,7079600,6502000.01,7297999.99,5,5
2017-12-02,10000032,633,6637504.5,6035009,7240000,2,2
2017-12-02,10000032,634,7009206.4,4415005.05,7999999.97,7,6
2017-12-02,10000032,638,153863279.28,142022000.01,159998999.99,7,7
2017-12-02,10000032,639,159996494.98,159995999.99,159996989.97,2,2
2017-12-02,10000032,640,144999979.98,144999979.98,144999979.98,1,1
2017-12-02,10000032,641,152499999.5,151999999,153000000,2,2
2017-12-02,10000032,642,157999998,157999998,157999998,1,1
2017-12-02,10000032,643,180999996.66,177999995,187000000,3,3
2017-12-02,10000032,644,139498499.99,138997999.99,139998999.99,2,2
2017-12-02,10000032,645,160875622.41,147003040.54,169998963.98,8,8
2017-12-02,10000032,648,791251.52,557503.04,1025000,4,4
2017-12-02,10000032,649,1235723.72,851700.17,1405471.5,6,6
2017-12-02,10000032,650,516737.19,330008.11,724998.77,38,34
2017-12-02,10000032,651,899999.99,899999.99,899999.99,2,2
2017-12-02,10000032,652,1113247.04,556000.18,1298994.99,4,4
2017-12-02,10000032,653,775900.7,755000,800000,6,6
2017-12-02,10000032,654,1326547.78,1295208.87,1604999.99,7,7
2017-12-02,10000032,655,1097052.43,803506.55,1128980.99,16,13
2017-12-02,10000032,656,1251094.22,1002000.12,1267796.83,30,29
2017-12-02,10000032,657,1661638.42,1547000,1899999.9,47,47
2017-12-02,10000032,672,21243.3,14999,22123.67,18,17
2017-12-02,10000032,684,5349978,5349978,5349978,1,1
2017-12-02,10000032,685,5122288.83,5122288.83,5122288.83,1,1
2017-12-02,10000032,691,3900000,3900000,3900000,1,1
2017-12-02,10000032,785,92720,92720,92720,1,1
2017-12-02,10000032,786,60000,60000,60000,1,1
2017-12-02,10000032,790,999960,999960,999960,1,1
2017-12-02,10000032,803,5400000,5400000,5400000,1,1
2017-12-02,10000032,807,3071589.64,3071589.64,3071589.64,2,2
2017-12-02,10000032,808,3057588.79,3057588.79,3057588.79,2,2
2017-12-02,10000032,809,2466513.83,2466513.83,2466513.83,2,2
2017-12-02,10000032,811,150000,150000,150000,6,6
2017-12-02,10000032,812,160000,160000,160000,6,6
2017-12-02,10000032,813,180000,180000,180000,6,6
2017-12-02,10000032,814,140000,140000,140000,6,6
2017-12-02,10000032,880,30000,30000,30000,1,1
2017-12-02,10000032,882,50000,50000,50000,6,2
2017-12-02,10000032,883,60000,60000,60000,7,3
2017-12-02,10000032,884,70000,70000,70000,6,2
2017-12-02,10000032,885,80000,80000,80000,7,3
2017-12-02,10000032,886,100000,100000,100000,6,2
2017-12-02,10000032,939,2525000,2525000,2525000,3,2
2017-12-02,10000032,940,2825000,2825000,2825000,6,5
2017-12-02,10000032,941,2825000,2825000,2825000,1,1
2017-12-02,10000032,946,2500000,2500000,2500000,1,1
2017-12-02,10000032,949,5199987.25,5199987.25,5199987.25,1,1
2017-12-02,10000032,954,2306250,212500,2725000,6,6
2017-12-02,10000032,955,2125000,2125000,2125000,5,5
2017-12-02,10000032,956,2325000,2325000,2325000,3,2
2017-12-02,10000032,972,82250000,82250000,82250000,1,1
2017-12-02,10000032,985,3100000,3100000,3100000,1,1
2017-12-02,10000032,989,3425000,3425000,3425000,2,2
2017-12-02,10000032,990,6000000,6000000,6000000,1,1
2017-12-02,10000032,991,4287500,4287500,4287500,2,2
2017-12-02,10000032,992,11250000,11250000,11250000,3,3
2017-12-02,10000032,1010,49920,49920,49920,3,2
2017-12-02,10000032,1067,316360,316360,316360,3,3
2017-12-02,10000032,1072,64500,64500,64500,3,3
2017-12-02,10000032,1079,394240,394240,394240,1,1
2017-12-02,10000032,1113,60000,60000,60000,1,1
2017-12-02,10000032,1114,90000,90000,90000,1,1
2017-12-02,10000032,1116,150000,150000,150000,1,1
2017-12-02,10000032,1117,600000,600000,600000,1,1
2017-12-02,10000032,1118,200000,200000,200000,2,2
2017-12-02,10000032,1119,1200000,1200000,1200000,3,3
2017-12-02,10000032,1120,900000,900000,900000,2,2
2017-12-02,10000032,1121,1500000,1500000,1500000,1,1
2017-12-02,10000032,1128,281240,281240,281240,2,2
2017-12-02,10000032,1129,750000,750000,750000,1,1
2017-12-02,10000032,1130,20000,20000,20000,3,3
2017-12-02,10000032,1131,30000,30000,30000,1,1
2017-12-02,10000032,1132,40000,40000,40000,1,1
2017-12-02,10000032,1133,50000,50000,50000,2,2
2017-12-02,10000032,1136,80000,80000,80000,1,1
2017-12-02,10000032,1137,100000,100000,100000,15,15
2017-12-02,10000032,1139,110000,110000,110000,1,1
2017-12-02,10000032,1140,150000,150000,150000,2,2
2017-12-02,10000032,1144,325000,325000,325000,1,1
2017-12-02,10000032,1145,400000,400000,400000,16,16
2017-12-02,10000032,1148,400000,400000,400000,2,2
2017-12-02,10000032,1150,600000,600000,600000,1,1
2017-12-02,10000032,1151,700000,700000,700000,1,1
2017-12-02,10000032,1152,800000,800000,800000,1,1
2017-12-02,10000032,1153,1000000,1000000,1000000,7,7
2017-12-02,10000032,1162,2499899.99,2499899.99,2499899.99,1,1
2017-12-02,10000032,1163,3000000,3000000,3000000,2,2
2017-12-02,10000032,1164,1500000,1500000,1500000,1,1
2017-12-02,10000032,1166,2997999.99,2997999.99,2997999.99,1,1
2017-12-02,10000032,1167,2999000,2999000,2999000,1,1
2017-12-02,10000032,1168,2997999.99,2997999.99,2997999.99,1,1
2017-12-02,10000032,1182,72784.39,1305,78999.99,25,25
2017-12-02,10000032,1183,624999.77,624999.77,624999.82,103,85
2017-12-02,10000032,1185,24361.89,5111.48,24949.99,28,24
2017-12-02,10000032,1186,100000,100000,100000,1,1
2017-12-02,10000032,1195,39385.95,10000.04,41999,52,38
2017-12-02,10000032,1198,223999,223999,223999,1,1
2017-12-02,10000032,1201,37984.66,26003.03,55742,78,28
2017-12-02,10000032,1202,2440.01,2440.01,2440.01,4,1
2017-12-02,10000032,1204,49740,49740,49740,1,1
2017-12-02,10000032,1214,5000000,5000000,5000000,7,2
2017-12-02,10000032,1220,45000,45000,45000,6,6
2017-12-02,10000032,1224,42.23,42.23,42.23,1810,7
2017-12-02,10000032,1226,401.04,401.04,401.04,30948,8
2017-12-02,10000032,1227,50.01,50.01,50.01,767428,58
2017-12-02,10000032,1228,16.03,16.03,16.53,6991270,116
2017-12-02,10000032,1229,1500,1500,1500,135,2
2017-12-02,10000032,1230,13.03,12.93,13.06,23127086,236
2017-12-02,10000032,1231,350,350,350,2203,5
2017-12-02,10000032,1232,903,903,903,446,2
2017-12-02,10000032,1236,794748.55,416000.41,799969.97,48,38
2017-12-02,10000032,1242,239000,239000,239000,62,1
2017-12-02,10000032,1244,6547.84,4205.32,11999,54,30
2017-12-02,10000032,1246,23016.36,22998,23200,11,6
2017-12-02,10000032,1248,1161722.88,645008.82,1199998,29,18
2017-12-02,10000032,1256,597991.52,597991.52,597991.52,5,3
2017-12-02,10000032,1266,277995.99,270000,279999.99,5,5
2017-12-02,10000032,1272,400000,400000,400000,1,1
2017-12-02,10000032,1274,60000,60000,60000,2,2
2017-12-02,10000032,1275,49740,49740,49740,1,1
2017-12-02,10000032,1285,49740,49740,49740,1,1
2017-12-02,10000032,1286,113800.26,5501.06,149900,4,4
2017-12-02,10000032,1295,49740,49740,49740,1,1
2017-12-02,10000032,1296,107795.28,26196.13,134994.99,4,4
2017-12-02,10000032,1304,20637.85,15.01,24899.99,14,10
2017-12-02,10000032,1306,332008.94,280000.02,339987.99,60,47
2017-12-02,10000032,1317,948,947.99,948.99,339,51
2017-12-02,10000032,1318,16640,16640,16640,1,1
2017-12-02,10000032,1319,582000.99,452002,582001.03,435,127
2017-12-02,10000032,1333,18991.25,18990,18995,8,4
2017-12-02,10000032,1335,279898.53,279898.53,279898.53,146,52
2017-12-02,10000032,1353,13146.86,5508.86,14799.69,11,9
2017-12-02,10000032,1355,1055516.39,555086.62,1199998.84,20,17
2017-12-02,10000032,1403,61479.79,1308.84,64999.75,73,34
2017-12-02,10000032,1405,643794.52,643746.99,643795,298,152
2017-12-02,10000032,1419,5439989.56,5439989.56,5439989.56,1,1
2017-12-02,10000032,1422,882497.41,650024.87,904995.92,96,41
2017-12-02,10000032,1436,4064333.58,807002.03,4994999.73,9,9
2017-12-02,10000032,1445,25000,25000,25000,12,3
2017-12-02,10000032,1447,626572.17,499001.03,636997.63,54,29
2017-12-02,10000032,1537,267007.34,267007.34,267007.34,1,1
2017-12-02,10000032,1539,23444.54,19994.99,33000,11,9
2017-12-02,10000032,1541,1111990.36,1089757.72,3200000,56,44
2017-12-02,10000032,1551,1.01,1.01,1.01,1,1
2017-12-02,10000032,1557,1.01,1.01,1.01,1,1
2017-12-02,10000032,1810,8.67,8.66,29,6689,34
2017-12-02,10000032,1814,3.11,3.11,3.11,389940,27
2017-12-02,10000032,1816,12.45,12.45,12.48,30837,29
2017-12-02,10000032,1818,70,54,76.68,22598,24
2017-12-02,10000032,1820,40,40,40,27200,37
2017-12-02,10000032,1822,5.1,5.1,5.1,14491,36
2017-12-02,10000032,1824,146.92,50.05,146.92,19929,37
2017-12-02,10000032,1826,250,250,404.53,9484,15
2017-12-02,10000032,1828,148.31,148.31,148.31,900,8
2017-12-02,10000032,1830,199.99,199.99,199.99,3296,11
2017-12-02,10000032,1832,105.1,105.1,105.1,2400,12
2017-12-02,10000032,1855,999998.99,999998.99,999999,6,4
2017-12-02,10000032,1875,8502.68,3203.21,35000,6,3
2017-12-02,10000032,1877,1000003.8,1000003.8,1000003.8,379,43
2017-12-02,10000032,1944,1219516.29,350913.48,1436667,5,5
2017-12-02,10000032,1949,243000,243000,243000,1,1
2017-12-02,10000032,1952,1461010.81,1301000.37,1479986.74,88,53
2017-12-02,10000032,1956,159999.99,159999.99,159999.99,1,1
2017-12-02,10000032,1957,136745.67,130000,138994.23,4,4
2017-12-02,10000032,1963,100,100,100,1,1
2017-12-02,10000032,1969,1839989,1839989,1839989,8,4
2017-12-02,10000032,1973,63797.59,63000,63999.99,5,4
2017-12-02,10000032,1977,40278.75,38999.99,43399.97,55,52
2017-12-02,10000032,1978,1409794.69,1278000.01,1439997.64,59,34
2017-12-02,10000032,1986,16875.13,7500.5,20000,8,8
2017-12-02,10000032,1987,1107373.71,1030000,1299997,12,7
2017-12-02,10000032,1998,53740.84,1777.77,66731.61,5,5
2017-12-02,10000032,1999,1071902.98,900003.9,1089997.66,63,38
2017-12-02,10000032,2006,9987494.97,9950000,9999989.95,4,4
2017-12-02,10000032,2018,49055.34,44999.99,136000.15,18,14
2017-12-02,10000032,2020,279994,279994,279994,6,2
2017-12-02,10000032,2024,1597855.24,1100003.02,1609998,42,23
2017-12-02,10000032,2032,559995.99,559995.99,559995.99,226,131
2017-12-02,10000032,2038,1096667.85,830012.12,1149998.99,18,17
2017-12-02,10000032,2046,8499,8499,8499,8009,122
2017-12-02,10000032,2047,50000,50000,50000,1,1
2017-12-02,10000032,2048,528896.59,528882.57,528997.82,651,479
2017-12-02,10000032,2050,319999969.93,319999969.93,319999969.93,1,1
2017-12-02,10000032,2073,0.02,0.02,0.02,29849,1
2017-12-02,10000032,2078,48749887.47,40000000,57499774.94,2,2
2017-12-02,10000032,2082,193279015.17,158116080.72,204999989.99,4,4
2017-12-02,10000032,2103,26000,26000,26000,1,1
2017-12-02,10000032,2104,947000,947000,947000,1,1
2017-12-02,10000032,2108,69999.99,69999.99,69999.99,4,3
2017-12-02,10000032,2109,1419898.98,1419898.98,1419898.98,7,3
2017-12-02,10000032,2117,2129307.01,2000000,2399996.05,39,11
2017-12-02,10000032,2161,378571.42,349999.98,400000,7,3
2017-12-02,10000032,2173,14560.26,14560.25,22936.79,180,65
2017-12-02,10000032,2174,1700000,1700000,1700000,10,10
2017-12-02,10000032,2175,1124998.95,1124998.95,1124998.95,112,25
2017-12-02,10000032,2183,22996,22996,22996,3366,171
2017-12-02,10000032,2184,1800000,1800000,1800000,10,10
2017-12-02,10000032,2185,984999.95,900000,984999.99,961,140
2017-12-02,10000032,2193,84499.92,58510.84,85000,132,39
2017-12-02,10000032,2194,6000000,6000000,6000000,8,3
2017-12-02,10000032,2195,2006776.32,1752000,2022499.97,67,16
2017-12-02,10000032,2203,2260,2260,2260,5308,160
2017-12-02,10000032,2204,200000,200000,200000,8,8
2017-12-02,10000032,2205,424999.97,424949.99,425000,426,79
2017-12-02,10000032,2254,130201.7,81000,174599,78,11
2017-12-02,10000032,2267,1.1,1.1,1.1,284992,2
2017-12-02,10000032,2268,1.04,1.04,1.04,14900,1
2017-12-02,10000032,2272,2.4,2.4,2.4,12000,1
2017-12-02,10000032,2281,2594999.92,2594998.99,2595000,358,169
2017-12-02,10000032,2291,70000,70000,70000,6,6
2017-12-02,10000032,2293,90000,90000,90000,2,2
2017-12-02,10000032,2295,63415.56,13662.24,80000,4,4
2017-12-02,10000032,2297,2400623.65,2500,3199998,16,12
2017-12-02,10000032,2299,2621152.75,1250000.02,2799998.98,26,19
2017-12-02,10000032,2301,2223651.55,1800001.54,2239997.93,46,41
2017-12-02,10000032,2303,2433060.45,2399997,2586534.64,27,18
2017-12-02,10000032,2305,25,25,25,652898,1
2017-12-02,10000032,2306,6.25,6.25,6.25,3000000,1
2017-12-02,10000032,2307,6.5,6.5,6.5,2000000,1
2017-12-02,10000032,2308,2.54,2.54,2.54,894368,1
2017-12-02,10000032,2310,0.85,0.85,0.85,12000,1
2017-12-02,10000032,2312,13699.97,13699.97,13699.97,5865,4
2017-12-02,10000032,2317,8500.57,8500.57,8500.57,75,1
2017-12-02,10000032,2319,9100,9100,9100,11318,8
2017-12-02,10000032,2321,28500,28500,28500,23000,7
2017-12-02,10000032,2327,14502.27,14502.27,14502.27,580,1
2017-12-02,10000032,2328,10081.09,10025,11498.93,45320,24
2017-12-02,10000032,2329,7103.48,7103.48,7103.48,290,1
2017-12-02,10000032,2331,109451.55,109446.98,109478.99,7,4
2017-12-02,10000032,2333,2029783.47,1327149.22,2689999.91,49,44
2017-12-02,10000032,2341,572503.86,155008.74,989998.99,6,4
2017-12-02,10000032,2345,100000,100000,100000,846,2
2017-12-02,10000032,2348,80001.47,80001.47,80001.47,21,1
2017-12-02,10000032,2349,103004.41,103004.41,103004.41,70,2
2017-12-02,10000032,2351,109584.41,78000,109999.99,77,4
2017-12-02,10000032,2352,164687.43,159999,164999.99,16,3
2017-12-02,10000032,2355,599999.99,599999.99,600000,6,4
2017-12-02,10000032,2361,110002.63,110002.63,110002.63,1,1
2017-12-02,10000032,2363,30000,30000,30000,3,3
2017-12-02,10000032,2364,1298442.62,1269987.58,1474999.99,71,32
2017-12-02,10000032,2367,158989.98,158989.98,158989.98,378,3
2017-12-02,10000032,2389,390.84,390.84,390.84,148610,14
2017-12-02,10000032,2390,490,490,490,228892,8
2017-12-02,10000032,2392,500.11,500.07,500.11,63724,6
2017-12-02,10000032,2393,369.94,369.94,369.94,176105,6
2017-12-02,10000032,2395,840.07,840.05,998.94,97460,6
2017-12-02,10000032,2396,378.82,378.82,378.82,79860,9
2017-12-02,10000032,2397,820.07,820.07,820.07,39103,5
2017-12-02,10000032,2398,400,372.09,458.89,348477,22
2017-12-02,10000032,2399,889,800,889.93,159961,19
2017-12-02,10000032,2400,424.86,424.86,424.86,164415,14
2017-12-02,10000032,2401,999.97,999.97,999.97,120359,12
2017-12-02,10000032,2403,11017532.66,7500000,13959247.7,13,12
2017-12-02,10000032,2404,1158007.01,1158007.01,1158007.03,175,27
2017-12-02,10000032,2406,1200685.77,1000000,1898778.89,53,18
2017-12-02,10000032,2410,1334998.68,1111626.59,1334998.71,126,33
2017-12-02,10000032,2420,4449999.95,2500001.33,5099999.5,16,6
2017-12-02,10000032,2436,2185030.61,1900013.44,2197985.92,46,13
2017-12-02,10000032,2444,44399.98,44355.55,48899.59,255,38
2017-12-02,10000032,2445,7000000,7000000,7000000,8,3
2017-12-02,10000032,2446,1794000,1790000,1794000,196,46
2017-12-02,10000032,2454,3525.19,3474.99,3525.44,3490,382
2017-12-02,10000032,2455,250000,250000,250000,13,9
2017-12-02,10000032,2456,381999.92,335004.84,381999.97,2928,294
2017-12-02,10000032,2463,6601.8,6601.8,6601.8,12125,9
2017-12-02,10000032,2464,2707,2056,2898,399,122
2017-12-02,10000032,2465,300000,300000,300000,10,10
2017-12-02,10000032,2466,449992.85,449992.85,449992.85,194,33
2017-12-02,10000032,2476,34613.2,24917.01,34649.05,135,49
2017-12-02,10000032,2477,4000000,4000000,4000000,8,3
2017-12-02,10000032,2478,1520002.01,1520002.01,1520002.01,191,8
2017-12-02,10000032,2486,5205,5205,5600,781,134
2017-12-02,10000032,2487,400000,400000,400000,9,9
2017-12-02,10000032,2488,499998.99,450000,4733983.99,630,70
2017-12-02,10000032,2495,701935.35,500000,1199348.88,23,23
2017-12-02,10000032,2505,742641.07,500000,995914.34,39,24
2017-12-02,10000032,2506,149.99,149.99,149.99,19070,13
2017-12-02,10000032,2508,63.86,63.86,63.86,500,5
2017-12-02,10000032,2510,274.9,274.9,274.9,7380,17
2017-12-02,10000032,2512,3.5,3.5,3.5,119767,38
2017-12-02,10000032,2513,35000,35000,35000,6,6
2017-12-02,10000032,2514,7.64,7.64,7.64,2699,17
2017-12-02,10000032,2515,40000,40000,40000,6,3
2017-12-02,10000032,2516,2.5,2.5,2.5,12390,41
2017-12-02,10000032,2517,50000,50000,50000,6,6
2017-12-02,10000032,2524,81000.01,81000.01,81000.01,186,25
2017-12-02,10000032,2525,166378.04,81000,166378.04,131,16
2017-12-02,10000032,2529,37000,37000,37000,1,1
2017-12-02,10000032,2531,612994.49,536000.01,689988.96,2,2
2017-12-02,10000032,2533,81000,81000,81000,215,19
2017-12-02,10000032,2534,81000.01,81000.01,81000.01,223,22
2017-12-02,10000032,2537,49899,49899,49899,1,1
2017-12-02,10000032,2539,1596295.49,1000006.03,1699998,27,27
2017-12-02,10000032,2547,762112.23,596010.39,894993.7,9,9
2017-12-02,10000032,2549,81000.01,81000.01,81000.01,174,18
2017-12-02,10000032,2550,81000.01,81000.01,81000.01,109,11
2017-12-02,10000032,2551,81000,81000,81000,101,12
2017-12-02,10000032,2553,1045628.22,761000,1099846.89,50,40
2017-12-02,10000032,2559,2199998.93,2199998.91,2199998.93,6,5
2017-12-02,10000032,2563,2596871.99,2499998.99,2599996.93,32,8
2017-12-02,10000032,2567,2299562.17,1261000,2398472.85,23,8
2017-12-02,10000032,2571,2262496.75,2199999,2299995,8,7
2017-12-02,10000032,2575,1989996.08,1989988.89,1989998.99,7,6
2017-12-02,10000032,2589,199999989.99,199999984.99,199999995,3,3
2017-12-02,10000032,2603,6896.39,5000,7848,90,25
2017-12-02,10000032,2605,327979.73,327978.63,327980.85,206,142
2017-12-02,10000032,2613,291.04,230.99,291.04,94914,27
2017-12-02,10000032,2621,585.42,585.42,585.42,57787,11
2017-12-02,10000032,2629,699.96,650,737.97,93240,19
2017-12-02,10000032,2637,880.95,880.95,880.95,6000,2
2017-12-02,10000032,2647,140.73,140.73,140.73,1500,2
2017-12-02,10000032,2655,1199.99,1199.99,1199.99,5000,1
2017-12-02,10000032,2679,197.4,197.4,197.4,273667,22
2017-12-02,10000032,2801,1433.99,1433.99,1433.99,6100,3
2017-12-02,10000032,2811,852.85,852.85,852.85,2624,2
2017-12-02,10000032,2817,75.68,52.44,75.72,16632,6
2017-12-02,10000032,2867,1800000,1800000,1800000,43,2
2017-12-02,10000032,2868,2539015.55,2539015.55,2539015.55,38,1
2017-12-02,10000032,2869,1089004.19,1089004.17,1089004.2,39,2
2017-12-02,10000032,2870,1099999,1099999,1099999,140,4
2017-12-02,10000032,2871,1481000.03,1481000.03,1481000.03,77,1
2017-12-02,10000032,2872,2439216.22,2400000.67,2649999.77,51,2
2017-12-02,10000032,2873,717000.04,650000.1,770000.09,40,9
2017-12-02,10000032,2876,2200000.08,2200000.08,2200000.08,244,7
2017-12-02,10000032,2881,555000.11,380000.75,589999.98,24,11
2017-12-02,10000032,2889,949996.84,949996.84,949996.84,184,20
2017-12-02,10000032,2897,1902607.4,1203001.3,1989997.98,92,23
2017-12-02,10000032,2905,300000.39,300000.39,300000.39,4,1
2017-12-02,10000032,2913,1839238.72,1799999.99,1989994.82,11,6
2017-12-02,10000032,2921,1850222.28,1200000.33,1997999.99,27,5
2017-12-02,10000032,2929,3891635.6,3338000.25,4149998.86,22,5
2017-12-02,10000032,2937,2399998,2399998,2399998,14,4
2017-12-02,10000032,2945,3599999,3599999,3599999,6,1
2017-12-02,10000032,2961,5299992.33,5299990,5299996.99,36,4
2017-12-02,10000032,2969,2795084.38,1807788.03,2999993.96,64,14
2017-12-02,10000032,2977,1335002.19,838008.07,1689997.99,12,6
2017-12-02,10000032,2993,862308.37,30007.12,1000000,13,6
2017-12-02,10000032,2998,66539611.46,62476313.4,69999658.26,9,9
2017-12-02,10000032,3001,689998.93,689998.93,689998.93,208,6
2017-12-02,10000032,3025,2149998,2149998,2149998,6,1
2017-12-02,10000032,3033,1009500.94,750003.78,1095999.99,24,8
2017-12-02,10000032,3039,599899999.95,599899999.95,599899999.95,1,1
2017-12-02,10000032,3041,737579.06,410009.02,789990.25,29,14
2017-12-02,10000032,3057,7499949.78,7499949.78,7499949.78,4,1
2017-12-02,10000032,3065,5329628.17,5329628.17,5329628.17,16,4
2017-12-02,10000032,3074,1104874.8,900007.92,1124998.92,56,16
2017-12-02,10000032,3082,2299998.6,2299998.6,2299998.6,155,28
2017-12-02,10000032,3090,5256688.57,4860125.01,5349998,21,5
2017-12-02,10000032,3098,901004.89,901004.86,901005,44,10
2017-12-02,10000032,3106,2366665.66,2299998.99,2499998.99,15,5
2017-12-02,10000032,3114,2538187.02,1707000.03,3369999,16,4
2017-12-02,10000032,3122,3998589.99,3998589.99,3998589.99,6,1
2017-12-02,10000032,3125,9999999.97,9999999.97,9999999.97,2,2
2017-12-02,10000032,3130,2999833.78,2999833.7,2999833.9,17,5
2017-12-02,10000032,3136,9999869.85,9999869.85,9999869.85,1,1
2017-12-02,10000032,3138,1958961.15,1600088.3,1998989.9,50,12
2017-12-02,10000032,3141,10000000,10000000,10000000,1,1
2017-12-02,10000032,3146,1797777,1797777,1797777,157,34
2017-12-02,10000032,3149,7000000,7000000,7000000,1,1
2017-12-02,10000032,3154,5699311.82,5699283.82,5699344.48,13,3
2017-12-02,10000032,3162,760461.5,351439.71,814997.74,34,9
2017-12-02,10000032,3170,692438.1,552001,749970.26,72,32
2017-12-02,10000032,3178,949999.55,949999,949999.59,186,49
2017-12-02,10000032,3184,1999819.66,1600000,2950987.08,17,17
2017-12-02,10000032,3186,4488938.32,3999869.65,5195969,38,12
2017-12-02,10000032,3194,120000000,120000000,120000000,1,1
2017-12-02,10000032,3198,340099999.99,140200000,539999999.98,2,2
2017-12-02,10000032,3218,599999999.66,599999999,599999999.99,3,2
2017-12-02,10000032,3223,124999999,124999999,124999999,1,1
2017-12-02,10000032,3238,124999995.12,124999995.12,124999995.12,2,2
2017-12-02,10000032,3241,135000000,135000000,135000000,1,1
2017-12-02,10000032,3242,36570.41,36440.94,42777.77,49,9
2017-12-02,10000032,3244,1586487.86,1586485.9,1586488,105,75
2017-12-02,10000032,3256,8461969.69,8457959.92,8469989.25,3,3
2017-12-02,10000032,3265,9191510.82,5001000,9889925.95,7,7
2017-12-02,10000032,3285,1747488.51,1499999,1994978.02,4,3
2017-12-02,10000032,3293,15000,15000,15000,3,2
2017-12-02,10000032,3296,23312.39,5000,29999.8,24,8
2017-12-02,10000032,3297,10998.53,10998.53,10998.55,26,7
2017-12-02,10000032,3301,28000,20000,60000,15,15
2017-12-02,10000032,3302,24033.05,20000,29074.34,9,9
2017-12-02,10000032,3303,24099.99,20000,60999.93,10,10
2017-12-02,10000032,3304,141616.64,100000,178999.99,42,42
2017-12-02,10000032,3305,163636.32,100000,449999.77,11,11
2017-12-02,10000032,3306,214305.41,100000,557221.63,4,4
2017-12-02,10000032,3307,2399997.97,2000000,3999989.83,5,5
2017-12-02,10000032,3308,2149417.14,2000000,5388587.49,11,11
2017-12-02,10000032,3309,2660478.24,2000000,3981434.71,3,3
2017-12-02,10000032,3310,39500,39000,40000,4,4
2017-12-02,10000032,3311,80000,80000,80000,2,2
2017-12-02,10000032,3312,60000,60000,60000,2,2
2017-12-02,10000032,3315,1227133.33,1000000,1681399.98,9,9
2017-12-02,10000032,3316,70000,70000,70000,3,3
2017-12-02,10000032,3317,100000,100000,100000,6,6
2017-12-02,10000032,3318,82000.11,80000,92000.65,6,6
2017-12-02,10000032,3319,46240.69,20000,177444.14,6,6
2017-12-02,10000032,3320,15776.17,10000,22995.86,18,17
2017-12-02,10000032,3321,27857.71,20000,49991,14,13
2017-12-02,10000032,3322,43665.26,25000,52997.9,6,6
2017-12-02,10000032,3323,28478.26,24000,30000,23,23
2017-12-02,10000032,3324,138116.99,100000,183819.33,11,11
2017-12-02,10000032,3325,979095.81,400000,1413417.67,7,6
2017-12-02,10000032,3326,350000,350000,350000,4,4
2017-12-02,10000032,3327,16760,14000,19519.99,2,2
2017-12-02,10000032,3328,87137.9,40000,228997.73,65,48
2017-12-02,10000032,3329,48332.66,40000,64997.99,9,9
2017-12-02,10000032,3330,58746.5,40000,99988.82,32,23
2017-12-02,10000032,3331,109332.94,40000,195999.12,18,18
2017-12-02,10000032,3332,556779.14,500000,999995.77,59,55
2017-12-02,10000032,3333,1037634.1,500000,1844085.26,10,10
2017-12-02,10000032,3334,545108.78,500000,979840.57,44,21
2017-12-02,10000032,3335,788888.74,500000,1199999.88,9,9
2017-12-02,10000032,3336,4247140.17,4000000,4889588.42,18,17
2017-12-02,10000032,3337,5632680.33,4000000,6998697.67,6,6
2017-12-02,10000032,3338,5083309.13,4000000,9999859.76,12,12
2017-12-02,10000032,3339,6744979.96,4000000,9489959.91,4,4
2017-12-02,10000032,3340,337240.5,300000,448959.99,20,8
2017-12-02,10000032,3341,349999.95,300000,499999.8,8,8
2017-12-02,10000032,3342,412499.87,300000,1199998.97,8,8
2017-12-02,10000032,3343,1124958.59,300000,2499892.91,8,8
2017-12-02,10000032,3347,5500000000,5500000000,5500000000,1,1
2017-12-02,10000032,3348,22495.75,20000,29999.99,33,33
2017-12-02,10000032,3349,104166.67,75000,249999.99,6,6
2017-12-02,10000032,3350,100000,100000,100000,6,6
2017-12-02,10000032,3351,687250.42,400000,974500.85,8,8
2017-12-02,10000032,3352,933329.85,400000,1999989.54,3,3
2017-12-02,10000032,3354,3115885.37,2500000,4347656.12,12,11
2017-12-02,10000032,3355,22096.08,20000,47997.75,27,27
2017-12-02,10000032,3356,73350,60000,149000,20,20
2017-12-02,10000032,3357,194498.28,180000,248999.89,26,26
2017-12-02,10000032,3358,166659.07,100000,499954.4,6,6
2017-12-02,10000032,3359,222979.77,200000,498737.47,26,26
2017-12-02,10000032,3361,200000,200000,200000,14,14
2017-12-02,10000032,3363,27692.38,20000,120000.98,39,20
2017-12-02,10000032,3368,40000,40000,40000,2,2
2017-12-02,10000032,3373,1199999,1199999,1199999,1,1
2017-12-02,10000032,3380,20000,20000,20000,3,3
2017-12-02,10000032,3385,47021.31,8000.06,50000,24,23
2017-12-02,10000032,3387,139818.82,17005.04,150000,22,22
2017-12-02,10000032,3388,99644.87,51004.02,100000,14,14
2017-12-02,10000032,3389,280617.86,280000,422948.81,10,10
2017-12-02,10000032,3393,31178.23,30000,47999.96,17,16
2017-12-02,10000032,3394,164882.99,164877.98,164888,2,2
2017-12-02,10000032,3395,80000,80000,80000,5,5
2017-12-02,10000032,3396,2000000,2000000,2000000,7,7
2017-12-02,10000032,3397,1675000,1000000,2350000,2,2
2017-12-02,10000032,3400,100000000,100000000,100000000,1,1
2017-12-02,10000032,3402,20000,20000,20000,1,1
2017-12-02,10000032,3403,300000,300000,300000,9,9
2017-12-02,10000032,3405,43181.78,25000,124999.79,22,22
2017-12-02,10000032,3406,347359.78,300000,584999.56,13,13
2017-12-02,10000032,3408,17127168.11,15000000,19254336.22,2,2
2017-12-02,10000032,3409,629948.33,350000,1399806.48,15,15
2017-12-02,10000032,3410,492327.82,450000,584000,24,24
2017-12-02,10000032,3411,94859.54,75000,120999.91,5,5
2017-12-02,10000032,3412,450000,450000,450000,6,6
2017-12-02,10000032,3413,20000,20000,20000,2,2
2017-12-02,10000032,3416,55687.48,35000,124999.95,32,32
2017-12-02,10000032,3417,40800,40000,43999.98,5,5
2017-12-02,10000032,3418,215499.85,170000,498498.98,7,7
2017-12-02,10000032,3419,170000,170000,170000,3,3
2017-12-02,10000032,3420,210000,210000,210000,3,3
2017-12-02,10000032,3421,146464.2,130000,435355.66,18,18
2017-12-02,10000032,3422,137773.59,80000,238999.98,14,14
2017-12-02,10000032,3423,97845.86,75000,148998.76,26,26
2017-12-02,10000032,3424,130999.75,79000,286999,4,4
2017-12-02,10000032,3425,117833.33,84000,287000,6,6
2017-12-02,10000032,3426,20000,20000,20000,2,2
2017-12-02,10000032,3427,166291.89,120000,188887.54,9,9
2017-12-02,10000032,3428,102174.75,88000,144698.99,4,4
2017-12-02,10000032,3429,100000,100000,100000,5,5
2017-12-02,10000032,3430,749999.49,500000,999998.99,6,6
2017-12-02,10000032,3431,70000,60000,75000,3,3
2017-12-02,10000032,3432,99999.83,99999.5,100000,6,6
2017-12-02,10000032,3433,126800,100000,301000,15,15
2017-12-02,10000032,3434,112727.23,80000,199999.84,22,22
2017-12-02,10000032,3435,150000,149999.99,150000,2,2
2017-12-02,10000032,3436,20015.04,20000,20090.24,12,8
2017-12-02,10000032,3437,50419.56,40000,86888,9,9
2017-12-02,10000032,3438,58800.24,40000,120725.06,22,17
2017-12-02,10000032,3439,222277.2,200000,600989.64,18,18
2017-12-02,10000032,3440,532104,220000,975969.71,17,17
2017-12-02,10000032,3441,408856.76,380000,450999,21,20
2017-12-02,10000032,3442,524374.91,500000,599999.61,40,40
2017-12-02,10000032,3443,20665.65,20000,21996.96,3,3
2017-12-02,10000032,3444,218999.98,100000,389999.95,10,10
2017-12-02,10000032,3446,139608.7,100000,299999.85,23,23
2017-12-02,10000032,3447,8871752.47,7500000,12987009.88,4,4
2017-12-02,10000032,3449,20000,20000,20000,2,2
2017-12-02,10000032,3450,31665.93,22500,49997.8,3,3
2017-12-02,10000032,3451,48461.48,30000,89999.82,13,13
2017-12-02,10000032,3452,54294.08,40000,120999.81,34,33
2017-12-02,10000032,3453,25300,25000,27999.98,10,10
2017-12-02,10000032,3454,339000,339000,339000,4,4
2017-12-02,10000032,3455,37272.65,30000,51817.96,6,6
2017-12-02,10000032,3456,10000000,10000000,10000000,6,6
2017-12-02,10000032,3465,119124,119124,119124,15,2
2017-12-02,10000032,3466,54123.67,16001.39,58888.95,9,5
2017-12-02,10000032,3467,23500,23500,23500,408,8
2017-12-02,10000032,3488,809851.92,700000.03,829824.99,26,25
2017-12-02,10000032,3496,1830534.32,1455005.12,1869986.41,50,42
2017-12-02,10000032,3504,3636994.1,2490000,4449989.48,24,19
2017-12-02,10000032,3512,2277271.31,2099998.96,2399998,44,8
2017-12-02,10000032,3520,2145451.58,2100000,2149998,44,13
2017-12-02,10000032,3528,58468.68,33508.03,67123.45,23,20
2017-12-02,10000032,3529,400000,400000,400000,2,2
2017-12-02,10000032,3530,1484972.05,1484972.01,1484972.11,127,83
2017-12-02,10000032,3534,650000000,650000000,650000000,1,1
2017-12-02,10000032,3538,193332.65,179998.98,220000,3,2
2017-12-02,10000032,3540,1958287.47,1406001.4,2183287.95,21,16
2017-12-02,10000032,3551,36000,36000,36000,1,1
2017-12-02,10000032,3552,420.54,420.54,420.54,1050,5
2017-12-02,10000032,3554,799.98,799.98,799.98,3393,20
2017-12-02,10000032,3555,1000000,1000000,1000000,1,1
2017-12-02,10000032,3566,23271.88,14899.95,31994.5,13,12
2017-12-02,10000032,3568,1037261.83,900005.87,1040899.99,40,35
2017-12-02,10000032,3576,78999.99,78999.99,78999.99,1,1
2017-12-02,10000032,3578,2233233.49,1899500.78,2400000,30,15
2017-12-02,10000032,3588,430000,430000,430000,1,1
2017-12-02,10000032,3596,38500,38500,38500,1,1
2017-12-02,10000032,3608,1294997.94,1294997.94,1294997.94,3,1
2017-12-02,10000032,3643,119.6,119.6,119.6,125,8
2017-12-02,10000032,3645,448.68,400.29,449.5,332913,142
2017-12-02,10000032,3647,238.14,235.24,299.59,612762,55
2017-12-02,10000032,3651,322.13,285,450,8,8
2017-12-02,10000032,3653,87400,85000,89000,5,5
2017-12-02,10000032,3655,3499885.85,3499885.84,3499885.85,3,3
2017-12-02,10000032,3663,1134.74,1134.74,1134.74,1,1
2017-12-02,10000032,3665,500005.01,500005.01,500005.01,1,1
2017-12-02,10000032,3673,0.3,0.3,0.3,290,14
2017-12-02,10000032,3683,336,336,336,151140,21
2017-12-02,10000032,3685,470,470,470,430395,19
2017-12-02,10000032,3687,793.13,793.13,793.13,3090675,73
2017-12-02,10000032,3689,9989.98,9989.97,9999.99,43852,22
2017-12-02,10000032,3691,11000,11000,11000,6116,8
2017-12-02,10000032,3693,12299.52,9002.25,12390,10445,10
2017-12-02,10000032,3695,9985.84,9985.84,9985.84,5650,7
2017-12-02,10000032,3699,58.84,58.56,58.85,267236,21
2017-12-02,10000032,3703,12,12,12,120,9
2017-12-02,10000032,3705,12,12,12,170,12
2017-12-02,10000032,3707,66.29,12,202,70,7
2017-12-02,10000032,3709,12,12,12,110,8
2017-12-02,10000032,3711,71.33,12,101,30,3
2017-12-02,10000032,3713,3500.06,3500.06,3500.06,198,6
2017-12-02,10000032,3715,92.89,90.7,115.56,547100,44
2017-12-02,10000032,3717,100,55,100,190,17
2017-12-02,10000032,3719,1003,1003,1003,190,10
2017-12-02,10000032,3723,4230.8,500.03,49000,26,3
2017-12-02,10000032,3725,16385,16385,16385,8640,2
2017-12-02,10000032,3731,400000,400000,400000,1,1
2017-12-02,10000032,3732,7999926.59,7999779.78,8000000,3,3
2017-12-02,10000032,3756,55177992.17,50734051.15,57569436.95,20,18
2017-12-02,10000032,3767,2300000,2300000,2300000,1,1
2017-12-02,10000032,3771,155.14,155.14,155.14,6,6
2017-12-02,10000032,3775,11501.01,11501.01,11501.01,1585,2
2017-12-02,10000032,3777,656.1,656.1,656.1,180,14
2017-12-02,10000032,3779,770.3,770.3,770.3,51212,5
2017-12-02,10000032,3810,250,250,250,380,16
2017-12-02,10000032,3812,190,190,190,37903,19
2017-12-02,10000032,3814,1,1,1,419,8
2017-12-02,10000032,3818,59,59,59,30,2
2017-12-02,10000032,3820,12,12,12,40,3
2017-12-02,10000032,3822,15.98,12,19.95,60,6
2017-12-02,10000032,3824,12,12,12,110,8
2017-12-02,10000032,3826,79.5,12,120,80,6
2017-12-02,10000032,3828,10860,10860,10860,63430,28
2017-12-02,10000032,3829,28860.57,28860.57,28860.58,119,71
2017-12-02,10000032,3830,2799999.85,2799999.85,2799999.85,1,1
2017-12-02,10000032,3831,709994.84,709994.8,709994.88,123,80
2017-12-02,10000032,3839,90232.53,50000.01,96948.97,29,15
2017-12-02,10000032,3841,1379998.95,1379949.98,1379998.99,256,128
2017-12-02,10000032,3887,28039.54,28006.77,29999,29,17
2017-12-02,10000032,3888,1553864.41,751012.03,1639998.93,44,34
2017-12-02,10000032,3893,38657272.28,36690000,38985480.99,7,7
2017-12-02,10000032,3894,33604373.93,33604369.93,33604379.94,5,5
2017-12-02,10000032,3895,24623492.49,24499989.98,24995989.98,8,8
2017-12-02,10000032,3898,15992990.5,15985984.99,15999996,4,3
2017-12-02,10000032,3947,380000,380000,380000,1,1
2017-12-02,10000032,3962,159999994.98,159999989.98,159999999.98,2,2
2017-12-02,10000032,3981,449999.98,449999.98,449999.98,1,1
2017-12-02,10000032,3989,2083331.67,2049999,2099998,36,4
2017-12-02,10000032,3993,828974.98,799999.98,915899.99,8,3
2017-12-02,10000032,4025,21001.01,21000.01,59000,189,129
2017-12-02,10000032,4027,51000.09,51000.01,96654.85,247,149
2017-12-02,10000032,4051,23988.97,23988.97,23988.97,94874,19
2017-12-02,10000032,4246,22174.97,21604,22175,130670,28
2017-12-02,10000032,4247,21900,21900,21900,69804,20
2017-12-02,10000032,4250,2243312.7,1801509.92,2279996.76,35,20
2017-12-02,10000032,4254,1013865.55,1000000,1099998.85,30,20
2017-12-02,10000032,4258,1794260.79,1003000.35,1829950,24,19
2017-12-02,10000032,4260,1599972.15,1100013.62,1899947.36,8,8
2017-12-02,10000032,4296,3600000.03,3600000.03,3600000.03,1,1
2017-12-02,10000032,4308,67187500.01,61999999.99,69100000.03,8,8
2017-12-02,10000032,4310,56699999.98,54999999.9,56999999.99,20,10
2017-12-02,10000032,4312,20649,20649,20649,117704,34
2017-12-02,10000032,4348,669882968.92,669882968.92,669882968.92,1,1
2017-12-02,10000032,4349,385999781.72,384999862.9,387999603.86,6,6
2017-12-02,10000032,4358,1000,1000,1000,10,1
2017-12-02,10000032,4383,1704695.3,1400009.45,1800009.39,32,29
2017-12-02,10000032,4385,4839856.48,4500000,5999519.2,10,10
2017-12-02,10000032,4391,151276.89,1500,169999,9,7
2017-12-02,10000032,4393,64755.54,64755.54,64755.54,254,85
2017-12-02,10000032,4395,424789.14,419778.09,659999.99,47,34
2017-12-02,10000032,4396,750000,750000,750000,1,1
2017-12-02,10000032,4397,1690140.87,1690140.87,1690140.87,2,2
2017-12-02,10000032,4398,1250000,1250000,1250000,1,1
2017-12-02,10000032,4399,6140399.95,6139999.97,6141999.89,10,6
2017-12-02,10000032,4403,482990.87,482990.87,979982.97,130,74
2017-12-02,10000032,4405,1269999.88,1269999.88,1269999.88,474,217
2017-12-02,10000032,4409,70669.17,6003.75,200000,6,6
2017-12-02,10000032,4411,600000,600000,600000,5,5
2017-12-02,10000032,4435,68881.53,4114.08,185000,63,47
2017-12-02,10000032,4471,61476.11,8119.32,93499.99,54,38
2017-12-02,10000032,4477,64377.38,6901.07,97164.97,81,32
2017-12-02,10000032,4529,574.9,452,1600,52,39
2017-12-02,10000032,4531,1179.26,42.57,6400,50,39
2017-12-02,10000032,4533,177704.55,100001.36,207972.46,25,24
2017-12-02,10000032,4535,68999.67,8500.01,189998.99,3,3
2017-12-02,10000032,4569,894.96,151.13,15999.98,21,15
2017-12-02,10000032,4571,9662.5,4004.08,31999,17,12
2017-12-02,10000032,4573,239883.59,15148.78,308000,35,33
2017-12-02,10000032,4575,45169.6,16525,159747.98,5,5
2017-12-02,10000032,4609,5237.57,4324.46,20000,17,14
2017-12-02,10000032,4611,4519.04,2702.09,22693.99,11,10
2017-12-02,10000032,4613,6123.4,3314.1,6524.77,8,7
2017-12-02,10000032,4615,4010.22,4010.15,4010.56,10,7
2017-12-02,10000032,4787,12249.66,703.09,39999,67,50
2017-12-02,10000032,4829,52149.34,3200.01,296895.99,6,6
2017-12-02,10000032,4831,1875,1750,7500,46,34
2017-12-02,10000032,4833,194549.09,14000.35,234996.99,78,38
2017-12-02,10000032,4835,3925,3600,7500,24,20
2017-12-02,10000032,4871,22756.55,1501.36,68000,52,32
2017-12-02,10000032,5007,31466.67,22200,50000,3,3
2017-12-02,10000032,5009,415.96,0.01,502.02,35,27
2017-12-02,10000032,5011,408863.4,260000.01,460000,22,22
2017-12-02,10000032,5013,4127.7,1500,27777,10,9
2017-12-02,10000032,5047,35691.49,33536.8,54000,19,7
2017-12-02,10000032,5049,37000.34,37000.01,37001,21,8
2017-12-02,10000032,5051,30225.16,20022.73,64997,26,19
2017-12-02,10000032,5053,39594.27,21999,40201,30,15
2017-12-02,10000032,5087,779.29,610,908,14,13
2017-12-02,10000032,5089,791.2,676.32,2499,45,32
2017-12-02,10000032,5091,1127.38,500,6100,8,7
2017-12-02,10000032,5093,900.01,900.01,900.01,121,68
2017-12-02,10000032,5137,3000.02,3000.02,3000.02,130,82
2017-12-02,10000032,5141,3300,3300,3300,131,90
2017-12-02,10000032,5175,0.01,0.01,0.01,1,1
2017-12-02,10000032,5177,800.01,800.01,800.01,3,3
2017-12-02,10000032,5179,2302.03,2301.99,2302.11,3,3
2017-12-02,10000032,5181,1017.07,1017.07,1017.07,3,3
2017-12-02,10000032,5215,838.46,0.01,1000,13,10
2017-12-02,10000032,5217,679.56,83.01,850,18,13
2017-12-02,10000032,5219,83726.46,6800,153000.02,19,12
2017-12-02,10000032,5221,1054.47,0.01,1230.21,7,6
2017-12-02,10000032,5239,2800.41,2800.41,2800.41,174,97
2017-12-02,10000032,5245,8045.61,1201.24,14498.07,95,65
2017-12-02,10000032,5279,7563.94,5250.01,54999.5,43,30
2017-12-02,10000032,5281,1772.29,1765.7,1900,54,39
2017-12-02,10000032,5282,3573.9,3425,4000,50,31
2017-12-02,10000032,5299,6750,6750,6750,64,49
2017-12-02,10000032,5301,4025,3750,6625,90,63
2017-12-02,10000032,5302,17999.99,17999.99,17999.99,512,67
2017-12-02,10000032,5319,5750,5750,5750,59,48
2017-12-02,10000032,5320,4366.13,4250,7250,93,46
2017-12-02,10000032,5321,59245.59,0.01,199999.99,68,34
2017-12-02,10000032,5322,8783.38,5000,24848,78,42
2017-12-02,10000032,5339,3505.48,3504.7,3505.5,51,33
2017-12-02,10000032,5340,2802.33,5.01,3017.51,14,14
2017-12-02,10000032,5342,2861.1,50,3001.65,21,17
2017-12-02,10000032,5361,3052.31,3003.4,6898.98,50,34
2017-12-02,10000032,5363,1534.86,1501.3,1750,44,30
2017-12-02,10000032,5365,2646.16,2300.01,14799.99,39,33
2017-12-02,10000032,5399,10749.99,10749.99,10749.99,1051,80
2017-12-02,10000032,5403,6331.12,1001,20999.99,84,58
2017-12-02,10000032,5405,18499.83,9300,18499.83,201,65
2017-12-02,10000032,5439,8750.03,8750.03,8750.04,159,107
2017-12-02,10000032,5443,56005.65,56001.07,56008.06,153,95
2017-12-02,10000032,5445,10000.02,10000.02,10000.02,159,98
2017-12-02,10000032,5493,104211.51,17515.53,145229.99,34,27
2017-12-02,10000032,5533,61000.01,61000.01,61000.01,267,58
2017-12-02,10000032,5599,38809.95,13600.03,65999.8,30,21
2017-12-02,10000032,5631,25521.1,5079.01,54999,21,17
2017-12-02,10000032,5647,5.02,5.02,5.02,4,4
2017-12-02,10000032,5649,24523.42,535.13,72499.99,3,3
2017-12-02,10000032,5683,94002,94002,94002,12,10
2017-12-02,10000032,5693,244999.67,22000,487999,6,5
2017-12-02,10000032,5697,103788.23,103104.01,124999,32,14
2017-12-02,10000032,5719,94813.57,77220.35,130000,3,3
2017-12-02,10000032,5721,95227.83,95227.83,95227.83,51,33
2017-12-02,10000032,5723,85118.93,85116,85119.18,25,23
2017-12-02,10000032,5743,1000,1000,1000,3,3
2017-12-02,10000032,5745,898.75,0.01,990.6,43,37
2017-12-02,10000032,5747,2314.44,625.33,29499.99,35,27
2017-12-02,10000032,5755,103021,103021,103021,38,18
2017-12-02,10000032,5757,102450.21,100000,102504,46,22
2017-12-02,10000032,5759,105331.6,105331,105333.33,31,17
2017-12-02,10000032,5839,1534953.42,1534953.42,1534953.42,180,87
2017-12-02,10000032,5849,106234,23020,181999.95,34,25
2017-12-02,10000032,5865,25.1,25.1,25.1,10,8
2017-12-02,10000032,5867,1500,1500,1500,22,10
2017-12-02,10000032,5869,112.18,0.01,120.01,46,35
2017-12-02,10000032,5933,89998.99,89998.99,89999.98,131,28
2017-12-02,10000032,5945,328968.28,325008.6,399000,75,37
2017-12-02,10000032,5955,92182.01,92182.01,92182.01,152,54
2017-12-02,10000032,5971,12500.87,12500.85,28499.97,236,143
2017-12-02,10000032,5973,443000,270007.64,459978.98,331,243
2017-12-02,10000032,5975,4500.14,4500.14,4500.16,161,79
2017-12-02,10000032,6001,20000,10000.34,35993.95,251,173
2017-12-02,10000032,6003,4753,4752.12,47499,157,100
2017-12-02,10000032,6005,4300.2,4300.2,4300.21,151,88
2017-12-02,10000032,6073,16827.9,10900.11,29000,50,34
2017-12-02,10000032,6131,3739.22,2200,9599.99,92,46
2017-12-02,10000032,6135,13529.18,804,45798.97,22,18
2017-12-02,10000032,6159,2000,2000,2000,121,63
2017-12-02,10000032,6160,6600,6600,6600,207,76
2017-12-02,10000032,6173,15438.64,5605.01,33951.97,53,28
2017-12-02,10000032,6176,2378.88,0.1,2378.88,104,38
2017-12-02,10000032,6296,505.13,505.13,505.13,124,67
2017-12-02,10000032,6325,5509.58,4010,39999.93,24,9
2017-12-02,10000032,6437,107917.12,11777.88,144899.95,19,18
2017-12-02,10000032,6439,1560.01,600.01,6000.01,5,5
2017-12-02,10000032,6441,52549.15,2777.77,64991.99,5,5
2017-12-02,10000032,6443,2090.97,500.08,7500,22,15
2017-12-02,10000032,6485,2301.79,1760,10000,84,51
2017-12-02,10000032,6527,898.03,898.03,898.03,242,64
2017-12-02,10000032,6569,1000.7,1000.69,11899.98,120,81
2017-12-02,10000032,6631,1.01,1.01,1.01,15,9
2017-12-02,10000032,6633,841.66,710.1,1850,21,13
2017-12-02,10000032,6635,123111.63,101002,220000,9,7
2017-12-02,10000032,6637,21998.75,0.01,87994.95,8,6
2017-12-02,10000032,6671,32169.68,1510.54,47777.77,10,9
2017-12-02,10000032,6673,4138.67,1208,10000,3,3
2017-12-02,10000032,6675,341668.17,163004,699500,6,6
2017-12-02,10000032,6677,60,0.01,100,5,5
2017-12-02,10000032,6715,81013.07,3041.54,119998.83,3,3
2017-12-02,10000032,6717,5083.35,5000.01,5500.03,6,5
2017-12-02,10000032,6719,1399999.98,1399999.98,1399999.98,21,4
2017-12-02,10000032,6721,75273.43,501,299990,4,4
2017-12-02,10000032,6757,120999.99,119999.99,124999.98,5,2
2017-12-02,10000032,6759,1033,1033,1033,2,2
2017-12-02,10000032,6761,560000.02,560000.02,560000.02,1,1
2017-12-02,10000032,6805,263666.7,1000.13,394999.99,3,3
2017-12-02,10000032,6807,11320.03,11320.03,11320.03,2,2
2017-12-02,10000032,6809,8577989.75,4411981,9999988.99,4,4
2017-12-02,10000032,6811,3499960,3499960,3499960,5,4
2017-12-02,10000032,6859,112278.48,13221.1,227991.5,11,9
2017-12-02,10000032,6861,49685.32,542,88999.97,9,6
2017-12-02,10000032,6863,2268500.02,900002.87,3299497.95,8,6
2017-12-02,10000032,6865,106003.25,106003.15,106003.27,5,5
2017-12-02,10000032,6919,29549.01,22100.01,43000,11,9
2017-12-02,10000032,6921,17007,17007,17007,9,8
2017-12-02,10000032,6923,378560.72,142011,580067.95,15,9
2017-12-02,10000032,6925,12100,12100,12100,2,2
2017-12-02,10000032,6959,9509.43,9500.01,9516.96,9,7
2017-12-02,10000032,6961,37916.51,33500.01,59999,18,14
2017-12-02,10000032,6963,645960.88,320000,898999.99,37,19
2017-12-02,10000032,6965,17656.66,17000,29500,16,9
2017-12-02,10000032,6999,37019.23,37019.23,37019.23,3,3
2017-12-02,10000032,7001,63017.92,25544.79,88000,5,5
2017-12-02,10000032,7003,18921.26,18920.81,18922.82,9,3
2017-12-02,10000032,7043,150008.96,150008.96,150008.96,14,6
2017-12-02,10000032,7045,166007.56,166007.56,166007.56,17,10
2017-12-02,10000032,7047,111000,111000,111000,3,3
2017-12-02,10000032,7049,127087.68,127087.68,127087.68,7,4
2017-12-02,10000032,7083,6650,6650,6650,1,1
2017-12-02,10000032,7085,166031.41,166000,166036.34,7,7
2017-12-02,10000032,7087,365592.75,228003.74,399990,35,10
2017-12-02,10000032,7123,248915.24,208297.98,257039.12,6,6
2017-12-02,10000032,7125,225000,225000,225000,13,9
2017-12-02,10000032,7127,76257.19,76257.19,76257.19,3,1
2017-12-02,10000032,7131,257707.08,257707.08,257707.08,12,9
2017-12-02,10000032,7167,355000,355000,355000,11,10
2017-12-02,10000032,7169,333006.39,333006.39,333006.39,7,5
2017-12-02,10000032,7171,542923.08,375000,649000,13,8
2017-12-02,10000032,7173,300000,300000,300000,8,6
2017-12-02,10000032,7247,1563683.41,870132.41,1670122,53,29
2017-12-02,10000032,7249,23524.71,1780,125000,17,9
2017-12-02,10000032,7251,26928.32,6699.99,59699.99,43,26
2017-12-02,10000032,7253,48284.76,48284.04,48285,4,4
2017-12-02,10000032,7287,520630.07,408252.29,579989.53,88,37
2017-12-02,10000032,7289,28655.9,3777.87,49399.66,75,35
2017-12-02,10000032,7291,32383.84,5000,94000,56,39
2017-12-02,10000032,7293,134026.73,1777.96,185189.91,38,21
2017-12-02,10000032,7327,432183.56,311000.87,469999.99,30,14
2017-12-02,10000032,7329,9366.67,100,14000,3,3
2017-12-02,10000032,7331,29830,29490,30000,9,8
2017-12-02,10000032,7333,67571.65,46000,78999.98,21,11
2017-12-02,10000032,7367,1545686.99,1080888.76,1545886,138,74
2017-12-02,10000032,7369,51424.84,40125.02,96000,58,32
2017-12-02,10000032,7371,37419.09,36182.36,67500,81,45
2017-12-02,10000032,7373,99714.58,30000.06,176000,55,33
2017-12-02,10000032,7407,75158.48,75158.48,75158.48,2,2
2017-12-02,10000032,7409,28012.02,28012.01,28012.02,6,6
2017-12-02,10000032,7411,60968.08,29361.61,88997,15,7
2017-12-02,10000032,7413,21630.47,21630.27,21630.57,3,3
2017-12-02,10000032,7447,628364.55,299963.88,1120972.5,5,4
2017-12-02,10000032,7449,360002.01,360002.01,360002.01,8,8
2017-12-02,10000032,7451,301008.68,301008.68,301008.68,11,9
2017-12-02,10000032,7453,344011.83,344011.83,344011.83,4,4
2017-12-02,10000032,7487,571340.54,300634.02,837914.18,68,33
2017-12-02,10000032,7489,2778,2778,2778,18,14
2017-12-02,10000032,7491,4975.8,3511,12964.2,28,22
2017-12-02,10000032,7493,57152.44,5201,104999.5,13,11
2017-12-02,10000032,7535,393999.99,220009.01,394996.91,120,51
2017-12-02,10000032,7537,177735.12,3801.01,379479.97,97,43
2017-12-02,10000032,7539,7980.42,1781,9995,63,36
2017-12-02,10000032,7541,34423.59,12500,61988.98,66,32
2017-12-02,10000032,7579,1769997.88,1500000,1999999.92,101,50
2017-12-02,10000032,7581,60706.27,2406.15,108899.97,69,43
2017-12-02,10000032,7583,38809.78,11005.06,339995,94,43
2017-12-02,10000032,7585,448287.8,295504.29,579999.97,93,47
2017-12-02,10000032,7619,2430224.34,750227.04,2550223.96,30,11
2017-12-02,10000032,7621,23393.85,16021.6,75000,8,4
2017-12-02,10000032,7623,22483.23,2517,62415.69,12,5
2017-12-02,10000032,7625,667,1.01,1000,3,3
2017-12-02,10000032,7663,520358.02,379745.18,554998.88,79,22
2017-12-02,10000032,7665,25252.5,25000,26000,8,6
2017-12-02,10000032,7667,16407.33,111,48999.98,3,3
2017-12-02,10000032,7669,44994.04,12001.32,72950,15,9
2017-12-02,10000032,7703,494460.85,420066.17,646997.73,14,12
2017-12-02,10000032,7705,14695.01,11914.54,15005.1,10,9
2017-12-02,10000032,7707,36223.75,29000.01,48000,34,22
2017-12-02,10000032,7709,21125.2,1000,24000.31,8,8
2017-12-02,10000032,7743,147004.44,147004.44,147004.44,7,7
2017-12-02,10000032,7745,150208.92,150208.92,150208.92,8,5
2017-12-02,10000032,7747,158007.7,158005.01,158008.04,9,9
2017-12-02,10000032,7749,150107.32,150107.32,150107.32,8,8
2017-12-02,10000032,7783,211002,211002,211002,2,1
2017-12-02,10000032,7785,225000,225000,225000,7,6
2017-12-02,10000032,7787,225000,225000,225000,10,9
2017-12-02,10000032,7789,253002.82,253002.01,253003,11,11
2017-12-02,10000032,7827,173000.01,173000,173000.01,4,4
2017-12-02,10000032,7829,206061,206061,206061,4,3
2017-12-02,10000032,7831,206028.92,206028.92,206028.92,12,9
2017-12-02,10000032,7997,72689.13,6005,249999.99,25,14
2017-12-02,10000032,8001,7500,7500,7500,2,2
2017-12-02,10000032,8007,112013.8,11280.09,125000,74,13
2017-12-02,10000032,8023,14295.08,5000,38998.98,20,13
2017-12-02,10000032,8025,4183.06,305.1,79000.05,20,18
2017-12-02,10000032,8027,1066827.7,950001.04,1199899.97,65,34
2017-12-02,10000032,8089,345886.26,282804.28,445000,99,46
2017-12-02,10000032,8091,49917,12001.85,82899.99,45,22
2017-12-02,10000032,8101,5250,5250,5250,28,21
2017-12-02,10000032,8103,47505.93,3600.53,149999,17,14
2017-12-02,10000032,8105,1427268.04,761004.39,1594999.95,67,32
2017-12-02,10000032,8113,9792.09,9750,9800.63,6,5
2017-12-02,10000032,8115,13750,13750,13750,4,4
2017-12-02,10000032,8117,161265.27,60000.1,171047.34,90,28
2017-12-02,10000032,8133,2828.53,1602,20000,15,8
2017-12-02,10000032,8135,38778.22,2001.2,84999.24,9,7
2017-12-02,10000032,8175,20883.12,2501.01,53985.99,56,36
2017-12-02,10000032,8177,7435.77,2501.5,30501.5,37,24
2017-12-02,10000032,8225,41273.31,12109.08,56989.98,33,28
2017-12-02,10000032,8263,14494.52,2107.05,99999,54,26
2017-12-02,10000032,8295,224.6,224.6,224.6,17,12
2017-12-02,10000032,8297,89191.29,3440.51,229999,100,33
2017-12-02,10000032,8335,3980.86,5.03,12998.71,45,26
2017-12-02,10000032,8337,7798.57,20,27000,14,12
2017-12-02,10000032,8419,52756.58,22700,79864,26,17
2017-12-02,10000032,8427,61606.24,11500.78,93487.92,23,18
2017-12-02,10000032,8433,537222.87,352180.52,638999.93,81,63
2017-12-02,10000032,8517,3498999.86,3100000,3499999.8,157,83
2017-12-02,10000032,8521,272264.59,121455.58,304999.99,56,40
2017-12-02,10000032,8529,172337.62,50006.01,214974.99,82,49
2017-12-02,10000032,8531,1174.19,1000,1200,31,14
2017-12-02,10000032,8535,9503.27,9503.27,9503.28,42,22
2017-12-02,10000032,8537,13615.28,10003.91,18210.31,54,20
2017-12-02,10000032,8579,6520.58,5750.35,19999.98,37,26
2017-12-02,10000032,8583,5292.93,5250.27,7000,41,21
2017-12-02,10000032,8585,20063.89,4750,79989.97,38,29
2017-12-02,10000032,8635,165151.18,153202,219776,39,15
2017-12-02,10000032,8639,148000.94,148000,148001,35,14
2017-12-02,10000032,8641,169001.98,169001.1,169002,36,13
2017-12-02,10000032,8748,14360.13,1000,29989.98,43,32
2017-12-02,10000032,8785,33939.83,1213,66666.66,2,2
2017-12-02,10000032,8787,6002,6002,6002,1,1
2017-12-02,10000032,8789,547500,95000,1000000,2,2
2017-12-02,10000032,8815,185588.13,80100.01,311109.91,6,4
2017-12-02,10000032,8817,1603,1601,1606,10,8
2017-12-02,10000032,8819,3001,3001,3001,9,6
2017-12-02,10000032,8821,500,500,500,5,4
2017-12-02,10000032,8863,875997.41,470007.16,1039897.97,32,17
2017-12-02,10000032,8865,601.01,601,601.01,14,9
2017-12-02,10000032,8867,48974.97,41000,75000,39,23
2017-12-02,10000032,8869,185454.02,90000.46,239998.91,11,7
2017-12-02,10000032,8903,937999.98,937999.98,937999.98,159,19
2017-12-02,10000032,8905,118333.67,501,199000,12,10
2017-12-02,10000032,8907,67454.95,1779,124999.99,22,13
2017-12-02,10000032,8909,2119.22,2119,2119.36,5,5
2017-12-02,10000032,9073,23897,23897,23897,6,1
2017-12-02,10000032,9091,2333,2333,2333,1,1
2017-12-02,10000032,9127,1860003.05,1860003.05,1860003.05,2,1
2017-12-02,10000032,9131,201,201,201,1,1
2017-12-02,10000032,9133,10000,10000,10000,1,1
2017-12-02,10000032,9135,679958.6,351279.34,918997.98,19,9
2017-12-02,10000032,9137,22020,22020,22020,6,5
2017-12-02,10000032,9139,21000.01,21000.01,21000.01,10,7
2017-12-02,10000032,9141,3504.97,3504.96,3504.97,5,4
2017-12-02,10000032,9207,331114.56,131284.03,378000,21,13
2017-12-02,10000032,9209,30817.55,2040,74000,10,7
2017-12-02,10000032,9211,6317.39,6315.56,6320.01,10,7
2017-12-02,10000032,9247,52103.03,52103.03,52103.03,1,1
2017-12-02,10000032,9249,23009.16,23007.79,23009.84,3,3
2017-12-02,10000032,9253,15104.24,15100,15108.48,4,4
2017-12-02,10000032,9287,110007.13,110007.13,110007.13,1,1
2017-12-02,10000032,9289,150161.97,150161.97,150161.97,9,6
2017-12-02,10000032,9291,154001,154001,154001,1,1
2017-12-02,10000032,9293,142312.56,142312.56,142312.56,4,4
2017-12-02,10000032,9329,221000.86,221000,221001,7,5
2017-12-02,10000032,9331,221001,221001,221001,3,3
2017-12-02,10000032,9333,233000,233000,233000,5,5
2017-12-02,10000032,9367,950000,350002,1249999,12,6
2017-12-02,10000032,9369,257038.67,257038.67,257038.67,5,5
2017-12-02,10000032,9371,254109.23,254106,254109.88,6,5
2017-12-02,10000032,9377,258074.95,258074.95,258074.95,1,1
2017-12-02,10000032,9411,2402402.49,1612004.04,3587999.99,10,8
2017-12-02,10000032,9413,37238.29,1778,250000,7,7
2017-12-02,10000032,9415,289984.99,19182.65,555000,11,8
2017-12-02,10000032,9417,257256,257256,257256,2,1
2017-12-02,10000032,9451,2194401.67,1751250.03,2489999.99,15,9
2017-12-02,10000032,9453,10902.32,10901.45,10903.4,7,6
2017-12-02,10000032,9455,10203.59,10202.83,10207.36,6,2
2017-12-02,10000032,9457,127883,100000,464989.98,60,12
2017-12-02,10000032,9491,3111479.23,3110001.03,3115000.12,23,8
2017-12-02,10000032,9493,312946.55,311003.7,313013.54,30,8
2017-12-02,10000032,9495,290010.08,290010.08,290010.08,23,4
2017-12-02,10000032,9497,857591.39,385229.08,1288998.99,17,7
2017-12-02,10000032,9521,1888.49,1007.04,2000,60,48
2017-12-02,10000032,9556,430.83,409.37,1200,18,14
2017-12-02,10000032,9568,30419.77,2501.03,62896,33,25
2017-12-02,10000032,9580,48435.49,14000.46,86676.09,41,28
2017-12-02,10000032,9582,4343.33,1501.01,87000,28,17
2017-12-02,10000032,9608,9659.12,2006.01,80000,50,26
2017-12-02,10000032,9622,13999,9017.5,14000,305,57
2017-12-02,10000032,9632,249999.88,167251.14,249999.92,151,103
2017-12-02,10000032,9646,9249.04,9103.03,19103.02,63,33
2017-12-02,10000032,9660,27234.5,10333.03,103999.84,59,34
2017-12-02,10000032,9668,222301,222301,222301,32,15
2017-12-02,10000032,9670,428.9,1.01,503.32,27,23
2017-12-02,10000032,9678,242743.15,242017.88,249999.99,11,10
2017-12-02,10000032,9680,4722.4,1.01,5312.57,9,9
2017-12-02,10000032,9728,227800.49,10002.1,236019.3,55,36
2017-12-02,10000032,9734,191306.19,10000.05,243107.37,9,7
2017-12-02,10000032,9744,2757.66,2757.66,2757.66,7,6
2017-12-02,10000032,9762,195216.41,195215,195218.67,13,7
2017-12-02,10000032,9772,227050.01,227050.01,227050.01,84,11
2017-12-02,10000032,9784,1312.21,600.22,4200,25,21
2017-12-02,10000032,9800,103389.03,99967.95,230000,38,22
2017-12-02,10000032,9808,256562.95,242288.88,286998,25,15
2017-12-02,10000032,9826,344.01,344.01,345.51,18166,124
2017-12-02,10000032,9828,723.17,723.17,723.17,66480,6
2017-12-02,10000032,9830,12750,12750,12750,7890,4
2017-12-02,10000032,9832,9510.18,9493.55,9510.19,31992,13
2017-12-02,10000032,9834,95000,95000,95000,6972,22
2017-12-02,10000032,9836,10750,10750,10750,27005,12
2017-12-02,10000032,9838,11443.96,11443.96,11443.96,4896,10
2017-12-02,10000032,9840,13500,13500,13500,52900,20
2017-12-02,10000032,9842,16215.89,16215.89,16215.89,3618,11
2017-12-02,10000032,9844,50,50,50,131,8
2017-12-02,10000032,9848,90000,85000.06,97100,25050,31
2017-12-02,10000032,9850,496.34,436.51,496.79,551173,27
2017-12-02,10000032,9852,45.05,45.03,58.3,347878,39
2017-12-02,10000032,9899,10011629.45,9000001.01,10699879.54,17,17
2017-12-02,10000032,9941,9787423.98,9000002.6,9899979.96,16,16
2017-12-02,10000032,9942,9530303.24,8164915.61,10398919.77,16,15
2017-12-02,10000032,9943,9514205.21,8102003.09,9998959.86,21,20
2017-12-02,10000032,9944,56103.2,32000.01,56899.91,60,40
2017-12-02,10000032,9950,3753796.85,3484434.41,4292521.75,6,5
2017-12-02,10000032,9956,9744936.78,8779798.83,10699984.98,8,8
2017-12-02,10000032,9957,22998947.33,22998939.82,22998949.83,4,4
2017-12-02,10000032,10039,635.17,500,1100,13,13
2017-12-02,10000032,10040,3288,3000,3360,5,5
2017-12-02,10000032,10151,10888927.92,10888927.92,10888927.92,1,1
2017-12-02,10000032,10155,10998609.99,10998609.99,10998609.99,1,1
2017-12-02,10000032,10190,1258998.99,1258997.91,1264858.18,295,141
2017-12-02,10000032,10204,900000,900000,900000,101,4
2017-12-02,10000032,10208,20154461.09,17535101.07,25996978.93,42,27
2017-12-02,10000032,10209,119396477.1,111002973.94,127789980.26,4,4
2017-12-02,10000032,10212,19839418.15,18400487.46,20999967.68,39,28
2017-12-02,10000032,10213,119953100.84,106081648.62,126888826.95,3,3
2017-12-02,10000032,10216,20870248.46,18800006.01,22755514.85,34,26
2017-12-02,10000032,10217,131375002.54,122999999.87,139750005.21,2,2
2017-12-02,10000032,10221,19483613.16,17880834.27,22180832.32,60,32
2017-12-02,10000032,10222,116747006.96,109556083.9,119889962.99,6,6
2017-12-02,10000032,10225,18614967.98,18002000.09,20499995,35,19
2017-12-02,10000032,10226,133081046.93,133081046.93,133081046.93,1,1
2017-12-02,10000032,10228,19824002.55,13896020.21,21799999.98,4,4
2017-12-02,10000032,10246,5025,5024.98,5025.54,345,54
2017-12-02,10000032,10247,22362619.55,19986000,27115858.66,3,3
2017-12-02,10000032,10250,1497930.54,1497930.52,1497931.07,158,36
2017-12-02,10000032,10629,8287.5,2100.06,11999.97,8,6
2017-12-02,10000032,10631,527647.26,405880.76,528888.65,98,24
2017-12-02,10000032,10678,18606.46,18460,19457.88,80,43
2017-12-02,10000032,10680,608818.22,6000,737993.88,34,14
2017-12-02,10000032,10688,54031.27,5001.07,76798.61,44,21
2017-12-02,10000032,10690,49628.96,7500.03,165000,38,24
2017-12-02,10000032,10692,67855.69,12004.09,114998,36,22
2017-12-02,10000032,10694,266205.82,205001.09,298976.9,59,21
2017-12-02,10000032,10836,46200.97,22000,55000,10,10
2017-12-02,10000032,10837,364640,364640,364640,1,1
2017-12-02,10000032,10838,69299.34,68008.01,99000,24,2
2017-12-02,10000032,10842,2974820.19,1449640.38,4500000,2,2
2017-12-02,10000032,10850,547084.52,411000.02,559982.97,31,26
2017-12-02,10000032,10858,1271428.46,1000002.44,1474997.98,7,7
2017-12-02,10000032,10866,4927.4,3037.08,9000,23,18
2017-12-02,10000032,10868,40046.23,4505.25,138884,15,13
2017-12-02,10000032,10870,1758.57,500,1878.43,23,18
2017-12-02,10000032,10872,8274.72,2038.03,34997.92,32,26
2017-12-02,10000032,10874,16986.19,15235.05,34499,11,9
2017-12-02,10000032,10876,20000.62,20000.6,20000.62,9,9
2017-12-02,10000032,10878,12432.33,11171.05,20000,7,7
2017-12-02,10000032,10880,54930.27,20002.1,103888,9,8
2017-12-02,10000032,10882,67014.7,67014.7,67014.7,26,9
2017-12-02,10000032,10884,61020,61020,61020,17,5
2017-12-02,10000032,10886,65716.31,65716.31,65716.31,23,9
2017-12-02,10000032,10888,56542.88,53191.86,79999.99,8,7
2017-12-02,10000032,10998,20248.97,20248.91,20248.97,347,132
2017-12-02,10000032,11082,938888.45,500000.04,989999.5,9,9
2017-12-02,10000032,11083,1419708,1419708,1419708,5,5
2017-12-02,10000032,11084,2400000,2400000,2400000,6,6
2017-12-02,10000032,11105,279000,182000,299999.94,141,82
2017-12-02,10000032,11129,12999.98,12999.97,14999,158,99
2017-12-02,10000032,11130,50000,50000,50000,8,8
2017-12-02,10000032,11132,14057.19,12000,17944.44,25,21
2017-12-02,10000032,11134,19598.86,17000,30000,23,23
2017-12-02,10000032,11172,38777996.9,38699997.5,38847997,12,9
2017-12-02,10000032,11174,32999999.88,32999999.88,32999999.88,4,4
2017-12-02,10000032,11176,29802500,24305000,35300000,2,2
2017-12-02,10000032,11178,42248631.97,42248631.97,42248631.97,1,1
2017-12-02,10000032,11182,34999973.87,34999973.86,34999973.87,2,2
2017-12-02,10000032,11184,49998999.99,49998999.99,49998999.99,1,1
2017-12-02,10000032,11186,35380843.92,35380830.57,35380870.64,3,3
2017-12-02,10000032,11188,44989225.11,44989224.86,44989235.87,4,4
2017-12-02,10000032,11190,17100111.61,17100111.61,17100111.61,1,1
2017-12-02,10000032,11192,34448388.88,34448388.88,34448388.88,1,1
2017-12-02,10000032,11194,38513955,38513955,38513955,1,1
2017-12-02,10000032,11196,37690947.12,21073001.61,45999919.88,3,3
2017-12-02,10000032,11198,44649979.96,44599999.99,44699959.92,4,4
2017-12-02,10000032,11200,34564863.04,34563999.99,34564970,9,9
2017-12-02,10000032,11202,35879109.42,34000000,37502997,9,9
2017-12-02,10000032,11207,603693.65,500000,899950,27,27
2017-12-02,10000032,11219,698757.46,300100.58,734998.99,12,3
2017-12-02,10000032,11227,82499.93,82499.93,82499.93,1,1
2017-12-02,10000032,11229,950532.82,552000.04,973975.93,18,9
2017-12-02,10000032,11237,298999.98,298999.98,298999.98,1,1
2017-12-02,10000032,11239,645004.55,470043.46,669998.99,8,6
2017-12-02,10000032,11249,857833.29,404000.62,899999.99,12,4
2017-12-02,10000032,11257,89999.98,89999.98,89999.98,1,1
2017-12-02,10000032,11259,1017606.92,161022.09,1088988.99,13,4
2017-12-02,10000032,11267,174252.46,164991.99,282474,27,23
2017-12-02,10000032,11269,984959.96,984955.98,984959.99,235,138
2017-12-02,10000032,11277,125999.98,125999.98,125999.98,4,4
2017-12-02,10000032,11279,1299999.99,1299999.99,1300000,3,3
2017-12-02,10000032,11283,3089.89,3089.89,3089.89,1963,10
2017-12-02,10000032,11285,3499.95,3499.95,3499.95,1176,29
2017-12-02,10000032,11287,4799.99,4799.99,5199.99,704,18
2017-12-02,10000032,11288,5950019.8,5950019.8,5950019.8,1,1
2017-12-02,10000032,11289,4437.99,4437.99,4437.99,2779,42
2017-12-02,10000032,11290,5000000,5000000,5000000,1,1
2017-12-02,10000032,11293,17752.9,2800,18998.98,13,4
2017-12-02,10000032,11295,87921.24,25000,108894.98,8,6
2017-12-02,10000032,11297,489999.82,489999.82,489999.82,10,7
2017-12-02,10000032,11299,354999.99,354999.99,354999.99,2,2
2017-12-02,10000032,11301,199999.93,199999.92,199999.93,2,2
2017-12-02,10000032,11303,145600.03,28000.16,175000,5,5
2017-12-02,10000032,11305,79888,79888,79888,5,5
2017-12-02,10000032,11309,123023.1,123023.1,123023.1,148,83
2017-12-02,10000032,11311,101504.56,101503.19,101504.57,119,63
2017-12-02,10000032,11317,298377.27,266552.84,343999.99,39,26
2017-12-02,10000032,11319,260571.39,260013.91,288999.99,52,20
2017-12-02,10000032,11325,530342.3,506008.09,618999.84,77,36
2017-12-02,10000032,11327,502264.24,500006.96,520000,62,28
2017-12-02,10000032,11341,10500.01,10500.01,10500.01,125,83
2017-12-02,10000032,11343,10105.32,10105.32,10105.32,117,71
2017-12-02,10000032,11349,79627.72,41212.27,214999.97,89,56
2017-12-02,10000032,11351,35377.28,33001.01,47995,93,53
2017-12-02,10000032,11355,46050,41000,51100,2,2
2017-12-02,10000032,11356,49960,49960,49960,1,1
2017-12-02,10000032,11357,84999,84999,84999,4,2
2017-12-02,10000032,11365,42278969.84,42278969.84,42278969.84,5,3
2017-12-02,10000032,11370,1670445.55,1278612.85,1693488.74,98,82
2017-12-02,10000032,11371,35359999.99,35359999.98,35359999.99,2,2
2017-12-02,10000032,11377,38266653.08,28000104.11,38999984.44,15,9
2017-12-02,10000032,11379,39095890,39095890,39095890,3,3
2017-12-02,10000032,11381,28057000,28057000,28057000,1,1
2017-12-02,10000032,11393,28999999.99,28999999.99,28999999.99,1,1
2017-12-02,10000032,11395,835592.43,500000,1255082.95,9,8
2017-12-02,10000032,11399,9999.86,9999.86,9999.86,33790,35
2017-12-02,10000032,11400,39944627.93,39943989.98,39944843.9,4,4
2017-12-02,10000032,11433,10399777.6,10000000,11998888,5,5
2017-12-02,10000032,11441,9025022.24,5100100.01,10000000,4,4
2017-12-02,10000032,11442,10873242.49,10000000,13492969.95,4,4
2017-12-02,10000032,11443,9200071.06,7600213.18,10000000,3,3
2017-12-02,10000032,11444,7499981.99,7000000,8999927.96,4,4
2017-12-02,10000032,11445,5866663,5800000,5999989,6,6
2017-12-02,10000032,11446,9624997.84,6000003.89,10000000,16,14
2017-12-02,10000032,11447,8000000.37,2000001.47,10000000,4,4
2017-12-02,10000032,11448,11374997.5,10000000,15499990,4,4
2017-12-02,10000032,11449,11165648.31,10000000,13496944.94,6,6
2017-12-02,10000032,11450,6333337.4,3000024.42,7000000,6,6
2017-12-02,10000032,11451,10061233.25,10000000,10244933,4,4
2017-12-02,10000032,11452,10000000,10000000,10000000,3,3
2017-12-02,10000032,11453,10454543.63,10000000,12499989.99,11,7
2017-12-02,10000032,11454,7999965.63,7999914.07,8000000,5,5
2017-12-02,10000032,11455,10500000,10000000,12000000,4,4
2017-12-02,10000032,11462,1.17,1.17,1.17,200,1
2017-12-02,10000032,11475,537.89,537.89,537.89,212,4
2017-12-02,10000032,11476,21.19,21.19,21.19,100,1
2017-12-02,10000032,11478,0.01,0.01,0.01,310,4
2017-12-02,10000032,11481,17.15,17.15,17.15,1579,5
2017-12-02,10000032,11482,387.99,387.99,387.99,2100,2
2017-12-02,10000032,11483,123.06,123.06,123.06,1109,10
2017-12-02,10000032,11486,299.99,299.99,299.99,1023,5
2017-12-02,10000032,11488,147000,147000,147000,1,1
2017-12-02,10000032,11489,213283.74,150000,274999.86,18,7
2017-12-02,10000032,11496,4200.51,4200.51,4200.51,57,4
2017-12-02,10000032,11529,10374997.5,10000000,11499989.99,4,4
2017-12-02,10000032,11530,90931.67,49999.99,107304.34,42,4
2017-12-02,10000032,11531,77799.99,77799.99,77799.99,200,3
2017-12-02,10000032,11533,62396.92,62396.92,62396.92,202,1
2017-12-02,10000032,11534,58999,58999,58999,414,2
2017-12-02,10000032,11536,30000.28,30000.28,30000.28,6,1
2017-12-02,10000032,11537,49492.08,49492.08,49492.08,2969,2
2017-12-02,10000032,11538,70000,70000,70000,1537,15
2017-12-02,10000032,11539,92333.35,64999.99,99000,99,5
2017-12-02,10000032,11540,150900,150900,150900,143,6
2017-12-02,10000032,11541,70000.01,70000.01,70000.01,6281,11
2017-12-02,10000032,11542,21392.61,10319.06,22499.97,11,2
2017-12-02,10000032,11543,27830,27830,27830,401,3
2017-12-02,10000032,11544,8606.5,8606.5,8606.5,8,1
2017-12-02,10000032,11545,18900,18900,18900,9609,6
2017-12-02,10000032,11547,220993.99,220993.99,220993.99,133,2
2017-12-02,10000032,11549,90409.6,90409.6,90409.6,20,2
2017-12-02,10000032,11553,97699.99,97699.99,97699.99,85,1
2017-12-02,10000032,11554,88993.19,88993.19,88993.19,5091,7
2017-12-02,10000032,11556,88987.71,88987.71,88987.71,298,2
2017-12-02,10000032,11557,30001.16,30001.16,30001.16,4,1
2017-12-02,10000032,11558,61001,61001,61001,793,4
2017-12-02,10000032,11561,130502.24,91004.67,248994.94,4,3
2017-12-02,10000032,11563,201774.37,200954,202949,64,38
2017-12-02,10000032,11566,157894.73,120000,359999.95,19,19
2017-12-02,10000032,11569,400000,400000,400000,3,3
2017-12-02,10000032,11572,400000,400000,400000,3,3
2017-12-02,10000032,11574,2491851.72,2000000,4551111.34,6,6
2017-12-02,10000032,11577,4142115.37,3699003.66,4191995.61,59,52
2017-12-02,10000032,11578,6899974.76,6899974.6,6899974.85,135,111
2017-12-02,10000032,11579,3718440.15,3500000,4042149,24,21
2017-12-02,10000032,11584,82518.48,75000,127569.99,23,23
2017-12-02,10000032,11612,249600,249600,249600,1,1
2017-12-02,10000032,11613,99940,99940,99940,3,3
2017-12-02,10000032,11617,299940,299940,299940,1,1
2017-12-02,10000032,11621,99000,99000,99000,1,1
2017-12-02,10000032,11634,118400,118400,118400,1,1
2017-12-02,10000032,11640,729997.58,729949.99,729997.82,112,43
2017-12-02,10000032,11642,1861889.37,1814000,1968969,11,10
2017-12-02,10000032,11644,2710680.03,1701000.54,2899994.99,19,18
2017-12-02,10000032,11646,2069630.17,1611000.46,2093769,20,16
2017-12-02,10000032,11648,2733329.54,2000000,2899995.97,21,17
2017-12-02,10000032,11688,30296.35,30000.08,49850.43,67,3
2017-12-02,10000032,11689,46000,46000,46000,527,8
2017-12-02,10000032,11690,45656.91,45656.91,45656.91,524,6
2017-12-02,10000032,11693,24821.32,24821.32,24821.32,8,1
2017-12-02,10000032,11695,43424,43424,43424,46,1
2017-12-02,10000032,11725,4001.05,4001.05,4001.05,106,1
2017-12-02,10000032,11733,2128,2128,2128,1,1
2017-12-02,10000032,11734,7500,7500,7500,1,1
2017-12-02,10000032,11740,209,209,209,4,2
2017-12-02,10000032,11859,282640,282640,282640,1,1
2017-12-02,10000032,11870,282640,282640,282640,3,3
2017-12-02,10000032,11872,364560,364560,364560,1,1
2017-12-02,10000032,11873,364560,364560,364560,1,1
2017-12-02,10000032,11887,282640,282640,282640,1,1
2017-12-02,10000032,11889,282640,282640,282640,2,2
2017-12-02,10000032,11890,282640,282640,282640,3,3
2017-12-02,10000032,11891,282640,282640,282640,1,1
2017-12-02,10000032,11957,283999999.99,283999999.99,283999999.99,1,1
2017-12-02,10000032,11959,284931999,284931999,284931999,1,1
2017-12-02,10000032,11961,274998999.99,274998999.99,274998999.99,1,1
2017-12-02,10000032,11965,299999554.98,299999549.97,299999559.98,2,2
2017-12-02,10000032,11969,235000000,235000000,235000000,1,1
2017-12-02,10000032,11978,234500000,234500000,234500000,1,1
2017-12-02,10000032,11993,285110995.46,285110994.91,285110996,2,2
2017-12-02,10000032,11999,172003200.04,172003200.04,172003200.04,1,1
2017-12-02,10000032,12005,274068424.97,272333142.15,288999911,12,12
2017-12-02,10000032,12011,248974999,248974999,248974999,1,1
2017-12-02,10000032,12015,201888109.8,201888109.8,201888109.8,3,3
2017-12-02,10000032,12019,269475094.49,248999999,289950189.98,2,2
2017-12-02,10000032,12023,277999897,277999897,277999897,1,1
2017-12-02,10000032,12032,40583329.57,36000000,40999996,12,9
2017-12-02,10000032,12034,59999959.08,59999959.08,59999959.08,1,1
2017-12-02,10000032,12038,44894979.98,44894979.98,44894979.98,1,1
2017-12-02,10000032,12042,33620196.51,30101000,34499995.72,5,5
2017-12-02,10000032,12044,34499975.66,34499970.98,34500000,6,6
2017-12-02,10000032,12049,149999.98,149999.98,149999.98,1,1
2017-12-02,10000032,12052,129849.35,124999.98,299000,20,20
2017-12-02,10000032,12054,827000,300000,950000,5,5
2017-12-02,10000032,12056,43205.67,38647.96,89992,46,40
2017-12-02,10000032,12058,3393447.98,2913002.81,3449877.99,67,63
2017-12-02,10000032,12066,285714.29,250000,300000,7,7
2017-12-02,10000032,12068,5401822.19,3908002.33,5999379.77,18,18
2017-12-02,10000032,12076,6455778.2,5915000.1,6519918.83,37,36
2017-12-02,10000032,12084,9545290.3,8042000,10296943,6,6
2017-12-02,10000032,12092,1000000,1000000,1000000,9,9
2017-12-02,10000032,12093,4699677.2,4000000,4999538.86,10,9
2017-12-02,10000032,12095,4000000,4000000,4000000,4,4
2017-12-02,10000032,12096,29999999.33,28000000,30999999,6,6
2017-12-02,10000032,12098,24765717.06,20000000,29531434.12,2,2
2017-12-02,10000032,12102,3768700.34,2900001.12,4141000,10,3
2017-12-02,10000032,12108,1210000,1210000,1210000,3,1
2017-12-02,10000032,12109,3500000,3500000,3500000,1,1
2017-12-02,10000032,12110,1003,1003,1003,15,2
2017-12-02,10000032,12179,40000000,40000000,40000000,3,2
2017-12-02,10000032,12180,728571.41,375000,1199999.96,7,6
2017-12-02,10000032,12181,628571.4,350000,999999.94,7,6
2017-12-02,10000032,12182,746874.96,325000,999999.94,8,6
2017-12-02,10000032,12183,416666.63,275000,699999.9,3,3
2017-12-02,10000032,12184,463857.1,250000,748999.9,7,7
2017-12-02,10000032,12185,279993.99,225000,499969.93,5,5
2017-12-02,10000032,12186,200000,200000,200000,5,5
2017-12-02,10000032,12187,175000,175000,175000,6,6
2017-12-02,10000032,12188,150000,150000,150000,6,6
2017-12-02,10000032,12189,419999.4,400000,499997,5,5
2017-12-02,10000032,12190,152777.78,125000,375000,9,9
2017-12-02,10000032,12191,75812.48,75000,81499.83,8,7
2017-12-02,10000032,12192,133499.89,100000,300999.33,6,6
2017-12-02,10000032,12193,57497.17,50000,79988.69,4,4
2017-12-02,10000032,12194,472666.59,300000,558999.88,6,5
2017-12-02,10000032,12195,33000,25000,48999.99,3,3
2017-12-02,10000032,12196,391662.86,300000,574988.57,3,3
2017-12-02,10000032,12198,5993983.28,5993948.96,5993989,7,3
2017-12-02,10000032,12200,24989289.63,24989289.63,24989289.63,2,1
2017-12-02,10000032,12201,1699969.97,1699969.97,1699969.97,5,5
2017-12-02,10000032,12202,4244708.97,4244703.96,4244713.97,2,2
2017-12-02,10000032,12203,12999838.72,12999836.6,12999846.79,5,5
2017-12-02,10000032,12204,7994500,5000000,10989000,4,4
2017-12-02,10000032,12205,19968999.32,19968998.99,19968999.99,3,3
2017-12-02,10000032,12206,2571428.35,2.49,2999999,7,6
2017-12-02,10000032,12207,6790909.09,6300000,9000000,11,11
2017-12-02,10000032,12208,5450000,5400000,5500000,4,4
2017-12-02,10000032,12209,19792114.86,19399989.99,19988177.29,3,3
2017-12-02,10000032,12210,800575.23,500000.05,957999,18,17
2017-12-02,10000032,12211,2859999.47,1600003.01,2999998.96,10,10
2017-12-02,10000032,12212,7894538.45,6400000,8462711.51,9,9
2017-12-02,10000032,12213,992856.27,950000,999998.98,7,7
2017-12-02,10000032,12214,7620554.34,2000044.02,8744599,6,6
2017-12-02,10000032,12215,19249000,19249000,19249000,2,2
2017-12-02,10000032,12221,3129998,3129998,3129998,3,2
2017-12-02,10000032,12225,52001.09,52001.09,52001.09,1,1
2017-12-02,10000032,12237,13887949,13887949,13887949,1,1
2017-12-02,10000032,12257,274500,274500,274500,2,2
2017-12-02,10000032,12259,4982908.16,3500105.61,5194728.97,16,10
2017-12-02,10000032,12263,6031385.71,5200000.01,7139899.95,7,6
2017-12-02,10000032,12265,195399.93,8500.26,319999.74,5,4
2017-12-02,10000032,12267,4261907.55,3495106.3,4598967.05,25,17
2017-12-02,10000032,12269,699999,699999,699999,1,1
2017-12-02,10000032,12271,6340839.13,4445455,6738999.97,13,6
2017-12-02,10000032,12274,75147.48,28801.14,78255.47,23,16
2017-12-02,10000032,12305,127759.1,100000,310000,42,42
2017-12-02,10000032,12344,100304.24,79970,147986.01,25,6
2017-12-02,10000032,12345,1000000,1000000,1000000,1,1
2017-12-02,10000032,12346,1744774.04,1743999.98,1749998.95,31,9
2017-12-02,10000032,12354,1094899.99,1094899.99,1094899.99,8,1
2017-12-02,10000032,12356,1245999.65,1245999.65,1245999.65,5,1
2017-12-02,10000032,12365,134117.64,120000,359999.96,17,17
2017-12-02,10000032,12366,177140.45,120000,359989.87,21,21
2017-12-02,10000032,12367,149998.31,120000,299989.85,18,18
2017-12-02,10000032,12441,2857696.51,266.01,3148048.35,11,11
2017-12-02,10000032,12442,307107.88,239997.5,399793.85,9,9
2017-12-02,10000032,12484,3587449.12,3525000,3599938.94,12,12
2017-12-02,10000032,12485,3700745.14,1500060.33,3857933.99,15,15
2017-12-02,10000032,12486,2560863.14,2399999.16,8999999.99,22,21
2017-12-02,10000032,12487,4848909.89,4847592,4849999,9,9
2017-12-02,10000032,12528,20,20,20,7,7
2017-12-02,10000032,12529,3000002,3000002,3000002,1,1
2017-12-02,10000032,12530,22000.82,1001.97,84996.74,28,8
2017-12-02,10000032,12531,4000.22,4000.22,4000.22,9,5
2017-12-02,10000032,12532,2002022,2002022,2002022,2,2
2017-12-02,10000032,12533,25002.86,25002,25003,7,7
2017-12-02,10000032,12537,730492.19,690002,746996,81,18
2017-12-02,10000032,12538,25813.14,24.11,74988,56,26
2017-12-02,10000032,12539,1556389.98,446502.45,2444300,9,5
2017-12-02,10000032,12540,807954.84,588999.97,949000,22,5
2017-12-02,10000032,12541,125312.19,6005.94,179000,29,8
2017-12-02,10000032,12557,209272.14,35000,247998.93,44,8
2017-12-02,10000032,12559,237996.94,237989.93,237999.94,40,6
2017-12-02,10000032,12563,107903.72,66000,133043.95,16,4
2017-12-02,10000032,12565,189443.42,75000,198469.6,41,8
2017-12-02,10000032,12608,79.98,79.98,79.99,104560,18
2017-12-02,10000032,12612,64.99,64.98,66.99,332281,68
2017-12-02,10000032,12614,47.93,47.93,47.93,336841,49
2017-12-02,10000032,12618,64.97,64.97,64.97,80545,6
2017-12-02,10000032,12620,87.54,87.5,87.55,75260,19
2017-12-02,10000032,12625,59.77,59.77,75.07,25252,15
2017-12-02,10000032,12631,75.94,75.94,75.94,12500,3
2017-12-02,10000032,12633,124.82,124.82,124.82,11841,3
2017-12-02,10000032,12709,47378.5,6011.15,54899.84,13,11
2017-12-02,10000032,12729,198999989.99,198999989.99,198999989.99,1,1
2017-12-02,10000032,12731,270249959.94,220000000.05,286999949.91,4,4
2017-12-02,10000032,12735,189999890.2,189999886.87,189999896.88,3,3
2017-12-02,10000032,12743,199199946.71,187600007.11,204999916.63,6,6
2017-12-02,10000032,12745,302726084.38,302726070.96,302726087.5,5,5
2017-12-02,10000032,12753,337998766.99,337998766.99,337998766.99,1,1
2017-12-02,10000032,12761,1189.38,1189.38,1189.38,3660,2
2017-12-02,10000032,12767,323.91,323.91,323.91,27920,6
2017-12-02,10000032,12771,400.85,400.85,400.85,11852,6
2017-12-02,10000032,12773,198.5,198.5,198.5,22500,10
2017-12-02,10000032,12775,520.32,520.32,520.32,700073,4
2017-12-02,10000032,12777,315.48,315.48,315.48,25472,8
2017-12-02,10000032,12779,707.31,707.31,707.31,36200,6
2017-12-02,10000032,12785,100,100,100,329153,28
2017-12-02,10000032,12787,396.11,396.09,396.12,102226,14
2017-12-02,10000032,12789,107.92,107.92,107.92,760141,39
2017-12-02,10000032,12791,218,218,218,326514,14
2017-12-02,10000032,12801,199.96,199.96,199.97,50909,22
2017-12-02,10000032,12803,275.1,275.1,275.1,32000,3
2017-12-02,10000032,12805,167.94,167.94,167.94,71414,18
2017-12-02,10000032,12807,389.99,389.99,389.99,10000,1
2017-12-02,10000032,12814,279969.77,279969.77,279969.77,249,15
2017-12-02,10000032,12816,616907.94,616907.94,616907.94,85,4
2017-12-02,10000032,12818,374998.68,374998.68,374998.68,251,16
2017-12-02,10000032,12820,538829.48,538665.8,538865.89,88,7
2017-12-02,10000032,12826,409997.95,409997.93,409997.95,22,3
2017-12-02,10000032,12828,473958,473958,473958,32,1
2017-12-02,10000032,12865,0.5,0.5,0.5,1020,1
2017-12-02,10000032,13001,2989989.99,2989989.99,2989989.99,183,30
2017-12-02,10000032,13003,2308506.42,1919934.33,2449998.95,35,23
2017-12-02,10000032,13119,324.99,324.99,324.99,5500,4
2017-12-02,10000032,13166,22999999.99,22999999.99,22999999.99,1,1
2017-12-02,10000032,13216,22499997.5,22499989.99,22500000,4,4
2017-12-02,10000032,13223,498999.99,498999.99,498999.99,1,1
2017-12-02,10000032,13224,2823364.13,935051.41,3767520.5,3,3
2017-12-02,10000032,13231,34999976.8,34999976.8,34999976.8,1,1
2017-12-02,10000032,13238,102,102,102,1,1
2017-12-02,10000032,13240,30999472.67,30999467.7,30999477.64,2,2
2017-12-02,10000032,13242,31999989.99,31999989.99,31999989.99,1,1
2017-12-02,10000032,13244,24922370.67,24899999,24989495.69,4,4
2017-12-02,10000032,13245,9400000,9400000,9400000,1,1
2017-12-02,10000032,13247,18900000,18900000,18900000,1,1
2017-12-02,10000032,13249,27994685.35,26999989.99,29736718.39,5,5
2017-12-02,10000032,13252,6499956.62,6499934.94,6500000,3,3
2017-12-02,10000032,13256,23731979.98,23731959.96,23732000,2,2
2017-12-02,10000032,13257,4197714.37,4197714.37,4197714.37,1,1
2017-12-02,10000032,13258,4999999.99,4999999.99,4999999.99,4,4
2017-12-02,10000032,13259,32988819.36,32988809.35,32988829.38,4,3
2017-12-02,10000032,13260,29999942.87,29999942.87,29999942.87,2,2
2017-12-02,10000032,13261,22169997.97,21500000,22924994.94,5,5
2017-12-02,10000032,13263,16699999.98,16699999.97,16700000,4,3
2017-12-02,10000032,13265,31999977.97,31999977.97,31999977.97,1,1
2017-12-02,10000032,13267,3085,3085,3085,120,9
2017-12-02,10000032,13278,100000,100000,100000,8,8
2017-12-02,10000032,13279,453819.33,250000,674622.77,25,17
2017-12-02,10000032,13283,11655.82,0.1,28000,9,9
2017-12-02,10000032,13284,325938.2,325938.2,325938.2,2,2
2017-12-02,10000032,13285,270000.02,270000.02,270000.02,2,2
2017-12-02,10000032,13286,10000.01,10000,10000.01,5,5
2017-12-02,10000032,13287,683597.12,405995.2,1100000,5,5
2017-12-02,10000032,13774,4000000,4000000,4000000,6,1
2017-12-02,10000032,13821,3000000,3000000,3000000,4,1
2017-12-02,10000032,13856,177.98,177.98,177.98,14862,2
2017-12-02,10000032,13864,3650207.9,3650207.9,3650207.9,1,1
2017-12-02,10000032,13866,3666666,1000000,4999999,3,2
2017-12-02,10000032,13884,8499999.98,8499999.98,8499999.98,1,1
2017-12-02,10000032,13886,10799987.83,10799987.83,10799987.83,1,1
2017-12-02,10000032,13887,522210,522210,522210,1,1
2017-12-02,10000032,13892,67999999.91,67999999.91,67999999.91,2,1
2017-12-02,10000032,13935,99998997.97,99998997.97,99998997.97,3,1
2017-12-02,10000032,13937,106999984.99,106999979.98,106999989.99,2,2
2017-12-02,10000032,13941,71999999.67,69000000,73499999.5,3,3
2017-12-02,10000032,13943,79499929.93,79499929.93,79499929.93,1,1
2017-12-02,10000032,13945,86499996.6,75000000.6,88999994.74,6,5
2017-12-02,10000032,13947,10499908.86,10499908.86,10499908.86,1,1
2017-12-02,10000032,13949,29994999.95,29994999.95,29994999.96,3,3
2017-12-02,10000032,13953,5769999.99,5769999.99,5769999.99,1,1
2017-12-02,10000032,13956,34998961.64,34998956.63,34998966.64,4,3
2017-12-02,10000032,13957,46995622.84,46995622.84,46995622.84,1,1
2017-12-02,10000032,13959,222222036.94,222222031.95,222222041.93,2,2
2017-12-02,10000032,13965,24699968.99,24699968.99,24699968.99,1,1
2017-12-02,10000032,13966,8819995,8819989.99,8820000,2,2
2017-12-02,10000032,13967,7000000,7000000,7000000,1,1
2017-12-02,10000032,13968,6999934.91,6999929.9,6999939.91,2,2
2017-12-02,10000032,13969,234111325.49,210223030.01,257999620.96,2,2
2017-12-02,10000032,13974,11999939.94,11999939.94,11999939.94,1,1
2017-12-02,10000032,13980,2999939.94,2999939.94,2999939.94,1,1
2017-12-02,10000032,13990,3999889.8,3999889.8,3999889.8,1,1
2017-12-02,10000032,13992,14999988.99,14999988.99,14999988.99,1,1
2017-12-02,10000032,13997,2972999.99,2972999.99,2972999.99,1,1
2017-12-02,10000032,13998,66968819.25,66968819.25,66968819.25,1,1
2017-12-02,10000032,14001,8000068.6,8000063.59,8000073.6,2,2
2017-12-02,10000032,14003,8385991,8385986,8385996.01,3,3
2017-12-02,10000032,14015,54000.1,54000.1,54000.1,5,2
2017-12-02,10000032,14039,1499999.99,1499999.99,1500000,4,2
2017-12-02,10000032,14045,50666920.52,50000000,51000380.79,3,3
2017-12-02,10000032,14047,60566286.72,59999542.06,69199547.07,6,6
2017-12-02,10000032,14049,400000,400000,400000,1,1
2017-12-02,10000032,14051,134250,42000,150000,4,4
2017-12-02,10000032,14053,54000,54000,54000,2,1
2017-12-02,10000032,14055,171996.66,8000,499989.99,3,3
2017-12-02,10000032,14057,15000.86,15000.86,15000.86,1,1
2017-12-02,10000032,14059,2399999.33,1400000,4399997.99,3,3
2017-12-02,10000032,14061,4410429.92,1750000.08,5740644.84,3,3
2017-12-02,10000032,14063,1000000,1000000,1000000,1,1
2017-12-02,10000032,14069,7441666.69,5725000.08,8300000,3,3
2017-12-02,10000032,14070,31595136.48,26000004.01,39987835.19,5,3
2017-12-02,10000032,14074,9375010.68,6400021.32,12350000,8,8
2017-12-02,10000032,14076,903385.38,137000,1669770.75,2,2
2017-12-02,10000032,14080,349500,300000,399000,6,4
2017-12-02,10000032,14086,501000,501000,501000,1,1
2017-12-02,10000032,14092,175100.02,175100,175100.04,2,2
2017-12-02,10000032,14094,1481999.99,1481999.99,1481999.99,1,1
2017-12-02,10000032,14098,200000,200000,200000,1,1
2017-12-02,10000032,14102,26228999.99,15260000.05,37197999.93,2,2
2017-12-02,10000032,14108,38399914.88,38399909.88,38399919.88,2,2
2017-12-02,10000032,14112,15154143.99,15154133.98,15154154,2,2
2017-12-02,10000032,14118,161000001.01,161000001.01,161000001.01,1,1
2017-12-02,10000032,14120,99999928.88,99999928.88,99999928.88,1,1
2017-12-02,10000032,14126,39999937.95,39999937.95,39999937.95,1,1
2017-12-02,10000032,14128,7399663.32,7398989.98,7399999.99,3,3
2017-12-02,10000032,14130,10499291.97,10499291.97,10499291.97,1,1
2017-12-02,10000032,14134,27000784.97,10000900,44000669.93,2,2
2017-12-02,10000032,14136,26007831.26,26007831.26,26007831.26,1,1
2017-12-02,10000032,14138,260000000,260000000,260000000,1,1
2017-12-02,10000032,14140,23999979.98,23999979.98,23999979.98,1,1
2017-12-02,10000032,14142,21100000,21100000,21100000,2,2
2017-12-02,10000032,14148,25000000,25000000,25000000,1,1
2017-12-02,10000032,14152,4210000,4210000,4210000,1,1
2017-12-02,10000032,14154,21997023.24,21997015.72,21997030.76,4,3
2017-12-02,10000032,14164,64000000,64000000,64000000,2,1
2017-12-02,10000032,14170,41479974.99,41479974.98,41479975,2,2
2017-12-02,10000032,14172,13998899.91,13998899.91,13998899.91,1,1
2017-12-02,10000032,14178,32998827.96,32998827.96,32998827.96,1,1
2017-12-02,10000032,14206,139998999,139998999,139998999,1,1
2017-12-02,10000032,14222,10000,10000,10000,1,1
2017-12-02,10000032,14234,24902414.64,24901433.99,24902904.96,3,3
2017-12-02,10000032,14240,6800000.06,6800000.06,6800000.06,2,2
2017-12-02,10000032,14246,30100001.47,30100001.47,30100001.47,1,1
2017-12-02,10000032,14248,118999979.5,118999959.99,118999999,2,2
2017-12-02,10000032,14250,90338289,89000000,93014867,3,3
2017-12-02,10000032,14252,97900000.01,97900000.01,97900000.01,1,1
2017-12-02,10000032,14254,98499999.98,98499999.98,98499999.98,1,1
2017-12-02,10000032,14256,56999736.99,56999736.99,56999736.99,1,1
2017-12-02,10000032,14258,109898185.7,109898185.7,109898185.7,1,1
2017-12-02,10000032,14260,60079851.67,53357009,63999959.98,6,6
2017-12-02,10000032,14264,83224989.99,83224989.99,83224989.99,1,1
2017-12-02,10000032,14266,43999995,43000000,44999989.99,2,2
2017-12-02,10000032,14268,75000004.33,75000004.33,75000004.33,1,1
2017-12-02,10000032,14270,57700703.81,53041055.72,67020000,3,3
2017-12-02,10000032,14272,18541.67,1000.01,49999.99,24,12
2017-12-02,10000032,14274,69831.85,41011.58,120000,20,12
2017-12-02,10000032,14276,132087.75,72001.3,250000,23,12
2017-12-02,10000032,14278,1121320.79,900132.31,1398884.92,23,12
2017-12-02,10000032,14280,375003,375003,375003,2,2
2017-12-02,10000032,14282,317022.45,317016.09,317025,7,5
2017-12-02,10000032,14284,417000,417000,417000,4,3
2017-12-02,10000032,14286,1016430.45,759796.03,1176826.96,13,5
2017-12-02,10000032,14292,688.2,1.01,860,30,22
2017-12-02,10000032,14295,4274997.48,3750000,4799994.96,2,2
2017-12-02,10000032,14296,2868058.51,400005.44,4102085.05,3,3
2017-12-02,10000032,14297,4889999.99,3670000.01,5499999.98,3,3
2017-12-02,10000032,14298,4490564.99,3032550,5948579.97,2,2
2017-12-02,10000032,14299,2547270.04,2547270.04,2547270.04,4,4
2017-12-02,10000032,15331,1361.93,1361.93,1361.93,14788,717
2017-12-02,10000032,15466,5499945.34,5499943.98,5499946.7,2,2
2017-12-02,10000032,15477,16498289.99,16498289.99,16498289.99,1,1
2017-12-02,10000032,15479,4411308.98,4410984.22,4412531,19,14
2017-12-02,10000032,15480,18499468.08,18499459.73,18499469.75,12,4
2017-12-02,10000032,15508,33699.99,28314.95,33699.99,284,43
2017-12-02,10000032,15509,1600000,1600000,1600000,9,4
2017-12-02,10000032,15510,46706.3,28000.09,48946.87,83,19
2017-12-02,10000032,15511,1500000,1500000,1500000,8,3
2017-12-02,10000032,15587,1260.12,1260.01,1269.93,92,13
2017-12-02,10000032,15588,1760.73,1600.21,7497.6,33,21
2017-12-02,10000032,15589,4000,4000,4000,5,4
2017-12-02,10000032,15590,4000.42,4000.42,4000.42,4,1
2017-12-02,10000032,15592,792043.6,600050,900040,25,3
2017-12-02,10000032,15593,1152.07,1152.07,1152.07,8,2
2017-12-02,10000032,15596,4500,4500,4500,878,73
2017-12-02,10000032,15597,8000,8000,8000,324,56
2017-12-02,10000032,15598,15000,15000,15000,154,25
2017-12-02,10000032,15599,21003.22,21003.2,21003.22,259,42
2017-12-02,10000032,15600,452661.73,401010,500009.23,92,22
2017-12-02,10000032,15601,715005.55,715005.18,715005.56,387,21
2017-12-02,10000032,15602,91035.2,90121,100760.01,99,21
2017-12-02,10000032,15604,2293009.01,2293009.01,2293009.01,101,13
2017-12-02,10000032,15605,2181051.31,1817701,2489981.92,21,8
2017-12-02,10000032,15607,4500,4500,4500,234,41
2017-12-02,10000032,15608,8000,8000,8000,684,48
2017-12-02,10000032,15609,15000,15000,15000,112,15
2017-12-02,10000032,15610,198408.46,198100.02,199000,79,21
2017-12-02,10000032,15611,30000,30000,30000,181,19
2017-12-02,10000032,15612,50000,50000,50000,144,32
2017-12-02,10000032,15613,323025.65,323025.65,323025.65,255,36
2017-12-02,10000032,15614,122000,122000,122000,465,37
2017-12-02,10000032,15615,2000000.02,2000000.02,2000000.02,214,20
2017-12-02,10000032,15625,1416.67,1250,3000,21,6
2017-12-02,10000032,15626,1750.1,1750.1,1750.11,7,2
2017-12-02,10000032,15628,3203.03,812,4000.04,4,3
2017-12-02,10000032,15646,25000.01,25000.01,25000.01,2,2
2017-12-02,10000032,15656,100000,100000,100000,384,34
2017-12-02,10000032,15669,2267057.66,2267057.66,2267057.66,185,17
2017-12-02,10000032,15674,15000,15000,15000,3,1
2017-12-02,10000032,15675,87249713.83,84999498.7,89499928.95,2,2
2017-12-02,10000032,15681,104778428.96,104000000,106389764.94,23,14
2017-12-02,10000032,15683,122999999.27,122999999.27,122999999.27,2,2
2017-12-02,10000032,15705,26999912.4,26999912.4,26999912.4,1,1
2017-12-02,10000032,15711,35000000,35000000,35000000,1,1
2017-12-02,10000032,15729,34044108.16,31299997.51,34500000,34,21
2017-12-02,10000032,15739,20792639.99,14000000.14,24188959.91,3,3
2017-12-02,10000032,15761,49000,49000,49000,2,2
2017-12-02,10000032,15764,143998989.71,141997999.44,145999979.98,2,2
2017-12-02,10000032,15766,27875743.14,22883194.73,28354999.99,11,10
2017-12-02,10000032,15770,34711567.16,23005003.57,40564848.96,3,3
2017-12-02,10000032,15786,81900000,75000000,88800000,2,2
2017-12-02,10000032,15790,20999866.86,20999866.86,20999866.86,1,1
2017-12-02,10000032,15792,155499939.75,155499939.75,155499939.75,1,1
2017-12-02,10000032,15804,118333333.33,114000000,127000000,6,4
2017-12-02,10000032,15806,113111075.5,110000000,113999939.9,9,5
2017-12-02,10000032,15810,57416853.93,57416853.93,57416853.93,2,1
2017-12-02,10000032,15837,37500000,37500000,37500000,7,2
2017-12-02,10000032,15885,80000000,80000000,80000000,1,1
2017-12-02,10000032,15887,53440000.25,53410008.08,53509983.36,12,11
2017-12-02,10000032,15889,48746328.82,42100018.59,55588949.89,6,6
2017-12-02,10000032,15891,123399997.23,123399997.23,123399997.23,1,1
2017-12-02,10000032,15895,93202089.89,77813898.02,98972656.82,11,6
2017-12-02,10000032,15905,36254484.63,36254484.63,36254484.63,1,1
2017-12-02,10000032,15911,15399999.98,15399999.98,15399999.98,1,1
2017-12-02,10000032,15957,19999999.99,19999999.99,19999999.99,2,2
2017-12-02,10000032,15992,25000,25000,25000,174,27
2017-12-02,10000032,15996,30000,30000,30000,211,27
2017-12-02,10000032,15998,3003.37,3003.37,3003.37,1,1
2017-12-02,10000032,15999,47818.19,20000.06,50000,55,14
2017-12-02,10000032,16000,34008.15,34008.15,34008.15,157,21
2017-12-02,10000032,16002,30000.13,30000.13,30000.13,4,2
2017-12-02,10000032,16003,239998000,239998000,239998000,1,1
2017-12-02,10000032,16004,150332871.86,149999393.41,150999828.78,3,3
2017-12-02,10000032,16008,7999998.86,7999998.86,7999998.86,2,2
2017-12-02,10000032,16064,119999998.81,119999998.81,119999998.82,8,2
2017-12-02,10000032,16069,102188.11,85000,174999.92,16,16
2017-12-02,10000032,16118,40723.34,40710.03,40730,9,3
2017-12-02,10000032,16119,608.07,608.07,608.07,12,3
2017-12-02,10000032,16189,1000000,1000000,1000000,16,5
2017-12-02,10000032,16227,47999999.98,47999999.98,47999999.99,3,3
2017-12-02,10000032,16229,45732162.64,42256000,45999939.82,14,13
2017-12-02,10000032,16230,570000000,570000000,570000000,1,1
2017-12-02,10000032,16231,40999999.99,40999999.99,40999999.99,1,1
2017-12-02,10000032,16233,43915997,41010000.03,44887988.99,4,4
2017-12-02,10000032,16236,1233826.76,1198386.8,1590000,11,11
2017-12-02,10000032,16237,12531199.93,12531199.91,12531199.94,2,2
2017-12-02,10000032,16238,1054185.83,850040.04,1116999.91,17,9
2017-12-02,10000032,16239,13000000,13000000,13000000,2,2
2017-12-02,10000032,16240,1047202.67,900000,1179999.95,79,67
2017-12-02,10000032,16241,7887800,7887800,7887800,2,2
2017-12-02,10000032,16242,937688.06,900000,998698.85,55,23
2017-12-02,10000032,16243,9954498.25,9954498.25,9954498.25,2,2
2017-12-02,10000032,16246,147960000,147960000,147960000,1,1
2017-12-02,10000032,16248,164999978.98,164999978.98,164999978.98,1,1
2017-12-02,10000032,16264,216000,216000,216000,33907,41
2017-12-02,10000032,16272,450,450,450,2954388,34
2017-12-02,10000032,16273,115,115,115,7292323,77
2017-12-02,10000032,16274,800,800,800,215000,6
2017-12-02,10000032,16275,3500,3500,3500,616484,31
2017-12-02,10000032,16278,1867214.56,1300009.25,2049999.79,16,8
2017-12-02,10000032,16281,334452.78,37.51,375000,9,8
2017-12-02,10000032,16297,13142.91,505.03,26988.66,37,22
2017-12-02,10000032,16299,10256.73,1806.57,28667.98,25,18
2017-12-02,10000032,16301,48914.76,6500.02,65545.45,75,34
2017-12-02,10000032,16303,285134.4,160012.17,334366.03,90,47
2017-12-02,10000032,16305,14877.66,1805.27,34500,5,5
2017-12-02,10000032,16307,110767.05,96749.5,117777.77,6,6
2017-12-02,10000032,16309,29374.57,5000.73,43998.87,8,5
2017-12-02,10000032,16311,336917.26,212000.01,413089.95,37,19
2017-12-02,10000032,16313,3551,201.15,26999.98,8,7
2017-12-02,10000032,16315,10,10,10,3,3
2017-12-02,10000032,16317,10000.67,1,30000,6,6
2017-12-02,10000032,16321,303.03,303.03,303.03,3,3
2017-12-02,10000032,16323,2549.6,316,5900,10,9
2017-12-02,10000032,16325,9120.06,8999.99,14000,15,5
2017-12-02,10000032,16327,5000,5000,5000,3,3
2017-12-02,10000032,16329,300.02,300.02,300.02,4,4
2017-12-02,10000032,16333,289,289,289,3,3
2017-12-02,10000032,16335,2003.1,2003.1,2003.1,4,3
2017-12-02,10000032,16337,300,300,300,1,1
2017-12-02,10000032,16339,603.33,603.33,603.33,4,4
2017-12-02,10000032,16341,100,100,100,3,3
2017-12-02,10000032,16343,52,52,52,3,3
2017-12-02,10000032,16345,102.1,102.1,102.1,2,2
2017-12-02,10000032,16347,100.08,0.01,150.12,3,3
2017-12-02,10000032,16349,5714.5,0.5,20000,7,7
2017-12-02,10000032,16351,500,500,500,3,3
2017-12-02,10000032,16353,74489.31,63118.99,86950,65,20
2017-12-02,10000032,16355,67598.91,67058.87,80000,24,12
2017-12-02,10000032,16357,72167.39,72166.77,72170.75,32,16
2017-12-02,10000032,16359,81694.22,70116.2,144999.99,41,22
2017-12-02,10000032,16361,112608.06,108207.7,182999.5,34,17
2017-12-02,10000032,16363,100004.73,100003.15,100006.18,23,14
2017-12-02,10000032,16365,115264.85,115263.71,115267.11,38,15
2017-12-02,10000032,16367,140065.81,133000,142004,47,21
2017-12-02,10000032,16369,95927.98,89211.04,189950,30,14
2017-12-02,10000032,16371,115183.74,111062.49,160499.48,24,18
2017-12-02,10000032,16373,117065.71,117064.74,117067.64,36,17
2017-12-02,10000032,16375,152832.03,127000,160999.95,97,25
2017-12-02,10000032,16377,90490.62,89064.35,128999.99,28,17
2017-12-02,10000032,16379,89565.51,81067.37,115000,41,16
2017-12-02,10000032,16381,109050.58,109048.83,109053.97,21,15
2017-12-02,10000032,16383,135226.19,115000,168999.96,31,22
2017-12-02,10000032,16385,131488.51,45193.04,250193.03,19,16
2017-12-02,10000032,16387,125659.8,56300.01,143000,5,4
2017-12-02,10000032,16389,40667.17,31001,60000,6,6
2017-12-02,10000032,16391,751255.74,177052.22,889870.57,27,21
2017-12-02,10000032,16393,24857.22,10000.14,45000,7,7
2017-12-02,10000032,16395,8966.5,3700,38999,6,5
2017-12-02,10000032,16397,0.01,0.01,0.01,5,3
2017-12-02,10000032,16399,500,500,500,6,4
2017-12-02,10000032,16401,18304.74,1072.99,70000,4,4
2017-12-02,10000032,16403,2001.53,2001.53,2001.53,1,1
2017-12-02,10000032,16405,4801.16,4801.16,4801.16,3,2
2017-12-02,10000032,16407,76924,45002,109999.99,13,11
2017-12-02,10000032,16409,1150.99,0.02,1301.06,4,4
2017-12-02,10000032,16411,4501.23,4501.23,4501.23,4,4
2017-12-02,10000032,16413,2015,2015,2015,5,5
2017-12-02,10000032,16415,9001.11,9001.11,9001.11,3,2
2017-12-02,10000032,16417,22142.91,17000.07,35000,7,7
2017-12-02,10000032,16419,2001.69,2001.69,2001.69,4,4
2017-12-02,10000032,16421,5500,5500,5500,6,6
2017-12-02,10000032,16425,23006.31,5010.54,49999.97,5,5
2017-12-02,10000032,16427,3408.56,3408.56,3408.56,7,5
2017-12-02,10000032,16429,100,100,100,1,1
2017-12-02,10000032,16431,18445.66,2001.37,149999.99,9,7
2017-12-02,10000032,16433,1968.57,1208.09,17000,32,28
2017-12-02,10000032,16435,2712.41,2709.64,9550,45,40
2017-12-02,10000032,16439,13296.38,2004.71,35750,42,31
2017-12-02,10000032,16441,17651.92,5003,59999.99,30,20
2017-12-02,10000032,16443,7718.75,5000,50000,16,13
2017-12-02,10000032,16447,123487.62,10500.01,307500,16,13
2017-12-02,10000032,16449,5188.53,4501.18,9999.99,8,8
2017-12-02,10000032,16451,4500.02,4500.02,4500.02,7,5
2017-12-02,10000032,16455,10748.48,3498.19,47000,12,11
2017-12-02,10000032,16457,2890949.37,1850585.33,4399988,16,10
2017-12-02,10000032,16467,311089.89,50000.28,339998.95,55,19
2017-12-02,10000032,16469,151985.48,104000,188800,62,19
2017-12-02,10000032,16475,131268.84,72500,199998.99,13,9
2017-12-02,10000032,16477,296380.3,102000,524988.99,13,8
2017-12-02,10000032,16481,16750.01,16750,16750.01,4,4
2017-12-02,10000032,16483,8750.01,8750.01,8750.01,2,1
2017-12-02,10000032,16485,16750.01,16750.01,16750.01,5,2
2017-12-02,10000032,16487,109342.81,59999,139998.99,16,8
2017-12-02,10000032,16489,1778.1,1778.1,1778.1,6,4
2017-12-02,10000032,16491,35952.36,8503.37,100000,10,7
2017-12-02,10000032,16493,5992.27,5750,6016.5,11,9
2017-12-02,10000032,16495,164821.47,11000.01,342500,14,11
2017-12-02,10000032,16497,281087.64,177500.01,515542.13,13,9
2017-12-02,10000032,16499,126603.08,126006.2,127001,10,6
2017-12-02,10000032,16505,234403.07,35750.02,293998.99,26,13
2017-12-02,10000032,16507,75828.42,26400,112899.99,7,7
2017-12-02,10000032,16513,5000.04,5000.02,5000.04,11,9
2017-12-02,10000032,16515,8250,8250,8250,7,5
2017-12-02,10000032,16517,4801.03,4801.03,4801.03,3,2
2017-12-02,10000032,16519,292193.11,26013.66,399999,21,10
2017-12-02,10000032,16521,6774.2,0.01,29999.99,31,19
2017-12-02,10000032,16523,3673.99,3200,8888,12,12
2017-12-02,10000032,16525,7600.02,6000.1,8000,5,5
2017-12-02,10000032,16527,375373.31,223091.93,448999.84,34,22
2017-12-02,10000032,16529,50001.81,50001.81,50001.81,1,1
2017-12-02,10000032,16531,466999.33,201000,599999,3,3
2017-12-02,10000032,16533,500004.82,500004.82,500004.82,1,1
2017-12-02,10000032,16535,24887842.19,24887809.21,24887974.16,5,5
2017-12-02,10000032,16537,11507497.54,8031000.19,12999999.99,8,8
2017-12-02,10000032,16591,34999999,34999999,34999999,2,2
2017-12-02,10000032,16594,2088196.69,1500000,2993988.95,10,10
2017-12-02,10000032,16595,14284315.67,12500000,14998043.94,7,7
2017-12-02,10000032,16596,35000000,35000000,35000000,4,3
2017-12-02,10000032,16597,20000000,20000000,20000000,4,4
2017-12-02,10000032,16598,3738525.3,3500000,4493855.41,25,25
2017-12-02,10000032,16622,5398936.07,5000000,6396276.26,7,7
2017-12-02,10000032,16633,2800,2800,2800,474,2
2017-12-02,10000032,16635,7000,7000,7000,500,1
2017-12-02,10000032,16636,1222.45,1222.45,1222.45,1482,1
2017-12-02,10000032,16638,4800,4800,4800,3705,2
2017-12-02,10000032,16641,5800,5800,5800,2581,2
2017-12-02,10000032,16642,4118.5,4118.5,4118.5,5936,4
2017-12-02,10000032,16643,9000,9000,9000,24100,1
2017-12-02,10000032,16647,6516.33,6516.33,6516.33,1410,1
2017-12-02,10000032,16649,45001,45001,45001,1000,1
2017-12-02,10000032,16659,2500,2500,2500,250,1
2017-12-02,10000032,16670,288.97,288.97,288.97,2172509,12
2017-12-02,10000032,16671,379.98,379.98,379.98,25386,4
2017-12-02,10000032,16672,317.97,317.97,317.97,916772,7
2017-12-02,10000032,16673,267.98,267.98,267.98,27013,8
2017-12-02,10000032,16678,420.06,420.06,428.01,3148032,16
2017-12-02,10000032,16679,1399.97,1399.97,1399.97,157576,5
2017-12-02,10000032,16680,3196.68,3196.61,3196.77,104649,19
2017-12-02,10000032,16681,4708.6,4708.54,4708.61,111292,20
2017-12-02,10000032,16682,11999.93,11999.93,11999.93,7294,6
2017-12-02,10000032,16683,52732.4,52732.4,52732.4,2731,9
2017-12-02,10000032,17136,99995.99,99995.99,99995.99,60,2
2017-12-02,10000032,17143,800000.49,1.01,1599999.97,2,2
2017-12-02,10000032,17175,3321210.87,3321210.87,3321210.87,1,1
2017-12-02,10000032,17182,3249999.99,3249999.99,3249999.99,1,1
2017-12-02,10000032,17190,2015.3,2015.3,2015.3,2,2
2017-12-02,10000032,17192,4000.16,4000.16,4000.16,101,8
2017-12-02,10000032,17194,6666.67,5000,10000,3,2
2017-12-02,10000032,17196,1039.28,1039.28,1039.28,18,1
2017-12-02,10000032,17199,1000.31,1000.31,1000.31,41,10
2017-12-02,10000032,17203,2000.17,2000.17,2000.17,6,5
2017-12-02,10000032,17205,200000,200000,200000,2,1
2017-12-02,10000032,17206,74341,23.03,111499.98,3,3
2017-12-02,10000032,17213,1,1,1,1,1
2017-12-02,10000032,17214,1101.8,1101.8,1101.8,22,4
2017-12-02,10000032,17215,30236.69,16293.35,77287.93,49,29
2017-12-02,10000032,17216,374571.09,5135,390000,23,4
2017-12-02,10000032,17217,4530302.02,3990301.35,4710302.24,4,4
2017-12-02,10000032,17218,211562.44,25000,249999.98,24,7
2017-12-02,10000032,17219,186070.09,2000.99,999999.99,92,24
2017-12-02,10000032,17223,13100,13100,13100,4,1
2017-12-02,10000032,17254,100,100,100,4,1
2017-12-02,10000032,17262,1000.7,1000.7,1000.7,19,10
2017-12-02,10000032,17264,1452.54,1005.44,8500,63,24
2017-12-02,10000032,17266,655019.4,655019.4,655019.4,1,1
2017-12-02,10000032,17267,478999.35,478999.35,478999.35,1,1
2017-12-02,10000032,17270,310000,310000,310000,3,1
2017-12-02,10000032,17272,1055.04,100,1111.21,18,14
2017-12-02,10000032,17317,102982.6,102982.6,102982.6,125,2
2017-12-02,10000032,17322,5000000,5000000,5000000,1,1
2017-12-02,10000032,17323,5000000,5000000,5000000,3,3
2017-12-02,10000032,17324,5000000,5000000,5000000,11,2
2017-12-02,10000032,17325,5000000,5000000,5000000,1,1
2017-12-02,10000032,17326,5000000,5000000,5000000,1,1
2017-12-02,10000032,17329,5000000,5000000,5000000,2,2
2017-12-02,10000032,17331,5000000,5000000,5000000,3,3
2017-12-02,10000032,17332,5000000,5000000,5000000,1,1
2017-12-02,10000032,17333,5000000,5000000,5000000,1,1
2017-12-02,10000032,17337,5000000,5000000,5000000,4,4
2017-12-02,10000032,17339,5000000,5000000,5000000,1,1
2017-12-02,10000032,17341,5000000,5000000,5000000,3,3
2017-12-02,10000032,17342,5000000,5000000,5000000,1,1
2017-12-02,10000032,17345,5000000,5000000,5000000,2,2
2017-12-02,10000032,17346,5000000,5000000,5000000,1,1
2017-12-02,10000032,17347,5000000,5000000,5000000,1,1
2017-12-02,10000032,17351,5000000,5000000,5000000,1,1
2017-12-02,10000032,17352,5000000,5000000,5000000,1,1
2017-12-02,10000032,17355,5000000,5000000,5000000,2,2
2017-12-02,10000032,17357,5000000,5000000,5000000,3,3
2017-12-02,10000032,17365,766970.95,766970.95,766970.95,1,1
2017-12-02,10000032,17366,28999.98,28999.98,28999.98,148,42
2017-12-02,10000032,17367,734739.55,253958.2,895000,4,2
2017-12-02,10000032,17368,1877587.25,1000000,2316380.88,3,3
2017-12-02,10000032,17392,100101.01,100101.01,100101.01,940,2
2017-12-02,10000032,17444,512.03,512.03,512.03,490,6
2017-12-02,10000032,17445,511.27,511.27,511.27,222,3
2017-12-02,10000032,17448,415.12,415.12,415.12,16524,20
2017-12-02,10000032,17449,420.95,420.95,420.95,54638,12
2017-12-02,10000032,17452,155.01,155.01,155.01,6510,9
2017-12-02,10000032,17453,140,140,140,8671,11
2017-12-02,10000032,17455,59,55.04,59.1,16179456,277
2017-12-02,10000032,17456,56,55.35,58,8885307,230
2017-12-02,10000032,17459,55,55,55,446072,14
2017-12-02,10000032,17460,53.01,53.01,53.01,165,3
2017-12-02,10000032,17463,16.76,16.76,16.76,3756652,85
2017-12-02,10000032,17464,17.91,17.91,17.91,1457008,80
2017-12-02,10000032,17470,13.5,13.5,13.53,17527956,125
2017-12-02,10000032,17471,14.1,13.7,14.14,5883599,103
2017-12-02,10000032,17476,21537538.44,20000000,22494999.96,26,21
2017-12-02,10000032,17478,21358506.17,20154000.04,22499998.99,32,24
2017-12-02,10000032,17480,19384944.84,17809001.25,19999831.82,22,22
2017-12-02,10000032,17482,1699989,1699978.5,1699989.57,129,63
2017-12-02,10000032,17483,1613008.8,1613008.8,1613008.8,1,1
2017-12-02,10000032,17497,49999989.96,49999989.96,49999989.96,1,1
2017-12-02,10000032,17499,49987494.99,49986999.99,49987989.99,2,2
2017-12-02,10000032,17500,48372666.66,48371999.99,48372999.99,3,3
2017-12-02,10000032,17526,15833104.73,10000086,17998999.99,12,10
2017-12-02,10000032,17528,55999948.99,55999948.99,55999948.99,1,1
2017-12-02,10000032,17559,62748891.53,58249867.49,63498728.88,14,11
2017-12-02,10000032,17619,19999991.6,19999989.93,19999999.94,6,3
2017-12-02,10000032,17624,1666.67,0.01,2000,6,4
2017-12-02,10000032,17634,89899999.99,89899999.99,89899999.99,2,2
2017-12-02,10000032,17636,420600600.1,420600600.1,420600600.1,1,1
2017-12-02,10000032,17703,30279960.74,23200011.05,34999928.87,10,9
2017-12-02,10000032,17709,210398995,210398989.99,210399000,2,2
2017-12-02,10000032,17715,206476471.77,192106000,209887869.9,13,13
2017-12-02,10000032,17718,118490798.87,118490798.87,118490798.87,2,2
2017-12-02,10000032,17720,166499000,166499000,166499000,1,1
2017-12-02,10000032,17722,200997934.96,200997698.94,200997999,5,5
2017-12-02,10000032,17728,402000000,402000000,402000000,1,1
2017-12-02,10000032,17736,389999999.99,380000000,399999999.97,2,2
2017-12-02,10000032,17738,555136610.17,508013050.88,565890000,5,5
2017-12-02,10000032,17740,489434470.84,429000172.1,549868769.58,2,2
2017-12-02,10000032,17765,127777.77,127777.77,127777.77,948,12
2017-12-02,10000032,17796,9000,9000,9000,10,1
2017-12-02,10000032,17812,12927101.34,9080309.06,14883969.97,6,5
2017-12-02,10000032,17840,4000.01,4000.01,4000.01,6,3
2017-12-02,10000032,17841,12195418.25,10800002.23,12778800,17,17
2017-12-02,10000032,17843,61860189.52,58001000,64996999.98,63,61
2017-12-02,10000032,17848,523836.67,408804.06,1098999.74,12,3
2017-12-02,10000032,17849,3033005.43,2200023.05,3408987.97,95,20
2017-12-02,10000032,17850,2100000.09,2100000.09,2100000.09,1,1
2017-12-02,10000032,17866,1190,1190,1190,1000,1
2017-12-02,10000032,17867,52.12,50,59,1305818,48
2017-12-02,10000032,17868,61.66,61.66,61.66,443643,51
2017-12-02,10000032,17871,973857,53007,1321211,4,3
2017-12-02,10000032,17887,870.13,870.13,870.13,28892988,47
2017-12-02,10000032,17888,725,725,725,995309,16
2017-12-02,10000032,17889,750,750,750,6350042,18
2017-12-02,10000032,17893,131000,131000,131000,169,40
2017-12-02,10000032,17894,145816.84,138000.12,250000,86,32
2017-12-02,10000032,17895,700000.03,500000.19,799999.99,203,47
2017-12-02,10000032,17897,12001.05,12001.05,12001.05,90,4
2017-12-02,10000032,17898,124999.99,124999.89,125000,16,2
2017-12-02,10000032,17912,4087147.89,4084997.9,4099997.99,60,37
2017-12-02,10000032,17918,460843641.49,432029000.02,469885997.97,14,14
2017-12-02,10000032,17920,200000402.9,200000402.9,200000402.9,1,1
2017-12-02,10000032,17922,96988347.28,96988347.26,96988347.3,2,2
2017-12-02,10000032,17924,41000500.02,38001000.01,49998999.99,4,4
2017-12-02,10000032,17926,49880000,49879999.99,49880000,2,2
2017-12-02,10000032,17928,54833388.52,50171001.67,56165998.58,18,16
2017-12-02,10000032,17930,64987114.28,64984998.99,64988171.92,3,3
2017-12-02,10000032,17932,46950821.9,42000000,51902188.41,8,6
2017-12-02,10000032,17938,11398.95,11398.95,11398.95,284,216
2017-12-02,10000032,17940,609807.68,500000,887999.95,26,22
2017-12-02,10000032,18025,451997.1,400000,659985.49,5,5
2017-12-02,10000032,18038,237000,237000,237000,4,1
2017-12-02,10000032,18039,750000,750000,750000,1,1
2017-12-02,10000032,18044,149999.59,149999.59,149999.59,4,1
2017-12-02,10000032,18050,129999.98,129999.98,129999.98,2,1
2017-12-02,10000032,18051,400000,400000,400000,2,2
2017-12-02,10000032,18052,84999.97,84999.95,84999.97,14,3
2017-12-02,10000032,18053,350000,350000,350000,1,1
2017-12-02,10000032,18054,209869.43,30002.57,434703,9,2
2017-12-02,10000032,18056,25299.06,25299.05,25299.06,52,5
2017-12-02,10000032,18057,300000,300000,300000,1,1
2017-12-02,10000032,18058,41091.07,36999.99,43089.69,69,13
2017-12-02,10000032,18060,30003.18,30003.18,30003.19,40,6
2017-12-02,10000032,18061,200000,200000,200000,1,1
2017-12-02,10000032,18062,14391.85,10000,29449.9,62,4
2017-12-02,10000032,18063,150000,150000,150000,2,2
2017-12-02,10000032,18066,11766.42,11766,11766.52,31,3
2017-12-02,10000032,18068,2285713.53,1999998.97,3000000,7,5
2017-12-02,10000032,18580,100000000,100000000,100000000,1,1
2017-12-02,10000032,18590,733221.83,733221.83,733221.83,19,2
2017-12-02,10000032,18592,529984.99,529984.99,529984.99,21,3
2017-12-02,10000032,18594,638990.99,638990.99,638990.99,27,4
2017-12-02,10000032,18598,968056.99,968056.99,968057,22,3
2017-12-02,10000032,18604,264992.17,264992.17,264992.17,2,1
2017-12-02,10000032,18606,449999.97,449999.97,449999.97,52,2
2017-12-02,10000032,18610,271994.87,153003.1,271994.87,183,9
2017-12-02,10000032,18612,299999,3500,311999.41,287,20
2017-12-02,10000032,18614,189361.06,189361.06,189361.06,36,4
2017-12-02,10000032,18616,112974.53,3500,194997.63,95,8
2017-12-02,10000032,18618,90051.04,90051.04,90051.05,249,12
2017-12-02,10000032,18624,649984.99,649984.99,649984.99,3,2
2017-12-02,10000032,18635,250000,250000,250000,28,1
2017-12-02,10000032,18637,265999.92,265999.92,265999.92,8,1
2017-12-02,10000032,18639,27749.95,25000.68,27749.95,358,46
2017-12-02,10000032,18660,49999999,49999999,49999999,1,1
2017-12-02,10000032,18670,42998911.98,42998911.98,42998911.98,1,1
2017-12-02,10000032,18676,49999919.81,49999919.81,49999919.81,1,1
2017-12-02,10000032,18680,17308489.91,8180999.91,26435979.9,2,2
2017-12-02,10000032,18682,60949911.33,56000005.32,62599880,4,4
2017-12-02,10000032,18686,12000100.01,12000100.01,12000100.01,1,1
2017-12-02,10000032,18692,21615714.34,21218000.08,24000000,14,13
2017-12-02,10000032,18710,57294000.02,57294000.02,57294000.02,1,1
2017-12-02,10000032,18756,1999999,1999999,1999999,1,1
2017-12-02,10000032,18760,250000,250000,250000,9,1
2017-12-02,10000032,18766,177001.31,177001.31,177001.31,1,1
2017-12-02,10000032,18789,52672800.03,51466000.04,57500000,5,5
2017-12-02,10000032,18791,133875,27750,240000,4,3
2017-12-02,10000032,18793,279207.84,106000.03,354998.5,6,6
2017-12-02,10000032,18795,7025.53,7000.05,7051,2,2
2017-12-02,10000032,18797,24034.19,24001.29,24100,3,3
2017-12-02,10000032,18799,93027500.95,89055001.98,96999999.93,4,4
2017-12-02,10000032,18801,1149164.29,1149164.28,1149164.3,2,2
2017-12-02,10000032,18803,7746341.42,7259514.3,7989754.99,3,3
2017-12-02,10000032,18805,12000,12000,12000,1,1
2017-12-02,10000032,18807,1600299.65,1600299.65,1600299.65,2,2
2017-12-02,10000032,18817,5800011.16,5800011.16,5800011.16,1,1
2017-12-02,10000032,18831,104829322.15,102668655.32,106989988.97,2,2
2017-12-02,10000032,18839,17628271.66,17628271.66,17628271.66,1,1
2017-12-02,10000032,18847,12000000,12000000,12000000,1,1
2017-12-02,10000032,18849,359163827.86,359163827.86,359163827.86,1,1
2017-12-02,10000032,18855,49999968.97,49999968.97,49999968.97,1,1
2017-12-02,10000032,18865,44988967.16,44988967.16,44988967.16,1,1
2017-12-02,10000032,18873,74999999.98,74999999.98,74999999.98,1,1
2017-12-02,10000032,18875,88999999.5,88000000,89999999,2,2
2017-12-02,10000032,18881,900000000,900000000,900000000,1,1
2017-12-02,10000032,18883,1049999998.92,1049999998.92,1049999998.92,1,1
2017-12-02,10000032,18899,49799999.99,49799999.99,49799999.99,1,1
2017-12-02,10000032,18933,59991741.69,59991741.69,59991741.69,1,1
2017-12-02,10000032,18945,88998904.32,88998904.32,88998904.32,1,1
2017-12-02,10000032,18949,24999999,24999999,24999999,1,1
2017-12-02,10000032,18951,69999943.39,69999943,69999943.78,2,2
2017-12-02,10000032,18955,30000000,30000000,30000000,1,1
2017-12-02,10000032,18961,53303758,53303758,53303758,1,1
2017-12-02,10000032,18963,59000000,59000000,59000000,1,1
2017-12-02,10000032,18979,139999998.99,139999998.99,139999998.99,1,1
2017-12-02,10000032,18985,3966722.13,3777777,4500000,8,6
2017-12-02,10000032,18987,7999899,7999899,7999899,1,1
2017-12-02,10000032,19003,43691000,43691000,43691000,1,1
2017-12-02,10000032,19009,79899187.26,79898851.93,79899857.94,3,3
2017-12-02,10000032,19011,19800000,19800000,19800000,1,1
2017-12-02,10000032,19013,26063000.01,26063000.01,26063000.01,1,1
2017-12-02,10000032,19015,22884077.2,22056001.02,23700000,13,12
2017-12-02,10000032,19017,124250739.21,110003000,128999988.95,4,4
2017-12-02,10000032,19021,349999781.82,349999778.49,349999788.5,3,3
2017-12-02,10000032,19023,158989989.99,158989989.99,158989989.99,2,2
2017-12-02,10000032,19027,399999978.98,399999978.98,399999978.98,1,1
2017-12-02,10000032,19029,90699962.67,90049944,92000000,3,3
2017-12-02,10000032,19033,500000000,500000000,500000000,1,1
2017-12-02,10000032,19035,8500227.59,8500227.59,8500227.59,1,1
2017-12-02,10000032,19038,149999808.99,149999808.99,149999808.99,2,2
2017-12-02,10000032,19045,118899845.93,118899845.93,118899845.93,1,1
2017-12-02,10000032,19069,50000,50000,50000,3,1
2017-12-02,10000032,19105,23300000,23300000,23300000,1,1
2017-12-02,10000032,19107,6010000,6010000,6010000,1,1
2017-12-02,10000032,19113,440000,440000,440000,3,1
2017-12-02,10000032,19145,99999999.99,99999999.99,99999999.99,2,2
2017-12-02,10000032,19147,11379989.99,11379989.99,11379989.99,2,1
2017-12-02,10000032,19151,48999929.83,48999929.83,48999929.83,6,4
2017-12-02,10000032,19179,61599161.29,40332814.18,68687946.99,4,4
2017-12-02,10000032,19183,71499979.96,71499979.96,71499979.96,1,1
2017-12-02,10000032,19187,34829608.92,22807354.57,36999979.98,7,7
2017-12-02,10000032,19191,223503070.78,191019558.87,229999718.96,6,6
2017-12-02,10000032,19196,320000000,320000000,320000000,1,1
2017-12-02,10000032,19198,588999999,588999999,588999999,4,4
2017-12-02,10000032,19200,196749997.5,196000000,197499995,4,4
2017-12-02,10000032,19203,107499996.24,104999999,109999993.47,2,2
2017-12-02,10000032,19207,168333198.42,164999994.98,174999610.35,6,6
2017-12-02,10000032,19208,106999776.97,106999776.97,106999776.97,1,1
2017-12-02,10000032,19211,1095004.51,600009.01,1590000,2,2
2017-12-02,10000032,19215,9799867.52,7400000.34,11399798.99,5,5
2017-12-02,10000032,19227,21751000,21751000,21751000,1,1
2017-12-02,10000032,19229,1009969.97,1009969.97,1009969.97,1,1
2017-12-02,10000032,19231,97499239.96,97499239.96,97499239.96,2,2
2017-12-02,10000032,19237,4750000,4750000,4750000,1,1
2017-12-02,10000032,19245,18898973.99,18898968.98,18898978.99,2,2
2017-12-02,10000032,19247,34987898.52,34987898.52,34987898.52,1,1
2017-12-02,10000032,19249,29099990,29099990,29099990,2,1
2017-12-02,10000032,19251,74999937.93,74999937.93,74999937.93,1,1
2017-12-02,10000032,19281,57768442.19,36537001.14,78999883.23,2,2
2017-12-02,10000032,19282,110250010.39,105000000,149999807.86,4,4
2017-12-02,10000032,19283,9797499.75,9594999.5,10000000,4,4
2017-12-02,10000032,19284,43000000,43000000,43000000,1,1
2017-12-02,10000032,19286,6500000,4000000,9000000,2,2
2017-12-02,10000032,19287,12590000,12590000,12590000,1,1
2017-12-02,10000032,19288,34334069.79,29051105.19,44899999,3,3
2017-12-02,10000032,19295,215749988.28,214999979.9,219500000,6,6
2017-12-02,10000032,19297,89999997.99,89999997.99,89999997.99,2,2
2017-12-02,10000032,19303,179999980.45,179999980.45,179999980.45,1,1
2017-12-02,10000032,19315,127711213.39,127212426.77,128210000,2,2
2017-12-02,10000032,19317,196003000.98,196003000.97,196003001,3,2
2017-12-02,10000032,19321,174999995,174999989.99,175000000,2,2
2017-12-02,10000032,19325,29371083.7,25010001.13,30000000,12,11
2017-12-02,10000032,19339,87999498.09,87999498.09,87999498.09,1,1
2017-12-02,10000032,19345,144999868.82,144999868.82,144999868.82,1,1
2017-12-02,10000032,19359,226996817.78,226996817.75,226996817.81,2,2
2017-12-02,10000032,19398,499999.99,499999.99,499999.99,60,1
2017-12-02,10000032,19400,7779.29,6491.02,10999.98,56,14
2017-12-02,10000032,19402,33333.67,20001,40000,3,3
2017-12-02,10000032,19404,129670.81,118010.94,180000,70,36
2017-12-02,10000032,19405,326965.63,301010.06,360000,25,17
2017-12-02,10000032,19406,491320.08,491320.08,491320.09,140,48
2017-12-02,10000032,19407,1116040.08,1116040.07,1116040.09,139,51
2017-12-02,10000032,19408,1996697.52,1951010.08,2100000,75,40
2017-12-02,10000032,19412,12500016.41,12500016.41,12500016.41,1,1
2017-12-02,10000032,19416,41058184.39,37310007.1,43200000,11,9
2017-12-02,10000032,19417,51680000,51680000,51680000,5,2
2017-12-02,10000032,19418,59134379.98,55003139.95,61200000,3,3
2017-12-02,10000032,19421,133837000,133837000,133837000,3,1
2017-12-02,10000032,19422,3360000,3360000,3360000,1,1
2017-12-02,10000032,19500,3363.64,1200.01,24999.95,11,7
2017-12-02,10000032,19549,219999999.56,219999999.56,219999999.56,1,1
2017-12-02,10000032,19550,155999999,155999999,155999999,1,1
2017-12-02,10000032,19660,21333.61,13000,36363.3,33,23
2017-12-02,10000032,19684,29844708.83,29844704.08,29844713.58,2,2
2017-12-02,10000032,19686,181988739.96,181988734.95,181988744.96,2,2
2017-12-02,10000032,19687,157999576.87,157999576.86,157999576.87,3,3
2017-12-02,10000032,19688,169996678.81,169996678.81,169996678.81,1,1
2017-12-02,10000032,19689,17004001,17004001,17004001,1,1
2017-12-02,10000032,19694,181979999.33,181979999.33,181979999.33,1,1
2017-12-02,10000032,19699,19810938.55,16621887.11,22999989.99,2,2
2017-12-02,10000032,19719,30749999.75,30000000,32999999,4,4
2017-12-02,10000032,19739,4475685.33,2569111.38,4999993.82,51,11
2017-12-02,10000032,19744,790158.6,590475.89,889999.95,3,3
2017-12-02,10000032,19759,200000,200000,200000,4,4
2017-12-02,10000032,19760,269999.23,160000,599996.93,4,4
2017-12-02,10000032,19761,1000000,1000000,1000000,2,2
2017-12-02,10000032,19766,1299499.63,999000,1599999.26,2,2
2017-12-02,10000032,19767,588888.31,400000,777776.62,4,4
2017-12-02,10000032,19806,1128803.93,925001.13,1144478.43,25,16
2017-12-02,10000032,19810,49610.15,1777.84,89999.69,61,20
2017-12-02,10000032,19812,2888.88,197,67499.96,25,6
2017-12-02,10000032,19814,18183.76,6100,30000,42,27
2017-12-02,10000032,19921,172272.71,90000,270999.96,11,11
2017-12-02,10000032,19922,1299871.64,600000,1999743.27,2,2
2017-12-02,10000032,19923,6806.25,4399.99,7150,8,7
2017-12-02,10000032,19925,8461.55,0.02,109999.94,13,11
2017-12-02,10000032,19927,11215.71,4002,116999.88,14,11
2017-12-02,10000032,19929,6997,6997,6997,139,43
2017-12-02,10000032,19931,4723.33,2001,11799.95,22,16
2017-12-02,10000032,19935,7059.93,2455,34999.5,14,12
2017-12-02,10000032,19937,7744.45,100,69000,9,7
2017-12-02,10000032,19939,8700.12,2000.38,43999.97,6,6
2017-12-02,10000032,19942,2363.35,2200.17,8888,33,27
2017-12-02,10000032,19944,1803.21,1700.01,7399.99,55,45
2017-12-02,10000032,19946,3792.23,3006.41,4001.11,43,36
2017-12-02,10000032,19948,5173.16,2500.28,5555,8,8
2017-12-02,10000032,19950,25000.02,0.03,150000,6,6
2017-12-02,10000032,19952,6918.33,4502.01,18999.95,6,4
2017-12-02,10000032,19962,4.3,4.3,4.3,27000,18
2017-12-02,10000032,19964,1.72,1.72,1.72,7500,6
2017-12-02,10000032,19966,3.83,3.83,3.83,5000,3
2017-12-02,10000032,19968,1.59,1.59,1.59,2000,3
2017-12-02,10000032,19970,4.6,4.6,4.6,1000,1
2017-12-02,10000032,19972,99.99,99.99,99.99,1111,1
2017-12-02,10000032,19980,144399.6,100000,174000,5,4
2017-12-02,10000032,19988,2989.98,2989.98,2989.98,600,1
2017-12-02,10000032,19990,500.01,500.01,500.01,500,1
2017-12-02,10000032,19992,2098.09,2098.09,2098.09,2036,2
2017-12-02,10000032,19998,27.72,27.72,27.72,1000,1
2017-12-02,10000032,20004,3599.99,3599.99,3599.99,3180,1
2017-12-02,10000032,20006,4959.71,4959.71,4959.71,240,1
2017-12-02,10000032,20034,3.21,3.21,3.21,1000,1
2017-12-02,10000032,20038,11.19,11.19,11.19,1000,1
2017-12-02,10000032,20043,15,15,15,8240,6
2017-12-02,10000032,20045,2.02,2.02,2.02,8000,3
2017-12-02,10000032,20047,10.37,10.37,10.37,4000,2
2017-12-02,10000032,20049,32.07,32.07,32.07,1000,1
2017-12-02,10000032,20051,29,29,29,1000,1
2017-12-02,10000032,20053,10.06,10.06,10.06,1000,1
2017-12-02,10000032,20055,30.3,30.3,30.3,1000,1
2017-12-02,10000032,20060,82000000.04,82000000.04,82000000.04,1,1
2017-12-02,10000032,20066,35004003.5,35004003.5,35004003.5,1,1
2017-12-02,10000032,20114,4205.27,4205.27,4205.27,30,3
2017-12-02,10000032,20115,3300.27,3300.27,3300.27,13,1
2017-12-02,10000032,20125,284000000,270000000,298000000,2,2
2017-12-02,10000032,20138,51875,30000,55000,8,4
2017-12-02,10000032,20171,89755,89755,110000,886,24
2017-12-02,10000032,20172,74117.86,72826.01,78800,74,9
2017-12-02,10000032,20183,1238994940.83,1238994940.83,1238994940.83,1,1
2017-12-02,10000032,20185,1328395464.95,1328395464.95,1328395464.95,1,1
2017-12-02,10000032,20187,1100000002.22,1100000002.22,1100000002.22,1,1
2017-12-02,10000032,20199,32387652.12,31994999.21,34959999,15,14
2017-12-02,10000032,20209,2365319.58,899000,3399909.71,8,8
2017-12-02,10000032,20210,935791.49,898999.99,984985.99,10,10
2017-12-02,10000032,20211,4840000,4800000,5000000,5,5
2017-12-02,10000032,20212,12079683.06,11895789.99,12999998.98,6,6
2017-12-02,10000032,20213,8999859.04,8999855.4,8999865.42,11,10
2017-12-02,10000032,20306,9.61,9.61,9.61,15602,5
2017-12-02,10000032,20307,96,96,96,138985,6
2017-12-02,10000032,20308,61.15,61.15,84.57,20205,9
2017-12-02,10000032,20312,1552944.95,1039221.9,2700000,6,6
2017-12-02,10000032,20314,2754336.29,1375126.03,3297775.82,7,7
2017-12-02,10000032,20315,2462187.31,1993285.96,4800000,6,6
2017-12-02,10000032,20327,19475045.64,19475036.97,19475062.98,3,3
2017-12-02,10000032,20342,51666665.67,50000000,54999997,9,9
2017-12-02,10000032,20345,139987,139987,139987,3,3
2017-12-02,10000032,20347,582816.58,302204,613995.88,10,9
2017-12-02,10000032,20349,1031817.95,1019998.99,1160000.26,11,10
2017-12-02,10000032,20351,1556667.04,1400001.6,1629998.99,39,18
2017-12-02,10000032,20353,3289989.93,3289989.92,3289989.93,177,35
2017-12-02,10000032,20410,75525.04,75500.05,98938.97,324,24
2017-12-02,10000032,20411,146329.7,146327.32,182994.92,432,15
2017-12-02,10000032,20412,79645,79645,79645,185,19
2017-12-02,10000032,20413,189988.3,144005.88,189999.99,585,22
2017-12-02,10000032,20414,155026.12,155026.12,155026.12,1196,26
2017-12-02,10000032,20415,92000,92000,92000,685,21
2017-12-02,10000032,20416,204999.95,204999.94,259986.82,1122,29
2017-12-02,10000032,20417,85058.01,85058,85058.01,409,19
2017-12-02,10000032,20418,108997.89,108996,108997.99,2432,35
2017-12-02,10000032,20419,200000,200000,200000,3670,28
2017-12-02,10000032,20420,98599.02,98599.02,98599.02,1091,25
2017-12-02,10000032,20421,33525,33525,33525,307,15
2017-12-02,10000032,20423,105000,105000,105000,194,11
2017-12-02,10000032,20424,37726,37725.03,37726.01,1185,46
2017-12-02,10000032,20425,3210.3,3210.3,3210.3,15,1
2017-12-02,10000032,20433,444448.81,10.01,888887.6,8,5
2017-12-02,10000032,20494,100000,100000,100000,6,6
2017-12-02,10000032,20495,100000,100000,100000,4,4
2017-12-02,10000032,20498,65399849.68,65399849.68,65399849.68,1,1
2017-12-02,10000032,20500,89999899.89,89999899.89,89999899.89,1,1
2017-12-02,10000032,20502,190000000,190000000,190000000,1,1
2017-12-02,10000032,20503,499999999.98,499999999.98,499999999.98,1,1
2017-12-02,10000032,20504,270000000,270000000,270000000,1,1
2017-12-02,10000032,20505,498989888.83,498989888.83,498989888.83,1,1
2017-12-02,10000032,20506,124999999.98,124999999.98,124999999.98,1,1
2017-12-02,10000032,20525,122896299.99,122896299.99,122896299.99,1,1
2017-12-02,10000032,20526,84998585.44,84998579.94,84998590.94,2,2
2017-12-02,10000032,20527,75000000,75000000,75000000,7,5
2017-12-02,10000032,20530,139989836.99,139989836.99,139989836.99,1,1
2017-12-02,10000032,20531,110389932.53,100000000,131169797.58,3,2
2017-12-02,10000032,20532,133892020.84,133892004.83,133892036.84,2,2
2017-12-02,10000032,20533,415816666.5,400000000,430000000,6,6
2017-12-02,10000032,20595,2600000,2600000,2600000,2,1
2017-12-02,10000032,20831,2468784.28,2468784.28,2468784.28,12,2
2017-12-02,10000032,20945,22.59,22.59,22.59,13000,5
2017-12-02,10000032,20947,10,10,10,11300,7
2017-12-02,10000032,20949,236.58,236.58,236.58,7000,4
2017-12-02,10000032,20951,528.68,528.68,528.68,5000,5
2017-12-02,10000032,20953,528.58,528.58,528.58,1000,1
2017-12-02,10000032,20957,876.58,876.58,876.58,1000,1
2017-12-02,10000032,20959,5080.5,5080.5,5080.5,1000,1
2017-12-02,10000032,20961,100.68,100.68,100.68,4000,1
2017-12-02,10000032,20963,117,117,117,1000,1
2017-12-02,10000032,20967,855.67,855.67,855.67,1000,1
2017-12-02,10000032,21012,1462602000,1462602000,1462602000,1,1
2017-12-02,10000032,21014,1202763200,1202763200,1202763200,1,1
2017-12-02,10000032,21017,4500501.1,4500501.1,4500501.1,12,1
2017-12-02,10000032,21026,1663964800,1663964800,1663964800,1,1
2017-12-02,10000032,21027,3000000,3000000,3000000,6,2
2017-12-02,10000032,21030,872279600,872279600,872279600,1,1
2017-12-02,10000032,21037,5411241.7,5411241.7,5411241.7,14,1
2017-12-02,10000032,21038,1005494000,1005494000,1005494000,1,1
2017-12-02,10000032,21059,158162.61,120000,399855.8,22,22
2017-12-02,10000032,21071,171902.84,69999.99,299763.8,13,13
2017-12-02,10000032,21073,1.06,1.06,1.06,1,1
2017-12-02,10000032,21074,1199201.35,1199201.35,1199201.35,2,2
2017-12-02,10000032,21075,1.03,1.03,1.03,2,2
2017-12-02,10000032,21080,12010.18,12010.18,12010.18,1,1
2017-12-02,10000032,21081,31000.93,31000.93,31000.93,2,1
2017-12-02,10000032,21082,100060.53,100060.53,100060.53,6,3
2017-12-02,10000032,21084,10838.65,10838.65,10838.65,3,2
2017-12-02,10000032,21085,30000,29999.99,30000,7,5
2017-12-02,10000032,21087,1502.45,1502.45,1502.45,6,4
2017-12-02,10000032,21088,500474.28,500474.28,500474.28,2,1
2017-12-02,10000032,21089,334248.83,1373.25,1000000,6,2
2017-12-02,10000032,21096,2030984.64,1740999.84,3999993.96,67,25
2017-12-02,10000032,21194,7000.23,7000.23,7000.23,2,2
2017-12-02,10000032,21198,4999,4999,4999,1,1
2017-12-02,10000032,21210,55004.56,55004.56,55004.56,2,2
2017-12-02,10000032,21322,440,440,440,600,1
2017-12-02,10000032,21354,650,650,650,5000,2
2017-12-02,10000032,21557,56999987.94,56999987.94,56999987.94,1,1
2017-12-02,10000032,21569,60000000,60000000,60000000,1,1
2017-12-02,10000032,21584,3000,3000,3000,1,1
2017-12-02,10000032,21585,87779.74,87779.74,87779.75,6,2
2017-12-02,10000032,21587,125,125,125,1939,12
2017-12-02,10000032,21588,100.02,100.02,100.02,2990,17
2017-12-02,10000032,21589,8.14,8.14,8.14,3161,15
2017-12-02,10000032,21590,7.7,7.7,7.7,1296,15
2017-12-02,10000032,21591,100,100,100,686,6
2017-12-02,10000032,21592,130,130,130,942,15
2017-12-02,10000032,21593,19.91,19.91,19.91,1219,14
2017-12-02,10000032,21594,100.02,100.02,100.02,403,10
2017-12-02,10000032,21595,130.01,129,130.1,384,8
2017-12-02,10000032,21596,300.1,300.1,300.1,68,2
2017-12-02,10000032,21603,10166666.5,10000000,10999999,6,6
2017-12-02,10000032,21610,20833230,20000000,24999379.98,6,6
2017-12-02,10000032,21611,30999998.57,30000000,32999995.7,6,6
2017-12-02,10000032,21638,949999.95,949999.95,949999.95,144,23
2017-12-02,10000032,21640,957969.96,957969.89,957969.97,176,36
2017-12-02,10000032,21666,17665689.92,15000000,18998534.88,3,3
2017-12-02,10000032,21667,24999554.5,24999108.99,25000000,2,2
2017-12-02,10000032,21668,29153279.48,29153269.96,29153289,2,2
2017-12-02,10000032,21718,88875.07,13000.65,100000,8,8
2017-12-02,10000032,21721,500000.75,500000.75,500000.75,1,1
2017-12-02,10000032,21722,1250500,701000,1800000,2,2
2017-12-02,10000032,21723,185000,185000,185000,1,1
2017-12-02,10000032,21724,2000.35,2000.35,2000.35,1,1
2017-12-02,10000032,21725,950007.52,950007.52,950007.52,3,2
2017-12-02,10000032,21726,41250.02,5000.03,150000,4,4
2017-12-02,10000032,21727,91500.13,8000.26,175000,4,2
2017-12-02,10000032,21728,1208.22,1208.22,1208.22,2,2
2017-12-02,10000032,21730,5000.16,5000.16,5000.16,2,2
2017-12-02,10000032,21731,15000.01,15000.01,15000.01,1,1
2017-12-02,10000032,21740,1006,1006,1006,7158,5
2017-12-02,10000032,21789,484999.99,484999.99,484999.99,5,5
2017-12-02,10000032,21790,16852.6,15999.99,22822.87,8,8
2017-12-02,10000032,21791,40973.58,38697.53,41884,7,7
2017-12-02,10000032,21802,44999646.99,44999646.99,44999646.99,2,2
2017-12-02,10000032,21803,17500000,17500000,17500000,1,1
2017-12-02,10000032,21815,7256079.61,7256079.52,7628039.96,245,45
2017-12-02,10000032,21841,155779.67,1012,199999,9,3
2017-12-02,10000032,21853,114534.87,74999.87,270000,28,19
2017-12-02,10000032,21857,9715.85,1,26000,65,42
2017-12-02,10000032,21867,31.09,31.09,31.09,3880,2
2017-12-02,10000032,21894,1798.64,1798.64,1798.64,37720,16
2017-12-02,10000032,21896,1198.98,1198.98,1198.98,35872,26
2017-12-02,10000032,21898,584,584,585.93,71485,38
2017-12-02,10000032,21902,1128.94,1128.94,1128.94,56084,10
2017-12-02,10000032,21904,716.99,716.99,716.99,39511,27
2017-12-02,10000032,21906,571.95,571.95,571.95,21632,12
2017-12-02,10000032,21914,524.99,524.99,524.99,1200,1
2017-12-02,10000032,21918,1211.85,1211.85,1211.85,42200,6
2017-12-02,10000032,21922,998.57,998.57,998.57,31613,15
2017-12-02,10000032,21924,549.76,549.75,549.77,29116,29
2017-12-02,10000032,21926,1167,1167,1167,160,1
2017-12-02,10000032,21928,898.49,800,996.98,2000,2
2017-12-02,10000032,21931,569,568.99,569,1000,2
2017-12-02,10000032,21935,1194,1194,1194,1000,1
2017-12-02,10000032,21937,780.33,780.33,780.33,9040,5
2017-12-02,10000032,21939,583.94,583.94,583.94,2900,2
2017-12-02,10000032,21948,200000000,200000000,200000000,1,1
2017-12-02,10000032,22043,26562500,25000000,27500000,8,8
2017-12-02,10000032,22107,19666677.47,3000052.42,27999989.99,3,3
2017-12-02,10000032,22108,36704555.64,20314000,44899833.46,3,3
2017-12-02,10000032,22109,129999839.46,129999833.99,129999844.93,2,2
2017-12-02,10000032,22110,189999998.99,189999998.98,189999999,2,2
2017-12-02,10000032,22111,82533317.94,69299976.91,109000000,3,3
2017-12-02,10000032,22112,339999999,339999999,339999999,1,1
2017-12-02,10000032,22114,12998969.38,12998969.38,12998969.38,1,1
2017-12-02,10000032,22119,36000000,36000000,36000000,1,1
2017-12-02,10000032,22120,57999785.7,57999785.7,57999785.7,1,1
2017-12-02,10000032,22121,98898588.59,98898588.59,98898588.59,1,1
2017-12-02,10000032,22122,143999979.98,143999979.98,143999979.98,1,1
2017-12-02,10000032,22123,63999884.99,63999884.99,63999884.99,1,1
2017-12-02,10000032,22125,16249999.33,14950000,16899999,3,3
2017-12-02,10000032,22126,38535140.09,38535140.09,38535140.09,1,1
2017-12-02,10000032,22127,104999999.99,104999999.99,104999999.99,1,1
2017-12-02,10000032,22128,158500004.1,143000009.2,173999999,2,2
2017-12-02,10000032,22129,59999997.91,59999997.91,59999997.91,1,1
2017-12-02,10000032,22130,320000000,320000000,320000000,1,1
2017-12-02,10000032,22131,7399915.85,7399915.85,7399915.85,1,1
2017-12-02,10000032,22133,10000000,10000000,10000000,1,1
2017-12-02,10000032,22135,11000000,11000000,11000000,1,1
2017-12-02,10000032,22136,19000000,19000000,19000000,1,1
2017-12-02,10000032,22175,60700.01,60699.99,60755.53,155,132
2017-12-02,10000032,22176,310533.33,200000,332640,6,5
2017-12-02,10000032,22177,62899.92,62899.92,62899.92,163,128
2017-12-02,10000032,22178,332640,332640,332640,2,1
2017-12-02,10000032,22229,4256629.38,3787653.07,4320000,23,12
2017-12-02,10000032,22291,1088895.27,1050000,1088895.36,236,103
2017-12-02,10000032,22436,1319999998.51,1319999998.5,1319999998.51,2,2
2017-12-02,10000032,22444,486889342.8,486889342.8,486889342.8,1,1
2017-12-02,10000032,22448,499999999,499999999,499999999,1,1
2017-12-02,10000032,22456,76573941.9,76573939.9,76573949.9,5,5
2017-12-02,10000032,22460,65960001.71,65960001.71,65960001.71,1,1
2017-12-02,10000032,22534,18971963.26,15000000,20957944.89,3,3
2017-12-02,10000032,22535,121999964.97,121999959.96,121999969.97,2,2
2017-12-02,10000032,22536,366776.35,200000,426589.98,11,11
2017-12-02,10000032,22541,9374999.62,9000000,9999999,24,23
2017-12-02,10000032,22542,31999.99,31999.97,33997.99,195,82
2017-12-02,10000032,22544,366710168.08,340152003.11,390155000,6,6
2017-12-02,10000032,22546,287863878.02,270006000,289499999.99,11,9
2017-12-02,10000032,22548,321521161.35,279162002,329992994,6,6
2017-12-02,10000032,22551,28874470.18,28748989.99,30999831.1,6,6
2017-12-02,10000032,22552,1497304.96,1497304.94,1497304.97,6,6
2017-12-02,10000032,22559,53894886.39,53894886.33,53894886.45,2,2
2017-12-02,10000032,22570,14336985.59,10510011,21990934.78,3,2
2017-12-02,10000032,22576,27328.44,10313.76,33000,4,4
2017-12-02,10000032,22578,95033.21,80000,223998.64,66,65
2017-12-02,10000032,22611,19185082.7,19185082.7,19185082.7,4,4
2017-12-02,10000032,22761,32000000,32000000,32000000,4,4
2017-12-02,10000032,22765,150000,150000,150000,6,2
2017-12-02,10000032,22778,174999.98,174999.98,174999.98,144,7
2017-12-02,10000032,22782,1475000,1400000,1500000,4,4
2017-12-02,10000032,22806,207618.69,120000,349999.07,21,21
2017-12-02,10000032,22807,167236.3,120000,249899.83,22,22
2017-12-02,10000032,22808,127270,120000,139989.99,22,22
2017-12-02,10000032,22809,189999.92,120000,319999.77,20,20
2017-12-02,10000032,22883,896666,890000,899999,6,2
2017-12-02,10000032,22889,54000282.17,30002103.37,59999826.87,5,4
2017-12-02,10000032,22929,33049844.77,32000000,35149534.32,3,3
2017-12-02,10000032,22961,403.16,403.16,403.16,358326,70
2017-12-02,10000032,22963,492.22,492.22,492.22,5000,1
2017-12-02,10000032,22965,316.66,316.66,316.66,13474,2
2017-12-02,10000032,22967,684.95,684.95,684.95,5000,1
2017-12-02,10000032,22971,630,630,630,3502,2
2017-12-02,10000032,22973,649.99,649.99,649.99,6320,3
2017-12-02,10000032,22975,489.85,489.85,489.85,1980,4
2017-12-02,10000032,22977,619.98,619.98,619.98,251016,25
2017-12-02,10000032,22979,674.94,674.94,674.94,8490,7
2017-12-02,10000032,22981,749.98,749.98,749.98,15679,6
2017-12-02,10000032,22983,501,501,501,8111,1
2017-12-02,10000032,22985,879.82,879.82,879.82,500,1
2017-12-02,10000032,22987,466,466,466,400,1
2017-12-02,10000032,22989,824,824,824,1000,1
2017-12-02,10000032,22991,899.99,899.99,899.99,1000,1
2017-12-02,10000032,22993,996.76,880.84,998,117336,14
2017-12-02,10000032,22997,758.55,758.55,758.55,4479,4
2017-12-02,10000032,22999,755.68,755.68,755.68,5000,1
2017-12-02,10000032,23001,1281.48,1281.48,1281.48,20000,1
2017-12-02,10000032,23003,1279.97,1279.97,1279.97,51000,2
2017-12-02,10000032,23005,1378.33,1378.33,1378.33,2000,1
2017-12-02,10000032,23007,1022.97,1022.97,1022.97,1000,1
2017-12-02,10000032,23009,690,450.2,695.95,307078,91
2017-12-02,10000032,23011,700,700,700,1500,1
2017-12-02,10000032,23015,884.62,884.62,884.62,4357,4
2017-12-02,10000032,23017,865.52,865.52,865.52,2000,1
2017-12-02,10000032,23019,795.82,795.82,795.82,1740,2
2017-12-02,10000032,23021,849.95,849.95,849.95,1200,2
2017-12-02,10000032,23023,798.81,798.81,798.81,6901,4
2017-12-02,10000032,23025,787.98,787.98,787.98,210878,40
2017-12-02,10000032,23027,1198.84,1198.84,1198.84,2160,2
2017-12-02,10000032,23029,996.42,996.42,996.42,3904,1
2017-12-02,10000032,23031,994.81,994.81,994.81,2007,2
2017-12-02,10000032,23033,1186.52,1186.52,1186.52,1000,1
2017-12-02,10000032,23035,749.97,749.97,749.97,8300,5
2017-12-02,10000032,23037,996.71,996.71,996.71,3400,2
2017-12-02,10000032,23039,949.99,949.99,949.99,9000,4
2017-12-02,10000032,23045,1438.52,1438.52,1438.52,6000,2
2017-12-02,10000032,23049,1350.34,1350.34,1350.34,900,1
2017-12-02,10000032,23058,300000000,300000000,300000000,1,1
2017-12-02,10000032,23059,4026675.46,3979768,4287737.57,83,10
2017-12-02,10000032,23069,54949214.9,50000000,59898429.8,2,2
2017-12-02,10000032,23071,295000,295000,295000,422,20
2017-12-02,10000032,23079,458332,458332,458332,9,3
2017-12-02,10000032,23085,461995.18,461995.18,461995.18,24,3
2017-12-02,10000032,23087,2733.17,2600,4999,6,6
2017-12-02,10000032,23089,652282.73,595983.2,659995,83,13
2017-12-02,10000032,23093,1899902.42,1899902.42,1899902.42,3,1
2017-12-02,10000032,23095,1649969.07,1649966.99,1649976.99,24,7
2017-12-02,10000032,23097,599995,599995,599995,27,5
2017-12-02,10000032,23099,719868.89,719868.89,719868.89,6,2
2017-12-02,10000032,23101,996772,996772,996772,9,2
2017-12-02,10000032,23103,700000,700000,700000,11,2
2017-12-02,10000032,23105,992955.77,992955.77,992955.77,112,6
2017-12-02,10000032,23111,864082.47,177900,1778992.43,28,3
2017-12-02,10000032,23113,1129994.6,1129994.6,1129994.6,48,1
2017-12-02,10000032,23115,129798.12,129798.12,129798.12,8,1
2017-12-02,10000032,23121,2150,2000,2500,30,17
2017-12-02,10000032,23123,1925000,1900000,2000000,4,4
2017-12-02,10000032,23124,691086.69,673260.07,700000,3,3
2017-12-02,10000032,23128,2500202.02,2000404.03,3000000,2,2
2017-12-02,10000032,23129,75000.03,75000.03,75000.03,4,4
2017-12-02,10000032,23130,170005.19,170005.19,170005.19,2,2
2017-12-02,10000032,23131,11844.44,200,24000,9,5
2017-12-02,10000032,23133,20000,20000,20000,1,1
2017-12-02,10000032,23134,9900000,9900000,9900000,7,4
2017-12-02,10000032,23136,30118.38,30118.37,30118.38,2,2
2017-12-02,10000032,23140,3000,3000,3000,4,3
2017-12-02,10000032,23141,2000,2000,2000,15,10
2017-12-02,10000032,23142,7515.97,7515.97,7515.97,18,7
2017-12-02,10000032,23144,2001.51,2001.51,2001.51,1,1
2017-12-02,10000032,23145,15003.75,15003.75,15003.75,3,3
2017-12-02,10000032,23146,7002.73,7002.73,7002.73,2,2
2017-12-02,10000032,23147,7607.55,7607.55,7607.55,3,3
2017-12-02,10000032,23148,70000.09,70000.09,70000.09,1,1
2017-12-02,10000032,23150,311112.42,311112.42,311112.42,1,1
2017-12-02,10000032,23151,32013.62,32013.62,32013.62,2,2
2017-12-02,10000032,23153,26620.49,20000.43,42661.38,11,8
2017-12-02,10000032,23155,100000,100000,100000,1,1
2017-12-02,10000032,23156,1200006.15,1200006.15,1200006.15,1,1
2017-12-02,10000032,23158,14.9,14.9,15,1733,13
2017-12-02,10000032,23159,37,37,37,2453,19
2017-12-02,10000032,23160,105,105,105,1641,19
2017-12-02,10000032,23161,105,105,105,771,13
2017-12-02,10000032,23162,230.07,230.07,230.07,207,5
2017-12-02,10000032,23163,50,50,50,7883,41
2017-12-02,10000032,23164,98,98,98,2859,36
2017-12-02,10000032,23165,106.04,106.04,106.04,1794,19
2017-12-02,10000032,23166,351.96,351.96,351.96,860,13
2017-12-02,10000032,23167,125.04,125.04,125.04,901,12
2017-12-02,10000032,23169,47150,2000,142499.95,10,9
2017-12-02,10000032,23170,9000.97,9000.97,9000.97,25,8
2017-12-02,10000032,23171,2500000,2500000,2500000,1,1
2017-12-02,10000032,23174,1000000.07,1000000.07,1000000.07,1,1
2017-12-02,10000032,23175,20000.87,20000.87,20000.87,1,1
2017-12-02,10000032,23176,1001.79,1001.79,1001.79,1,1
2017-12-02,10000032,23525,195000.05,195000.05,195000.05,5,1
2017-12-02,10000032,23526,21000000,21000000,21000000,1,1
2017-12-02,10000032,23527,258998.69,258887.99,258998.74,146,112
2017-12-02,10000032,23533,64140.19,5001.68,78303.58,22,17
2017-12-02,10000032,23559,107470.93,40005.15,119995.95,37,9
2017-12-02,10000032,23560,21000000,21000000,21000000,1,1
2017-12-02,10000032,23561,97076.59,51226.03,109916.75,32,8
2017-12-02,10000032,23562,23000000,23000000,23000000,1,1
2017-12-02,10000032,23563,67688.33,39207.03,79555.54,17,5
2017-12-02,10000032,23564,21000000,21000000,21000000,1,1
2017-12-02,10000032,23566,468055.53,400000,574999.93,18,18
2017-12-02,10000032,23594,768158.22,450000,1086316.44,8,8
2017-12-02,10000032,23606,220650.7,150000,449969.62,38,38
2017-12-02,10000032,23618,58119.47,50000,91499.54,46,46
2017-12-02,10000032,23659,1700,1700,1700,13,2
2017-12-02,10000032,23705,28508.2,26998.93,29999,88,14
2017-12-02,10000032,23707,5725.54,5725.54,5725.54,381,65
2017-12-02,10000032,23709,50586.57,50586.57,50586.57,10,2
2017-12-02,10000032,23711,9667.53,9499,9690,17,5
2017-12-02,10000032,23713,200.03,200.03,200.03,2,1
2017-12-02,10000032,23717,14999.31,1000.14,24998.72,12,7
2017-12-02,10000032,23719,4900,4900,4900,4,1
2017-12-02,10000032,23727,4799.99,4799.99,4799.99,5,1
2017-12-02,10000032,23731,2693.57,10.01,2900,28,13
2017-12-02,10000032,23791,7000.01,7000.01,7000.01,11,6
2017-12-02,10000032,23797,74499502.9,74499502.9,74499502.9,1,1
2017-12-02,10000032,23803,54849182.7,54849182.7,54849182.7,1,1
2017-12-02,10000032,23813,37199000,37199000,37199000,1,1
2017-12-02,10000032,23824,29999999.33,29999999,30000000,3,2
2017-12-02,10000032,23911,1299999985.09,1299999985.09,1299999985.09,1,1
2017-12-02,10000032,23914,20000000000,20000000000,20000000000,1,1
2017-12-02,10000032,23950,64000000,64000000,64000000,2,2
2017-12-02,10000032,24241,55225.22,50000,73899.83,86,86
2017-12-02,10000032,24242,1138352.58,1000000,1391998.97,34,27
2017-12-02,10000032,24268,9740451.46,7500000,11980902.92,4,4
2017-12-02,10000032,24270,7874898.66,7500000,8999594.64,8,8
2017-12-02,10000032,24283,59899799.51,59899799.51,59899799.51,4,4
2017-12-02,10000032,24305,3879998.98,3879998.96,3879998.99,6,3
2017-12-02,10000032,24311,519999859.86,519999859.86,519999859.86,1,1
2017-12-02,10000032,24312,574997951.99,574997951.99,574997951.99,1,1
2017-12-02,10000032,24313,500000000,500000000,500000000,2,2
2017-12-02,10000032,24314,500000000,500000000,500000000,1,1
2017-12-02,10000032,24348,1402595.13,1344000,1454000,87,49
2017-12-02,10000032,24349,90000,90000,90000,4,4
2017-12-02,10000032,24395,185001,185001,185001,265,43
2017-12-02,10000032,24417,2357169.09,1424001.13,2398955,19,15
2017-12-02,10000032,24427,2022753.81,1809060.51,2189999.99,76,52
2017-12-02,10000032,24438,1268545.42,1114000.37,1349497.63,32,25
2017-12-02,10000032,24443,1895399.4,1890000,1898999,5,4
2017-12-02,10000032,24445,262550.04,261000,281170.94,31,6
2017-12-02,10000032,24471,158.75,158.75,158.82,74836,11
2017-12-02,10000032,24473,61.7,61.7,61.7,11318,6
2017-12-02,10000032,24475,74.3,74.3,74.3,17250,9
2017-12-02,10000032,24477,244.87,244.87,244.87,5392,5
2017-12-02,10000032,24478,131,131,131,500,1
2017-12-02,10000032,24479,168.89,168.89,168.89,4900,2
2017-12-02,10000032,24486,146.43,146.4,147.92,14229,5
2017-12-02,10000032,24488,150,150,150,11904,5
2017-12-02,10000032,24490,199.68,199.68,199.68,13325,5
2017-12-02,10000032,24492,125,125,125,159069,16
2017-12-02,10000032,24493,409.98,409.98,409.98,4000,1
2017-12-02,10000032,24494,105.88,105.88,105.88,3000,2
2017-12-02,10000032,24495,209.98,209.98,209.98,80297,30
2017-12-02,10000032,24497,175.98,175.98,175.98,66360,16
2017-12-02,10000032,24499,166.99,166.99,166.99,39458,18
2017-12-02,10000032,24501,699.85,699.85,699.85,11652,5
2017-12-02,10000032,24503,161.92,161.92,161.92,4000,2
2017-12-02,10000032,24505,166.58,166.58,166.58,4740,4
2017-12-02,10000032,24507,949,949,949,56812,7
2017-12-02,10000032,24509,844.87,844.87,844.87,39278,12
2017-12-02,10000032,24511,849.74,849.74,849.74,43625,13
2017-12-02,10000032,24513,649.99,649.99,649.99,67207,12
2017-12-02,10000032,24515,1089.94,1089.94,1089.94,5300,2
2017-12-02,10000032,24517,1444.77,1444.77,1444.77,5000,1
2017-12-02,10000032,24521,1688.99,1688.99,1688.99,7229,5
2017-12-02,10000032,24523,1888,1888,1888,1000,1
2017-12-02,10000032,24525,186.15,186.15,186.15,3090,1
2017-12-02,10000032,24529,3285,3285,3285,600,2
2017-12-02,10000032,24531,351.02,351.02,351.02,18072,4
2017-12-02,10000032,24533,722,722,722,169995,12
2017-12-02,10000032,24535,813.02,813.02,813.02,20820,6
2017-12-02,10000032,24539,12.8,12.8,12.8,712,1
2017-12-02,10000032,24541,799.97,799.97,799.97,5195,5
2017-12-02,10000032,24546,3141342800,3141342800,3141342800,1,1
2017-12-02,10000032,24548,1683418400,1683418400,1683418400,1,1
2017-12-02,10000032,24557,2146886800,2146886800,2146886800,1,1
2017-12-02,10000032,24558,11250000,10000000,12500000,8,2
2017-12-02,10000032,24559,1697361200,1697361200,1697361200,1,1
2017-12-02,10000032,24561,1670784800,1670784800,1670784800,1,1
2017-12-02,10000032,24568,11000000,11000000,11000000,2,2
2017-12-02,10000032,24572,14653163.38,10000000,16163554.01,4,4
2017-12-02,10000032,24594,250,250,250,1068,1
2017-12-02,10000032,24606,138998668.57,138998668.57,138998668.57,1,1
2017-12-02,10000032,24613,15627666.67,15000000,16883000,3,3
2017-12-02,10000032,24624,20499987.77,20000000,21999951.06,4,4
2017-12-02,10000032,24625,20199998,20000000,20999989.99,5,5
2017-12-02,10000032,24639,198899999,198899999,198899999,1,1
2017-12-02,10000032,24663,50514814.84,48999995,57979799.98,6,6
2017-12-02,10000032,24690,197999989.84,197999989.84,197999989.84,2,2
2017-12-02,10000032,24692,183999964.82,183999959.82,183999969.82,2,2
2017-12-02,10000032,24694,177799789.98,177799789.98,177799789.98,1,1
2017-12-02,10000032,24696,48395000,44841000.01,51948999.99,2,2
2017-12-02,10000032,24698,41545430.69,39750000.16,42999929.21,11,11
2017-12-02,10000032,24700,46079198.95,44550500,46998999.98,15,14
2017-12-02,10000032,24702,45826997.75,45825999.99,45826999.98,4,4
2017-12-02,10000032,24764,21318653.31,20000000,23955959.93,3,3
2017-12-02,10000032,25233,178999.96,150000,207999.91,2,2
2017-12-02,10000032,25235,185714.28,150000,399999.99,7,7
2017-12-02,10000032,25266,2181869.33,2058999.95,2499999.41,23,13
2017-12-02,10000032,25279,58000,58000,58000,1844,2
2017-12-02,10000032,25544,26999999.92,26999999.86,26999999.98,24,20
2017-12-02,10000032,25563,3999998.99,3999998.99,3999998.99,7,3
2017-12-02,10000032,25565,23677.88,12000.06,67500,9,8
2017-12-02,10000032,25567,6194.41,101.15,14724.98,12,6
2017-12-02,10000032,25569,8922.58,1502.93,17999.97,19,11
2017-12-02,10000032,25571,3015.01,3015.01,3015.01,8,7
2017-12-02,10000032,25588,12500.73,12500.73,12500.73,3952,171
2017-12-02,10000032,25589,5500.03,5500.03,5501.19,16681,236
2017-12-02,10000032,25590,126006.25,126006.24,126006.29,9193,368
2017-12-02,10000032,25591,235001.01,235000.39,240000.39,10999,439
2017-12-02,10000032,25592,14001.01,14001.01,14001.01,6380,159
2017-12-02,10000032,25593,9500.05,9400.03,9500.08,4848,158
2017-12-02,10000032,25594,54000,52001.2,54000.02,7004,151
2017-12-02,10000032,25595,19801.01,19801.01,19801.01,3867,145
2017-12-02,10000032,25596,39121.45,39121.35,39123.02,14404,411
2017-12-02,10000032,25597,3900.1,3900.1,3900.1,20012,463
2017-12-02,10000032,25598,10900.08,10900.07,10900.09,49984,488
2017-12-02,10000032,25599,910.01,910,910.1,31032,512
2017-12-02,10000032,25600,29058.95,29058.83,30897.96,40552,517
2017-12-02,10000032,25601,4007.56,4007.52,4007.56,35594,492
2017-12-02,10000032,25602,12211.07,12211.05,17299.99,3692,73
2017-12-02,10000032,25603,43411.02,42300.04,43411.03,2688,97
2017-12-02,10000032,25604,12519.69,12519.69,12519.69,6916,374
2017-12-02,10000032,25605,35000.32,35000.31,35001,6527,216
2017-12-02,10000032,25606,61100.09,61100.03,61100.1,3426,97
2017-12-02,10000032,25607,66624.12,66624.12,66624.12,575,23
2017-12-02,10000032,25608,590709.36,590709.36,590709.36,420,23
2017-12-02,10000032,25609,300082.77,300082.77,343000,703,42
2017-12-02,10000032,25610,600000.09,600000.01,600000.19,225,33
2017-12-02,10000032,25611,50000,50000,50000,270,21
2017-12-02,10000032,25612,1020000.04,1019007.95,1020089.52,221,19
2017-12-02,10000032,25613,806106.24,806106.24,806106.25,180,25
2017-12-02,10000032,25614,649101.62,649101.61,649101.71,171,25
2017-12-02,10000032,25615,2700045.2,2700045.18,2700045.24,338,40
2017-12-02,10000032,25616,10000,10000,10000,1244,88
2017-12-02,10000032,25617,250016.77,250011.77,377773,1255,93
2017-12-02,10000032,25618,17752,17752,17752,1807,86
2017-12-02,10000032,25619,710012.09,710012.09,710012.09,1803,102
2017-12-02,10000032,25620,44918.25,44918.25,44918.25,2358,102
2017-12-02,10000032,25621,800000,743285.51,800000.17,147,15
2017-12-02,10000032,25622,560002.01,560000,560002.08,189,21
2017-12-02,10000032,25623,47201.13,47201.13,47201.13,385,42
2017-12-02,10000032,25624,4502109,4502109,4502109,418,31
2017-12-02,10000032,25625,2908010.56,2908010.56,2908010.56,338,27
2017-12-02,10000032,25707,179981.57,15010.37,244000,47,22
2017-12-02,10000032,25709,4223,50.01,4620.43,23,15
2017-12-02,10000032,25711,5562.62,50.01,7000.4,28,21
2017-12-02,10000032,25713,7902.78,7902.78,7902.78,11,9
2017-12-02,10000032,25715,1689994.99,1110003.82,1689997.91,119,30
2017-12-02,10000032,25718,4900000,4800000,5000000,4,4
2017-12-02,10000032,25719,2206466.33,1299950,2979629.03,12,12
2017-12-02,10000032,25739,450000,450000,450000,5,5
2017-12-02,10000032,25810,424711.46,51005.94,450000,13,13
2017-12-02,10000032,25811,507499.64,450000,794997.86,6,6
2017-12-02,10000032,25812,9898658.95,9898629.07,9898703.78,35,14
2017-12-02,10000032,25861,49999.99,49999.98,49999.99,370,170
2017-12-02,10000032,25862,332640,332640,332640,6,6
2017-12-02,10000032,25863,1086309.51,679467.27,1899993.99,6,6
2017-12-02,10000032,25887,46057.04,46057.04,46057.04,297,9
2017-12-02,10000032,25888,9472999.92,9472999.91,9472999.92,4,4
2017-12-02,10000032,25892,13750907.96,13750907.96,13750907.96,1,1
2017-12-02,10000032,25894,11879038,11878998.94,11879722.84,9,6
2017-12-02,10000032,25896,15327487.39,15290125.08,15999999,19,14
2017-12-02,10000032,25898,13509999.99,13509999.99,13509999.99,8,6
2017-12-02,10000032,25899,2999999.98,2999999.98,2999999.98,1,1
2017-12-02,10000032,25900,14990135.06,14990135.06,14990135.06,1,1
2017-12-02,10000032,25901,3575663.15,3575663.15,3575663.15,1,1
2017-12-02,10000032,25903,3500000.01,3500000.01,3500000.01,1,1
2017-12-02,10000032,25906,819000,819000,819000,1,1
2017-12-02,10000032,25907,1250000,1250000,1250000,1,1
2017-12-02,10000032,25914,8990691,8990691,8990691,1,1
2017-12-02,10000032,25918,9009999.97,9009999.96,9009999.99,5,5
2017-12-02,10000032,25919,1250000,1250000,1250000,1,1
2017-12-02,10000032,25920,9498000,9497999.99,9498000,6,5
2017-12-02,10000032,25929,1250000,1250000,1250000,1,1
2017-12-02,10000032,25935,1250000,1250000,1250000,1,1
2017-12-02,10000032,25948,6101991.05,5001855.33,7989999.98,17,9
2017-12-02,10000032,25949,1250000,1250000,1250000,1,1
2017-12-02,10000032,25950,4728237.47,2466066.96,6990407.98,4,3
2017-12-02,10000032,25951,1250000,1250000,1250000,1,1
2017-12-02,10000032,25953,1250000,1250000,1250000,1,1
2017-12-02,10000032,25954,9700000,9700000,9700000,1,1
2017-12-02,10000032,25955,1250000,1250000,1250000,1,1
2017-12-02,10000032,25956,14356000,14355500,14357000,3,3
2017-12-02,10000032,25957,1250000,1250000,1250000,1,1
2017-12-02,10000032,25978,1639997.6,1639997.6,1639997.6,1,1
2017-12-02,10000032,25980,5890303,5890303,5890303,4,3
2017-12-02,10000032,26000,19990173.2,19990173.2,19990173.2,1,1
2017-12-02,10000032,26020,6740547.99,6740547.99,6740547.99,1,1
2017-12-02,10000032,26027,1250000,1250000,1250000,1,1
2017-12-02,10000032,26040,1539997,1539997,1539997,1,1
2017-12-02,10000032,26070,5090451,5090451,5090451,3,2
2017-12-02,10000032,26072,5990413.48,5990405.97,5990415.98,4,4
2017-12-02,10000032,26073,1250000,1250000,1250000,3,3
2017-12-02,10000032,26076,1217999.99,1217999.99,1217999.99,3,2
2017-12-02,10000032,26077,1250000,1250000,1250000,2,2
2017-12-02,10000032,26079,1250000,1250000,1250000,2,2
2017-12-02,10000032,26081,1250000,1250000,1250000,2,2
2017-12-02,10000032,26082,1029999,1029999,1029999,3,3
2017-12-02,10000032,26083,1250000,1250000,1250000,1,1
2017-12-02,10000032,26084,8378310.8,8290811,8390810.71,16,7
2017-12-02,10000032,26085,1250000,1250000,1250000,1,1
2017-12-02,10000032,26087,1250000,1250000,1250000,1,1
2017-12-02,10000032,26088,8690810.97,8690810.96,8690810.97,11,7
2017-12-02,10000032,26089,1250000,1250000,1250000,1,1
2017-12-02,10000032,26091,1250000,1250000,1250000,1,1
2017-12-02,10000032,26097,1250000,1250000,1250000,1,1
2017-12-02,10000032,26100,4000000,4000000,4000000,1,1
2017-12-02,10000032,26101,1250000,1250000,1250000,1,1
2017-12-02,10000032,26102,6990431,6990431,6990431,3,3
2017-12-02,10000032,26103,1250000,1250000,1250000,1,1
2017-12-02,10000032,26107,1250000,1250000,1250000,1,1
2017-12-02,10000032,26109,1250000,1250000,1250000,1,1
2017-12-02,10000032,26111,1250000,1250000,1250000,1,1
2017-12-02,10000032,26113,1250000,1250000,1250000,1,1
2017-12-02,10000032,26224,39999839.82,39999839.82,39999839.82,1,1
2017-12-02,10000032,26252,44448.85,100,60000,56,44
2017-12-02,10000032,26253,82038.21,6210.18,100000,22,22
2017-12-02,10000032,26254,26735.37,20000,204876.45,23,23
2017-12-02,10000032,26255,54812.7,2003.34,100000,37,27
2017-12-02,10000032,26256,92082.96,10003.01,100000,24,24
2017-12-02,10000032,26257,80020.3,101.5,100000,5,5
2017-12-02,10000032,26258,77999.98,33999.93,100000,3,3
2017-12-02,10000032,26259,63612.94,10.03,100000,25,22
2017-12-02,10000032,26260,116685.5,100000,299999.99,6,6
2017-12-02,10000032,26261,106553.09,100000,199924.74,16,16
2017-12-02,10000032,26294,139999999,139999999,139999999,3,2
2017-12-02,10000032,26302,123025826.45,123025668.94,123025878.95,4,4
2017-12-02,10000032,26304,45996995,45996989.99,45997000,4,3
2017-12-02,10000032,26328,168567068.75,159999918.79,174989925.64,7,4
2017-12-02,10000032,26334,199999999.99,199999999.99,199999999.99,1,1
2017-12-02,10000032,26370,111949998.99,111949998.99,111949998.99,3,3
2017-12-02,10000032,26374,38691092.64,30000056.38,39999930.99,13,9
2017-12-02,10000032,26376,87996964.97,87996959.96,87996969.97,2,2
2017-12-02,10000032,26390,100000,100000,100000,2,1
2017-12-02,10000032,26394,31999998.98,31999998.98,31999998.98,1,1
2017-12-02,10000032,26402,35969548.75,35969548.75,35969548.75,1,1
2017-12-02,10000032,26404,20999990,20999990,20999990,2,2
2017-12-02,10000032,26406,54999000,54999000,54999000,1,1
2017-12-02,10000032,26434,44889735.07,44889735.07,44889735.07,1,1
2017-12-02,10000032,26436,15102638.74,15100626.96,15106668.97,9,8
2017-12-02,10000032,26440,19999999.99,19999999.99,19999999.99,1,1
2017-12-02,10000032,26442,15685020.32,15680078,15689978.99,6,6
2017-12-02,10000032,26444,13999999.99,13999999.99,13999999.99,2,2
2017-12-02,10000032,26448,97989962.47,97989958.48,97989968.96,8,7
2017-12-02,10000032,26450,109009963.94,109009959.93,109009969.94,5,4
2017-12-02,10000032,26888,51999995.95,51999995.95,51999995.95,4,1
2017-12-02,10000032,26890,20996599.7,20996599.7,20996599.7,1,1
2017-12-02,10000032,26902,6,6,6,1,1
2017-12-02,10000032,26912,1845732.31,1839998.99,1849998.97,75,7
2017-12-02,10000032,26913,4041989.65,1811001.94,4785652.22,8,4
2017-12-02,10000032,26914,2206012.01,1015050.1,2999986.97,10,5
2017-12-02,10000032,26929,479415.5,389999.96,489999.98,85,55
2017-12-02,10000032,26930,125000,125000,125000,1,1
2017-12-02,10000032,26931,2285598.8,2284998.74,2290999.68,10,10
2017-12-02,10000032,27015,20000,20000,20000,116,115
2017-12-02,10000032,27064,77990635.7,77990635.7,77990635.7,1,1
2017-12-02,10000032,27068,890471.43,890000,890550,7,2
2017-12-02,10000032,27073,1499089.91,1499089.91,1499089.91,1,1
2017-12-02,10000032,27074,1199994.71,1199994.71,1199994.71,1,1
2017-12-02,10000032,27081,1899999.97,1899999.97,1899999.97,1,1
2017-12-02,10000032,27102,100006.03,100006.03,100006.03,30,1
2017-12-02,10000032,27104,25000,25000,25000,5,1
2017-12-02,10000032,27108,27500000,27500000,27500000,2,2
2017-12-02,10000032,27109,22000000,22000000,22000000,1,1
2017-12-02,10000032,27115,839999,839999,839999,1,1
2017-12-02,10000032,27116,157999918.7,157999918.7,157999918.7,1,1
2017-12-02,10000032,27117,881367.72,881367.72,881367.72,2,1
2017-12-02,10000032,27118,154600698.35,147906548.03,167988999,3,3
2017-12-02,10000032,27126,155999973,155999967.99,155999978,2,2
2017-12-02,10000032,27127,1023833.32,998999.99,1299999.92,12,8
2017-12-02,10000032,27142,163999999,163999999,163999999,1,1
2017-12-02,10000032,27143,1000000,1000000,1000000,108,8
2017-12-02,10000032,27169,26499825.87,26499820.86,26499830.87,2,2
2017-12-02,10000032,27174,197999952.62,197999928.99,197999999.87,3,3
2017-12-02,10000032,27175,2399998.99,2399998.99,2399998.99,1,1
2017-12-02,10000032,27186,36999302.79,36999302.79,36999302.79,1,1
2017-12-02,10000032,27191,1729978.19,1700000,1744967.29,3,3
2017-12-02,10000032,27193,1892257.55,1400000,2138386.32,3,3
2017-12-02,10000032,27195,1393399.45,173600,1799999.25,4,4
2017-12-02,10000032,27197,31997911,31997911,31997911,1,1
2017-12-02,10000032,27227,179999989.98,179999989.98,179999989.98,1,1
2017-12-02,10000032,27258,250000000,250000000,250000000,1,1
2017-12-02,10000032,27260,29999995.33,29999987.99,29999999,3,3
2017-12-02,10000032,27309,10000000,10000000,10000000,1,1
2017-12-02,10000032,27313,197.14,197.14,197.14,950,2
2017-12-02,10000032,27315,520.97,520.89,1399.99,8026,14
2017-12-02,10000032,27319,299.99,299.99,299.99,500,1
2017-12-02,10000032,27321,899.61,899.61,899.61,83027,29
2017-12-02,10000032,27325,199.99,199.99,199.99,500,1
2017-12-02,10000032,27327,1699.99,1699.99,1699.99,3344,6
2017-12-02,10000032,27331,110,49.9,110,2477,3
2017-12-02,10000032,27333,601.41,601.41,601.41,23399,11
2017-12-02,10000032,27339,3197.8,3197.8,3197.8,1000,2
2017-12-02,10000032,27345,2899.9,2899.88,2989.8,21692,13
2017-12-02,10000032,27349,899.99,899.99,899.99,446,1
2017-12-02,10000032,27351,3999.92,3999.92,3999.92,23212,12
2017-12-02,10000032,27353,949.97,949.97,949.97,3137,4
2017-12-02,10000032,27359,3399.95,3399.95,3399.95,6364,8
2017-12-02,10000032,27361,585.68,585.68,585.68,80356,23
2017-12-02,10000032,27365,1.17,1.17,1.17,1806,1
2017-12-02,10000032,27367,1231.44,1231.43,1231.45,2336,5
2017-12-02,10000032,27371,2399.99,2299.99,2399.99,25421,22
2017-12-02,10000032,27373,1647,1647,1647,3000,3
2017-12-02,10000032,27377,2498.87,2498.87,2498.87,1600,2
2017-12-02,10000032,27379,399.99,399.99,399.99,5770,4
2017-12-02,10000032,27381,585.68,585.68,585.68,77104,22
2017-12-02,10000032,27383,1498.85,1498.85,1498.85,2500,2
2017-12-02,10000032,27387,8999.99,7999.99,8999.99,15186,16
2017-12-02,10000032,27391,1898.02,1898.02,1898.02,17000,1
2017-12-02,10000032,27395,3999.99,3999.99,4999.99,4407,4
2017-12-02,10000032,27401,1699.98,1699.98,1699.98,11333,7
2017-12-02,10000032,27403,879.26,879.26,879.26,860,2
2017-12-02,10000032,27405,1994.87,1899.99,1999.98,11360,8
2017-12-02,10000032,27409,2199.99,2199.99,2199.99,3000,1
2017-12-02,10000032,27411,1978.95,1978.95,1978.95,8000,3
2017-12-02,10000032,27413,1599.99,802.79,1699.95,45544,18
2017-12-02,10000032,27417,1699.98,1699.98,1699.98,1000,1
2017-12-02,10000032,27419,1996.54,1996.54,1996.54,8700,6
2017-12-02,10000032,27423,2350,2350,2350,4800,4
2017-12-02,10000032,27429,2397.35,2397.35,2397.35,1056,2
2017-12-02,10000032,27433,11.3,11.3,11.3,1735,3
2017-12-02,10000032,27435,1495.15,1495.15,1495.16,8674,7
2017-12-02,10000032,27439,111.64,111.64,111.64,1199,2
2017-12-02,10000032,27441,1476.65,1476.65,1476.65,38865,13
2017-12-02,10000032,27447,2399.99,2399.99,2472.35,16406,7
2017-12-02,10000032,27451,133.05,133.05,133.05,260,1
2017-12-02,10000032,27453,1899.98,1899.98,1899.98,7829,5
2017-12-02,10000032,27576,3991999.95,3991999.95,3991999.95,2,1
2017-12-02,10000032,27902,109107.45,100000,209289.39,24,24
2017-12-02,10000032,27904,492988.09,492988.09,492988.09,1,1
2017-12-02,10000032,27906,21666667.28,10000001.84,27500000,3,3
2017-12-02,10000032,27911,16480603.88,16480603.88,16480603.88,1,1
2017-12-02,10000032,27912,1771428.51,1500000,3000000,35,8
2017-12-02,10000032,27914,1999996.69,1999996,1999996.99,13,11
2017-12-02,10000032,27916,2254879.61,740000.04,2497988.98,45,5
2017-12-02,10000032,27918,1630989.98,1630989.98,1630989.98,52,3
2017-12-02,10000032,27920,1340000,1340000,1340000,3,1
2017-12-02,10000032,27930,68991.94,68991.94,68991.94,1,1
2017-12-02,10000032,27932,99999.97,99999.97,99999.97,5,4
2017-12-02,10000032,27936,18883208.21,18883208.21,18883208.21,1,1
2017-12-02,10000032,28164,4466402.93,3330435,4500000,11,11
2017-12-02,10000032,28197,1799997,1799997,1799997,1,1
2017-12-02,10000032,28199,2939999,2939999,2939999,1,1
2017-12-02,10000032,28203,2898320,2898320,2898320,1,1
2017-12-02,10000032,28205,1599996,1599996,1599996,20,2
2017-12-02,10000032,28207,2093922,2093922,2093922,9,2
2017-12-02,10000032,28209,1315417.27,1110002.08,1399999.99,24,8
2017-12-02,10000032,28211,844562.61,625001.93,859898.99,49,15
2017-12-02,10000032,28213,1299989.99,1299989.99,1299989.99,4,1
2017-12-02,10000032,28215,903625.1,714000,989999.97,16,5
2017-12-02,10000032,28238,5000000,5000000,5000000,1,1
2017-12-02,10000032,28262,498989.51,498989.51,498989.51,1,1
2017-12-02,10000032,28266,1577071.69,1500000,1615607.54,6,3
2017-12-02,10000032,28270,895820.85,659121.92,922879.95,39,8
2017-12-02,10000032,28272,41857128.38,39000000,42999979.73,7,3
2017-12-02,10000032,28274,888776.92,888776,888777,38,12
2017-12-02,10000032,28278,3799998.9,3799998.9,3799998.9,5,1
2017-12-02,10000032,28282,1499999.75,1499999.75,1499999.75,1,1
2017-12-02,10000032,28286,1647534.36,1211003.26,1865799.89,42,8
2017-12-02,10000032,28288,84615989.97,84615989.97,84615989.97,2,2
2017-12-02,10000032,28296,34982000,34982000,34982000,1,1
2017-12-02,10000032,28298,2299580.53,2299572.19,2299582.2,6,2
2017-12-02,10000032,28300,50109706.95,50109706.95,50109706.95,2,1
2017-12-02,10000032,28302,446983.3,446949.96,446999.97,42,5
2017-12-02,10000032,28326,10.2,10.2,10.2,80,2
2017-12-02,10000032,28328,29.71,29.71,29.71,1851,1
2017-12-02,10000032,28332,1149.99,1149.99,1149.99,104593,4
2017-12-02,10000032,28334,898.99,898.99,898.99,13640,7
2017-12-02,10000032,28336,493.93,493.93,493.93,6515,6
2017-12-02,10000032,28361,7003.01,7003,7003.07,5268,46
2017-12-02,10000032,28362,200217.87,200217.86,200217.95,2393,41
2017-12-02,10000032,28363,140381.01,140381,140381.02,1078,25
2017-12-02,10000032,28364,24090.85,24090.85,24090.85,878,19
2017-12-02,10000032,28365,26007.46,26007.46,26007.46,555,8
2017-12-02,10000032,28366,2500013,2500013,2500013,491,11
2017-12-02,10000032,28401,44444.6,44444.6,44444.6,160,1
2017-12-02,10000032,28403,44454.59,44454.59,44454.59,367,1
2017-12-02,10000032,28404,52110.01,52110.01,52110.01,205,2
2017-12-02,10000032,28405,30000.02,30000.02,30000.02,126,1
2017-12-02,10000032,28406,25105.52,25105.52,25105.52,281,1
2017-12-02,10000032,28407,24000.35,24000.35,24000.35,363,2
2017-12-02,10000032,28408,24000.31,24000.31,24000.31,204,1
2017-12-02,10000032,28411,16603.31,16603.31,16603.31,382,2
2017-12-02,10000032,28415,4902,4902,4902,525,4
2017-12-02,10000032,28416,8000,8000,8000,1176,7
2017-12-02,10000032,28417,4642,4642,4642,99,3
2017-12-02,10000032,28421,6199,6198,6279.85,217890,29
2017-12-02,10000032,28422,5989.99,5626.01,5990,44248,17
2017-12-02,10000032,28423,6460,6460,6478.98,150910,22
2017-12-02,10000032,28424,4175.33,4175.33,4175.33,16681,2
2017-12-02,10000032,28425,4111.11,4111.11,4111.11,5491,1
2017-12-02,10000032,28426,4178.02,4178.02,4178.02,2293,1
2017-12-02,10000032,28427,1552.02,1552.02,1552.02,290,1
2017-12-02,10000032,28428,1661.02,1661.02,1661.02,920,2
2017-12-02,10000032,28429,1686.05,1686.05,1686.05,194,2
2017-12-02,10000032,28430,1550,1550,1550,39615,7
2017-12-02,10000032,28431,1625,1625,1636,88863,5
2017-12-02,10000032,28432,1411.01,1411.01,1411.01,16192,6
2017-12-02,10000032,28433,225000,225000,225000,9650,11
2017-12-02,10000032,28576,789988,789986.9,790000,213,87
2017-12-02,10000032,28578,887958.23,467014.29,948747,53,18
2017-12-02,10000032,28583,57000000,57000000,57000000,1,1
2017-12-02,10000032,28585,25000000,25000000,25000000,2,2
2017-12-02,10000032,28606,799099583.62,784999993.92,1000000000,10,10
2017-12-02,10000032,28609,33500000,32000000,35000000,4,4
2017-12-02,10000032,28615,9467369.16,9467364.16,9467374.16,2,2
2017-12-02,10000032,28646,5090000.42,4900000,6861999.99,5,5
2017-12-02,10000032,28652,10040995.47,190000,19891990.94,2,2
2017-12-02,10000032,28654,3500000,3500000,3500000,1,1
2017-12-02,10000032,28656,62000000.5,60000001,64000000,2,2
2017-12-02,10000032,28661,1675001255.05,1450002574.13,1899999935.97,2,2
2017-12-02,10000032,28665,1599999858.88,1599999858.88,1599999858.88,1,1
2017-12-02,10000032,28667,81999984.98,64000000,99999969.96,2,2
2017-12-02,10000032,28668,26448.99,26448.92,26449,32706,242
2017-12-02,10000032,28670,388314.15,388314.15,388314.15,10,1
2017-12-02,10000032,28676,1069960,1069959.98,1069960,17,5
2017-12-02,10000032,28710,1520000000.03,1520000000.03,1520000000.03,1,1
2017-12-02,10000032,28754,263367058.98,210000000,290050588.48,3,3
2017-12-02,10000032,28756,4200000,4200000,4200000,240,24
2017-12-02,10000032,28758,35070670.81,33999714.37,36888875.97,48,45
2017-12-02,10000032,28780,104999899.89,104999899.89,104999899.89,1,1
2017-12-02,10000032,28879,1000000,1000000,1000000,7,7
2017-12-02,10000032,28880,5000000,5000000,5000000,3,3
2017-12-02,10000032,28999,9899.87,9899.87,9899.87,269,56
2017-12-02,10000032,29001,9994.71,9994.71,9994.71,373,74
2017-12-02,10000032,29003,68244.01,42000.05,74805,5,2
2017-12-02,10000032,29005,12358.37,11998,12999,47,8
2017-12-02,10000032,29007,11816.44,10358.34,11949,12,5
2017-12-02,10000032,29009,14894.98,14894.98,14894.98,189,46
2017-12-02,10000032,29011,6862.85,6862.84,6873.84,119,58
2017-12-02,10000032,29013,8650.71,8650.7,8650.71,49,12
2017-12-02,10000032,29015,17888.03,13327,17997.93,85,12
2017-12-02,10000032,29029,100000000,100000000,100000000,2,2
2017-12-02,10000032,29248,360543.13,300000,428289,32,14
2017-12-02,10000032,29266,4897999.99,4897999.99,4897999.99,1,1
2017-12-02,10000032,29336,62999000,62999000,62999000,1,1
2017-12-02,10000032,29337,79297144,79297144,79297144,3,3
2017-12-02,10000032,29340,104990623.59,104990345.14,104990902.03,2,2
2017-12-02,10000032,29344,62679979.95,60699950,65999999.87,5,5
2017-12-02,10000032,29637,51579400.81,50000000,68952809.69,12,11
2017-12-02,10000032,29984,165225177.69,143028000.08,167999942.85,9,8
2017-12-02,10000032,29986,181228728.47,140052000,188299999.99,7,7
2017-12-02,10000032,29988,149368381.39,137827000.07,150999959.95,12,10
2017-12-02,10000032,29990,236074987.64,226999999.9,273999972.99,16,14
2017-12-02,10000032,30013,3605.38,3605.38,3605.38,7654,216
2017-12-02,10000032,30014,5125000,5000000,5250000,2,2
2017-12-02,10000032,30018,5001.1,5001.09,5001.11,133,14
2017-12-02,10000032,30019,2000.04,2000.04,2000.04,1255,19
2017-12-02,10000032,30021,18025.64,18025.64,18025.64,1916,17
2017-12-02,10000032,30022,70000,70000,70000,514,11
2017-12-02,10000032,30024,4791.02,4791.02,4791.02,134,11
2017-12-02,10000032,30028,55555,55555,55555,1849,26
2017-12-02,10000032,30029,5000000,5000000,5000000,1,1
2017-12-02,10000032,30221,17.32,17.32,17.32,600,1
2017-12-02,10000032,30248,44744.46,44744.46,44744.46,206,14
2017-12-02,10000032,30251,3313.22,3313.22,3313.22,1526,17
2017-12-02,10000032,30252,97304.52,30201.01,170000,50,9
2017-12-02,10000032,30254,1135.02,1135.02,1135.02,3111,17
2017-12-02,10000032,30258,13648.96,13648.96,13648.96,159,16
2017-12-02,10000032,30259,705650.01,705650.01,705650.01,272,18
2017-12-02,10000032,30268,2502.01,2502.01,2502.02,80,6
2017-12-02,10000032,30269,45129,45129,45129.01,36,7
2017-12-02,10000032,30270,19766.69,19766.69,19766.7,62,7
2017-12-02,10000032,30271,7097.82,7000.51,7099.01,83,6
2017-12-02,10000032,30324,13347585.64,13347585.64,13347585.64,1,1
2017-12-02,10000032,30325,13255898.36,13255898.36,13255898.36,1,1
2017-12-02,10000032,30327,13852712.63,13852712.63,13852712.63,1,1
2017-12-02,10000032,30342,11.01,11.01,11.01,3,3
2017-12-02,10000032,30370,1829.01,1829.01,1829.01,2160,1
2017-12-02,10000032,30371,1044.95,1044.95,1044.95,3614,1
2017-12-02,10000032,30372,3002.07,3001.67,6999,20747,11
2017-12-02,10000032,30373,9999.94,9999.93,9999.94,28251,11
2017-12-02,10000032,30374,3638.01,3636.75,4999.95,9036,7
2017-12-02,10000032,30375,7048.09,7048.09,7048.09,2323,4
2017-12-02,10000032,30376,17003.04,17003.04,17003.04,2793,5
2017-12-02,10000032,30377,56000,56000,56000,1884,4
2017-12-02,10000032,30378,41609.29,41609.29,41609.29,116,1
2017-12-02,10000032,30486,547696.82,547695.8,547696.83,272,27
2017-12-02,10000032,30488,444095,400000,444899.98,2187,148
2017-12-02,10000032,30497,5013.11,5013.11,5013.11,831,15
2017-12-02,10000032,30537,6249992.49,5000000,9999969.96,4,4
2017-12-02,10000032,30539,7499969.96,5000000,9999939.92,2,2
2017-12-02,10000032,30540,7499879.85,7499879.85,7499879.85,1,1
2017-12-02,10000032,30544,5799939.98,5000000,6999849.95,5,5
2017-12-02,10000032,30545,5000000,5000000,5000000,2,2
2017-12-02,10000032,30546,6249685.02,5000000,7499370.03,2,2
2017-12-02,10000032,30547,5000000,5000000,5000000,2,2
2017-12-02,10000032,30548,6197109.31,5000000,7992773.28,5,5
2017-12-02,10000032,30549,5000000,5000000,5000000,5,5
2017-12-02,10000032,30550,5624954.94,5000000,7499819.77,4,4
2017-12-02,10000032,30551,5000000,5000000,5000000,2,2
2017-12-02,10000032,30552,5000000,5000000,5000000,4,4
2017-12-02,10000032,30553,7499869.82,7499869.82,7499869.82,1,1
2017-12-02,10000032,30554,5000000,5000000,5000000,2,2
2017-12-02,10000032,30618,10001.01,10001.01,10001.01,3,2
2017-12-02,10000032,30633,10001.01,10001.01,10001.01,1,1
2017-12-02,10000032,30650,1833253.77,1500000,1899888.52,6,6
2017-12-02,10000032,30651,2899979.98,1500000,4999949.95,5,5
2017-12-02,10000032,30652,2249939.49,1500000,2999878.98,2,2
2017-12-02,10000032,30653,2999999.84,1500000,4499999.67,2,2
2017-12-02,10000032,30744,192780,192780,192780,1314,36
2017-12-02,10000032,30745,485000,485000,485000,1283,36
2017-12-02,10000032,30746,1410010,1410010,1410020,124,14
2017-12-02,10000032,30747,4745473.06,4700083.54,4750010,22,7
2017-12-02,10000032,30754,710000,710000,710000,3,2
2017-12-02,10000032,30788,11787897.11,10000000,13575794.22,2,2
2017-12-02,10000032,30832,1577852.81,1226000.14,1598999.99,34,30
2017-12-02,10000032,30834,1809873.75,1227206.1,1852499.99,29,25
2017-12-02,10000032,30836,1681774.55,1250000.59,1689484.94,57,24
2017-12-02,10000032,30839,25333.33,20000,27999.99,3,3
2017-12-02,10000032,30987,561613.76,502500,564989.78,93,39
2017-12-02,10000032,30993,50994666.66,50000000,51491999.99,3,2
2017-12-02,10000032,30997,634324.43,590559.99,787500,9,8
2017-12-02,10000032,30998,1000000,1000000,1000000,1,1
2017-12-02,10000032,30999,2600100,2600099.99,2600100,2,2
2017-12-02,10000032,31003,9378999.97,9378999.96,9378999.97,2,2
2017-12-02,10000032,31005,18550426.24,18000011.12,18733897.95,4,4
2017-12-02,10000032,31009,470883.58,223100.19,502999.94,61,50
2017-12-02,10000032,31011,2210433.16,900041.59,2240214.82,45,41
2017-12-02,10000032,31013,110000000,110000000,110000000,1,1
2017-12-02,10000032,31015,8499979.96,8499979.96,8499979.96,7,7
2017-12-02,10000032,31017,22654184.4,21500000.9,22983951.94,9,9
2017-12-02,10000032,31021,840406.04,695000,849489.98,17,16
2017-12-02,10000032,31023,2450564.74,2331959.68,2490099.98,12,12
2017-12-02,10000032,31027,8998787.74,8998787,8998787.99,4,2
2017-12-02,10000032,31029,28539572.96,28539572.96,28539572.96,1,1
2017-12-02,10000032,31033,500750.65,500750.64,500750.65,17,15
2017-12-02,10000032,31034,800000,800000,800000,1,1
2017-12-02,10000032,31035,2389994.55,2299988.95,2399999.99,14,12
2017-12-02,10000032,31039,10964999.93,10964999.92,10964999.94,15,11
2017-12-02,10000032,31041,24998957.52,24998947.56,24998962.51,6,6
2017-12-02,10000032,31045,663715.48,106016.15,699999.98,92,59
2017-12-02,10000032,31047,3290289.27,3290288.94,3290289.41,84,48
2017-12-02,10000032,31051,8045984.75,7500000,8149986.81,25,17
2017-12-02,10000032,31053,32710465.68,32710459.93,32710471.99,29,27
2017-12-02,10000032,31055,2481953.59,2464999.92,2760000,87,36
2017-12-02,10000032,31057,8001053.18,8000999.99,8001079.97,18,10
2017-12-02,10000032,31059,21039593.02,17200022.25,21099936.76,63,27
2017-12-02,10000032,31063,727947.38,727849.99,727989.99,23,23
2017-12-02,10000032,31065,3080161.9,3074999.99,3080290.91,41,18
2017-12-02,10000032,31069,8790999.96,8790999.96,8790999.96,5,4
2017-12-02,10000032,31071,31204831.11,21650000,33989775.95,40,18
2017-12-02,10000032,31073,3398999.99,3398999.99,3398999.99,2,1
2017-12-02,10000032,31079,34673500.61,34673000,34674991.91,8,5
2017-12-02,10000032,31083,882428.99,840770,890760.97,18,7
2017-12-02,10000032,31084,395000,395000,395000,2,2
2017-12-02,10000032,31085,2713013.2,2713013.18,2713013.2,13,5
2017-12-02,10000032,31086,3125000,1250000,5000000,2,2
2017-12-02,10000032,31089,8582400.39,3501001.01,11969999.98,5,2
2017-12-02,10000032,31091,35599490.63,35599478.61,35599498.64,10,8
2017-12-02,10000032,31105,399999.88,399999.85,400000,12,8
2017-12-02,10000032,31107,1408333.33,1000000,1490000,6,6
2017-12-02,10000032,31108,750000,750000,750000,1,1
2017-12-02,10000032,31111,6463694.79,6463583.95,6463758,11,6
2017-12-02,10000032,31113,12496279.51,12496272,12496287.02,4,4
2017-12-02,10000032,31117,233799.98,115000,249999.98,25,11
2017-12-02,10000032,31118,125000,125000,125000,2,2
2017-12-02,10000032,31119,983132.07,700000.15,989999.9,71,31
2017-12-02,10000032,31120,750000,750000,750000,1,1
2017-12-02,10000032,31123,3598861.64,3598860.77,3598861.77,8,5
2017-12-02,10000032,31125,10591419.92,10489470.76,10989615.72,17,11
2017-12-02,10000032,31129,85000,85000,85000,1,1
2017-12-02,10000032,31132,750000,750000,750000,1,1
2017-12-02,10000032,31135,4999686.78,4999686.78,4999686.78,1,1
2017-12-02,10000032,31144,750000,750000,750000,1,1
2017-12-02,10000032,31149,15499939.62,15499939.62,15499939.62,3,2
2017-12-02,10000032,31153,651278.14,30002.69,669999.92,39,25
2017-12-02,10000032,31155,1972285.29,1899999.97,1980959.82,28,15
2017-12-02,10000032,31156,750000,750000,750000,1,1
2017-12-02,10000032,31159,642175.37,600000,648996.99,79,26
2017-12-02,10000032,31160,125000,125000,125000,1,1
2017-12-02,10000032,31161,1790122.56,1790122.44,1790122.59,19,10
2017-12-02,10000032,31162,750000,750000,750000,1,1
2017-12-02,10000032,31165,4284212.24,3100000.01,4398798.99,34,21
2017-12-02,10000032,31167,13144185.29,13000001.33,13247173.84,12,7
2017-12-02,10000032,31171,4438945.97,4438846.93,4439898.92,12,11
2017-12-02,10000032,31173,10829709.07,10828979.93,10829958.96,8,5
2017-12-02,10000032,31177,470122.09,166000,480259.51,62,37
2017-12-02,10000032,31179,750010.35,51,999996,16,14
2017-12-02,10000032,31180,750000,750000,750000,1,1
2017-12-02,10000032,31183,4486132.82,4479998.67,4499944.47,13,11
2017-12-02,10000032,31185,10966309.99,10966309.99,10966309.99,7,6
2017-12-02,10000032,31190,125000,125000,125000,1,1
2017-12-02,10000032,31191,990000,990000,990000,1,1
2017-12-02,10000032,31192,750000,750000,750000,1,1
2017-12-02,10000032,31195,3679939,3679939,3679939,2,1
2017-12-02,10000032,31201,165646.26,164989.99,174989.98,77,41
2017-12-02,10000032,31202,125000,125000,125000,1,1
2017-12-02,10000032,31203,549999,549999,549999,1,1
2017-12-02,10000032,31204,750000,750000,750000,1,1
2017-12-02,10000032,31207,2856891.31,2856891.28,2856891.33,9,8
2017-12-02,10000032,31213,85960,79513.6,85965.13,178,89
2017-12-02,10000032,31214,125000,125000,125000,2,2
2017-12-02,10000032,31215,310016.16,100072.72,370000,9,8
2017-12-02,10000032,31216,750000,750000,750000,1,1
2017-12-02,10000032,31220,3290216.8,420001,3648993.38,9,9
2017-12-02,10000032,31222,8498605.14,8498494.93,8498715.35,2,2
2017-12-02,10000032,31226,189999.96,189999.96,189999.96,3,3
2017-12-02,10000032,31227,125000,125000,125000,1,1
2017-12-02,10000032,31229,750000,750000,750000,1,1
2017-12-02,10000032,31232,1398999.96,1398999.96,1398999.96,1,1
2017-12-02,10000032,31238,104898.18,5100,108499.93,57,38
2017-12-02,10000032,31239,125000,125000,125000,3,3
2017-12-02,10000032,31240,590000,590000,590000,1,1
2017-12-02,10000032,31244,1357497.85,890000.1,1824995.59,2,2
2017-12-02,10000032,31251,125000,125000,125000,1,1
2017-12-02,10000032,31253,750000,750000,750000,1,1
2017-12-02,10000032,31262,170000,169999.99,170000,5,2
2017-12-02,10000032,31263,125000,125000,125000,1,1
2017-12-02,10000032,31265,750000,750000,750000,1,1
2017-12-02,10000032,31268,4999998.95,4999998.95,4999998.95,2,2
2017-12-02,10000032,31274,155399.58,149486.99,250000,17,8
2017-12-02,10000032,31275,125000,125000,125000,1,1
2017-12-02,10000032,31276,960000,960000,960000,2,2
2017-12-02,10000032,31277,750000,750000,750000,2,2
2017-12-02,10000032,31280,3199999.99,3199999.99,3199999.99,1,1
2017-12-02,10000032,31282,24993625.91,24993608.97,24993648.83,7,6
2017-12-02,10000032,31286,325077.25,290000,360154.5,8,5
2017-12-02,10000032,31287,125000,125000,125000,1,1
2017-12-02,10000032,31289,750000,750000,750000,1,1
2017-12-02,10000032,31292,2400000,2400000,2400000,1,1
2017-12-02,10000032,31294,9999757.88,9999709.46,9999999.99,6,4
2017-12-02,10000032,31298,290000,290000,290000,7,3
2017-12-02,10000032,31299,125000,125000,125000,1,1
2017-12-02,10000032,31300,361000,361000,361000,10,2
2017-12-02,10000032,31301,750000,750000,750000,1,1
2017-12-02,10000032,31316,4549974.96,4500000,4599949.91,4,3
2017-12-02,10000032,31322,381605.15,380260,389676.04,7,4
2017-12-02,10000032,31323,125000,125000,125000,1,1
2017-12-02,10000032,31324,1877142.86,1200000,1990000,7,4
2017-12-02,10000032,31325,741666.67,725000,750000,3,3
2017-12-02,10000032,31330,21899959.87,21899959.86,21899959.91,4,3
2017-12-02,10000032,31335,125000,125000,125000,1,1
2017-12-02,10000032,31336,1290910,1290910,1290910,2,2
2017-12-02,10000032,31337,750000,750000,750000,1,1
2017-12-02,10000032,31347,125000,125000,125000,1,1
2017-12-02,10000032,31348,369998.92,369998.92,369998.92,5,1
2017-12-02,10000032,31349,750000,750000,750000,1,1
2017-12-02,10000032,31358,620493.48,619898.99,675000,69,55
2017-12-02,10000032,31359,125000,125000,125000,2,2
2017-12-02,10000032,31360,3350619.43,3348999.9,3530318.9,87,63
2017-12-02,10000032,31361,750000,750000,750000,3,3
2017-12-02,10000032,31364,4481732.71,4481664.94,4481765,26,19
2017-12-02,10000032,31366,22873028.77,21300000,22996284.99,21,16
2017-12-02,10000032,31370,236999.98,236999.75,236999.99,115,73
2017-12-02,10000032,31371,125000,125000,125000,3,3
2017-12-02,10000032,31372,1048000,1047999.96,1048989.95,132,77
2017-12-02,10000032,31373,750000,750000,750000,2,2
2017-12-02,10000032,31376,3871255.59,3871251,3871261,24,15
2017-12-02,10000032,31378,9286244.62,8589124.91,9989879.99,58,45
2017-12-02,10000032,31380,193997000,193997000,193997000,1,1
2017-12-02,10000032,31382,240000,240000,240000,1,1
2017-12-02,10000032,31383,125000,125000,125000,1,1
2017-12-02,10000032,31385,750000,750000,750000,1,1
2017-12-02,10000032,31390,8499993.99,8499993.99,8499993.99,1,1
2017-12-02,10000032,31394,169889.99,169889.99,169889.99,4,2
2017-12-02,10000032,31395,125000,125000,125000,2,2
2017-12-02,10000032,31396,815000,800000,830000,2,2
2017-12-02,10000032,31397,750000,750000,750000,1,1
2017-12-02,10000032,31406,501125.31,489984.79,690499.98,18,13
2017-12-02,10000032,31407,125000,125000,125000,2,2
2017-12-02,10000032,31408,2246532.22,600003.12,2390205.69,11,9
2017-12-02,10000032,31409,750000,750000,750000,1,1
2017-12-02,10000032,31412,4999999.96,4999999.96,4999999.97,5,3
2017-12-02,10000032,31414,18876558.02,18499998.99,18919989,8,5
2017-12-02,10000032,31442,740210,740210,740210,1,1
2017-12-02,10000032,31444,530000,530000,530000,2,2
2017-12-02,10000032,31448,1757001,1757001,1757001,1,1
2017-12-02,10000032,31454,159999,159999,159999,3,3
2017-12-02,10000032,31456,1290720,1290720,1290720,2,2
2017-12-02,10000032,31460,2724746.96,2724746.96,2724746.96,1,1
2017-12-02,10000032,31478,990170,990170,990170,10,6
2017-12-02,10000032,31480,2000,2000,2000,1,1
2017-12-02,10000032,31484,4579858.98,4579858.98,4579858.98,2,1
2017-12-02,10000032,31486,600001.14,600001.14,600001.14,1,1
2017-12-02,10000032,31514,790639.93,790639.92,790639.93,14,4
2017-12-02,10000032,31515,125000,125000,125000,1,1
2017-12-02,10000032,31516,26000.06,26000.06,26000.06,2,2
2017-12-02,10000032,31526,1282189.89,1279987.02,1390126.97,50,42
2017-12-02,10000032,31527,125000,125000,125000,1,1
2017-12-02,10000032,31528,5233460.15,4600000,6490362.29,15,11
2017-12-02,10000032,31532,2994734.3,2994734.24,2994734.42,3,3
2017-12-02,10000032,31534,12999999.99,12999999.99,12999999.99,2,2
2017-12-02,10000032,31538,1189849.71,1189849.59,1189849.79,40,35
2017-12-02,10000032,31539,125000,125000,125000,1,1
2017-12-02,10000032,31540,5796333.21,5788999.62,5800000,3,3
2017-12-02,10000032,31544,3499970.11,3499966.11,3499976.11,5,5
2017-12-02,10000032,31546,9134995.99,9134995.99,9134995.99,4,3
2017-12-02,10000032,31550,794998.99,794998.99,794998.99,2,2
2017-12-02,10000032,31562,790640,790640,790640,4,4
2017-12-02,10000032,31563,125000,125000,125000,1,1
2017-12-02,10000032,31564,4546000,4540000,4549000,3,3
2017-12-02,10000032,31568,7759989.97,7759989.97,7759989.97,1,1
2017-12-02,10000032,31574,619999.86,619999.86,619999.86,4,2
2017-12-02,10000032,31575,125000,125000,125000,1,1
2017-12-02,10000032,31576,4600000,4600000,4600000,1,1
2017-12-02,10000032,31586,848999.99,848999.97,849000,9,9
2017-12-02,10000032,31587,125000,125000,125000,2,2
2017-12-02,10000032,31588,1359999.99,1359999.98,1359999.99,7,6
2017-12-02,10000032,31589,750000,750000,750000,1,1
2017-12-02,10000032,31594,13899889.97,13899865.95,13899905.99,5,5
2017-12-02,10000032,31598,279999.99,279999.99,279999.99,5,4
2017-12-02,10000032,31600,1788570.86,1780000,1789999,7,5
2017-12-02,10000032,31604,7578640.85,7578640.85,7578640.85,1,1
2017-12-02,10000032,31608,336666.67,310000,350000,3,3
2017-12-02,10000032,31610,1950128,1950128,1950128,2,2
2017-12-02,10000032,31614,4799989.99,4799989.99,4799989.99,1,1
2017-12-02,10000032,31620,931202.22,690410,1000000,9,8
2017-12-02,10000032,31622,1780159.98,1780159.98,1780159.98,7,4
2017-12-02,10000032,31626,3000000,3000000,3000000,1,1
2017-12-02,10000032,31628,13999894.36,13999894.36,13999894.36,1,1
2017-12-02,10000032,31632,950000,950000,950000,4,3
2017-12-02,10000032,31640,13989683.84,13989683.84,13989683.84,1,1
2017-12-02,10000032,31644,990220,990000,990330,3,3
2017-12-02,10000032,31646,1749999.99,1749999.99,1749999.99,1,1
2017-12-02,10000032,31650,4988918.92,4988918.92,4988918.92,10,5
2017-12-02,10000032,31652,13926640.2,13925968.22,13930000.11,6,5
2017-12-02,10000032,31656,99999.95,99999.94,99999.98,6,3
2017-12-02,10000032,31668,238051.71,97000,240188.86,67,12
2017-12-02,10000032,31670,349799.96,349799.96,349799.96,2,2
2017-12-02,10000032,31674,3459983.56,340000.37,4499977.96,4,4
2017-12-02,10000032,31680,109999.77,109999.77,109999.78,4,3
2017-12-02,10000032,31682,610000,609999.99,610000,12,12
2017-12-02,10000032,31686,3399989.96,3399989.96,3399989.96,25,7
2017-12-02,10000032,31688,13989890.94,13989890.94,13989890.94,1,1
2017-12-02,10000032,31700,18974364.96,18974364.96,18974364.96,3,3
2017-12-02,10000032,31716,53000,53000,53000,317,50
2017-12-02,10000032,31717,125000,125000,125000,4,4
2017-12-02,10000032,31718,381597.5,379999.97,390360,97,62
2017-12-02,10000032,31719,750000,750000,750000,4,4
2017-12-02,10000032,31722,2806113.68,1425001.1,2862988.48,25,21
2017-12-02,10000032,31724,4166164.96,4162246.02,4167246.04,32,30
2017-12-02,10000032,31728,159998.88,119999.99,199997.77,2,2
2017-12-02,10000032,31729,125000,125000,125000,4,4
2017-12-02,10000032,31730,330000,330000,330000,2,2
2017-12-02,10000032,31731,750000,750000,750000,3,3
2017-12-02,10000032,31734,1694999.99,1694999.99,1694999.99,2,1
2017-12-02,10000032,31736,3999999.67,3999999,4000000,3,3
2017-12-02,10000032,31740,115190.89,99988.63,176000,5,5
2017-12-02,10000032,31741,125000,125000,125000,4,4
2017-12-02,10000032,31742,438643.74,419989.99,439989.99,8,8
2017-12-02,10000032,31743,750000,750000,750000,3,3
2017-12-02,10000032,31746,1631333.33,1600000,1694000,3,3
2017-12-02,10000032,31748,4199999.99,4199999.99,4199999.99,4,3
2017-12-02,10000032,31752,128758.32,124800,129999.98,21,18
2017-12-02,10000032,31753,125000,125000,125000,4,4
2017-12-02,10000032,31754,405771.98,399999.96,419999.99,49,39
2017-12-02,10000032,31755,750000,750000,750000,4,4
2017-12-02,10000032,31758,3502111.02,3494999.93,3505999.9,9,8
2017-12-02,10000032,31760,4299430.73,4260541.93,4360541.98,18,17
2017-12-02,10000032,31764,63333.33,40000,75000,3,3
2017-12-02,10000032,31765,125000,125000,125000,5,5
2017-12-02,10000032,31766,143998.19,143997.78,143998.59,2,2
2017-12-02,10000032,31767,750000,750000,750000,2,2
2017-12-02,10000032,31770,3598898,3598898,3598898,2,1
2017-12-02,10000032,31772,4999446.49,4999438.98,4999449,4,4
2017-12-02,10000032,31777,125000,125000,125000,4,4
2017-12-02,10000032,31778,199999.51,199999.51,199999.51,1,1
2017-12-02,10000032,31779,750000,750000,750000,2,2
2017-12-02,10000032,31784,5100620.05,5000000,5201240.1,4,2
2017-12-02,10000032,31788,419881.73,419849.98,419881.76,181,57
2017-12-02,10000032,31789,125000,125000,125000,5,5
2017-12-02,10000032,31790,2040192.94,2040192.92,2040192.95,169,89
2017-12-02,10000032,31791,750000,750000,750000,7,7
2017-12-02,10000032,31794,7235298.59,7235271.99,7235324.97,24,16
2017-12-02,10000032,31796,22336027.76,22299984.97,22349914.88,56,35
2017-12-02,10000032,31800,469992.76,469991.99,469994,21,12
2017-12-02,10000032,31801,125000,125000,125000,5,5
2017-12-02,10000032,31802,1950509.76,1500000.5,1989999.98,51,26
2017-12-02,10000032,31803,750000,750000,750000,5,5
2017-12-02,10000032,31810,8830080.56,8830065.54,8830095.59,6,4
2017-12-02,10000032,31812,20299908.31,20299898.97,20299909,51,26
2017-12-02,10000032,31816,660000,660000,660000,1,1
2017-12-02,10000032,31817,125000,125000,125000,3,3
2017-12-02,10000032,31818,1593333.34,400000.01,2190000,3,3
2017-12-02,10000032,31819,750000,750000,750000,2,2
2017-12-02,10000032,31864,1189846.12,18000.02,2150000,23,7
2017-12-02,10000032,31866,4899999.98,4899999.98,4899999.99,13,4
2017-12-02,10000032,31870,5972357.25,3090000.07,7777776.97,41,12
2017-12-02,10000032,31872,3931999.79,3931999.79,3931999.8,28,8
2017-12-02,10000032,31874,3554992.92,3250000.96,3749989.99,40,15
2017-12-02,10000032,31876,6824913.1,2700000.01,8199907.8,64,16
2017-12-02,10000032,31878,4699997.99,4699997.96,4699998,16,4
2017-12-02,10000032,31880,1200000,1200000,1200000,291,44
2017-12-02,10000032,31882,1600500.3,1600500.3,1600500.3,476,46
2017-12-02,10000032,31884,2200000,2199999.99,2239999.95,162,45
2017-12-02,10000032,31886,3101575.23,2999999.99,3689999.97,38,11
2017-12-02,10000032,31888,1658074.93,1000015.25,1698999.96,68,12
2017-12-02,10000032,31890,2124046.26,949098.91,2208449.5,75,15
2017-12-02,10000032,31892,3000000,3000000,3000000,14,4
2017-12-02,10000032,31894,3424159.87,3400000,3564987.13,28,9
2017-12-02,10000032,31900,46716078.99,31059803.02,51060000.12,8,6
2017-12-02,10000032,31902,42749929.73,42749899.67,42749959.78,2,2
2017-12-02,10000032,31904,10999999,10999999,10999999,1,1
2017-12-02,10000032,31906,10333320.3,5000001.01,12999979.95,3,3
2017-12-02,10000032,31908,33698990,33698990,33698990,1,1
2017-12-02,10000032,31910,39011000,39011000,39011000,1,1
2017-12-02,10000032,31916,34722224.7,34722224.7,34722224.7,1,1
2017-12-02,10000032,31922,4976994,4965000,4984990,5,3
2017-12-02,10000032,31926,12367997.35,2030002.06,17536995,3,3
2017-12-02,10000032,31928,10837491.3,9100001.33,11099991.3,8,8
2017-12-02,10000032,31930,46999989.44,46999989,46999989.99,9,4
2017-12-02,10000032,31932,37581349.11,30000001.63,37999928.59,43,26
2017-12-02,10000032,31936,8769520,8539211,8999829,2,2
2017-12-02,10000032,31942,32000000,32000000,32000000,1,1
2017-12-02,10000032,31944,38999829.47,38999824.46,38999834.47,4,4
2017-12-02,10000032,31956,93999982.84,93999982.84,93999982.84,1,1
2017-12-02,10000032,31982,31396.99,31396.99,31396.99,1712,13
2017-12-02,10000032,31990,42998.99,42998.99,42998.99,1038,9
2017-12-02,10000032,31998,61999.99,61999.99,61999.99,712,20
2017-12-02,10000032,32006,129999.7,97000.13,132899.76,2672,85
2017-12-02,10000032,32014,194300.01,191004.11,245998,2276,58
2017-12-02,10000032,32025,251641.29,247589.03,263000,11,6
2017-12-02,10000032,32026,125000,125000,125000,1,1
2017-12-02,10000032,32027,1496490.41,1490052.99,1502927.82,4,4
2017-12-02,10000032,32028,750000,750000,750000,1,1
2017-12-02,10000032,32033,314997.5,314997,314997.99,2,2
2017-12-02,10000032,32034,125000,125000,125000,2,2
2017-12-02,10000032,32035,2387000,2387000,2387000,1,1
2017-12-02,10000032,32039,32888767.83,32888767.83,32888767.83,1,1
2017-12-02,10000032,32041,740000,740000,740000,2,2
2017-12-02,10000032,32042,125000,125000,125000,2,2
2017-12-02,10000032,32043,1838181.26,1650006.23,1879997.94,22,13
2017-12-02,10000032,32044,750000,750000,750000,4,4
2017-12-02,10000032,32047,38477619.87,38477609.86,38477629.89,4,3
2017-12-02,10000032,32050,125000,125000,125000,1,1
2017-12-02,10000032,32053,2899995.99,2899995.98,2899995.99,3,2
2017-12-02,10000032,32057,280000.03,280000.03,280000.03,2,2
2017-12-02,10000032,32058,125000,125000,125000,1,1
2017-12-02,10000032,32059,1999999.37,1999998.99,1999999.95,5,5
2017-12-02,10000032,32060,750000,750000,750000,1,1
2017-12-02,10000032,32061,7998713.95,7998713.95,7998713.95,1,1
2017-12-02,10000032,32063,25933335.41,14000006.49,31899999.87,3,3
2017-12-02,10000032,32069,275000,275000,275000,1,1
2017-12-02,10000032,32070,125000,125000,125000,1,1
2017-12-02,10000032,32071,1129999,1129999,1129999,2,2
2017-12-02,10000032,32073,5988889,5988889,5988889,1,1
2017-12-02,10000032,32075,22791759.57,22791759.57,22791759.57,1,1
2017-12-02,10000032,32081,462570.79,462570.79,462570.79,2,2
2017-12-02,10000032,32082,125000,125000,125000,1,1
2017-12-02,10000032,32083,2490202,2490202,2490202,7,6
2017-12-02,10000032,32087,33999819.57,33999819.57,33999819.57,1,1
2017-12-02,10000032,32090,125000,125000,125000,1,1
2017-12-02,10000032,32248,3450000,3450000,3450000,3,1
2017-12-02,10000032,32262,223298012.5,146192050.02,249999999.99,4,4
2017-12-02,10000032,32307,519999989.99,519999989.99,519999989.99,1,1
2017-12-02,10000032,32339,102000000,100000000,104000000,2,2
2017-12-02,10000032,32414,69000000,69000000,69000000,2,2
2017-12-02,10000032,32435,27130008.7,27129995.55,27130035,3,3
2017-12-02,10000032,32459,553.33,130,1400,3,3
2017-12-02,10000032,32772,764993.67,336501.6,798996.71,26,14
2017-12-02,10000032,32774,153997.81,11000.04,296998.9,6,6
2017-12-02,10000032,32780,882933.9,654502.99,947990,21,15
2017-12-02,10000032,32782,1,1,1,418,4
2017-12-02,10000032,32787,22000,21027.9,24000,484,93
2017-12-02,10000032,32797,545454.45,500000,999999,11,11
2017-12-02,10000032,32818,750000,750000,750000,1,1
2017-12-02,10000032,32819,1167250.19,1148999.96,1250000,28,9
2017-12-02,10000032,32820,750000,750000,750000,1,1
2017-12-02,10000032,32853,119000000,119000000,119000000,1,1
2017-12-02,10000032,32858,180000,180000,180000,7,2
2017-12-02,10000032,32859,50000,50000,50000,7,2
2017-12-02,10000032,32860,120000,120000,120000,7,2
2017-12-02,10000032,32861,250000,250000,250000,7,2
2017-12-02,10000032,32862,2000000,2000000,2000000,2,2
2017-12-02,10000032,32865,1999999.58,1999999.58,1999999.58,1,1
2017-12-02,10000032,32867,4999999.99,4999999.99,4999999.99,1,1
2017-12-02,10000032,32871,1800000,1800000,1800000,7,2
2017-12-02,10000032,32872,1183826.6,1025000,1212749.99,69,57
2017-12-02,10000032,32873,8242751,8242751,8242751,1,1
2017-12-02,10000032,32874,1210714.29,1107500,1247500,7,7
2017-12-02,10000032,32875,15444639.48,15444639.48,15444639.48,1,1
2017-12-02,10000032,32876,1172608,1172607.99,1172608,3,3
2017-12-02,10000032,32877,13000000,13000000,13000000,1,1
2017-12-02,10000032,32878,869989.97,869989.97,869989.97,3,3
2017-12-02,10000032,32879,9996998.83,9996998.83,9996998.83,2,2
2017-12-02,10000032,32880,224999,199999.99,229950,145,113
2017-12-02,10000032,32881,4974998.58,4946777.75,5088888.89,10,5
2017-12-02,10000032,32918,39571.27,38999.62,40000,14,14
2017-12-02,10000032,32999,309088.16,200000,599989.92,11,11
2017-12-02,10000032,33000,230846.14,200000,600999.79,13,13
2017-12-02,10000032,33001,222727.27,200000,449999.92,11,11
2017-12-02,10000032,33002,254444.43,200000,689999.86,9,9
2017-12-02,10000032,33003,303549.55,299000,304459.46,12,7
2017-12-02,10000032,33004,4000000,4000000,4000000,1,1
2017-12-02,10000032,33005,172488.37,139999.9,175000,86,8
2017-12-02,10000032,33006,1000000,1000000,1000000,2,2
2017-12-02,10000032,33007,102845.28,52499.85,111999,13,8
2017-12-02,10000032,33008,500000,500000,500000,7,2
2017-12-02,10000032,33009,41666.67,40000,43000,9,5
2017-12-02,10000032,33010,250000,250000,250000,8,3
2017-12-02,10000032,33011,12800,12800,12800,5,3
2017-12-02,10000032,33012,125000,125000,125000,1,1
2017-12-02,10000032,33022,1,1,1,1,1
2017-12-02,10000032,33024,1,1,1,1,1
2017-12-02,10000032,33026,1.01,1.01,1.01,1,1
2017-12-02,10000032,33027,1,1,1,1,1
2017-12-02,10000032,33058,25080.31,25080.31,25080.31,1,1
2017-12-02,10000032,33061,300070.01,300070.01,300070.01,1,1
2017-12-02,10000032,33065,1,1,1,1,1
2017-12-02,10000032,33066,23000.63,23000.63,23000.63,1,1
2017-12-02,10000032,33076,245200,225270.3,249999.86,680,105
2017-12-02,10000032,33078,1235623.7,1000000,2026973.33,27,26
2017-12-02,10000032,33091,170907.3,100000,294995.09,11,7
2017-12-02,10000032,33092,174365.92,100000,297876.42,17,17
2017-12-02,10000032,33093,96927.73,207.01,100000,29,29
2017-12-02,10000032,33094,255557.36,100000,294446.7,5,5
2017-12-02,10000032,33095,1444417.75,1000000,2999879.86,9,9
2017-12-02,10000032,33096,1037499.88,1000000,1299999,8,8
2017-12-02,10000032,33097,1286996.9,1000000,1999989.14,14,14
2017-12-02,10000032,33098,1600746.92,1000000,1800995.89,4,4
2017-12-02,10000032,33101,1009693.09,944499.96,1098898.98,70,39
2017-12-02,10000032,33103,114974.15,114003,115002.74,35,8
2017-12-02,10000032,33138,2045000.29,1090000.58,4500000,4,3
2017-12-02,10000032,33139,2634666.52,1670000.43,4398998.92,18,8
2017-12-02,10000032,33140,22969113.9,14482009.03,30999999.9,27,14
2017-12-02,10000032,33141,19886728.42,14700000.32,30301689.65,28,9
2017-12-02,10000032,33151,150153178.58,132099396.86,160000000,15,13
2017-12-02,10000032,33157,164211390.95,161999989.97,166422791.92,2,2
2017-12-02,10000032,33176,114822.01,112995.46,198000.21,23,21
2017-12-02,10000032,33178,101113.17,99999.93,128948,26,24
2017-12-02,10000032,33179,600000,600000,600000,1,1
2017-12-02,10000032,33180,139543.9,138533.89,139543.93,118,71
2017-12-02,10000032,33195,12604.01,12604.01,12604.01,302,55
2017-12-02,10000032,33197,1429998.99,1429998.99,1429998.99,1,1
2017-12-02,10000032,33199,1499994,1499994,1499994,2,2
2017-12-02,10000032,33201,1392507.18,620031.73,1649998.99,4,4
2017-12-02,10000032,33270,153059.83,139450,180279.49,3,3
2017-12-02,10000032,33272,1689998.96,1689998.96,1689998.96,1,1
2017-12-02,10000032,33286,50000000,50000000,50000000,3,1
2017-12-02,10000032,33330,1100.81,1100.81,1100.81,580,5
2017-12-02,10000032,33332,19889.84,19798.99,19889.94,1767,22
2017-12-02,10000032,33334,10000.43,10000.43,10000.43,30,1
2017-12-02,10000032,33359,16000,15816.28,18937.94,95325,15
2017-12-02,10000032,33360,27979.97,27979.97,27979.97,15206,6
2017-12-02,10000032,33361,20000,20000,20000,9012,4
2017-12-02,10000032,33362,28000,27021.47,28000.01,21513,13
2017-12-02,10000032,33393,82488376.07,66260004.29,87897800,4,4
2017-12-02,10000032,33394,81777644.5,65111111,89999500,4,4
2017-12-02,10000032,33399,4810000,3100000.03,5000000,10,10
2017-12-02,10000032,33400,5286439.4,2032911.52,7889260.99,9,8
2017-12-02,10000032,33407,36700000,36000000,39500000,5,5
2017-12-02,10000032,33440,36856.96,6104.62,57999.19,27,7
2017-12-02,10000032,33441,1601.15,0.01,2001.43,5,5
2017-12-02,10000032,33442,3111.11,0.01,4000,9,7
2017-12-02,10000032,33448,65000,65000,65000,23,1
2017-12-02,10000032,33450,3349989.86,3349988,3349998.98,32,9
2017-12-02,10000032,33466,3055.27,3055.11,3055.31,5,5
2017-12-02,10000032,33467,3499934.15,3000000,3999868.29,6,6
2017-12-02,10000032,33468,59642768.93,56500500.06,61497999.99,35,33
2017-12-02,10000032,33470,206220359.76,190134050.26,208427563,15,15
2017-12-02,10000032,33472,375019000,375019000,375019000,1,1
2017-12-02,10000032,33474,1944337.02,1475500.02,1990000,58,48
2017-12-02,10000032,33475,7600900.01,7600900.01,7600900.01,213,77
2017-12-02,10000032,33513,185000004.27,185000004.27,185000004.27,2,2
2017-12-02,10000032,33517,1000000,1000000,1000000,2,2
2017-12-02,10000032,33519,30000000,30000000,30000000,1,1
2017-12-02,10000032,33520,34000012.01,34000012.01,34000012.01,1,1
2017-12-02,10000032,33539,1400000,1300012.06,1400000.1,523,17
2017-12-02,10000032,33569,577,577,577,6238,6
2017-12-02,10000032,33571,171.5,171.5,171.5,1372,7
2017-12-02,10000032,33572,165,165,165,1816,11
2017-12-02,10000032,33573,105.05,105.05,105.05,1610,9
2017-12-02,10000032,33575,1,1,1,2,2
2017-12-02,10000032,33577,440000,400000.73,448999.98,671,16
2017-12-02,10000032,33591,4999803.97,4999803.97,4999803.97,1,1
2017-12-02,10000032,33608,25000000,25000000,25000000,10,3
2017-12-02,10000032,33618,48057750.09,46244000.08,53500000,4,4
2017-12-02,10000032,33681,90333287.21,85000006.45,94999907.83,30,16
2017-12-02,10000032,33697,39007035.39,37998968,54078471,10,9
2017-12-02,10000032,33699,99500,80000,100000,40,39
2017-12-02,10000032,33700,20428470,17000000,22999825,7,6
2017-12-02,10000032,33702,227986445.93,227986372.96,227986518.89,2,2
2017-12-02,10000032,33706,2250,2249.99,2250,4,2
2017-12-02,10000032,33708,3000000,3000000,3000000,1,1
2017-12-02,10000032,33816,57922110.54,55777000,58994998.97,9,9
2017-12-02,10000032,33818,240799989.99,240799989.99,240799989.99,1,1
2017-12-02,10000032,33820,749050396.62,749050396.62,749050396.62,1,1
2017-12-02,10000032,33822,48499.99,48499.99,48500,4,3
2017-12-02,10000032,33824,1485556.94,1105100.02,1499989.98,20,16
2017-12-02,10000032,33828,14399995,14399989.99,14400000,2,2
2017-12-02,10000032,33830,24884493.2,24879998.5,24888987.89,2,2
2017-12-02,10000032,33842,104993242.95,104989869.94,104999988.98,3,2
2017-12-02,10000032,33844,105740603.81,98999999.96,110000000,11,7
2017-12-02,10000032,33846,90738256.53,90738256.53,90738256.53,2,1
2017-12-02,10000032,33852,118497500.25,90000000.5,146995000,4,4
2017-12-02,10000032,33856,4699620.95,4000000,8897346.63,14,13
2017-12-02,10000032,33890,789999.98,789999.98,789999.99,132,35
2017-12-02,10000032,33892,3099997.31,3099996.99,3099997.75,63,20
2017-12-02,10000032,33894,3962388.59,3962388.57,3962388.62,27,7
2017-12-02,10000032,33896,8244745.74,8238788.92,8345995.8,36,12
2017-12-02,10000032,33898,19989011.86,19989011.86,19989011.86,2,1
2017-12-02,10000032,33900,36892948.71,36892937.99,36892948.99,7,5
2017-12-02,10000032,33902,119999999.98,119999999.98,119999999.98,3,1
2017-12-02,10000032,33915,338579.43,332995.8,389995.79,18,14
2017-12-02,10000032,33981,19736276,4101996.04,25989987.99,7,6
2017-12-02,10000032,34133,1300080001.03,1300080001.03,1300080001.03,1,1
2017-12-02,10000032,34201,329024.33,329024.3,329024.38,196,60
2017-12-02,10000032,34202,2000522.52,2001.01,2056037.01,37,24
2017-12-02,10000032,34203,783029.04,783029,883029.04,395,79
2017-12-02,10000032,34204,1100720.02,1100720.01,1100720.03,234,62
2017-12-02,10000032,34205,400000.82,400000.82,400000.82,170,68
2017-12-02,10000032,34206,250001.89,250001.88,289000,502,84
2017-12-02,10000032,34207,3381819.72,3150000.61,4000004.05,11,8
2017-12-02,10000032,34208,3610094.49,3610003.94,3611000.02,11,8
2017-12-02,10000032,34264,3399969.96,3399969.96,3399969.96,8,1
2017-12-02,10000032,34266,990260,990260,990260,1,1
2017-12-02,10000032,34268,1300000,1300000,1300000,1,1
2017-12-02,10000032,34269,750000,750000,750000,1,1
2017-12-02,10000032,34278,8949604.81,6000004.73,11899204.89,4,2
2017-12-02,10000032,34280,4999969.96,4999969.96,4999969.96,8,3
2017-12-02,10000032,34282,12999714.95,12999709.94,12999719.95,8,2
2017-12-02,10000032,34288,14999778.91,14999778.91,14999778.91,4,1
2017-12-02,10000032,34290,17999914.58,17999907.91,17999917.92,3,2
2017-12-02,10000032,34294,28499832.83,28499797.76,28499867.89,6,3
2017-12-02,10000032,34306,4948366.98,4948356.96,4948371.99,3,3
2017-12-02,10000032,34317,53221464.91,53216999.92,53222949.87,4,4
2017-12-02,10000032,34327,37624999.25,35000000,38499999,4,4
2017-12-02,10000032,34328,1398942001.08,1398942001.08,1398942001.08,1,1
2017-12-02,10000032,34354,4999999.98,4999999.98,4999999.98,1,1
2017-12-02,10000032,34363,557142.85,499999.99,750000,7,4
2017-12-02,10000032,34390,1000000,1000000,1000000,3,3
2017-12-02,10000032,34393,481000,12000,950000,2,2
2017-12-02,10000032,34394,3232.33,3232.33,3232.33,1,1
2017-12-02,10000032,34414,1302227.34,1302227.34,1302227.34,2,1
2017-12-02,10000032,34434,1.04,1.04,1.04,1,1
2017-12-02,10000032,34435,1,1,1,1,1
2017-12-02,10000032,34496,1734273.43,1700000,1748900,44,12
2017-12-02,10000032,34533,1119937.49,1000000,1299843.72,5,5
2017-12-02,10000032,34562,49250666.66,48675999.99,50400000,6,5
2017-12-02,10000032,34575,470000,468000,472000,2,2
2017-12-02,10000032,34590,128000055.86,108000112.03,147999999.69,2,2
2017-12-02,10000032,34599,4950000,4950000,4950000,1,1
2017-12-02,10000032,34610,4999000,4999000,4999000,1,1
2017-12-02,10000032,34623,789001.05,789001.05,789001.05,1,1
2017-12-02,10000032,34629,11399999.99,11399999.99,11399999.99,1,1
2017-12-02,10000032,34631,2000000,2000000,2000000,1,1
2017-12-02,10000032,34686,8490000,8000000,8980000,2,2
2017-12-02,10000032,34688,2749000,2749000,2749000,1,1
2017-12-02,10000032,34698,19994869,19994869,19994869,1,1
2017-12-02,10000032,34718,124999999.92,124999999.77,125000000,3,3
2017-12-02,10000032,34735,1720000,1720000,1720000,1,1
2017-12-02,10000032,34738,3249948.95,3249948.95,3249948.95,1,1
2017-12-02,10000032,34740,11998999.99,11998999.99,11998999.99,1,1
2017-12-02,10000032,34746,4499790,4499790,4499790,1,1
2017-12-02,10000032,34753,749999,749999,749999,1,1
2017-12-02,10000032,34754,900000,900000,900000,1,1
2017-12-02,10000032,34828,54411947.59,40062005.22,57999433.18,5,5
2017-12-02,10000032,35038,1669999.97,1669999.97,1669999.97,1,1
2017-12-02,10000032,35586,20000,20000,20000,1,1
2017-12-02,10000032,35656,44442.95,8000.05,48000,215,101
2017-12-02,10000032,35657,65009.18,65009.18,65009.18,137,34
2017-12-02,10000032,35658,48998.98,9508.09,48998.99,381,127
2017-12-02,10000032,35659,8100.04,8100.03,45997.97,177,117
2017-12-02,10000032,35660,6750.06,6750.06,20000.08,214,87
2017-12-02,10000032,35661,377830,363011.01,499998,84,44
2017-12-02,10000032,35662,340004.07,340004.07,340004.07,120,43
2017-12-02,10000032,35680,1000000,1000000,1000000,2,2
2017-12-02,10000032,35683,50476379.54,42505000.54,51807659.04,7,7
2017-12-02,10000032,35685,1989899.75,1000000,2979799.49,2,2
2017-12-02,10000032,35690,130000000,130000000,130000000,1,1
2017-12-02,10000032,35770,115966.7,0.1,173950,3,3
2017-12-02,10000032,35771,1448889.82,800020.54,1529998.5,9,7
2017-12-02,10000032,35774,244999.98,244999.98,244999.98,2,1
2017-12-02,10000032,35788,100.03,100.03,100.03,1,1
2017-12-02,10000032,35789,926333.28,438002.26,1199998.99,12,8
2017-12-02,10000032,35790,2295712.25,1271000.04,2399995.99,79,25
2017-12-02,10000032,35794,9998.81,9998.81,9998.81,1038,22
2017-12-02,10000032,35795,28190.1,5601.01,29997.93,27,13
2017-12-02,10000032,35825,649988989.99,649988989.98,649988989.99,2,2
2017-12-02,10000032,35832,999998493.87,999998493.87,999998493.87,1,1
2017-12-02,10000032,35833,9624399999.99,9624399999.99,9624399999.99,1,1
2017-12-02,10000032,35835,813400003.78,500200012.35,969999999.5,3,3
2017-12-02,10000032,35878,219999989.98,219999979.97,219999999.99,2,2
2017-12-02,10000032,35886,179999988.99,179999988.99,179999988.99,1,1
2017-12-02,10000032,35891,199999957.98,199999957.98,199999957.98,1,1
2017-12-02,10000032,35899,42449986.49,42449979.82,42449989.83,3,3
2017-12-02,10000032,35922,36000000.82,35999999.95,36000000.97,7,5
2017-12-02,10000032,35923,123089957.39,123089949.88,123089959.89,4,3
2017-12-02,10000032,35924,90000000,90000000,90000000,1,1
2017-12-02,10000032,35925,62001303.48,62001295.97,62001305.98,4,3
2017-12-02,10000032,35940,27128999.43,27128999,27128999.72,5,3
2017-12-02,10000032,35943,28999999.99,28999999.97,29000000,2,2
2017-12-02,10000032,35947,30019998.45,30019998.45,30019998.45,2,2
2017-12-02,10000032,35949,30466666.53,29000000,31199999.79,6,4
2017-12-02,10000032,35959,11299999.99,11299999.99,11299999.99,7,4
2017-12-02,10000032,36355,6188000,6188000,6188000,1,1
2017-12-02,10000032,36908,10831638.84,2500023.18,14997446.67,6,3
2017-12-02,10000032,36909,7998498.47,7998493.46,7998503.47,4,2
2017-12-02,10000032,36910,9090536.31,8999554.97,10000000,11,8
2017-12-02,10000032,36911,6999615.47,6999615.47,6999615.47,2,1
2017-12-02,10000032,36912,8999765.62,8999740.57,8999805.7,6,5
2017-12-02,10000032,36913,2999977.99,2999977.99,2999977.99,1,1
2017-12-02,10000032,37135,36385675.28,25500001.18,38199945.49,7,7
2017-12-02,10000032,37450,326570.18,323998.73,328998.72,7,3
2017-12-02,10000032,37451,2346638.15,1599999,3093277.3,4,3
2017-12-02,10000032,37454,18100001.73,18100001.73,18100001.73,1,1
2017-12-02,10000032,37455,12167000.01,12167000.01,12167000.01,1,1
2017-12-02,10000032,37456,14513557.06,11111114.11,16249000,6,6
2017-12-02,10000032,37459,32999998,32999998,32999998,1,1
2017-12-02,10000032,37479,398332.66,249000,472998.99,3,3
2017-12-02,10000032,37481,97262048,97262048,97262048,1,1
2017-12-02,10000032,37482,51001391.61,51001391.61,51001391.61,1,1
2017-12-02,10000032,37544,4500.89,4500.6,4501,53,39
2017-12-02,10000032,37545,809.19,0.01,2750,38,29
2017-12-02,10000032,37549,2499998,2499998,2499998,1,1
2017-12-02,10000032,37566,11999990,11999990,11999990,1,1
2017-12-02,10000032,37573,9000000,9000000,9000000,2,2
2017-12-02,10000032,37574,6099999.99,6099999.99,6099999.99,1,1
2017-12-02,10000032,37578,16000000,16000000,16000000,1,1
2017-12-02,10000032,37579,3774990,3774990,3774990,1,1
2017-12-02,10000032,37580,8749995,8500000,8999989.99,2,2
2017-12-02,10000032,37584,17000000,17000000,17000000,1,1
2017-12-02,10000032,37588,9000000,9000000,9000000,1,1
2017-12-02,10000032,37600,3000000,3000000,3000000,1,1
2017-12-02,10000032,37608,1300001.33,1300001.33,1300001.33,168,115
2017-12-02,10000032,37610,1301001.09,1301001.09,1301001.09,186,123
2017-12-02,10000032,37611,1350001.13,1350001.13,1350001.13,171,112
2017-12-02,10000032,37615,21710244.27,20000000,25985854.94,7,7
2017-12-02,10000032,37624,38749413.32,36999809.38,44497944.2,8,7
2017-12-02,10000032,37625,36525096.92,26101000.03,39999795.88,4,2
2017-12-02,10000032,37627,98666888,98666888,98666888,1,1
2017-12-02,10000032,37796,5355659.74,5000000,7489618.19,7,7
2017-12-02,10000032,37797,5000000,5000000,5000000,5,5
2017-12-02,10000032,37798,6166626.61,5000000,11999759.66,6,6
2017-12-02,10000032,37799,5499953.26,5000000,7999719.57,6,6
2017-12-02,10000032,37810,6500000,4000000,9000000,2,2
2017-12-02,10000032,37816,47000,47000,47000,1,1
2017-12-02,10000032,37820,27717095.56,27460000,27759939.81,14,4
2017-12-02,10000032,37821,749000.93,749000.93,749000.93,2,1
2017-12-02,10000032,37822,749999.89,749999.89,749999.89,2,1
2017-12-02,10000032,37823,749898.57,749898.57,749898.57,2,1
2017-12-02,10000032,37824,749998,749998,749998,2,1
2017-12-02,10000032,37825,4799897.91,4799897.91,4799897.91,4,2
2017-12-02,10000032,37846,9997.98,9997.98,9997.98,2500,2
2017-12-02,10000032,37847,12292.98,12292.98,12292.98,3000,3
2017-12-02,10000032,37848,12372.96,12372.96,12372.96,4000,3
2017-12-02,10000032,37866,199960,199960,199960,1,1
2017-12-02,10000032,40328,6166161.1,4000000,9054375.91,7,7
2017-12-02,10000032,40334,4997.98,4997.98,4997.98,3,2
2017-12-02,10000032,40335,13326.41,13326.41,13326.41,3,2
2017-12-02,10000032,40351,188899989.98,188899989.98,188899989.98,1,1
2017-12-02,10000032,40519,355683522.33,324081001,368199900.91,74,39
2017-12-02,10000032,40520,795200000,789999999.95,812299000,231,172
2017-12-02,10000032,40525,190000,190000,190000,1,1
2017-12-02,10000032,40556,18000000,17999999.99,18000000,5,2
2017-12-02,10000032,40572,108441979.98,100000000,116883959.95,2,2
2017-12-02,10000032,40573,107500000,107500000,107500000,1,1
2017-12-02,10000032,40584,2249990,2249990,2249990,1,1
2017-12-02,10000032,40598,7424970,7424970,7424970,1,1
2017-12-02,10000032,40701,10000.01,10000.01,10000.01,2,1
2017-12-02,10000032,40770,399000,399000,399000,1,1
2017-12-02,10000032,40772,6999929.95,6999929.95,6999929.95,1,1
2017-12-02,10000032,41030,1250000000,1250000000,1250000000,5,1
2017-12-02,10000032,41031,2008.01,1153.21,8400,76,52
2017-12-02,10000032,41032,619.38,5.11,2998,72,55
2017-12-02,10000032,41033,9003.21,9003.21,9003.21,103,31
2017-12-02,10000032,41034,52000.02,52000.02,52000.02,139,75
2017-12-02,10000032,41054,474000.14,474000,474000.14,71,39
2017-12-02,10000032,41055,452116.3,227750.5,460000.22,56,34
2017-12-02,10000032,41056,478175.14,477000.37,484998.83,80,40
2017-12-02,10000032,41057,3316651.57,3006098.66,3439979.93,14,13
2017-12-02,10000032,41059,217999972.98,217999972.98,217999972.98,1,1
2017-12-02,10000032,41155,6410.86,3004.9,12995.75,44,19
2017-12-02,10000032,41196,43999869.96,43999869.96,43999869.96,1,1
2017-12-02,10000032,41199,3111100,3111100,3111100,1,1
2017-12-02,10000032,41200,279234332.73,259703000.2,288999999,3,3
2017-12-02,10000032,41215,24054886.94,17444000.07,24999177.89,8,8
2017-12-02,10000032,41217,64999869.79,64999869.79,64999869.79,1,1
2017-12-02,10000032,41218,31581868.92,25707005.29,34489514.79,22,18
2017-12-02,10000032,41220,65999991.11,65999989.99,66000000,8,7
2017-12-02,10000032,41230,1500000,1500000,1500000,1,1
2017-12-02,10000032,41238,160000000.48,160000000.48,160000000.48,1,1
2017-12-02,10000032,41267,400000,400000,400000,43,1
2017-12-02,10000032,41306,5000,5000,5000,2,1
2017-12-02,10000032,41404,43719860.98,43719860.98,43719860.98,1,1
2017-12-02,10000032,41405,27000000,27000000,27000000,17,3
2017-12-02,10000032,41406,27000000,27000000,27000000,2,2
2017-12-02,10000032,41409,54994816.44,54994816.44,54994816.44,1,1
2017-12-02,10000032,41411,41999944.97,41999939.96,41999949.97,2,2
2017-12-02,10000032,41415,183390879.96,183390879.96,183390879.96,3,3
2017-12-02,10000032,41420,9999990,9999990,9999990,1,1
2017-12-02,10000032,41477,37500.01,37500.01,37500.01,1,1
2017-12-02,10000032,41484,2499989,2499989,2499989,1,1
2017-12-02,10000032,41489,17200.04,8000.16,20000,30,4
2017-12-02,10000032,41490,972143.4,972143.4,972143.4,559,16
2017-12-02,10000032,41493,149998926.83,149998926.83,149998926.83,1,1
2017-12-02,10000032,41500,560000000,560000000,560000000,1,1
2017-12-02,10000032,41520,76995,76995,76995,105,1
2017-12-02,10000032,41533,61750000,61000000,62000000,4,4
2017-12-02,10000032,41534,125996333.78,125989999.99,125999500.68,3,3
2017-12-02,10000032,41579,4000000,4000000,4000000,1,1
2017-12-02,10000032,41590,5000000,5000000,5000000,1,1
2017-12-02,10000032,41591,5000000,5000000,5000000,1,1
2017-12-02,10000032,41592,5000000,5000000,5000000,1,1
2017-12-02,10000032,41593,5000000,5000000,5000000,1,1
2017-12-02,10000032,42149,3499990,3499990,3499990,1,1
2017-12-02,10000032,42168,12799969,12799969,12799969,1,1
2017-12-02,10000032,42204,35354675.74,34000000,36032013.61,3,3
2017-12-02,10000032,42205,55550397.26,42000000,62325595.9,3,3
2017-12-02,10000032,42206,67355333.34,63518500,75029000.02,3,3
2017-12-02,10000032,42207,120003982.11,60016001.03,144999958.64,4,4
2017-12-02,10000032,42208,181958505.02,179900000,182987757.53,3,3
2017-12-02,10000032,42209,386059485.99,386059485.99,386059485.99,1,1
2017-12-02,10000032,42226,3000000.01,3000000.01,3000000.01,1,1
2017-12-02,10000032,42244,61599999.48,60999999.45,61999999.53,5,5
2017-12-02,10000032,42526,653015.24,150100.02,715879.65,9,8
2017-12-02,10000032,42527,1179999.93,1179999.93,1179999.93,1,1
2017-12-02,10000032,42528,539995.89,539995.88,539995.9,9,7
2017-12-02,10000032,42529,759628.49,281000.3,998942.59,3,3
2017-12-02,10000032,42530,482401.44,76000.02,537000,7,7
2017-12-02,10000032,42559,6000000,6000000,6000000,1,1
2017-12-02,10000032,42583,11200004,11200004,11200004,1,1
2017-12-02,10000032,42590,11000000,11000000,11000000,1,1
2017-12-02,10000032,42596,19999999.85,19999999.85,19999999.85,1,1
2017-12-02,10000032,42685,25887949.75,19000689.36,27799989.9,9,9
2017-12-02,10000032,42694,601.01,601.01,601.01,1600,3
2017-12-02,10000032,42695,1989.95,1989.95,1989.95,3700,6
2017-12-02,10000032,42696,999.68,999.68,999.68,8483,10
2017-12-02,10000032,42726,1366629.33,50000,3999887.98,3,2
2017-12-02,10000032,42739,27500000,27500000,27500000,1,1
2017-12-02,10000032,42754,12999990,12999990,12999990,1,1
2017-12-02,10000032,42757,3500000,3500000,3500000,1,1
2017-12-02,10000032,42761,2000000,2000000,2000000,1,1
2017-12-02,10000032,42770,8100001.7,8100001.7,8100001.7,1,1
2017-12-02,10000032,42772,14000000,14000000,14000000,1,1
2017-12-02,10000032,42781,9000000,9000000,9000000,1,1
2017-12-02,10000032,42783,17499838.97,17499838.97,17499838.97,1,1
2017-12-02,10000032,42785,12000000,12000000,12000000,1,1
2017-12-02,10000032,42786,20124995,20000000,20249989.99,2,2
2017-12-02,10000032,42789,9900000,9900000,9900000,1,1
2017-12-02,10000032,42795,5000000,5000000,5000000,2,2
2017-12-02,10000032,42796,8500000,8500000,8500000,1,1
2017-12-02,10000032,42797,7999990,7999990,7999990,1,1
2017-12-02,10000032,42800,16000000,16000000,16000000,1,1
2017-12-02,10000032,42829,858.86,858.86,858.86,65281,13
2017-12-02,10000032,42830,999.79,999.79,999.79,34510,18
2017-12-02,10000032,42831,628.29,628.29,628.29,9599,8
2017-12-02,10000032,42832,1729.96,1729.96,1729.96,4501,6
2017-12-02,10000032,42833,1202.95,1202.95,1202.95,3262,6
2017-12-02,10000032,42834,1790,1790,1790,3000,5
2017-12-02,10000032,42836,253.03,253.03,253.03,997,1
2017-12-02,10000032,42837,260.04,260.04,260.04,1000,1
2017-12-02,10000032,42838,3929.86,3929.86,3929.86,700,2
2017-12-02,10000032,42839,4841.85,4836.84,4846.86,600,2
2017-12-02,10000032,42840,1274,1274,1274,2276,6
2017-12-02,10000032,42874,10000000,10000000,10000000,1,1
2017-12-02,10000032,42881,19948349.96,19948349.96,19948349.96,1,1
2017-12-02,10000032,42882,19920979.55,19920979.55,19920979.55,1,1
2017-12-02,10000032,42905,3140000,3140000,3140000,1,1
2017-12-02,10000032,42909,4499979.98,4499979.98,4499979.98,1,1
2017-12-02,10000032,43530,2473122.37,2473122.37,2473122.37,2,2
2017-12-02,10000032,43551,5753258.83,5000005.06,5934937.98,36,18
2017-12-02,10000032,43552,3299999.99,3299999.99,3299999.99,3,2
2017-12-02,10000032,43554,2670000,2670000,2670000,2,1
2017-12-02,10000032,43555,3669842.85,2812515.17,4087949.86,7,6
2017-12-02,10000032,43556,3355118.7,3167656.92,3667555,8,4
2017-12-02,10000032,43694,78998793.58,78998768.06,78998798.18,13,4
2017-12-02,10000032,43699,59371.33,58999.97,59399.9,28,5
2017-12-02,10000032,43700,4102405.39,3999999,4121028.49,5,5
2017-12-02,10000032,43702,110014.11,80000,240071.89,16,14
2017-12-02,10000032,43703,18161111,18000000,19449999,9,8
2017-12-02,10000032,43749,5000000,5000000,5000000,1,1
2017-12-02,10000032,43750,4499857,4499857,4499857,1,1
2017-12-02,10000032,43751,7777767.43,7777767.43,7777767.43,1,1
2017-12-02,10000032,43754,7799898.96,7799898.96,7799898.96,1,1
2017-12-02,10000032,43774,8999999.99,8999999.99,8999999.99,1,1
2017-12-02,10000032,43776,4177776.99,4177776.99,4177776.99,1,1
2017-12-02,10000032,43777,1111111.1,1111111.1,1111111.1,1,1
2017-12-02,10000032,43894,280000,280000,280000,1,1
2017-12-02,10000032,43896,1290100,1290100,1290100,3,2
2017-12-02,10000032,43898,4724998,4724998,4724998,1,1
2017-12-02,10000032,43902,125000,125000,125000,2,2
2017-12-02,10000032,43904,750000,750000,750000,2,2
2017-12-02,10000032,43906,1250000,1250000,1250000,1,1
2017-12-02,10000032,44067,250000000,250000000,250000000,3,3
2017-12-02,10000032,44109,11256.61,11256.61,11256.61,1,1
2017-12-02,10000032,44110,14199.99,14199.99,14199.99,1709,6
2017-12-02,10000032,44120,757499.99,547499.97,990000,8,5
2017-12-02,10000032,44138,529968,529968,529968,1,1
2017-12-02,10000032,44147,4999979.97,4999979.97,4999979.97,2,2
2017-12-02,10000032,44148,5000000,5000000,5000000,1,1
2017-12-02,10000032,44150,4474995,4474990,4475000,2,2
2017-12-02,10000032,44154,29500500,29500500,29500500,1,1
2017-12-02,10000032,44171,33000000,33000000,33000000,1,1
2017-12-02,10000032,44176,2333312,2333312,2333312,1,1
2017-12-02,10000032,44211,205000,205000,205000,1,1
2017-12-02,10000032,44218,319008040,319008040,319008040,1,1
2017-12-02,10000032,44262,53098.99,53098.99,53098.99,8,1
2017-12-02,10000032,44267,99999,99999,99999,31,2
2017-12-02,10000032,44888,12000000,12000000,12000000,1,1
2017-12-02,10000032,44891,15000000,15000000,15000000,1,1
2017-12-02,10000032,44897,21793006.94,21793006.94,21793006.94,1,1
2017-12-02,10000032,44901,19990000,19990000,19990000,1,1
2017-12-02,10000032,44906,12000000,12000000,12000000,1,1
2017-12-02,10000032,44924,45000000,45000000,45000000,1,1
2017-12-02,10000032,44927,28879999,28879999,28879999,1,1
2017-12-02,10000032,44929,51999999.99,51999999.99,51999999.99,1,1
2017-12-02,10000032,44932,29499000,29499000,29499000,1,1
2017-12-02,10000032,44940,14880000,14880000,14880000,1,1
2017-12-02,10000032,44943,29999998.94,29999998.94,29999998.94,1,1
2017-12-02,10000032,44949,296000000,296000000,296000000,1,1
2017-12-02,10000032,44992,3400000,3300200.13,3494999.99,94759,302
2017-12-02,10000032,44993,203343355.14,155015057.73,299999949.96,3,3
2017-12-02,10000032,44995,704615666.67,620026000,746910500,3,3
2017-12-02,10000032,45482,4135410.99,4135410.99,4135410.99,2,2
2017-12-02,10000032,45504,6000,6000,6000,6622,1
2017-12-02,10000032,45586,53867277.63,51112197.03,57999898.51,5,5
2017-12-02,10000032,45587,22499650.03,22499650.03,22499650.03,1,1
2017-12-02,10000032,45588,39999748.45,39999747.91,39999748.98,2,2
2017-12-02,10000032,45589,48999866.99,48999843.95,48999889.03,5,5
2017-12-02,10000032,45590,16749849.38,16749849.38,16749849.38,1,1
2017-12-02,10000032,45591,53104746.03,53104738.44,53104746.97,6,6
2017-12-02,10000032,45592,51675522.18,45800902.89,59899968.87,12,12
2017-12-02,10000032,45593,13599982.03,11999989.97,24999935.74,10,7
2017-12-02,10000032,45594,35575262.76,31150696.94,39999828.57,2,2
2017-12-02,10000032,45595,49999972.23,49999968.89,49999978.92,3,3
2017-12-02,10000032,45596,39999912.26,39999909.75,39999919.78,4,3
2017-12-02,10000032,45597,48919779.31,48919779.3,48919779.32,2,2
2017-12-02,10000032,45598,20229995.84,19075102.26,20999924.85,5,5
2017-12-02,10000032,45599,42299628.81,42199969.89,42399287.74,4,4
2017-12-02,10000032,45601,42881196.09,38989988.84,69999907.79,8,8
2017-12-02,10000032,45602,45050022.01,45050022.01,45050022.01,1,1
2017-12-02,10000032,45604,22248971.21,19889967.99,26699379.94,12,11
2017-12-02,10000032,45605,40294656.62,33000015.01,54883934.83,6,6
2017-12-02,10000032,45607,31999974.91,31999949.84,31999999.98,2,2
2017-12-02,10000032,45608,50999976.44,50999958.89,50999993.99,4,4
2017-12-02,10000032,45609,64099780.58,64099780.58,64099780.58,1,1
2017-12-02,10000032,45610,34969999,34969999,34969999,1,1
2017-12-02,10000032,45611,42999806.43,42999799.75,42999809.78,3,3
2017-12-02,10000032,45612,35999896.11,35999818.73,35999934.8,3,3
2017-12-02,10000032,45613,44994994.5,44989999,44999989.99,2,2
2017-12-02,10000032,45614,36210359.11,29102101.87,37999898.23,5,5
2017-12-02,10000032,45615,32794851.69,15399759.41,35259868.67,8,8
2017-12-02,10000032,45616,42953159.53,41999990.03,43989742.63,9,9
2017-12-02,10000032,45617,40307021.65,40306978,40307108.97,3,3
2017-12-02,10000032,45618,18511500.15,11091860.04,19999999.94,8,8
2017-12-02,10000032,45619,36999954.74,36999939.7,36999969.78,2,2
2017-12-02,10000032,45620,34699978.53,34699978.53,34699978.53,1,1
2017-12-02,10000032,45621,41999913.02,41999909.68,41999919.71,3,2
2017-12-02,10000032,45622,11474999.96,11469999.92,11480000,2,2
2017-12-02,10000032,45623,31566663.32,29999994.98,34699999.99,3,3
2017-12-02,10000032,45624,30999918.75,30999918.73,30999918.77,2,2
2017-12-02,10000032,45626,42001477.26,42001468.86,42001483.96,9,8
2017-12-02,10000032,45628,10187722.47,9500920,11999969.89,4,4
2017-12-02,10000032,45629,38006680.78,23000221.18,39888638.61,9,8
2017-12-02,10000032,45630,20460039.61,20152072.28,24151989.98,6,6
2017-12-02,10000032,45632,34250132.03,29500305.48,38999958.59,4,4
2017-12-02,10000032,45633,38333321.13,15000172.81,42999938.73,6,6
2017-12-02,10000032,45635,162014518.47,160292999.7,162900000,94,63
2017-12-02,10000032,45660,1229.07,1229.07,1229.09,163,10
2017-12-02,10000032,45661,1391.05,1391.05,1391.05,202,10
2017-12-02,10000032,45662,31500,31500,31500,648,13
2017-12-02,10000032,45663,30501.04,30501.04,30501.04,163,8
2017-12-02,10000032,45740,100000,100000,100000,2,2
2017-12-02,10000032,45741,36499999.5,15000000,57999999,2,2
2017-12-02,10000032,45746,1228571.31,1000000,2999998.94,35,34
2017-12-02,10000032,45748,6111110.88,5000000,9999998.98,9,7
2017-12-02,10000032,45749,25000000,25000000,25000000,5,5
2017-12-02,10000032,45750,15000000,15000000,15000000,5,4
2017-12-02,10000032,45751,420000,420000,420000,1,1
2017-12-02,10000032,45752,441664,425000,449996,3,3
2017-12-02,10000032,45753,2199.99,2199.99,2199.99,1,1
2017-12-02,10000032,45754,18000,18000,18000,1,1
2017-12-02,10000032,45755,11999.51,11999.51,11999.51,1,1
2017-12-02,10000032,45756,2199.99,2199.99,2199.99,1,1
2017-12-02,10000032,45757,70000.01,20000.02,120000,2,2
2017-12-02,10000032,45761,200000,200000,200000,1,1
2017-12-02,10000032,45767,1000000,1000000,1000000,1,1
2017-12-02,10000032,45768,1299969,1299969,1299969,1,1
2017-12-02,10000032,45769,25199.99,25199.99,25199.99,2,1
2017-12-02,10000032,45770,297226.33,42679,424500,3,3
2017-12-02,10000032,45773,27924995,27924995,27924995,1,1
2017-12-02,10000032,45774,361000,21999.99,700000,2,2
2017-12-02,10000032,45776,21999.99,21999.99,21999.99,1,1
2017-12-02,10000032,45778,21999.99,21999.99,21999.99,1,1
2017-12-02,10000032,45784,156832577.41,156832577.41,156832577.41,1,1
2017-12-02,10000032,45785,1249999,1249999,1249999,1,1
2017-12-02,10000032,45788,22000,22000,22000,1,1
2017-12-02,10000032,45792,4000000,4000000,4000000,1,1
2017-12-02,10000032,45794,900000,900000,900000,1,1
2017-12-02,10000032,45798,5900000,5900000,5900000,1,1
2017-12-02,10000032,45799,4700000,4700000,4700000,1,1
2017-12-02,10000032,45804,698799.8,21999.99,1299999,5,5
2017-12-02,10000032,45805,386100,2199.99,770000,2,2
2017-12-02,10000032,45810,350000,350000,350000,1,1
2017-12-02,10000032,45811,59044,49999,63566.5,3,3
2017-12-02,10000032,45812,11000.01,2000.02,20000,2,2
2017-12-02,10000032,45813,62000,35000,89000,2,2
2017-12-02,10000032,45814,195000,195000,195000,1,1
2017-12-02,10000032,45815,334000,334000,334000,1,1
2017-12-02,10000032,45816,251100,2199.99,500000,2,2
2017-12-02,10000032,45817,254997.01,20000.02,489994,2,2
2017-12-02,10000032,45818,1500000,1500000,1500000,1,1
2017-12-02,10000032,45819,4000000,4000000,4000000,1,1
2017-12-02,10000032,45826,925999.99,925999.99,925999.99,1,1
2017-12-02,10000032,45827,1450000,1450000,1450000,1,1
2017-12-02,10000032,45828,399999,399999,399999,1,1
2017-12-02,10000032,45829,899999,899999,899999,1,1
2017-12-02,10000032,45832,13887999.99,13887999.99,13887999.99,1,1
2017-12-02,10000032,45833,360999,21999.99,699998,2,2
2017-12-02,10000032,45834,706666.66,59999.99,2000000,3,3
2017-12-02,10000032,45835,775000,775000,775000,1,1
2017-12-02,10000032,45836,110000.01,20000.02,200000,2,2
2017-12-02,10000032,45843,47244999.99,47244999.99,47244999.99,1,1
2017-12-02,10000032,45846,338666.66,71999.99,871999.99,3,3
2017-12-02,10000032,45847,2596799.4,2499999,2741999.5,5,4
2017-12-02,10000032,45848,2300000,2300000,2300000,1,1
2017-12-02,10000032,45849,1400000,1400000,1400000,1,1
2017-12-02,10000032,45850,880000,880000,880000,1,1
2017-12-02,10000032,45851,3744999.5,20000,7469999,2,2
2017-12-02,10000032,45852,3500000,3000000,4000000,2,2
2017-12-02,10000032,45853,4450000,900000,7999999.99,2,2
2017-12-02,10000032,45854,1014666.32,999999.98,1021999.49,3,3
2017-12-02,10000032,45855,6499950,6000000,6999900,2,2
2017-12-02,10000032,45857,15499999.97,5000000,25999999.94,2,2
2017-12-02,10000032,45858,1900000,1900000,1900000,1,1
2017-12-02,10000032,45862,7000000,7000000,7000000,1,1
2017-12-02,10000032,45863,120000,120000,120000,1,1
2017-12-02,10000032,45864,470000,470000,470000,1,1
2017-12-02,10000032,45866,20000000,20000000,20000000,1,1
2017-12-02,10000032,45869,1017680,900000,2000000,5,5
2017-12-02,10000032,45870,708119.18,596799.33,796999.25,5,5
2017-12-02,10000032,45871,440471.47,1119.79,1099499,5,5
2017-12-02,10000032,45872,950000,950000,950000,1,1
2017-12-02,10000032,45873,897332.66,91999.99,1299999,3,3
2017-12-02,10000032,45874,102199.99,102199.99,102199.99,1,1
2017-12-02,10000032,45875,149999,149999,149999,1,1
2017-12-02,10000032,45876,624999,624999,624999,1,1
2017-12-02,10000032,45877,1442443,1442443,1442443,1,1
2017-12-02,10000032,45879,1600000.32,400000.48,4000000,3,2
2017-12-02,10000032,45882,1079999,1079999,1079999,1,1
2017-12-02,10000032,45885,4936000.02,4936000.02,4936000.02,1,1
2017-12-02,10000032,45886,399999.99,399999.99,399999.99,1,1
2017-12-02,10000032,45887,2500000,2500000,2500000,1,1
2017-12-02,10000032,45888,1700000,1700000,1700000,1,1
2017-12-02,10000032,45889,22999.99,22999.99,22999.99,1,1
2017-12-02,10000032,45891,20682000,20682000,20682000,1,1
2017-12-02,10000032,45892,5000000,5000000,5000000,1,1
2017-12-02,10000032,45893,400000,399999.99,400000,2,2
2017-12-02,10000032,45894,6324999.75,4650000,7999999.5,4,4
2017-12-02,10000032,45895,6699997,6499994,6900000,2,2
2017-12-02,10000032,45896,3500000,3500000,3500000,1,1
2017-12-02,10000032,45902,198999847.84,198999847.83,198999847.84,2,2
2017-12-02,10000032,45904,39999998,39999998,39999998,1,1
2017-12-02,10000032,45905,1899998.99,1899998.99,1899998.99,1,1
2017-12-02,10000032,45906,4385399.4,4384500,4385999,5,5
2017-12-02,10000032,45907,5348999.98,5348999.98,5348999.98,1,1
2017-12-02,10000032,45908,2999999,2999999,2999999,1,1
2017-12-02,10000032,45909,5000000,5000000,5000000,1,1
2017-12-02,10000032,45910,11999996,11999996,11999996,1,1
2017-12-02,10000032,45911,14028992,14028992,14028992,1,1
2017-12-02,10000032,45912,4950000,1000000,8899999.99,2,2
2017-12-02,10000032,45913,5399999.5,5399999,5400000,2,2
2017-12-02,10000032,45914,3226999.94,3226999.93,3226999.94,2,2
2017-12-02,10000032,45916,24999999.99,24999999.99,24999999.99,1,1
2017-12-02,10000032,45917,19599999,19599999,19599999,2,2
2017-12-02,10000032,45922,1133334.01,1000000.51,1400001.01,3,3
2017-12-02,10000032,45923,2247333.34,22000.01,3360000,3,3
2017-12-02,10000032,45924,1668133.3,2199.99,4999999.93,3,3
2017-12-02,10000032,45925,4356821.26,4356821.25,4356821.26,2,2
2017-12-02,10000032,45926,3071999.99,3071999.99,3071999.99,1,1
2017-12-02,10000032,45927,5500000,5500000,5500000,1,1
2017-12-02,10000032,45928,17499999,17499999,17499999,1,1
2017-12-02,10000032,45931,251098.5,2199.99,499997,2,2
2017-12-02,10000032,45932,389999.5,389999,390000,2,2
2017-12-02,10000032,45933,2199.99,2199.99,2199.99,1,1
2017-12-02,10000032,45935,288999,288999,288999,1,1
2017-12-02,10000032,45936,25999.99,25999.99,25999.99,1,1
2017-12-02,10000032,45939,1500000,1500000,1500000,1,1
2017-12-02,10000032,45940,1763499.5,29999.99,3496999,2,2
2017-12-02,10000032,45947,3900000,3900000,3900000,1,1
2017-12-02,10000032,45948,5995998.99,5995997.99,5995999.99,2,2
2017-12-02,10000032,45955,1000000.02,1000000.02,1000000.02,1,1
2017-12-02,10000032,45964,49999989.99,49999989.99,49999989.99,1,1
2017-12-02,10000032,45969,710000,710000,710000,1,1
2017-12-02,10000032,45972,15799887,15799887,15799887,1,1
2017-12-02,10000032,45974,594104.01,108208.01,1080000,2,2
2017-12-02,10000032,45975,18799999,18799999,18799999,1,1
2017-12-02,10000032,45976,15887768.96,15887768.96,15887768.96,1,1
2017-12-02,10000032,45978,2000000,2000000,2000000,2,2
2017-12-02,10000032,45980,30000000,30000000,30000000,1,1
2017-12-02,10000032,45984,490000,490000,490000,1,1
2017-12-02,10000032,45985,2511000,21999.99,5000000,2,2
2017-12-02,10000032,45986,1775000.5,1750000,1800000.99,2,2
2017-12-02,10000032,45996,240697.25,100000.01,250105,16,16
2017-12-02,10000032,45998,1910386.08,1516909,2299998.98,12,7
2017-12-02,10000032,45999,8539792.46,5330003.19,13888773.97,8,5
2017-12-02,10000032,46000,35979994.37,35979994.37,35979994.37,2,2
2017-12-02,10000032,46001,444706.04,270288.37,599998.23,24,13
2017-12-02,10000032,46002,3940813.81,3100000.03,4378989.99,33,12
2017-12-02,10000032,46003,14304421.8,12318029.05,16409014.02,10,8
2017-12-02,10000032,46004,516756.23,500101,650000,9,4
2017-12-02,10000032,46005,4445660.68,3439000.13,4948990.95,12,6
2017-12-02,10000032,46006,16899998.99,16899998.99,16899998.99,2,2
2017-12-02,10000032,46008,467122.14,10009.32,1000000,59,20
2017-12-02,10000032,46038,9000000,9000000,9000000,1,1
2017-12-02,10000032,46050,1500000,1500000,1500000,141,9
2017-12-02,10000032,46146,12789333.33,12789333.33,12789333.33,1,1
2017-12-02,10000032,46152,10000000,10000000,10000000,8,8
2017-12-02,10000032,46153,15000000,15000000,15000000,7,6
2017-12-02,10000032,46154,20000000,20000000,20000000,8,7
2017-12-02,10000032,46155,25000000,25000000,25000000,8,7
2017-12-02,10000032,46156,30000000,30000000,30000000,6,5
2017-12-02,10000032,46166,9933333.33,9900000,10000000,3,3
2017-12-02,10000032,46167,9925000,9900000,10000000,4,4
2017-12-02,10000032,46168,9933333.33,9900000,10000000,3,3
2017-12-02,10000032,46169,9950000,9900000,10000000,2,2
2017-12-02,10000032,46170,9950000,9900000,10000000,2,2
2017-12-02,10000032,46171,9933333.33,9900000,10000000,3,3
2017-12-02,10000032,46172,9900000,9900000,9900000,2,2
2017-12-02,10000032,46173,9900000,9900000,9900000,1,1
2017-12-02,10000032,46174,9900000,9900000,9900000,2,2
2017-12-02,10000032,46175,9900000,9900000,9900000,2,2
2017-12-02,10000032,46176,9900000,9900000,9900000,1,1
2017-12-02,10000032,46177,9900000,9900000,9900000,1,1
2017-12-02,10000032,46178,9900000,9900000,9900000,1,1
2017-12-02,10000032,46179,9900000,9900000,9900000,2,2
2017-12-02,10000032,46180,9900000,9900000,9900000,2,2
2017-12-02,10000032,46181,9900000,9900000,9900000,2,2
2017-12-02,10000032,46182,9900000,9900000,9900000,2,2
2017-12-02,10000032,46184,9933333.33,9900000,10000000,3,3
2017-12-02,10000032,46185,9900000,9900000,9900000,1,1
2017-12-02,10000032,46186,9900000,9900000,9900000,1,1
2017-12-02,10000032,46205,20000000,20000000,20000000,1,1
2017-12-02,10000032,46206,20000000,20000000,20000000,1,1
2017-12-02,10000032,46213,18900000,18900000,18900000,1,1
2017-12-02,10000032,46214,20000000,20000000,20000000,1,1
2017-12-02,10000032,46352,10000000,10000000,10000000,1,1
2017-12-02,10000032,46355,479999.97,479999.97,479999.97,2,1
2017-12-02,10000032,46357,10000000,10000000,10000000,1,1
2017-12-02,10000032,46359,10000000,10000000,10000000,1,1
2017-12-02,10000032,46365,499998.99,499998.99,499998.99,2,1
2017-12-02,10000032,46367,549999.97,549999.97,549999.97,2,1
2017-12-02,10000032,46369,549999.99,549999.99,549999.99,2,1
2017-12-02,10000032,46371,645000,645000,645000,2,1
2017-12-02,10000032,46675,300,300,300,75,1
2017-12-02,10000032,46707,3500000,3500000,3500000,1,1
2017-12-02,10000032,46712,5672999.96,5266000.01,6079999.9,2,2
2017-12-02,10000032,46713,14499999.99,13749999.99,16000000,3,2
2017-12-02,10000032,46717,30119999.98,29599999.98,30899999.98,5,5
2017-12-02,10000032,46718,35000000,35000000,35000000,1,1
2017-12-02,10000032,46722,2104999.99,1400000,2809999.98,2,2
2017-12-02,10000032,46723,7500000,7500000,7500000,1,1
2017-12-02,10000032,47029,158009999.99,158009999.99,158009999.99,1,1
2017-12-02,10000033,18,58.25,58.22,60,8275126,74
2017-12-02,10000033,20,391,251,393,346776,39
2017-12-02,10000033,21,360.12,360.12,360.12,58,2
2017-12-02,10000033,22,0.99,0.99,0.99,100,1
2017-12-02,10000033,34,4.69,4.69,4.69,816699577,127
2017-12-02,10000033,35,5.01,5.01,5.01,76980851,91
2017-12-02,10000033,36,67.73,67.73,67.73,7446973,77
2017-12-02,10000033,37,45,45,45,3210810,53
2017-12-02,10000033,38,311.01,311.01,311.01,147007,55
2017-12-02,10000033,39,1199,1199,1199,64632,35
2017-12-02,10000033,40,1100.57,1100.57,1100.57,139528,37
2017-12-02,10000033,41,26.62,26.62,26.67,458833,12
2017-12-02,10000033,44,9600.11,9600.11,9600.11,1675,1
2017-12-02,10000033,45,32.51,25.01,40,20,2
2017-12-02,10000033,178,1.01,1.01,1.01,400,3
2017-12-02,10000033,179,0.01,0.01,0.01,400,4
2017-12-02,10000033,180,7.01,7.01,7.01,1000,1
2017-12-02,10000033,181,1,1,1,400,4
2017-12-02,10000033,182,18,18,18,5100,2
2017-12-02,10000033,184,14.39,14.39,14.39,7000,7
2017-12-02,10000033,185,16.55,16.55,16.55,2944,7
2017-12-02,10000033,187,1,1,1,100,1
2017-12-02,10000033,188,0.01,0.01,0.01,200,2
2017-12-02,10000033,189,17.77,17.77,17.77,100,1
2017-12-02,10000033,190,6.11,6.11,6.11,100,1
2017-12-02,10000033,191,29.34,29.34,29.34,100,1
2017-12-02,10000033,192,65,65,65,3100,3
2017-12-02,10000033,193,69.95,69.95,69.95,5100,3
2017-12-02,10000033,194,0.01,0.01,0.01,100,1
2017-12-02,10000033,200,68.53,68.53,68.53,100,1
2017-12-02,10000033,202,285,285,285,422236,3
2017-12-02,10000033,203,650,650,650,191987,8
2017-12-02,10000033,204,230,230,230,25000,4
2017-12-02,10000033,205,650,650,650,155910,5
2017-12-02,10000033,206,36.68,36.68,36.68,2500,4
2017-12-02,10000033,207,45.99,5,48.99,18967,15
2017-12-02,10000033,208,59,55,62.5,19110,11
2017-12-02,10000033,209,31.25,30.01,50,272655,28
2017-12-02,10000033,210,14.99,14.99,14.99,25336,20
2017-12-02,10000033,211,10,10,10,17600,9
2017-12-02,10000033,212,8.97,8.97,8.97,29600,15
2017-12-02,10000033,213,9,9,9,6000,3
2017-12-02,10000033,215,3.11,3.11,3.11,104869,14
2017-12-02,10000033,216,2.45,2.45,2.45,1400,6
2017-12-02,10000033,217,9.72,9.72,9.72,18622,9
2017-12-02,10000033,218,2.14,2.14,2.14,1845,9
2017-12-02,10000033,219,1.65,1.65,1.65,400,4
2017-12-02,10000033,220,1.11,1.11,1.11,2130,9
2017-12-02,10000033,221,2.21,2.21,2.21,12600,16
2017-12-02,10000033,222,16,10.04,16,433625,30
2017-12-02,10000033,223,29.94,29.94,29.94,21000,2
2017-12-02,10000033,224,3.79,3.79,3.79,200,2
2017-12-02,10000033,225,40,40,40,4100,4
2017-12-02,10000033,226,44.44,44.44,44.44,10200,3
2017-12-02,10000033,227,10,10,10,2124,4
2017-12-02,10000033,228,5.01,5.01,5.01,1100,6
2017-12-02,10000033,229,6.58,6.58,6.58,400,4
2017-12-02,10000033,230,56.99,56.99,56.99,285617,10
2017-12-02,10000033,231,43.2,43.2,43.2,100,1
2017-12-02,10000033,232,5.01,5.01,5.01,200,2
2017-12-02,10000033,233,8.01,8.01,8.01,100,1
2017-12-02,10000033,235,10.25,10.25,10.25,300,3
2017-12-02,10000033,237,192.1,192.1,192.1,3000,1
2017-12-02,10000033,238,159.99,159.99,159.99,77352,3
2017-12-02,10000033,239,1,1,1,1,1
2017-12-02,10000033,241,23,23,23,1,1
2017-12-02,10000033,242,1,1,1,5,4
2017-12-02,10000033,243,1.25,1.25,1.25,2,2
2017-12-02,10000033,244,26.5,26.5,26.5,1,1
2017-12-02,10000033,245,1.21,1.21,1.21,2,2
2017-12-02,10000033,254,103.89,103.89,103.89,3,1
2017-12-02,10000033,255,10,10,10,3,2
2017-12-02,10000033,256,10,10,10,1,1
2017-12-02,10000033,258,34318.19,500.04,47000,11,4
2017-12-02,10000033,260,10,10,10,1,1
2017-12-02,10000033,261,10,10,10,2,2
2017-12-02,10000033,262,10,10,10,1,1
2017-12-02,10000033,266,4.97,4.97,4.97,3302,7
2017-12-02,10000033,267,139,139,139,10020,2
2017-12-02,10000033,377,14090.91,14000,15000,11,2
2017-12-02,10000033,380,912567.58,574999.99,1129999.49,7,5
2017-12-02,10000033,394,425000,425000,425000,1,1
2017-12-02,10000033,399,38375,38000,39500,4,2
2017-12-02,10000033,400,499999.02,499999.02,499999.02,1,1
2017-12-02,10000033,434,93428.6,80000,121500,7,7
2017-12-02,10000033,438,3347487.5,3195000,3499975,2,2
2017-12-02,10000033,439,50375,6500,65000,4,4
2017-12-02,10000033,440,2510000.03,125000.06,4895000,2,2
2017-12-02,10000033,442,42000,42000,42000,9,1
2017-12-02,10000033,444,20000,9999.99,25000,3,3
2017-12-02,10000033,447,75000,75000,75000,4,1
2017-12-02,10000033,448,1874333.41,1860000,2199000,9,8
2017-12-02,10000033,482,1206805.55,1147500,1500000,18,12
2017-12-02,10000033,483,13922.89,12000,19987.6,34,10
2017-12-02,10000033,485,31999.95,31999.95,31999.95,5,1
2017-12-02,10000033,499,16604.35,12000,65000,23,8
2017-12-02,10000033,501,42190.46,1000.12,62785.63,3,2
2017-12-02,10000033,519,1525000,1525000,1525000,1,1
2017-12-02,10000033,523,54000,30000,78000,2,2
2017-12-02,10000033,526,44418.22,509.3,55000,6,4
2017-12-02,10000033,527,1223000,1119000,1275000,3,2
2017-12-02,10000033,564,27000,27000,27000,3,1
2017-12-02,10000033,569,239999,239999,239999,5,1
2017-12-02,10000033,574,2020430.5,2020430.5,2020430.5,6,2
2017-12-02,10000033,577,45000,45000,45000,4,1
2017-12-02,10000033,578,70372.8,15409.02,90000,10,10
2017-12-02,10000033,582,188999,188999,188999,1,1
2017-12-02,10000033,583,441388.75,375555,450000,4,3
2017-12-02,10000033,584,390000,390000,390000,1,1
2017-12-02,10000033,585,82000,82000,82000,1,1
2017-12-02,10000033,586,395000,395000,395000,1,1
2017-12-02,10000033,587,500000,500000,500000,1,1
2017-12-02,10000033,588,142.14,142.14,142.14,1,1
2017-12-02,10000033,592,225000,200000,350000,4,4
2017-12-02,10000033,593,336666.67,140000,425000,6,6
2017-12-02,10000033,594,475000,475000,475000,1,1
2017-12-02,10000033,597,346000,345000,347000,2,2
2017-12-02,10000033,598,700000,700000,700000,1,1
2017-12-02,10000033,601,3719.27,101.33,20000,11,11
2017-12-02,10000033,602,296000,290000,300000,5,4
2017-12-02,10000033,603,227333.34,151000.01,395000,9,9
2017-12-02,10000033,605,446832.11,400000,499999,9,9
2017-12-02,10000033,606,19711.57,173.13,75000,4,4
2017-12-02,10000033,607,558666.67,538000,600000,3,3
2017-12-02,10000033,608,232500.01,115000.01,350000.01,2,2
2017-12-02,10000033,621,9859998,9500000,9999995,5,5
2017-12-02,10000033,623,9362249.98,4500000,10975000,4,4
2017-12-02,10000033,624,11499999,11499999,11499999,1,1
2017-12-02,10000033,626,10258333.27,9887500,10999999.81,3,3
2017-12-02,10000033,638,151500001.13,145000002.26,158000000,2,2
2017-12-02,10000033,648,700000.5,500001,900000,4,4
2017-12-02,10000033,649,1750000,1500000,1999999.99,2,2
2017-12-02,10000033,652,3100000,3100000,3100000,1,1
2017-12-02,10000033,653,260000.15,260000.15,260000.15,1,1
2017-12-02,10000033,656,1651666.4,1577499.6,1800000,3,3
2017-12-02,10000033,657,1851448.74,1747897.5,1954999.98,4,4
2017-12-02,10000033,672,21952.54,9001,27500,35,30
2017-12-02,10000033,683,2550000,2550000,2550000,1,1
2017-12-02,10000033,684,2150000,2150000,2150000,4,4
2017-12-02,10000033,685,2350000,2350000,2350000,1,1
2017-12-02,10000033,687,82500000,82500000,82500000,2,2
2017-12-02,10000033,785,92720,92720,92720,3,2
2017-12-02,10000033,803,5000000,5000000,5000000,1,1
2017-12-02,10000033,804,3000000,3000000,3000000,1,1
2017-12-02,10000033,805,4000000,4000000,4000000,1,1
2017-12-02,10000033,806,2500000,2500000,2500000,1,1
2017-12-02,10000033,807,700000,700000,700000,2,1
2017-12-02,10000033,808,900000,900000,900000,6,3
2017-12-02,10000033,809,800000,800000,800000,5,2
2017-12-02,10000033,810,750000,750000,750000,1,1
2017-12-02,10000033,811,150000,150000,150000,2,2
2017-12-02,10000033,812,160000,160000,160000,1,1
2017-12-02,10000033,813,180000,180000,180000,1,1
2017-12-02,10000033,814,140000,140000,140000,4,3
2017-12-02,10000033,949,2850000,2850000,2850000,2,2
2017-12-02,10000033,950,2850000,2850000,2850000,2,2
2017-12-02,10000033,952,2750000,2750000,2750000,2,2
2017-12-02,10000033,967,50000,50000,50000,1,1
2017-12-02,10000033,1026,87360,87360,87360,2,1
2017-12-02,10000033,1076,20000,20000,20000,1,1
2017-12-02,10000033,1079,394240,394240,394240,1,1
2017-12-02,10000033,1102,224880,224880,224880,2,1
2017-12-02,10000033,1115,120000,120000,120000,1,1
2017-12-02,10000033,1121,1500000,1500000,1500000,1,1
2017-12-02,10000033,1130,20000,20000,20000,1,1
2017-12-02,10000033,1132,40000,40000,40000,1,1
2017-12-02,10000033,1135,70000,70000,70000,1,1
2017-12-02,10000033,1136,80000,80000,80000,2,2
2017-12-02,10000033,1137,100000,100000,100000,1,1
2017-12-02,10000033,1143,275000,275000,275000,1,1
2017-12-02,10000033,1182,47500,45000,50000,2,2
2017-12-02,10000033,1183,553166.17,182000.02,637499.5,6,6
2017-12-02,10000033,1185,18201.33,16000,19302,3,2
2017-12-02,10000033,1195,70000,70000,70000,1,1
2017-12-02,10000033,1201,60518,26903.01,65000,17,3
2017-12-02,10000033,1214,5000000,5000000,5000000,1,1
2017-12-02,10000033,1221,9000000,9000000,9000000,1,1
2017-12-02,10000033,1224,46.89,46.89,46.89,2566358,51
2017-12-02,10000033,1226,350,350,350,24068,4
2017-12-02,10000033,1227,250,193.99,332,88272,14
2017-12-02,10000033,1228,17.93,17.92,17.94,2847548,30
2017-12-02,10000033,1229,0.01,0.01,0.01,1060,2
2017-12-02,10000033,1230,12.12,12.12,12.12,9938361,49
2017-12-02,10000033,1231,531.12,531.12,531.12,45,1
2017-12-02,10000033,1236,523398.01,120000,799995,5,4
2017-12-02,10000033,1244,1.25,1.25,1.25,1,1
2017-12-02,10000033,1247,41600,41600,41600,1,1
2017-12-02,10000033,1248,969989,969989,969989,4,1
2017-12-02,10000033,1266,489999,489999,489999,1,1
2017-12-02,10000033,1306,987270,987270,987270,1,1
2017-12-02,10000033,1317,5407.53,1545,7499,19,16
2017-12-02,10000033,1319,809547.52,750000,1174897,42,14
2017-12-02,10000033,1333,92000,92000,92000,3,1
2017-12-02,10000033,1335,395000,395000,395000,1,1
2017-12-02,10000033,1353,40000,40000,40000,1,1
2017-12-02,10000033,1403,24582.57,24500.92,25072.48,7,5
2017-12-02,10000033,1404,54380,54380,54380,1,1
2017-12-02,10000033,1405,1092124.37,897499.5,1198998.98,8,4
2017-12-02,10000033,1422,1127399.28,795000,1250598.65,7,5
2017-12-02,10000033,1446,97440,97440,97440,1,1
2017-12-02,10000033,1447,419000.16,419000.16,419000.16,1,1
2017-12-02,10000033,1539,15000,15000,15000,1,1
2017-12-02,10000033,1541,1341850,1175000,1999999.99,10,6
2017-12-02,10000033,1808,49999.99,49999.99,49999.99,1,1
2017-12-02,10000033,1810,24.48,24.48,24.48,1000,1
2017-12-02,10000033,1814,6.49,6.49,6.49,1500,2
2017-12-02,10000033,1818,65.21,65.21,65.21,9000,1
2017-12-02,10000033,1824,9,9,9,100,1
2017-12-02,10000033,1828,399.47,399.47,399.48,6100,3
2017-12-02,10000033,1830,60,60,60,100,1
2017-12-02,10000033,1832,324.98,324.98,324.98,3022,2
2017-12-02,10000033,1877,1841120.26,1480006.33,2400000,14,3
2017-12-02,10000033,1944,1999999.95,1999999.95,1999999.95,1,1
2017-12-02,10000033,1952,1386328.7,296000.27,1491998.9,6,6
2017-12-02,10000033,1957,38500,38500,38500,1,1
2017-12-02,10000033,1964,1499000.01,1499000.01,1499000.01,4,1
2017-12-02,10000033,1977,20000,20000,20000,1,1
2017-12-02,10000033,1987,1295000,1295000,1295000,1,1
2017-12-02,10000033,1998,49999.98,49999.98,49999.98,1,1
2017-12-02,10000033,1999,1064964.8,260000.22,1299999.99,4,3
2017-12-02,10000033,2006,11750000,11750000,11750000,1,1
2017-12-02,10000033,2019,250000,250000,250000,1,1
2017-12-02,10000033,2024,1397695,1397695,1397695,1,1
2017-12-02,10000033,2032,557023.02,500000,644580.58,7,5
2017-12-02,10000033,2046,12228.43,10000,29827.46,8,8
2017-12-02,10000033,2047,50000,50000,50000,1,1
2017-12-02,10000033,2048,697527.17,588932.36,799975.57,18,18
2017-12-02,10000033,2173,30418.62,4245,34999,47,6
2017-12-02,10000033,2175,1193180.91,650001.25,1247498.88,11,2
2017-12-02,10000033,2183,32999,25000,32999,146,18
2017-12-02,10000033,2185,1090615.76,999999,1299998.34,70,20
2017-12-02,10000033,2193,27101.02,27101.02,27101.02,4,3
2017-12-02,10000033,2195,2000000.91,2000000.91,2000000.91,1,1
2017-12-02,10000033,2203,1933.08,1048.63,2250,31,12
2017-12-02,10000033,2205,480896.5,449990,494000,30,7
2017-12-02,10000033,2254,81000,81000,81000,6,2
2017-12-02,10000033,2267,1.43,1.43,1.43,671329,1
2017-12-02,10000033,2281,3699799,3499999,3999999,5,4
2017-12-02,10000033,2288,0.73,0.73,0.73,579270,1
2017-12-02,10000033,2291,119000,119000,119000,1,1
2017-12-02,10000033,2293,139999,139999,139999,1,1
2017-12-02,10000033,2299,1579832.89,150003.67,2294747.5,3,3
2017-12-02,10000033,2301,2549999.33,2499999.65,2599999,2,2
2017-12-02,10000033,2303,1984497.83,1969995,1999000.65,4,4
2017-12-02,10000033,2329,8000.2,8000.2,8000.2,115,1
2017-12-02,10000033,2333,1647493.33,1044987.67,2249998.98,2,2
2017-12-02,10000033,2346,156.13,156.13,156.13,3,1
2017-12-02,10000033,2348,120000,120000,120000,60,1
2017-12-02,10000033,2349,45247,45247,45247,1,1
2017-12-02,10000033,2361,42500,42500,42500,1,1
2017-12-02,10000033,2364,1394998.98,1394998.98,1394998.98,3,1
2017-12-02,10000033,2393,320,320,320,10540,1
2017-12-02,10000033,2399,650.02,650.02,650.02,58180,2
2017-12-02,10000033,2400,449,449,449,10000,1
2017-12-02,10000033,2403,7500000,7500000,7500000,4,4
2017-12-02,10000033,2404,1255500,1255500,1255500,3,2
2017-12-02,10000033,2406,1000000,1000000,1000000,7,6
2017-12-02,10000033,2410,2565679.12,2499957.71,2999999.99,16,5
2017-12-02,10000033,2420,5295000,5295000,5295000,3,1
2017-12-02,10000033,2436,2250000,2250000,2250000,6,2
2017-12-02,10000033,2444,58750,40000,70000,8,2
2017-12-02,10000033,2445,7000000,7000000,7000000,1,1
2017-12-02,10000033,2446,2074583.49,1950000,2099999.99,12,6
2017-12-02,10000033,2454,3800,3649.99,4975,386,55
2017-12-02,10000033,2455,1000000,1000000,1000000,1,1
2017-12-02,10000033,2456,494000,425691.2,494000,285,38
2017-12-02,10000033,2464,3496.21,3109.99,5000,95,17
2017-12-02,10000033,2466,493529.24,489995,494000,65,10
2017-12-02,10000033,2476,56022.34,49900,70000,9,3
2017-12-02,10000033,2477,4000000,4000000,4000000,1,1
2017-12-02,10000033,2478,2189996.71,2189996.71,2189996.71,5,1
2017-12-02,10000033,2486,970.1,970.1,970.1,130,15
2017-12-02,10000033,2488,496153.51,494000,509701.79,60,10
2017-12-02,10000033,2495,500000,500000,500000,4,3
2017-12-02,10000033,2505,500000,500000,500000,4,3
2017-12-02,10000033,2506,20,20,20,100,1
2017-12-02,10000033,2507,7000000,7000000,7000000,1,1
2017-12-02,10000033,2509,10000000,10000000,10000000,1,1
2017-12-02,10000033,2511,8000000,8000000,8000000,1,1
2017-12-02,10000033,2512,0.16,0.16,0.16,23922,4
2017-12-02,10000033,2514,1,1,1,700,6
2017-12-02,10000033,2516,1,1,1,400,4
2017-12-02,10000033,2524,81000,81000,81000,35,9
2017-12-02,10000033,2525,81000,81000,81000,6,3
2017-12-02,10000033,2533,81000,81000,81000,6,2
2017-12-02,10000033,2534,81000,81000,81000,34,6
2017-12-02,10000033,2537,55000,55000,55000,1,1
2017-12-02,10000033,2545,53500,32000,75000,2,2
2017-12-02,10000033,2549,81000,81000,81000,25,5
2017-12-02,10000033,2550,81000,81000,81000,3,3
2017-12-02,10000033,2553,1195000,1195000,1195000,1,1
2017-12-02,10000033,2605,423228.37,395000,480000.1,35,14
2017-12-02,10000033,2621,767.99,767.99,767.99,53500,5
2017-12-02,10000033,2629,450,450,450,43334,6
2017-12-02,10000033,2679,175,175,175,2000,2
2017-12-02,10000033,2736,50000000,50000000,50000000,1,1
2017-12-02,10000033,2739,50000000,50000000,50000000,1,1
2017-12-02,10000033,2811,1200,1200,1200,9000,2
2017-12-02,10000033,2817,99.94,99.94,99.94,10000,1
2017-12-02,10000033,2889,695000,695000,695000,2,1
2017-12-02,10000033,2905,699998.98,699998.98,699998.98,1,1
2017-12-02,10000033,2937,220508,220508,220508,1,1
2017-12-02,10000033,2998,59716668.33,54700002.49,69750000,3,3
2017-12-02,10000033,3074,949000,949000,949000,4,1
2017-12-02,10000033,3082,2695000,2695000,2695000,3,1
2017-12-02,10000033,3146,2494999.99,2494999.99,2494999.99,5,1
2017-12-02,10000033,3242,39999.99,39999.99,39999.99,2,2
2017-12-02,10000033,3244,272627259.59,1500204.27,1900000000.03,7,5
2017-12-02,10000033,3256,10296398.27,8089198.58,11399998.12,3,3
2017-12-02,10000033,3297,8456.52,8445,8617.84,15,3
2017-12-02,10000033,3301,20000,20000,20000,2,2
2017-12-02,10000033,3302,20000,20000,20000,6,6
2017-12-02,10000033,3303,20000,20000,20000,6,4
2017-12-02,10000033,3304,100000,100000,100000,6,6
2017-12-02,10000033,3305,100000,100000,100000,2,2
2017-12-02,10000033,3306,83750,35000,100000,4,3
2017-12-02,10000033,3307,2000000,2000000,2000000,3,3
2017-12-02,10000033,3308,2000000,2000000,2000000,2,2
2017-12-02,10000033,3309,2000000,2000000,2000000,2,2
2017-12-02,10000033,3310,40000,40000,40000,2,2
2017-12-02,10000033,3311,80000,80000,80000,2,2
2017-12-02,10000033,3312,60000,60000,60000,2,2
2017-12-02,10000033,3315,1000000,1000000,1000000,1,1
2017-12-02,10000033,3316,70000,70000,70000,1,1
2017-12-02,10000033,3317,100000,100000,100000,2,2
2017-12-02,10000033,3318,80000,80000,80000,1,1
2017-12-02,10000033,3319,11000,2000,20000,2,2
2017-12-02,10000033,3320,10000,10000,10000,7,7
2017-12-02,10000033,3321,20000,20000,20000,5,5
2017-12-02,10000033,3322,25000,25000,25000,4,4
2017-12-02,10000033,3323,30000,30000,30000,6,6
2017-12-02,10000033,3324,100000,100000,100000,11,11
2017-12-02,10000033,3325,400000,400000,400000,5,5
2017-12-02,10000033,3326,350000,350000,350000,4,4
2017-12-02,10000033,3328,40000,40000,40000,3,3
2017-12-02,10000033,3329,40000,40000,40000,3,3
2017-12-02,10000033,3330,40000,40000,40000,5,5
2017-12-02,10000033,3331,40000,40000,40000,14,5
2017-12-02,10000033,3332,500000,500000,500000,2,2
2017-12-02,10000033,3333,500000,500000,500000,3,3
2017-12-02,10000033,3334,498461.54,480000,500000,13,13
2017-12-02,10000033,3335,500000,500000,500000,13,4
2017-12-02,10000033,3336,4000000,4000000,4000000,4,4
2017-12-02,10000033,3338,4000000,4000000,4000000,4,4
2017-12-02,10000033,3339,4000000,4000000,4000000,5,4
2017-12-02,10000033,3340,300000,300000,300000,10,3
2017-12-02,10000033,3342,300000,300000,300000,1,1
2017-12-02,10000033,3343,300000,300000,300000,2,2
2017-12-02,10000033,3348,20000,20000,20000,10,10
2017-12-02,10000033,3349,75000,75000,75000,4,4
2017-12-02,10000033,3350,100000,100000,100000,5,5
2017-12-02,10000033,3351,400000,400000,400000,2,2
2017-12-02,10000033,3352,400000,400000,400000,3,3
2017-12-02,10000033,3354,2500000,2500000,2500000,3,3
2017-12-02,10000033,3355,20000,20000,20000,7,7
2017-12-02,10000033,3356,60000,60000,60000,7,7
2017-12-02,10000033,3357,180000,180000,180000,5,5
2017-12-02,10000033,3358,100000,100000,100000,1,1
2017-12-02,10000033,3359,200000,200000,200000,10,10
2017-12-02,10000033,3361,200000,200000,200000,3,3
2017-12-02,10000033,3363,20000,20000,20000,8,8
2017-12-02,10000033,3368,40000,40000,40000,1,1
2017-12-02,10000033,3373,1000000,1000000,1000000,1,1
2017-12-02,10000033,3385,50000,50000,50000,5,5
2017-12-02,10000033,3387,150000,150000,150000,2,2
2017-12-02,10000033,3388,250000,250000,250000,3,3
2017-12-02,10000033,3389,280000,280000,280000,3,3
2017-12-02,10000033,3393,30000,30000,30000,5,5
2017-12-02,10000033,3395,80000,80000,80000,3,3
2017-12-02,10000033,3396,2000000,2000000,2000000,1,1
2017-12-02,10000033,3397,1000000,1000000,1000000,1,1
2017-12-02,10000033,3400,100000000,100000000,100000000,1,1
2017-12-02,10000033,3403,300000,300000,300000,2,2
2017-12-02,10000033,3405,25000,25000,25000,3,3
2017-12-02,10000033,3406,300000,300000,300000,2,2
2017-12-02,10000033,3409,350000,350000,350000,1,1
2017-12-02,10000033,3410,450000,450000,450000,3,3
2017-12-02,10000033,3416,35000,35000,35000,2,2
2017-12-02,10000033,3417,40000,40000,40000,2,2
2017-12-02,10000033,3418,170000,170000,170000,3,3
2017-12-02,10000033,3419,170000,170000,170000,1,1
2017-12-02,10000033,3420,210000,210000,210000,1,1
2017-12-02,10000033,3421,130000,130000,130000,6,6
2017-12-02,10000033,3422,80000,80000,80000,5,5
2017-12-02,10000033,3423,75000,75000,75000,8,8
2017-12-02,10000033,3426,20000,20000,20000,1,1
2017-12-02,10000033,3427,120000,120000,120000,5,4
2017-12-02,10000033,3428,88000,88000,88000,5,4
2017-12-02,10000033,3429,100000,100000,100000,2,2
2017-12-02,10000033,3430,500000,500000,500000,4,4
2017-12-02,10000033,3431,75000,75000,75000,2,2
2017-12-02,10000033,3432,100000,100000,100000,1,1
2017-12-02,10000033,3433,100000,100000,100000,6,6
2017-12-02,10000033,3434,80000,80000,80000,8,8
2017-12-02,10000033,3435,150000,150000,150000,1,1
2017-12-02,10000033,3436,20000,20000,20000,3,3
2017-12-02,10000033,3437,40000,40000,40000,1,1
2017-12-02,10000033,3438,40000,40000,40000,2,2
2017-12-02,10000033,3439,200000,200000,200000,43,4
2017-12-02,10000033,3440,220000,220000,220000,32,3
2017-12-02,10000033,3441,380000,380000,380000,6,6
2017-12-02,10000033,3442,500000,500000,500000,6,6
2017-12-02,10000033,3443,20000,20000,20000,1,1
2017-12-02,10000033,3444,100000,100000,100000,5,5
2017-12-02,10000033,3446,100000,100000,100000,13,13
2017-12-02,10000033,3447,7500000,7500000,7500000,3,3
2017-12-02,10000033,3450,22500,22500,22500,1,1
2017-12-02,10000033,3451,30000,30000,30000,6,6
2017-12-02,10000033,3452,40000,40000,40000,6,6
2017-12-02,10000033,3453,25000,25000,25000,3,3
2017-12-02,10000033,3454,300000,300000,300000,1,1
2017-12-02,10000033,3455,30000,30000,30000,3,3
2017-12-02,10000033,3456,10000000,10000000,10000000,3,3
2017-12-02,10000033,3467,99999.99,99999.99,99999.99,5,1
2017-12-02,10000033,3488,999999.02,999999.02,999999.02,1,1
2017-12-02,10000033,3520,3999999,3999999,3999999,1,1
2017-12-02,10000033,3528,98037,98000,98111,3,3
2017-12-02,10000033,3530,1472498.94,1449999,1494998.88,2,2
2017-12-02,10000033,3578,1750499.54,1001000.02,2499999.06,6,2
2017-12-02,10000033,3645,107.16,51.65,440.21,70,6
2017-12-02,10000033,3647,239.05,230.55,285.73,391977,24
2017-12-02,10000033,3683,340,340,340,28925,3
2017-12-02,10000033,3685,550,550,550,1041194,33
2017-12-02,10000033,3687,780,709.4,892.22,114033,16
2017-12-02,10000033,3689,8021.01,8021.01,8021.01,21,2
2017-12-02,10000033,3699,50.4,45.02,58.83,173140,3
2017-12-02,10000033,3703,100.01,100.01,100.01,120,1
2017-12-02,10000033,3705,100.01,100.01,100.01,150,1
2017-12-02,10000033,3707,100.01,100.01,100.01,130,1
2017-12-02,10000033,3709,100.01,100.01,100.01,140,1
2017-12-02,10000033,3711,100.01,100.01,100.01,80,1
2017-12-02,10000033,3713,2000.02,2000.02,2000.02,30,1
2017-12-02,10000033,3715,115.06,115.06,115.06,22590,2
2017-12-02,10000033,3717,6,6,6,15,1
2017-12-02,10000033,3719,250,250,250,10,1
2017-12-02,10000033,3721,150,150,150,110,2
2017-12-02,10000033,3729,100,100,100,100,1
2017-12-02,10000033,3731,400000,400000,400000,1,1
2017-12-02,10000033,3756,63103090,61606180,64600000,2,2
2017-12-02,10000033,3773,664.06,622.75,664.12,720808,11
2017-12-02,10000033,3777,2538.69,2538.03,2551.88,527620,9
2017-12-02,10000033,3810,201,201,201,10,1
2017-12-02,10000033,3812,141,141,170.5,21043,5
2017-12-02,10000033,3814,1.01,1.01,1.01,10,1
2017-12-02,10000033,3818,100.01,100.01,100.01,40,1
2017-12-02,10000033,3820,100.01,100.01,100.01,50,2
2017-12-02,10000033,3822,100.01,100.01,100.01,100,1
2017-12-02,10000033,3824,100.01,100.01,100.01,100,1
2017-12-02,10000033,3826,100.01,100.01,100.01,120,1
2017-12-02,10000033,3828,8602.01,8602.01,8602.01,3,1
2017-12-02,10000033,3829,56759.99,53000,58900,5,3
2017-12-02,10000033,3831,956111.13,943000.03,1095000,9,5
2017-12-02,10000033,3839,75000,75000,75000,1,1
2017-12-02,10000033,3841,1553666.62,1395000,1799999,41,11
2017-12-02,10000033,3888,1389611.89,1046997.5,1574838.16,6,5
2017-12-02,10000033,3895,20000000.5,20000000.5,20000000.5,1,1
2017-12-02,10000033,4025,37200.38,12000.94,75000,5,5
2017-12-02,10000033,4027,75640.42,18100,162000,5,4
2017-12-02,10000033,4051,24548.39,24548.39,24548.39,16620,2
2017-12-02,10000033,4250,2439999,2439999,2439999,3,2
2017-12-02,10000033,4258,3998998.98,3998998.98,3998998.98,1,1
2017-12-02,10000033,4260,2199998.98,2199998.98,2199998.98,1,1
2017-12-02,10000033,4308,75799999.99,75799999.99,75799999.99,1,1
2017-12-02,10000033,4349,337000000,337000000,337000000,1,1
2017-12-02,10000033,4383,2994998.99,2994998.99,2994998.99,1,1
2017-12-02,10000033,4385,4500000,4500000,4500000,4,4
2017-12-02,10000033,4391,393333.01,390000,399999.02,6,2
2017-12-02,10000033,4393,75328.97,75328.97,75328.97,1,1
2017-12-02,10000033,4395,1050000,800000,1300000,2,2
2017-12-02,10000033,4403,489500.54,489500.54,489500.54,1,1
2017-12-02,10000033,4405,1868029.4,1400000,2511195,12,9
2017-12-02,10000033,4411,600000,600000,600000,2,2
2017-12-02,10000033,4435,8847.01,129.34,35000,4,4
2017-12-02,10000033,4471,1505.13,1505.12,1505.13,8,4
2017-12-02,10000033,4477,6500,6500,6500,3,3
2017-12-02,10000033,4529,121.53,121,122.06,2,2
2017-12-02,10000033,4531,47012.74,40311.21,50363.51,3,3
2017-12-02,10000033,4533,246668.33,5,370000,3,3
2017-12-02,10000033,4535,102.03,102.03,102.03,1,1
2017-12-02,10000033,4569,121.5,121,122,4,4
2017-12-02,10000033,4573,106,106,106,1,1
2017-12-02,10000033,4609,5,5,5,2,2
2017-12-02,10000033,4615,5,5,5,1,1
2017-12-02,10000033,4787,301.01,301,301.01,9,8
2017-12-02,10000033,4829,5,5,5,1,1
2017-12-02,10000033,4831,109.02,109.02,109.02,3,3
2017-12-02,10000033,4833,499999.02,499999.02,499999.02,2,1
2017-12-02,10000033,5007,100.1,100.1,100.1,3,3
2017-12-02,10000033,5009,313.11,313.1,313.11,13,7
2017-12-02,10000033,5011,319999.99,319999.99,319999.99,1,1
2017-12-02,10000033,5013,303,303,303.01,7,5
2017-12-02,10000033,5047,116,116,116,1,1
2017-12-02,10000033,5049,27000,27000,27000,3,3
2017-12-02,10000033,5053,30000.07,30000.07,30000.07,2,2
2017-12-02,10000033,5087,1000,1000,1000,1,1
2017-12-02,10000033,5089,333.02,120.08,592.9,12,10
2017-12-02,10000033,5093,2222.23,2222.22,2222.23,19,10
2017-12-02,10000033,5137,1457.88,103.03,8600,8,6
2017-12-02,10000033,5141,750.34,750.01,751,6,5
2017-12-02,10000033,5175,101.16,101.16,101.16,1,1
2017-12-02,10000033,5177,0.01,0.01,0.01,1,1
2017-12-02,10000033,5181,120.1,120.1,120.1,2,1
2017-12-02,10000033,5217,500,500,500,1,1
2017-12-02,10000033,5239,26107.65,10800,46999.83,13,11
2017-12-02,10000033,5245,11666.67,0.01,35000,6,3
2017-12-02,10000033,5279,21190.15,237.72,104999.88,5,5
2017-12-02,10000033,5281,408.99,120.04,708.59,5,5
2017-12-02,10000033,5282,255.64,157.48,601.5,4,4
2017-12-02,10000033,5299,409,409,409,1,1
2017-12-02,10000033,5301,1507.41,1501.04,1509,5,5
2017-12-02,10000033,5302,34667.03,15000,199999.02,8,5
2017-12-02,10000033,5320,1552.13,1552.13,1552.13,3,3
2017-12-02,10000033,5321,1250,1250,1250,7,5
2017-12-02,10000033,5322,1526.69,120,2230.03,3,3
2017-12-02,10000033,5339,355.34,354.17,360,5,3
2017-12-02,10000033,5361,3886.67,1660,5000,15,6
2017-12-02,10000033,5363,151.06,151.05,151.06,4,4
2017-12-02,10000033,5399,26300.3,668,50000,10,6
2017-12-02,10000033,5403,322250.04,150000,690000.17,4,4
2017-12-02,10000033,5405,3101.02,3101.02,3101.02,8,7
2017-12-02,10000033,5439,14257.25,262.12,69999.99,5,5
2017-12-02,10000033,5443,13013.01,13013.01,13013.01,1,1
2017-12-02,10000033,5445,42502.35,6505.22,149998.95,4,4
2017-12-02,10000033,5493,334329.43,102,460000,7,3
2017-12-02,10000033,5533,370000,370000,370000,3,2
2017-12-02,10000033,5599,2000.05,2000.05,2000.05,1,1
2017-12-02,10000033,5631,82339.44,32009.17,183000,3,3
2017-12-02,10000033,5697,80000,80000,80000,2,1
2017-12-02,10000033,5721,150000,150000,150000,1,1
2017-12-02,10000033,5745,155.68,120.13,297.92,5,5
2017-12-02,10000033,5747,202.21,202.2,202.21,2,2
2017-12-02,10000033,5755,500.01,500.01,500.01,1,1
2017-12-02,10000033,5757,500.01,500,500.01,4,3
2017-12-02,10000033,5839,1749999.5,1499999,2000000,2,2
2017-12-02,10000033,5849,315.31,315.31,315.31,1,1
2017-12-02,10000033,5869,0.99,0.99,0.99,1,1
2017-12-02,10000033,5871,1.02,1.02,1.02,3,2
2017-12-02,10000033,5933,79995,79995,79995,1,1
2017-12-02,10000033,5945,320002.01,320002,320002.02,10,9
2017-12-02,10000033,5955,54251.25,51001,64002,4,4
2017-12-02,10000033,5971,12568.78,5100.02,25000,16,12
2017-12-02,10000033,5973,180677.87,151010.05,472222,35,20
2017-12-02,10000033,5975,60862,3599.99,290000,5,4
2017-12-02,10000033,6001,31318.6,7500,34980,25,16
2017-12-02,10000033,6003,41165.58,791.05,250000,7,6
2017-12-02,10000033,6005,7510.85,3000.99,8599,7,7
2017-12-02,10000033,6073,60022.97,115.03,74999.95,5,2
2017-12-02,10000033,6131,1793.33,151.99,10000,6,5
2017-12-02,10000033,6159,359.01,359.01,359.01,2,2
2017-12-02,10000033,6160,19003.3,1394.02,60000,14,11
2017-12-02,10000033,6173,1000.01,1000.01,1000.01,1,1
2017-12-02,10000033,6176,300.01,300.01,300.01,3,2
2017-12-02,10000033,6296,6731.2,129.06,15000,6,5
2017-12-02,10000033,6325,49995,49995,49995,2,2
2017-12-02,10000033,6437,59500,59500,59500,2,2
2017-12-02,10000033,6439,121.67,121.09,122.04,5,4
2017-12-02,10000033,6441,106,106,106,2,2
2017-12-02,10000033,6443,14596.67,1905.5,39979,3,3
2017-12-02,10000033,6485,16763.35,200,75000,15,11
2017-12-02,10000033,6527,69.2,69,69.71,14,10
2017-12-02,10000033,6569,13010.26,103.05,51731.9,4,4
2017-12-02,10000033,6631,1750,1750,1750,2,1
2017-12-02,10000033,6637,0.01,0.01,0.01,2,2
2017-12-02,10000033,6671,110.13,110.12,110.14,2,2
2017-12-02,10000033,6673,120.1,120.1,120.1,1,1
2017-12-02,10000033,6675,740000,480000,1000000,2,2
2017-12-02,10000033,6999,10000,10000,10000,1,1
2017-12-02,10000033,7001,120,120,120,2,1
2017-12-02,10000033,7005,20000,20000,20000,1,1
2017-12-02,10000033,7043,20214.66,20214.66,20214.66,6,5
2017-12-02,10000033,7045,25500.66,25500.66,25500.66,2,2
2017-12-02,10000033,7047,88000.47,88000.47,88000.47,2,2
2017-12-02,10000033,7049,91002.19,91002.19,91002.19,1,1
2017-12-02,10000033,7085,135005.15,135005.15,135005.15,1,1
2017-12-02,10000033,7087,96002.36,96002.36,96002.36,3,3
2017-12-02,10000033,7123,204001,204001,204001,3,3
2017-12-02,10000033,7125,150000,150000,150000,6,5
2017-12-02,10000033,7127,100000,100000,100000,1,1
2017-12-02,10000033,7131,154000.33,154000,154001,3,3
2017-12-02,10000033,7167,308000,308000,308000,1,1
2017-12-02,10000033,7171,250000,250000,250000,2,2
2017-12-02,10000033,7173,177000.09,177000.09,177000.09,1,1
2017-12-02,10000033,7249,39780,120.01,53000,4,2
2017-12-02,10000033,7251,120.06,120.06,120.06,2,2
2017-12-02,10000033,7287,410657.02,131000.03,687999.99,18,12
2017-12-02,10000033,7289,28540.99,28540.99,28540.99,1,1
2017-12-02,10000033,7291,78029.64,104.11,129980,5,3
2017-12-02,10000033,7293,140631.95,111.14,150000,16,4
2017-12-02,10000033,7327,590000,590000,590000,1,1
2017-12-02,10000033,7329,111.1,111.1,111.1,2,2
2017-12-02,10000033,7367,1112500.08,800000.21,1300000,8,4
2017-12-02,10000033,7369,10000,10000,10000,1,1
2017-12-02,10000033,7371,179375,20000,275000,8,4
2017-12-02,10000033,7373,59333.33,28000,75000,3,2
2017-12-02,10000033,7411,520,520,520,1,1
2017-12-02,10000033,7449,102000,102000,102000,2,2
2017-12-02,10000033,7451,150000,150000,150000,1,1
2017-12-02,10000033,7453,155000,155000,155000,1,1
2017-12-02,10000033,7491,101.03,101,101.05,2,2
2017-12-02,10000033,7537,159997.88,159997.88,159997.88,24,2
2017-12-02,10000033,7539,1023.33,1023.33,1023.33,3,2
2017-12-02,10000033,7541,216750.06,0.01,289000.08,4,2
2017-12-02,10000033,7583,52095.98,52095.98,52095.98,1,1
2017-12-02,10000033,7749,125004.19,125004.19,125004.19,3,3
2017-12-02,10000033,7785,253001,253001,253001.01,4,4
2017-12-02,10000033,7831,115000,115000,115000,3,3
2017-12-02,10000033,7997,540000.1,540000.1,540000.1,5,2
2017-12-02,10000033,8007,10113.33,10113.33,10113.33,4,2
2017-12-02,10000033,8027,280100,280100,280100,6,6
2017-12-02,10000033,8089,176000.12,175001.24,176999,6,5
2017-12-02,10000033,8091,26871.05,2138.34,200000,8,8
2017-12-02,10000033,8101,62700,62700,62700,5,1
2017-12-02,10000033,8103,202,202,202,5,4
2017-12-02,10000033,8105,1778571.55,1000000.41,2090000,7,3
2017-12-02,10000033,8117,118535.43,77000,138285.2,16,5
2017-12-02,10000033,8133,115.64,115.64,115.64,1,1
2017-12-02,10000033,8135,94390.94,94390.94,94390.94,1,1
2017-12-02,10000033,8177,202.01,202.01,202.01,1,1
2017-12-02,10000033,8263,126.06,126.06,126.06,3,2
2017-12-02,10000033,8297,372.46,115.4,500.99,3,3
2017-12-02,10000033,8335,55364.09,1509.99,189999.33,7,6
2017-12-02,10000033,8337,16836.36,509.09,25000,3,2
2017-12-02,10000033,8419,95000,95000,95000,1,1
2017-12-02,10000033,8427,138666.7,16000.09,200000,3,3
2017-12-02,10000033,8433,355293.26,260000.01,460000,16,10
2017-12-02,10000033,8517,3204500.46,2410000.92,3999000,4,4
2017-12-02,10000033,8521,145000.03,45000.09,195000,3,2
2017-12-02,10000033,8529,93351.49,57454.55,98399.95,12,7
2017-12-02,10000033,8535,1560.5,121,3000,2,2
2017-12-02,10000033,8537,7750,5000,16000,8,7
2017-12-02,10000033,8579,121.02,121.02,121.02,2,2
2017-12-02,10000033,8585,7084.02,7084.02,7084.02,1,1
2017-12-02,10000033,8635,47500,45000,50000,2,2
2017-12-02,10000033,8639,51005.19,51005.19,51005.19,1,1
2017-12-02,10000033,8641,501,501,501,2,2
2017-12-02,10000033,8748,140125.17,40000,250000,6,5
2017-12-02,10000033,8759,33011.3,33011.3,33011.3,1,1
2017-12-02,10000033,8817,15988,1976,30000,6,2
2017-12-02,10000033,9071,1420000.1,1420000.1,1420000.1,2,1
2017-12-02,10000033,9127,519999.01,519999.01,519999.01,1,1
2017-12-02,10000033,9137,47370,44740,50000,2,2
2017-12-02,10000033,9207,30358.57,30358.57,30358.57,1,1
2017-12-02,10000033,9287,61000,61000,61000,1,1
2017-12-02,10000033,9367,471079.86,461097,1100000,64,2
2017-12-02,10000033,9491,1600002,1600002,1600002,1,1
2017-12-02,10000033,9495,150000,150000,150000,2,2
2017-12-02,10000033,9497,45000,45000,45000,1,1
2017-12-02,10000033,9521,1268.01,1268,1268.01,4,4
2017-12-02,10000033,9556,107.01,107.01,107.01,2,1
2017-12-02,10000033,9568,500,500,500,1,1
2017-12-02,10000033,9580,70000,70000,70000,1,1
2017-12-02,10000033,9608,2614.99,2614.99,2614.99,3,3
2017-12-02,10000033,9622,5042.51,2530.01,15000,4,4
2017-12-02,10000033,9632,171305.46,51002.43,199490,32,13
2017-12-02,10000033,9646,5696.61,3336.13,17499,6,4
2017-12-02,10000033,9660,6000,6000,6000,2,2
2017-12-02,10000033,9668,132000.8,132000,132001,5,4
2017-12-02,10000033,9670,4875,1500,15000,4,4
2017-12-02,10000033,9678,112000.09,112000.09,112000.09,1,1
2017-12-02,10000033,9728,112002.68,112002.6,112002.83,3,3
2017-12-02,10000033,9734,87000,87000,87000,1,1
2017-12-02,10000033,9744,251.08,251.08,251.08,1,1
2017-12-02,10000033,9762,178007.6,178007.6,178007.6,4,2
2017-12-02,10000033,9772,133001,133001,133001,4,3
2017-12-02,10000033,9784,1300.02,1300.02,1300.02,3,3
2017-12-02,10000033,9808,170011.16,170011.16,170011.16,1,1
2017-12-02,10000033,9826,300,300,300,129,12
2017-12-02,10000033,9830,9200.01,9200.01,9200.01,1699,2
2017-12-02,10000033,9832,8900,8900,8900,10566,4
2017-12-02,10000033,9834,75000.01,75000.01,75000.01,21,1
2017-12-02,10000033,9838,9600.06,9600.06,9600.06,12,1
2017-12-02,10000033,9840,11011.4,11011.14,11012,47,4
2017-12-02,10000033,9842,10000.17,10000.17,10000.17,37,3
2017-12-02,10000033,9848,83318.37,48004.12,85000,22,2
2017-12-02,10000033,9850,433.22,433.14,433.3,63448,8
2017-12-02,10000033,9852,50.64,44.77,56.51,118600,2
2017-12-02,10000033,9899,16100990.18,16100990.18,16100990.18,1,1
2017-12-02,10000033,9941,9500000,9500000,9500000,1,1
2017-12-02,10000033,9942,6500001.11,6500001.11,6500001.11,1,1
2017-12-02,10000033,9943,16800000,16800000,16800000,1,1
2017-12-02,10000033,9944,75940,59900,100000,5,4
2017-12-02,10000033,9945,249940,249940,249940,1,1
2017-12-02,10000033,9956,9399978.5,9399978,9399979,2,2
2017-12-02,10000033,9957,25349988.3,25349988.3,25349988.3,1,1
2017-12-02,10000033,10039,6000,5999.99,6000,4,4
2017-12-02,10000033,10040,3360,3360,3360,1,1
2017-12-02,10000033,10190,1389999.78,1230000,1495000,9,5
2017-12-02,10000033,10208,20000000,20000000,20000000,2,1
2017-12-02,10000033,10212,20000000,20000000,20000000,2,1
2017-12-02,10000033,10216,21000000,21000000,21000000,2,1
2017-12-02,10000033,10221,17000000.51,14000001.01,20000000,4,3
2017-12-02,10000033,10225,20000000,20000000,20000000,3,2
2017-12-02,10000033,10228,5001000,5001000,5001000,1,1
2017-12-02,10000033,10246,15802.93,11000,29899.98,33,5
2017-12-02,10000033,10247,19986000,19986000,19986000,1,1
2017-12-02,10000033,10250,1395176.09,1150000,1998980,11,4
2017-12-02,10000033,10631,477496.25,469995,500000,4,2
2017-12-02,10000033,10678,75000,75000,75000,3,2
2017-12-02,10000033,10680,890000,890000,890000,5,1
2017-12-02,10000033,10688,49615,250,98980,2,2
2017-12-02,10000033,10690,210.03,210,210.16,12,5
2017-12-02,10000033,10692,64022.2,111,80000,5,2
2017-12-02,10000033,10694,27906.45,27906.45,27906.45,12,5
2017-12-02,10000033,10850,718000,699000,775000,4,3
2017-12-02,10000033,10858,1369495,1369495,1369495,1,1
2017-12-02,10000033,10868,101.05,101.05,101.05,1,1
2017-12-02,10000033,10870,101.14,101.14,101.14,1,1
2017-12-02,10000033,10872,49995,49995,49995,1,1
2017-12-02,10000033,10874,25000,25000,25000,1,1
2017-12-02,10000033,10880,49000,49000,49000,1,1
2017-12-02,10000033,10882,5,5,5,1,1
2017-12-02,10000033,10886,41004.26,41004.26,41004.26,2,2
2017-12-02,10000033,10998,74589.6,74000,75000,5,3
2017-12-02,10000033,11082,1000000,1000000,1000000,3,1
2017-12-02,10000033,11084,5619990,5619990,5619990,1,1
2017-12-02,10000033,11105,235493.65,235493.65,235493.65,1,1
2017-12-02,10000033,11129,18346.31,17000,27500,13,13
2017-12-02,10000033,11130,50000,50000,50000,1,1
2017-12-02,10000033,11132,23500,8000,27500,11,11
2017-12-02,10000033,11133,50000,50000,50000,1,1
2017-12-02,10000033,11134,23315.67,14001,27500,13,13
2017-12-02,10000033,11176,39500000,39500000,39500000,1,1
2017-12-02,10000033,11186,39999999,39999999,39999999,1,1
2017-12-02,10000033,11188,34995000,34995000,34995000,1,1
2017-12-02,10000033,11192,33800000,33800000,33800000,1,1
2017-12-02,10000033,11202,34031666.67,30000000,36047500,3,3
2017-12-02,10000033,11207,500000,500000,500000,12,11
2017-12-02,10000033,11229,1499999,1499999,1499999,1,1
2017-12-02,10000033,11249,899000.02,899000.02,899000.02,1,1
2017-12-02,10000033,11267,179999,179999,179999,1,1
2017-12-02,10000033,11269,895000,895000,895000,1,1
2017-12-02,10000033,11277,799999,799999,799999,1,1
2017-12-02,10000033,11283,2300,2300,2300,100,1
2017-12-02,10000033,11285,4000,4000,4000,50,1
2017-12-02,10000033,11289,6100,6100,6100,135,4
2017-12-02,10000033,11309,70001.08,70001.08,70001.08,4,3
2017-12-02,10000033,11311,63001.03,63001.02,63001.04,7,7
2017-12-02,10000033,11317,187003.45,187003.44,187003.45,2,2
2017-12-02,10000033,11319,161000.5,161000,161001,2,2
2017-12-02,10000033,11325,380002.38,380002.38,380002.38,1,1
2017-12-02,10000033,11327,371002.01,371002.01,371002.01,2,2
2017-12-02,10000033,11341,500,500,500,2,2
2017-12-02,10000033,11343,4500.49,1,7452.87,5,4
2017-12-02,10000033,11349,22000,22000,22000,3,3
2017-12-02,10000033,11351,100000,100000,100000,2,1
2017-12-02,10000033,11370,2049500,1900000,2199000,2,2
2017-12-02,10000033,11395,500000,500000,500000,4,4
2017-12-02,10000033,11399,9350.11,9350.11,9350.11,84,4
2017-12-02,10000033,11433,10000000,10000000,10000000,1,1
2017-12-02,10000033,11446,10000000,10000000,10000000,2,2
2017-12-02,10000033,11448,10000000,10000000,10000000,1,1
2017-12-02,10000033,11450,8500000,8500000,8500000,1,1
2017-12-02,10000033,11454,9999995,9999990,10000000,2,2
2017-12-02,10000033,11478,398.99,398.99,398.99,1100,2
2017-12-02,10000033,11481,0.01,0.01,0.01,50,1
2017-12-02,10000033,11483,50,50,50,98,1
2017-12-02,10000033,11496,151,151,151,10,1
2017-12-02,10000033,11530,8100,8100,8100,6,1
2017-12-02,10000033,11531,15000.27,15000.27,15000.27,7,1
2017-12-02,10000033,11534,1320.16,1320.16,1320.16,1,1
2017-12-02,10000033,11536,49999.99,49999.99,49999.99,1,1
2017-12-02,10000033,11538,79335.53,26013.19,90000,48,2
2017-12-02,10000033,11539,26035.21,26035.21,26035.21,13,3
2017-12-02,10000033,11540,16000.62,16000.62,16000.62,13,1
2017-12-02,10000033,11541,27603.11,27603.11,27603.11,32,2
2017-12-02,10000033,11542,6622.62,6622.62,6622.62,3,1
2017-12-02,10000033,11543,500.01,500.01,500.01,2,1
2017-12-02,10000033,11544,0.99,0.99,0.99,2,1
2017-12-02,10000033,11545,25000,25000,25000,102,2
2017-12-02,10000033,11549,3501,3501,3501,4,1
2017-12-02,10000033,11553,16553.09,16553.09,16553.09,2,1
2017-12-02,10000033,11554,502.19,502.19,502.19,13,4
2017-12-02,10000033,11558,12132,12132,12132,6,2
2017-12-02,10000033,11563,295948.57,249995,348900,7,7
2017-12-02,10000033,11566,120000,120000,120000,49,10
2017-12-02,10000033,11569,400000,400000,400000,3,3
2017-12-02,10000033,11572,400000,400000,400000,3,3
2017-12-02,10000033,11574,2000000,2000000,2000000,3,3
2017-12-02,10000033,11577,5798749.72,5500000,6500000,4,4
2017-12-02,10000033,11578,6941866.22,6811554.9,6999000,10,7
2017-12-02,10000033,11579,3500000,3500000,3500000,7,7
2017-12-02,10000033,11584,75000,75000,75000,10,10
2017-12-02,10000033,11613,99940,99940,99940,1,1
2017-12-02,10000033,11616,144000,144000,144000,1,1
2017-12-02,10000033,11630,200000,200000,200000,1,1
2017-12-02,10000033,11640,815999.1,700000,848998.98,9,3
2017-12-02,10000033,11644,2895000,2895000,2895000,1,1
2017-12-02,10000033,11646,2495000,2495000,2495000,1,1
2017-12-02,10000033,11688,500.06,500.06,500.06,10,1
2017-12-02,10000033,11689,500.01,500.01,500.01,11,1
2017-12-02,10000033,11690,14111.86,14111.86,14111.86,2,2
2017-12-02,10000033,11693,2500.01,2500.01,2500.01,20,2
2017-12-02,10000033,11695,500,500,500,1,1
2017-12-02,10000033,11855,200,200,200,1599984,48
2017-12-02,10000033,11890,282640,282640,282640,1,1
2017-12-02,10000033,12042,29999999.4,29999999.17,29999999.62,2,2
2017-12-02,10000033,12052,368225.25,275001,399000,4,4
2017-12-02,10000033,12056,69950,69900,70000,2,2
2017-12-02,10000033,12058,3188495.96,2881991.91,3495000,2,2
2017-12-02,10000033,12068,6125000,6125000,6125000,2,2
2017-12-02,10000033,12092,1000000,1000000,1000000,4,4
2017-12-02,10000033,12093,4000000,4000000,4000000,2,2
2017-12-02,10000033,12096,28000000,28000000,28000000,1,1
2017-12-02,10000033,12098,20000000,20000000,20000000,1,1
2017-12-02,10000033,12109,3500000,3500000,3500000,1,1
2017-12-02,10000033,12179,40000000,40000000,40000000,1,1
2017-12-02,10000033,12183,275000,275000,275000,1,1
2017-12-02,10000033,12185,225000,225000,225000,1,1
2017-12-02,10000033,12191,75000,75000,75000,3,3
2017-12-02,10000033,12192,100000,100000,100000,3,3
2017-12-02,10000033,12193,50000,50000,50000,3,3
2017-12-02,10000033,12195,25000,25000,25000,3,3
2017-12-02,10000033,12196,290000,280000,300000,2,2
2017-12-02,10000033,12201,3227000,3227000,3227000,1,1
2017-12-02,10000033,12204,5399988,5399988,5399988,1,1
2017-12-02,10000033,12212,6900000,6900000,6900000,2,2
2017-12-02,10000033,12213,1200000,1200000,1200000,1,1
2017-12-02,10000033,12214,8099988,8099988,8099988,1,1
2017-12-02,10000033,12239,36715877.31,36715877.31,36715877.31,1,1
2017-12-02,10000033,12267,3490000,3490000,3490000,3,1
2017-12-02,10000033,12274,61000,10000,98000,5,4
2017-12-02,10000033,12305,100000,100000,100000,2,2
2017-12-02,10000033,12346,3249999.99,3249999.99,3249999.99,5,1
2017-12-02,10000033,12365,120000,120000,120000,48,9
2017-12-02,10000033,12366,120000,120000,120000,48,9
2017-12-02,10000033,12367,120000,120000,120000,49,10
2017-12-02,10000033,12441,80000,80000,80000,12,12
2017-12-02,10000033,12442,100000,100000,100000,14,14
2017-12-02,10000033,12484,6014836.01,6014836.01,6014836.01,2,2
2017-12-02,10000033,12485,7799990,7799990,7799990,2,2
2017-12-02,10000033,12486,6699993.33,6699990,6700000,3,3
2017-12-02,10000033,12487,7383333.33,5500000,8325000,3,3
2017-12-02,10000033,12542,1500000.02,1500000.02,1500000.02,1,1
2017-12-02,10000033,12543,100001.18,100001.18,100001.18,1,1
2017-12-02,10000033,12559,150000,150000,150000,4,1
2017-12-02,10000033,12565,169996.01,169996.01,169996.01,8,1
2017-12-02,10000033,12612,93.99,93.99,93.99,2400,2
2017-12-02,10000033,12614,99.99,99.99,99.99,479,1
2017-12-02,10000033,12620,98.99,98.99,98.99,1440,1
2017-12-02,10000033,12633,119.99,119.99,119.99,1000,1
2017-12-02,10000033,12773,210,210,210,6000,1
2017-12-02,10000033,12775,595,595,595,12006,2
2017-12-02,10000033,12789,119.82,117.24,124.91,15000,6
2017-12-02,10000033,13001,2511111.06,2500000,2566666.34,6,3
2017-12-02,10000033,13237,3000001,3000001,3000001,1,1
2017-12-02,10000033,13278,100000,100000,100000,1,1
2017-12-02,10000033,13279,250000,250000,250000,4,3
2017-12-02,10000033,13285,65000,65000,65000,1,1
2017-12-02,10000033,14124,35000000,35000000,35000000,1,1
2017-12-02,10000033,14134,45473999.7,40499999.17,47960999.97,3,2
2017-12-02,10000033,14240,9699999.99,9699999.99,9699999.99,4,1
2017-12-02,10000033,14272,111.07,111.07,111.07,1,1
2017-12-02,10000033,14278,1999999,1999999,1999999,5,1
2017-12-02,10000033,14284,140001,140001,140001,2,2
2017-12-02,10000033,15331,981,981,981,1233,130
2017-12-02,10000033,15508,46655.17,34999.99,87000,58,4
2017-12-02,10000033,15510,31000,31000,31000,40,1
2017-12-02,10000033,15587,4500,4500,4500,68,4
2017-12-02,10000033,15588,8000,8000,8000,25,6
2017-12-02,10000033,15589,8250.06,1500.12,15000,42,8
2017-12-02,10000033,15590,13066.67,8000.01,20000,45,10
2017-12-02,10000033,15591,23530.75,14000,30000,16,4
2017-12-02,10000033,15592,510047.19,510047.19,510047.19,39,4
2017-12-02,10000033,15593,72001.4,72001.4,72001.4,49,4
2017-12-02,10000033,15594,2500000,2500000,2500000,3,1
2017-12-02,10000033,15597,102,102,102,9,3
2017-12-02,10000033,15599,169.01,169.01,169.01,6,1
2017-12-02,10000033,15602,63705.96,63705.96,63705.96,34,2
2017-12-02,10000033,15608,102,102,102,4,3
2017-12-02,10000033,15625,4500,4500,4500,6,1
2017-12-02,10000033,15626,8000,8000,8000,7,3
2017-12-02,10000033,15627,15000,15000,15000,2,2
2017-12-02,10000033,15630,161000,161000,161000,22,2
2017-12-02,10000033,15631,100100,100100,100100,40,2
2017-12-02,10000033,15632,550009.99,550009.99,550009.99,25,1
2017-12-02,10000033,15646,23508.9,20000.15,45000,57,8
2017-12-02,10000033,15656,15202.58,15202.58,15202.58,26,2
2017-12-02,10000033,15661,893000,893000,893000,167,3
2017-12-02,10000033,15673,696000.03,696000.03,696000.03,8,1
2017-12-02,10000033,15681,89211408.45,85419080.75,94899900,5,2
2017-12-02,10000033,15753,16399999.99,16399999.99,16399999.99,1,1
2017-12-02,10000033,15766,32008027,32008027,32008027,1,1
2017-12-02,10000033,15994,12037.05,11000.01,25000,81,11
2017-12-02,10000033,15997,30000,30000,30000,1,1
2017-12-02,10000033,16002,31609.13,31609,31609.99,38,4
2017-12-02,10000033,16064,44354200.01,44354000.01,44355000,5,2
2017-12-02,10000033,16069,85000,85000,85000,3,3
2017-12-02,10000033,16236,1098999,1098999,1098999,1,1
2017-12-02,10000033,16238,857555.44,226000,1000000,9,9
2017-12-02,10000033,16239,8416400,8416400,8416400,2,2
2017-12-02,10000033,16240,999999.98,749999.95,1250000,2,2
2017-12-02,10000033,16265,185003.84,185003.84,185003.84,2281,9
2017-12-02,10000033,16272,352.01,352.01,352.01,8248,2
2017-12-02,10000033,16273,350,149,599,15781,31
2017-12-02,10000033,16275,4800,4800,4800,3032,3
2017-12-02,10000033,16278,2381111.11,2202500,2425000,9,4
2017-12-02,10000033,16281,375000,375000,375000,4,4
2017-12-02,10000033,16301,50500.01,9000.01,175000,4,4
2017-12-02,10000033,16303,228000.1,228000.1,228000.1,3,3
2017-12-02,10000033,16305,111.05,111.05,111.05,1,1
2017-12-02,10000033,16317,116.09,116.09,116.09,1,1
2017-12-02,10000033,16323,101.11,101.11,101.11,1,1
2017-12-02,10000033,16329,1,1,1,2,1
2017-12-02,10000033,16333,1,1,1,1,1
2017-12-02,10000033,16339,102,102,102,1,1
2017-12-02,10000033,16353,51000,51000,51000,2,1
2017-12-02,10000033,16355,350000,350000,350000,1,1
2017-12-02,10000033,16357,50000,50000,50000,9,9
2017-12-02,10000033,16359,51000,51000,51000,1,1
2017-12-02,10000033,16361,85000,85000,85000,1,1
2017-12-02,10000033,16363,148250,81000,350000,4,3
2017-12-02,10000033,16365,87000,87000,87000,2,2
2017-12-02,10000033,16367,85000,85000,85000,5,5
2017-12-02,10000033,16369,271000,82000,460000,2,2
2017-12-02,10000033,16371,80000,80000,80000,2,2
2017-12-02,10000033,16373,80000,80000,80000,1,1
2017-12-02,10000033,16375,80000,80000,80000,4,3
2017-12-02,10000033,16377,75000,75000,75000,3,3
2017-12-02,10000033,16379,146750,79000,350000,4,3
2017-12-02,10000033,16381,84000,84000,84000,2,2
2017-12-02,10000033,16383,80000,80000,80000,4,4
2017-12-02,10000033,16401,100.1,100.1,100.1,2,1
2017-12-02,10000033,16403,100.2,100.2,100.2,3,2
2017-12-02,10000033,16405,1,1,1,1,1
2017-12-02,10000033,16419,1,1,1,1,1
2017-12-02,10000033,16431,1,1,1,1,1
2017-12-02,10000033,16433,2633.72,267.44,5000,2,2
2017-12-02,10000033,16435,227.21,227.21,227.21,2,2
2017-12-02,10000033,16439,1126.04,1126.04,1126.04,1,1
2017-12-02,10000033,16441,120.03,120.03,120.03,2,1
2017-12-02,10000033,16451,1245.04,1245.04,1245.04,2,1
2017-12-02,10000033,16467,4802.01,4802.01,4802.01,1,1
2017-12-02,10000033,16469,450000,450000,450000,1,1
2017-12-02,10000033,16475,10000.14,10000.14,10000.14,2,2
2017-12-02,10000033,16477,25000.08,25000.08,25000.08,1,1
2017-12-02,10000033,16483,101,101,101,1,1
2017-12-02,10000033,16485,102,102,102,1,1
2017-12-02,10000033,16489,750.01,750,750.01,2,2
2017-12-02,10000033,16491,502.01,502,502.01,2,2
2017-12-02,10000033,16497,47000,47000,47000,1,1
2017-12-02,10000033,16499,55052,55052,55052,1,1
2017-12-02,10000033,16507,103,103,103,1,1
2017-12-02,10000033,16521,310.31,310.27,310.35,9,7
2017-12-02,10000033,16523,13526.75,107.01,18000,4,2
2017-12-02,10000033,16525,156.58,156.13,157.02,2,2
2017-12-02,10000033,16527,276527.42,150019.75,360865.86,5,3
2017-12-02,10000033,16591,32000000,32000000,32000000,2,2
2017-12-02,10000033,16594,1500000,1500000,1500000,3,3
2017-12-02,10000033,16595,12500000,12500000,12500000,1,1
2017-12-02,10000033,16596,35000000,35000000,35000000,1,1
2017-12-02,10000033,16597,20000000,20000000,20000000,2,2
2017-12-02,10000033,16598,3500000,3500000,3500000,9,9
2017-12-02,10000033,16622,5000000,5000000,5000000,2,2
2017-12-02,10000033,16670,270,270,270,717969,1
2017-12-02,10000033,16671,260,260,260,15000,1
2017-12-02,10000033,16680,1550,1550,1550,24,1
2017-12-02,10000033,16681,263.06,263.06,263.06,48,1
2017-12-02,10000033,16682,12380.38,6665.67,20000,42,2
2017-12-02,10000033,17192,149999.97,149999.97,149999.97,2,2
2017-12-02,10000033,17205,3031749.99,127000,3999999.99,4,2
2017-12-02,10000033,17208,2999999.99,2999999.99,2999999.99,1,1
2017-12-02,10000033,17215,1000,1000,1000,2,2
2017-12-02,10000033,17218,1,1,1,1,1
2017-12-02,10000033,17241,1,1,1,1,1
2017-12-02,10000033,17243,103.33,103.33,103.33,1,1
2017-12-02,10000033,17324,5000000,5000000,5000000,1,1
2017-12-02,10000033,17327,5000000,5000000,5000000,1,1
2017-12-02,10000033,17328,5000000,5000000,5000000,1,1
2017-12-02,10000033,17333,5000000,5000000,5000000,1,1
2017-12-02,10000033,17340,5000000,5000000,5000000,1,1
2017-12-02,10000033,17342,5000000,5000000,5000000,1,1
2017-12-02,10000033,17346,5000000,5000000,5000000,1,1
2017-12-02,10000033,17347,5000000,5000000,5000000,1,1
2017-12-02,10000033,17351,5000000,5000000,5000000,1,1
2017-12-02,10000033,17352,5000000,5000000,5000000,1,1
2017-12-02,10000033,17353,5000000,5000000,5000000,1,1
2017-12-02,10000033,17356,5000000,5000000,5000000,1,1
2017-12-02,10000033,17366,86056.29,1103.33,125000,22,5
2017-12-02,10000033,17441,351.34,351.34,351.34,59,1
2017-12-02,10000033,17444,465.24,465.24,465.24,9051,5
2017-12-02,10000033,17445,475,475,475,10524,4
2017-12-02,10000033,17448,382.32,382.32,382.32,5127,2
2017-12-02,10000033,17452,180.16,180.16,180.16,11159,5
2017-12-02,10000033,17453,0.01,0.01,0.01,2594,2
2017-12-02,10000033,17455,58.52,58.52,58.52,5100475,99
2017-12-02,10000033,17456,66.82,66.82,66.82,6042625,91
2017-12-02,10000033,17459,46.27,46.24,46.27,4557335,89
2017-12-02,10000033,17460,46.08,46.08,46.12,4348344,75
2017-12-02,10000033,17463,18.68,18.66,18.69,2803499,28
2017-12-02,10000033,17464,19.21,19.21,19.21,1532852,28
2017-12-02,10000033,17470,12.51,12.03,12.52,6306681,43
2017-12-02,10000033,17471,12.13,12.13,14,3791236,50
2017-12-02,10000033,17476,28449999.85,27999999.7,28900000,2,2
2017-12-02,10000033,17478,24520507.53,23394856.95,25899998.98,9,9
2017-12-02,10000033,17480,21333333.32,20000000,21999999.98,3,3
2017-12-02,10000033,17482,2134124.23,1999498.99,2234999.93,16,8
2017-12-02,10000033,17634,50000000,50000000,50000000,1,1
2017-12-02,10000033,17715,229999988.89,229999988.89,229999988.89,1,1
2017-12-02,10000033,17765,17500.16,17500.16,17500.16,20,2
2017-12-02,10000033,17791,100,100,100,11,1
2017-12-02,10000033,17867,43.18,43.18,43.18,137163,10
2017-12-02,10000033,17868,50.19,50.19,50.19,68149,9
2017-12-02,10000033,17887,580.07,580.07,580.07,7200,1
2017-12-02,10000033,17888,541,541,541,7489,1
2017-12-02,10000033,17893,150001,150001,150001,4,1
2017-12-02,10000033,17894,150001,150001,150001,2,2
2017-12-02,10000033,17895,300001,300001,300001,4,2
2017-12-02,10000033,17912,4114284.31,4000000,4199997.54,7,5
2017-12-02,10000033,17938,35693.33,24200,60000,15,12
2017-12-02,10000033,17940,500000,500000,500000,2,2
2017-12-02,10000033,18029,100,100,100,20,2
2017-12-02,10000033,18048,118326.66,99990,154999.97,6,2
2017-12-02,10000033,18056,50000,50000,50000,2,1
2017-12-02,10000033,18058,59999.74,59999.74,59999.74,4,1
2017-12-02,10000033,18059,250000,250000,250000,1,1
2017-12-02,10000033,18061,200000,200000,200000,1,1
2017-12-02,10000033,18067,100000,100000,100000,1,1
2017-12-02,10000033,18604,466000,466000,466000,2,1
2017-12-02,10000033,18606,796000,796000,796000,4,1
2017-12-02,10000033,18610,436000,436000,436000,4,1
2017-12-02,10000033,18612,265328.75,260000,272157.5,16,6
2017-12-02,10000033,18614,244333.33,240000,246000,18,5
2017-12-02,10000033,18616,250000,250000,250000,10,1
2017-12-02,10000033,18635,140000,140000,140000,14,2
2017-12-02,10000033,18639,104500,97000,135000,4,4
2017-12-02,10000033,19015,12500000.01,12500000.01,12500000.01,1,1
2017-12-02,10000033,19349,60000000,60000000,60000000,1,1
2017-12-02,10000033,19400,10999.34,10998.9,11000,20,3
2017-12-02,10000033,19404,160531.28,91000.14,180000,32,12
2017-12-02,10000033,19405,296000.06,200000.14,360000,5,5
2017-12-02,10000033,19406,561923.08,420000,600000,52,15
2017-12-02,10000033,19407,1102044,800013,1200000,49,16
2017-12-02,10000033,19408,2068000,1300000,2100000,50,12
2017-12-02,10000033,19409,6300000,6300000,6300000,3,2
2017-12-02,10000033,19410,3900003.98,3900003.98,3900003.98,2,1
2017-12-02,10000033,19412,12160000.05,12160000.05,12160000.05,2,1
2017-12-02,10000033,19413,12840000,12840000,12840000,2,1
2017-12-02,10000033,19416,41833333.73,35000002.4,43200000,6,3
2017-12-02,10000033,19417,51680000,51680000,51680000,41,7
2017-12-02,10000033,19418,61200000,61200000,61200000,6,5
2017-12-02,10000033,19419,80000000,80000000,80000000,16,6
2017-12-02,10000033,19420,101640000,101640000,101640000,1,1
2017-12-02,10000033,19421,133837000,133837000,133837000,51,10
2017-12-02,10000033,19422,1930000,1930000,1930000,2,1
2017-12-02,10000033,19660,42698,39980,43000,10,2
2017-12-02,10000033,19687,154999999.99,154999999.99,154999999.99,1,1
2017-12-02,10000033,19719,30000000,30000000,30000000,2,2
2017-12-02,10000033,19739,3799999.99,3799999.99,3799999.99,12,2
2017-12-02,10000033,19744,1006666.67,979999.81,1020000.1,3,3
2017-12-02,10000033,19759,200000,200000,200000,3,3
2017-12-02,10000033,19760,160000,160000,160000,3,3
2017-12-02,10000033,19761,1000000,1000000,1000000,2,2
2017-12-02,10000033,19766,800000,800000,800000,2,2
2017-12-02,10000033,19767,400000,400000,400000,3,3
2017-12-02,10000033,19806,523182.73,523182.73,523182.73,2,2
2017-12-02,10000033,19814,199999,199999,199999,2,2
2017-12-02,10000033,19921,90000,90000,90000,6,6
2017-12-02,10000033,19922,600000,600000,600000,2,2
2017-12-02,10000033,19923,102.16,102.16,102.16,5,5
2017-12-02,10000033,19925,1250,1250,1250,11,8
2017-12-02,10000033,19927,400,400,400,5,5
2017-12-02,10000033,19929,2232.68,101.03,2659.01,6,6
2017-12-02,10000033,19931,33241.54,2115.13,220000,7,7
2017-12-02,10000033,19935,370.03,370.03,370.03,1,1
2017-12-02,10000033,19937,101,101,101,2,2
2017-12-02,10000033,19948,115.99,115.99,115.99,1,1
2017-12-02,10000033,20114,121.03,121.03,121.03,23,1
2017-12-02,10000033,20115,1000,1000,1000,13,1
2017-12-02,10000033,20209,1000000,1000000,1000000,4,4
2017-12-02,10000033,20210,998076.92,900000,1000000,52,3
2017-12-02,10000033,20211,3000000,3000000,3000000,53,4
2017-12-02,10000033,20212,9000000,9000000,9000000,6,6
2017-12-02,10000033,20213,9000000,8999999.99,9000000,3,3
2017-12-02,10000033,20306,84.95,84.95,84.95,5000,1
2017-12-02,10000033,20307,63.29,59.99,64.98,22500,7
2017-12-02,10000033,20308,228.1,228.1,228.1,1200,1
2017-12-02,10000033,20312,500000,500000,500000,8,8
2017-12-02,10000033,20314,60000,60000,60000,14,14
2017-12-02,10000033,20315,1000000,1000000,1000000,15,15
2017-12-02,10000033,20342,50000000,50000000,50000000,7,7
2017-12-02,10000033,20410,115000,115000,115000,17,1
2017-12-02,10000033,20411,67502.53,67502.53,67502.53,86,1
2017-12-02,10000033,20412,55555,55555,55555,1,1
2017-12-02,10000033,20413,75762.4,75762.4,75762.4,17,1
2017-12-02,10000033,20415,53291.9,53291.9,53291.9,6,1
2017-12-02,10000033,20417,62500,62500,62500,52,2
2017-12-02,10000033,20418,72115.39,70000.01,125000,78,2
2017-12-02,10000033,20419,70000,70000,70000,10,1
2017-12-02,10000033,20420,107000.02,80000.06,125000,5,2
2017-12-02,10000033,20421,45050.09,45050.09,45050.09,17,1
2017-12-02,10000033,20424,45000,45000,45000,204,4
2017-12-02,10000033,20425,121,121,121,7,1
2017-12-02,10000033,20494,100000,100000,100000,4,4
2017-12-02,10000033,20495,100000,100000,100000,4,4
2017-12-02,10000033,20526,75000000,75000000,75000000,5,5
2017-12-02,10000033,20530,100000000,100000000,100000000,9,4
2017-12-02,10000033,20533,400000000,400000000,400000000,3,3
2017-12-02,10000033,21014,1202763200,1202763200,1202763200,1,1
2017-12-02,10000033,21036,1228398800,1228398800,1228398800,2,2
2017-12-02,10000033,21059,120000,120000,120000,12,12
2017-12-02,10000033,21071,40000,40000,40000,14,14
2017-12-02,10000033,21078,10105,10105,10105,1,1
2017-12-02,10000033,21084,3700,3700,3700,1,1
2017-12-02,10000033,21086,25700,25700,25700,3,3
2017-12-02,10000033,21096,2741583.17,1781000,3499999.97,12,10
2017-12-02,10000033,21587,1,1,1,211,2
2017-12-02,10000033,21588,25,25,25,77,3
2017-12-02,10000033,21593,4.5,4.5,4.5,41,1
2017-12-02,10000033,21603,10000000,10000000,10000000,2,2
2017-12-02,10000033,21610,20000000,20000000,20000000,2,2
2017-12-02,10000033,21611,30000000,30000000,30000000,5,5
2017-12-02,10000033,21638,1186875.03,1173000,1350000,16,5
2017-12-02,10000033,21640,845477.79,659003.86,994657.5,18,6
2017-12-02,10000033,21668,15000000,15000000,15000000,2,2
2017-12-02,10000033,21740,1500,1500,1500,2500,1
2017-12-02,10000033,21802,25000000,25000000,25000000,26,8
2017-12-02,10000033,21803,17500000,17500000,17500000,4,4
2017-12-02,10000033,21815,7322322.14,6005004.01,7500000,28,4
2017-12-02,10000033,21853,199980,199980,199980,1,1
2017-12-02,10000033,21857,715.59,715.59,715.59,1,1
2017-12-02,10000033,21867,55,55,55,1200,1
2017-12-02,10000033,21894,1467.45,1467.45,1467.45,9500,3
2017-12-02,10000033,21898,285.98,285.98,285.98,2753,2
2017-12-02,10000033,21922,948.55,948.55,948.55,3679,1
2017-12-02,10000033,21924,695.11,695.11,695.11,1440,2
2017-12-02,10000033,21931,894.67,894.67,894.67,500,1
2017-12-02,10000033,22043,25000000,25000000,25000000,1,1
2017-12-02,10000033,22175,77571.43,50000,97500,14,14
2017-12-02,10000033,22177,97400,80000,99700,15,14
2017-12-02,10000033,22229,5101500.91,5042000,5161001.82,4,2
2017-12-02,10000033,22291,1159067.3,700001.35,1184999.99,18,11
2017-12-02,10000033,22448,386000000,386000000,386000000,1,1
2017-12-02,10000033,22536,400000,400000,400000,1,1
2017-12-02,10000033,22541,9000000,9000000,9000000,2,2
2017-12-02,10000033,22542,33423.57,27948.99,45001.43,24,15
2017-12-02,10000033,22543,250000,250000,250000,1,1
2017-12-02,10000033,22548,220000021.04,220000021.04,220000021.04,1,1
2017-12-02,10000033,22551,28000000,28000000,28000000,1,1
2017-12-02,10000033,22552,1530000,1530000,1530000,2,2
2017-12-02,10000033,22570,26980080.55,26980080.55,26980080.55,1,1
2017-12-02,10000033,22576,256250,49000,600000,8,4
2017-12-02,10000033,22578,80000,80000,80000,6,6
2017-12-02,10000033,22761,32000000,32000000,32000000,1,1
2017-12-02,10000033,22783,17328680,17328680,17328680,1,1
2017-12-02,10000033,22806,120000,120000,120000,49,10
2017-12-02,10000033,22807,120000,120000,120000,49,10
2017-12-02,10000033,22808,120000,120000,120000,50,11
2017-12-02,10000033,22809,120000,120000,120000,50,11
2017-12-02,10000033,22977,895.99,895.99,895.99,2000,1
2017-12-02,10000033,23009,736.69,736.69,736.69,2482,4
2017-12-02,10000033,23025,1300,1300,1300,5076,2
2017-12-02,10000033,23045,1398.84,1398.84,1398.84,2000,1
2017-12-02,10000033,23069,50000000,50000000,50000000,3,3
2017-12-02,10000033,23071,499999.21,499999.21,499999.21,12,1
2017-12-02,10000033,23095,1320000.1,1320000.1,1320000.1,5,1
2017-12-02,10000033,23124,750000,750000,750000,1,1
2017-12-02,10000033,23133,35000,35000,35000,1,1
2017-12-02,10000033,23473,100000,100000,100000,4,1
2017-12-02,10000033,23525,159000,159000,159000,10,1
2017-12-02,10000033,23527,282475,274950,290000,4,3
2017-12-02,10000033,23559,200000,200000,200000,5,1
2017-12-02,10000033,23561,164285.71,99999.99,190000,7,2
2017-12-02,10000033,23563,200000,200000,200000,5,1
2017-12-02,10000033,23566,400000,400000,400000,5,5
2017-12-02,10000033,23594,450000,450000,450000,8,8
2017-12-02,10000033,23606,150000,150000,150000,4,4
2017-12-02,10000033,23618,50000,50000,50000,3,3
2017-12-02,10000033,23707,7787.87,7787.87,7787.87,1,1
2017-12-02,10000033,23717,1,1,1,4,1
2017-12-02,10000033,23719,1,1,1,19,1
2017-12-02,10000033,24241,50000,50000,50000,14,10
2017-12-02,10000033,24242,1000000,1000000,1000000,9,9
2017-12-02,10000033,24268,7500000,7500000,7500000,1,1
2017-12-02,10000033,24312,500000000,500000000,500000000,1,1
2017-12-02,10000033,24313,500000000,500000000,500000000,1,1
2017-12-02,10000033,24314,500000000,500000000,500000000,1,1
2017-12-02,10000033,24348,884408.53,570001.68,1500000,27,13
2017-12-02,10000033,24349,90000,90000,90000,1,1
2017-12-02,10000033,24395,217250,210000,239000,8,3
2017-12-02,10000033,24417,3999999.98,3999999.98,3999999.98,1,1
2017-12-02,10000033,24427,1660000,1500000,1695000,39,2
2017-12-02,10000033,24438,809504.6,120009.17,1499000.02,2,2
2017-12-02,10000033,24443,994999.99,994999.99,994999.99,1,1
2017-12-02,10000033,24445,333526.59,333526.59,333526.59,1,1
2017-12-02,10000033,24471,300,300,300,500,1
2017-12-02,10000033,24473,65.77,65.77,65.77,10000,1
2017-12-02,10000033,24495,139.99,139.99,139.99,1500,1
2017-12-02,10000033,24497,122,122,122,2000,1
2017-12-02,10000033,24499,0.1,0.1,0.1,2000,1
2017-12-02,10000033,24509,32.81,32.81,32.81,27506,2
2017-12-02,10000033,24517,874.98,874.98,874.98,7000,1
2017-12-02,10000033,24523,1895,1895,1895,50000,2
2017-12-02,10000033,24531,818.99,818.99,818.99,6000,2
2017-12-02,10000033,24533,629,629,629,21788,5
2017-12-02,10000033,24535,800,800,800,9025,3
2017-12-02,10000033,24539,664.3,664.3,664.3,2500,1
2017-12-02,10000033,24562,50000000,50000000,50000000,2,2
2017-12-02,10000033,24568,10000000,10000000,10000000,3,3
2017-12-02,10000033,24571,10000000,10000000,10000000,2,2
2017-12-02,10000033,24572,10000000,10000000,10000000,5,5
2017-12-02,10000033,24613,15000000,15000000,15000000,3,3
2017-12-02,10000033,24625,20000000,20000000,20000000,3,3
2017-12-02,10000033,24663,20001000,20001000,20001000,1,1
2017-12-02,10000033,24688,204999999.99,204999999.99,204999999.99,1,1
2017-12-02,10000033,24699,580000000,580000000,580000000,1,1
2017-12-02,10000033,24764,20000000,20000000,20000000,2,2
2017-12-02,10000033,25233,150000,150000,150000,1,1
2017-12-02,10000033,25235,150000,150000,150000,5,5
2017-12-02,10000033,25266,2310000,2250000,2350000,5,3
2017-12-02,10000033,25544,27899999.1,27899999.1,27899999.1,1,1
2017-12-02,10000033,25545,11013.13,11013.13,11013.13,4,1
2017-12-02,10000033,25565,300000,300000,300000,1,1
2017-12-02,10000033,25569,2108.02,2108.02,2108.02,1,1
2017-12-02,10000033,25588,8800,8800,8800,1111,83
2017-12-02,10000033,25589,4880,4880,4880,1033,65
2017-12-02,10000033,25590,88720,88720,88720,1062,35
2017-12-02,10000033,25591,176999,121612.09,177000,842,36
2017-12-02,10000033,25592,9000,9000,9000,813,22
2017-12-02,10000033,25593,9060,9060,9060,1234,28
2017-12-02,10000033,25594,27420.04,27420.04,27420.04,1291,22
2017-12-02,10000033,25595,20000,20000,20000,1027,21
2017-12-02,10000033,25596,16166.12,16166.12,16166.12,3269,24
2017-12-02,10000033,25597,4150,4150,4150,2141,51
2017-12-02,10000033,25598,11500,10509.99,11500.01,5682,65
2017-12-02,10000033,25599,1150.03,1150.03,1150.03,6088,67
2017-12-02,10000033,25600,22009.99,22009.99,22009.99,5200,70
2017-12-02,10000033,25601,4292.01,4292.01,4292.01,3205,58
2017-12-02,10000033,25602,14000,14000,14000,737,8
2017-12-02,10000033,25603,30509.09,30509.09,30509.09,568,19
2017-12-02,10000033,25604,5574.32,5574.32,5574.32,540,42
2017-12-02,10000033,25605,22331.38,19600,24999,276,25
2017-12-02,10000033,25606,45000.16,45000.16,45000.16,506,31
2017-12-02,10000033,25607,41043.17,41043.17,41043.18,10,3
2017-12-02,10000033,25608,428000,428000,428000,6,1
2017-12-02,10000033,25609,190230.91,190000,193001.81,13,2
2017-12-02,10000033,25610,100000,100000,100000,18,1
2017-12-02,10000033,25611,88000,88000,88000,1,1
2017-12-02,10000033,25612,619846.15,619846.15,619846.15,2,1
2017-12-02,10000033,25613,490028.03,490028.02,490028.06,14,2
2017-12-02,10000033,25614,384129.53,384129.53,384129.53,9,1
2017-12-02,10000033,25615,1555099.99,1555099.99,1555099.99,32,1
2017-12-02,10000033,25616,7735.56,7404,8697.39,75,4
2017-12-02,10000033,25617,348741.04,330252.98,353099.99,42,4
2017-12-02,10000033,25618,16683.46,13002,19100,40,7
2017-12-02,10000033,25619,550594.64,498000.01,552009.99,47,5
2017-12-02,10000033,25620,41670.8,39493.96,42099.99,39,7
2017-12-02,10000033,25621,661000,661000,661000,19,1
2017-12-02,10000033,25622,503453.5,450037.97,511999.99,29,2
2017-12-02,10000033,25623,32001.06,32001.06,32001.06,3,2
2017-12-02,10000033,25624,3767642.85,2921000.08,4106299.96,7,2
2017-12-02,10000033,25625,2550002.16,2550000.29,2550003.97,18,3
2017-12-02,10000033,25707,268937.54,25009.99,270540.08,12,6
2017-12-02,10000033,25711,109.01,109,109.01,2,2
2017-12-02,10000033,25713,10001.11,10001.11,10001.11,1,1
2017-12-02,10000033,25715,1426379.44,500006,1899975,18,4
2017-12-02,10000033,25718,3000000,3000000,3000000,2,2
2017-12-02,10000033,25719,100000,100000,100000,10,10
2017-12-02,10000033,25810,450000,450000,450000,5,5
2017-12-02,10000033,25811,450000,450000,450000,1,1
2017-12-02,10000033,25812,5489999,5489999,5489999,6,2
2017-12-02,10000033,25861,67119.53,47499,99999,55,21
2017-12-02,10000033,26027,1250000,1250000,1250000,1,1
2017-12-02,10000033,26031,1250000,1250000,1250000,1,1
2017-12-02,10000033,26085,1250000,1250000,1250000,1,1
2017-12-02,10000033,26089,1250000,1250000,1250000,1,1
2017-12-02,10000033,26224,25000000,25000000,25000000,1,1
2017-12-02,10000033,26252,58333.16,50000,60000,6,6
2017-12-02,10000033,26253,98333.33,90000,100000,6,6
2017-12-02,10000033,26254,20000,20000,20000,8,8
2017-12-02,10000033,26255,100000,100000,100000,7,7
2017-12-02,10000033,26256,100000,100000,100000,7,7
2017-12-02,10000033,26257,100000,100000,100000,4,4
2017-12-02,10000033,26258,93302.5,73210,100000,4,4
2017-12-02,10000033,26259,100000,100000,100000,7,7
2017-12-02,10000033,26260,100000,100000,100000,6,6
2017-12-02,10000033,26261,100000,100000,100000,12,12
2017-12-02,10000033,26760,600000,600000,600000,1,1
2017-12-02,10000033,26930,125000,125000,125000,1,1
2017-12-02,10000033,27315,998.58,998.58,998.58,1200,2
2017-12-02,10000033,27319,148.96,148.96,148.96,2500,3
2017-12-02,10000033,27325,4.02,4.02,4.02,1000,1
2017-12-02,10000033,27327,427.48,427.48,427.48,100,1
2017-12-02,10000033,27333,999.98,999.98,999.98,200,1
2017-12-02,10000033,27351,3299,3299,3299,4000,1
2017-12-02,10000033,27371,1296.82,1296.82,1296.82,3200,2
2017-12-02,10000033,27377,920.16,920.16,920.16,300,1
2017-12-02,10000033,27387,1399,1399,1399,700,2
2017-12-02,10000033,27395,2100,999.2,2100,12424,6
2017-12-02,10000033,27413,2000,2000,2000,13100,4
2017-12-02,10000033,27417,35,35,35,1000,1
2017-12-02,10000033,27423,300.89,300.89,300.89,51,1
2017-12-02,10000033,27441,1360,1360,1360,15901,4
2017-12-02,10000033,27447,1492.74,1492.74,1492.74,2000,1
2017-12-02,10000033,27902,100000,100000,100000,5,5
2017-12-02,10000033,27906,25000000,25000000,25000000,2,2
2017-12-02,10000033,27911,12000000,12000000,12000000,2,2
2017-12-02,10000033,27912,250000,250000,250000,1,1
2017-12-02,10000033,27915,19000000,19000000,19000000,1,1
2017-12-02,10000033,27936,10000000,10000000,10000000,2,2
2017-12-02,10000033,28073,8000000,8000000,8000000,33,4
2017-12-02,10000033,28164,4500000,4500000,4500000,4,4
2017-12-02,10000033,28209,941476.25,502460.41,1600000,5,2
2017-12-02,10000033,28211,351002.81,351002.81,351002.81,5,1
2017-12-02,10000033,28262,598990,598990,598990,2,1
2017-12-02,10000033,28270,836663.33,830000,849990,3,3
2017-12-02,10000033,28274,821687.26,821687.26,821687.26,2,1
2017-12-02,10000033,28278,1125893.37,1100000,1190626.79,7,2
2017-12-02,10000033,28286,1999998.98,1999998.98,1999998.98,1,1
2017-12-02,10000033,28294,1691893,1691893,1691893,2,1
2017-12-02,10000033,28298,2299992.65,2100000,2399988.97,3,2
2017-12-02,10000033,28302,778690,778690,778690,2,1
2017-12-02,10000033,28361,2601.34,2601.34,2601.34,1196,4
2017-12-02,10000033,28362,142000,142000,142000,32,1
2017-12-02,10000033,28363,26603.08,26603.08,26603.08,12,1
2017-12-02,10000033,28365,2514.59,2514.59,2514.59,91,1
2017-12-02,10000033,28374,500000000,500000000,500000000,1,1
2017-12-02,10000033,28421,6000,6000,6000,8400,1
2017-12-02,10000033,28422,6000,6000,6000,4825,2
2017-12-02,10000033,28423,6000,6000,6000,7184,1
2017-12-02,10000033,28425,5000,5000,5000,9410,1
2017-12-02,10000033,28576,1126660.46,997875,1199993.26,18,11
2017-12-02,10000033,28578,1087500,1087500,1087500,3,1
2017-12-02,10000033,28585,25000000,25000000,25000000,2,2
2017-12-02,10000033,28606,774999998.9,774999998.9,774999998.9,1,1
2017-12-02,10000033,28607,900000000,900000000,900000000,4,3
2017-12-02,10000033,28609,32000000,32000000,32000000,2,2
2017-12-02,10000033,28656,64000000,64000000,64000000,2,2
2017-12-02,10000033,28667,64000000,64000000,64000000,1,1
2017-12-02,10000033,28668,31995.75,31995.75,31995.75,2140,8
2017-12-02,10000033,28758,49850000,49850000,49850000,2,2
2017-12-02,10000033,28879,1000000,1000000,1000000,3,3
2017-12-02,10000033,29000,1500000,1500000,1500000,2,2
2017-12-02,10000033,29001,19803.72,11.33,29699.91,3,2
2017-12-02,10000033,29002,1500000,1500000,1500000,1,1
2017-12-02,10000033,29006,1500000,1500000,1500000,1,1
2017-12-02,10000033,29008,1500000,1500000,1500000,1,1
2017-12-02,10000033,29009,25750,25750,25750,2,2
2017-12-02,10000033,29010,1500000,1500000,1500000,2,2
2017-12-02,10000033,29011,37874.98,25750,49999.95,2,2
2017-12-02,10000033,29012,1500000,1500000,1500000,2,2
2017-12-02,10000033,29014,1500000,1500000,1500000,1,1
2017-12-02,10000033,29016,1500000,1500000,1500000,1,1
2017-12-02,10000033,29029,100000000,100000000,100000000,1,1
2017-12-02,10000033,29637,50000000,50000000,50000000,3,3
2017-12-02,10000033,29984,155000001.9,100000003.79,210000000,2,2
2017-12-02,10000033,30013,5899,5899,5899,428,22
2017-12-02,10000033,30014,5000000,5000000,5000000,1,1
2017-12-02,10000033,30028,52194.2,20000,84388.39,16,2
2017-12-02,10000033,30029,5000000,5000000,5000000,1,1
2017-12-02,10000033,30259,562900.12,562900.12,562900.12,4,1
2017-12-02,10000033,30370,188.99,188.99,188.99,2018,2
2017-12-02,10000033,30377,50000,50000,50000,120,1
2017-12-02,10000033,30486,612479.33,589979.98,634978.68,16,3
2017-12-02,10000033,30488,550000,550000,550000,124,13
2017-12-02,10000033,30497,25.06,25.06,25.06,1,1
2017-12-02,10000033,30532,5000000,5000000,5000000,2,2
2017-12-02,10000033,30537,5000000,5000000,5000000,2,2
2017-12-02,10000033,30538,5000000,5000000,5000000,2,2
2017-12-02,10000033,30539,5000000,5000000,5000000,2,2
2017-12-02,10000033,30540,5000000,5000000,5000000,3,3
2017-12-02,10000033,30544,5000000,5000000,5000000,2,2
2017-12-02,10000033,30545,5000000,5000000,5000000,4,4
2017-12-02,10000033,30546,5000000,5000000,5000000,3,3
2017-12-02,10000033,30547,5000000,5000000,5000000,4,4
2017-12-02,10000033,30548,5000000,5000000,5000000,2,2
2017-12-02,10000033,30549,5000000,5000000,5000000,2,2
2017-12-02,10000033,30550,5000000,5000000,5000000,3,3
2017-12-02,10000033,30551,5000000,5000000,5000000,3,3
2017-12-02,10000033,30552,5000000,5000000,5000000,1,1
2017-12-02,10000033,30553,5000000,5000000,5000000,3,3
2017-12-02,10000033,30554,5000000,5000000,5000000,4,4
2017-12-02,10000033,30651,1475000,1400000,1500000,4,4
2017-12-02,10000033,30652,1500000,1500000,1500000,1,1
2017-12-02,10000033,30653,1500000,1500000,1500000,2,2
2017-12-02,10000033,30744,200000,200000,200000,11818,33
2017-12-02,10000033,30745,500000,500000,500000,11896,34
2017-12-02,10000033,30746,1500000,1500000,1500000,4763,28
2017-12-02,10000033,30747,5000000,5000000,5000000,3053,26
2017-12-02,10000033,30832,2499999.98,2499999.98,2499999.98,1,1
2017-12-02,10000033,30834,1463814.52,1463814.52,1463814.52,1,1
2017-12-02,10000033,30839,74980,74980,74980,1,1
2017-12-02,10000033,31009,625000,625000,625000,2,1
2017-12-02,10000033,31085,2919999.6,2499999,3200000,5,3
2017-12-02,10000033,31111,4500000,4500000,4500000,1,1
2017-12-02,10000033,31119,2021345.12,2021345.12,2021345.12,16,1
2017-12-02,10000033,31153,679666.67,499000,770000,3,2
2017-12-02,10000033,31155,1195000,1195000,1195000,3,1
2017-12-02,10000033,31159,499999.01,499999.01,499999.01,1,1
2017-12-02,10000033,31165,4495000,4495000,4495000,6,2
2017-12-02,10000033,31179,2100000,2100000,2100000,1,1
2017-12-02,10000033,31183,4495000,4495000,4495000,1,1
2017-12-02,10000033,31201,499999,499999,499999,1,1
2017-12-02,10000033,31213,229999.9,150000,300000,10,7
2017-12-02,10000033,31238,210622.61,210622.61,210622.61,1,1
2017-12-02,10000033,31274,249985.99,249985.99,249985.99,1,1
2017-12-02,10000033,31358,766666.67,700000,800000,3,2
2017-12-02,10000033,31359,125000,125000,125000,1,1
2017-12-02,10000033,31360,2999999.9,2999999.9,2999999.9,4,4
2017-12-02,10000033,31364,4960242.75,4960242.75,4960242.75,1,1
2017-12-02,10000033,31370,350000,350000,350000,3,1
2017-12-02,10000033,31372,990999,990999,990999,23,3
2017-12-02,10000033,31378,19900000,19900000,19900000,1,1
2017-12-02,10000033,31406,3999999.98,3999999.98,3999999.98,1,1
2017-12-02,10000033,31444,1999999.99,1999999.99,1999999.99,3,1
2017-12-02,10000033,31454,195000,195000,195000,1,1
2017-12-02,10000033,31466,120000,120000,120000,1,1
2017-12-02,10000033,31526,1499000,1499000,1499000,1,1
2017-12-02,10000033,31538,1499998,1499998,1499998,1,1
2017-12-02,10000033,31540,4599000.02,4599000.02,4599000.02,1,1
2017-12-02,10000033,31562,599999.89,599999.89,599999.89,4,2
2017-12-02,10000033,31588,1420000,1145000,1695000,2,2
2017-12-02,10000033,31628,17995000,17995000,17995000,1,1
2017-12-02,10000033,31652,7144984.49,1294968.97,12995000,2,2
2017-12-02,10000033,31716,40000,40000,40000,3,2
2017-12-02,10000033,31718,436250,295000,475000,4,4
2017-12-02,10000033,31728,99999,99999,99999,1,1
2017-12-02,10000033,31740,499999,499999,499999,1,1
2017-12-02,10000033,31743,750000,750000,750000,1,1
2017-12-02,10000033,31752,105549.5,100000,111099,2,2
2017-12-02,10000033,31754,295000,295000,295000,1,1
2017-12-02,10000033,31760,6543149.3,6543149.3,6543149.3,1,1
2017-12-02,10000033,31788,524999.86,400000,649999.71,4,2
2017-12-02,10000033,31789,125000,125000,125000,2,2
2017-12-02,10000033,31790,2508998.46,2039887.99,3691995,15,7
2017-12-02,10000033,31791,750000,750000,750000,1,1
2017-12-02,10000033,31796,17200000,17200000,17200000,3,1
2017-12-02,10000033,31800,973999.62,973999.62,973999.62,1,1
2017-12-02,10000033,31801,125000,125000,125000,1,1
2017-12-02,10000033,31802,2221250,2000000,2295000,8,3
2017-12-02,10000033,31803,750000,750000,750000,1,1
2017-12-02,10000033,31866,3252598.7,3252598.7,3252598.7,2,1
2017-12-02,10000033,31872,1750000,1750000,1750000,3,1
2017-12-02,10000033,31876,5500000.1,5500000.1,5500000.1,1,1
2017-12-02,10000033,31880,1790000,1790000,1790000,4,2
2017-12-02,10000033,31932,22676461.25,19901948.33,30999999.99,4,2
2017-12-02,10000033,31982,85728.07,85728.07,85728.07,10,1
2017-12-02,10000033,31998,77905.5,77905.5,77905.5,114,5
2017-12-02,10000033,32006,180793.54,111111,400000,28,4
2017-12-02,10000033,32014,234137.32,51111.93,294123,39,5
2017-12-02,10000033,32043,2576500,2576500,2576500,3,1
2017-12-02,10000033,32339,100000000,100000000,100000000,4,4
2017-12-02,10000033,32435,15000000,15000000,15000000,2,2
2017-12-02,10000033,32772,647500,599999.99,695000,2,2
2017-12-02,10000033,32782,1,1,1,200,1
2017-12-02,10000033,32783,120000,120000,120000,1,1
2017-12-02,10000033,32787,49260.38,35000,64999,23,9
2017-12-02,10000033,32797,500000,500000,500000,3,3
2017-12-02,10000033,32858,7000000,7000000,7000000,1,1
2017-12-02,10000033,32872,1233333.17,1200000,1399999.99,6,6
2017-12-02,10000033,32876,1075000,950000,1200000,2,2
2017-12-02,10000033,32877,8795138,8795138,8795138,1,1
2017-12-02,10000033,32880,273675.16,249000,350000,34,29
2017-12-02,10000033,32881,5277777.77,5277777.77,5277777.77,1,1
2017-12-02,10000033,32918,40000,40000,40000,7,7
2017-12-02,10000033,32999,200000,200000,200000,4,4
2017-12-02,10000033,33000,200000,200000,200000,6,6
2017-12-02,10000033,33001,200000,200000,200000,4,4
2017-12-02,10000033,33002,200000,200000,200000,5,5
2017-12-02,10000033,33076,2454071.2,470000,2950089,5,2
2017-12-02,10000033,33078,1000000,1000000,1000000,7,7
2017-12-02,10000033,33091,100000,100000,100000,15,6
2017-12-02,10000033,33092,100000,100000,100000,11,11
2017-12-02,10000033,33093,100000,100000,100000,3,3
2017-12-02,10000033,33094,100000,100000,100000,2,2
2017-12-02,10000033,33095,1000000,1000000,1000000,16,6
2017-12-02,10000033,33096,1000000,1000000,1000000,6,6
2017-12-02,10000033,33097,1000000,1000000,1000000,4,4
2017-12-02,10000033,33098,1000000,1000000,1000000,3,3
2017-12-02,10000033,33101,1000000,1000000,1000000,3,2
2017-12-02,10000033,33180,250000,250000,250000,3,1
2017-12-02,10000033,33195,1672.93,1000,5710.51,7,4
2017-12-02,10000033,33270,36000,36000,36000,1,1
2017-12-02,10000033,33399,5000000,5000000,5000000,4,4
2017-12-02,10000033,33407,36000000,36000000,36000000,2,2
2017-12-02,10000033,33466,106.07,106.07,106.07,1,1
2017-12-02,10000033,33467,3000000,3000000,3000000,4,4
2017-12-02,10000033,33468,63438002.38,63438002.38,63438002.38,1,1
2017-12-02,10000033,33474,2150000,2150000,2150000,1,1
2017-12-02,10000033,33475,9215623.76,8799998.99,9799999.5,32,27
2017-12-02,10000033,33539,1125802,1125802,1125802,52,2
2017-12-02,10000033,33569,10.01,10.01,10.01,800,2
2017-12-02,10000033,33571,2.12,2.12,2.12,400,2
2017-12-02,10000033,33572,1.25,1.25,1.25,200,1
2017-12-02,10000033,33573,2.16,2.16,2.16,200,1
2017-12-02,10000033,33577,163899.99,163899.99,163899.99,28,2
2017-12-02,10000033,33590,150000000,150000000,150000000,1,1
2017-12-02,10000033,33618,35500001.08,35500001.08,35500001.08,1,1
2017-12-02,10000033,33681,92666666.66,92666666.66,92666666.66,1,1
2017-12-02,10000033,33699,100000,100000,100000,4,4
2017-12-02,10000033,33824,1393888,1393888,1393888,3,1
2017-12-02,10000033,33856,4000000,4000000,4000000,6,6
2017-12-02,10000033,33890,1124099.8,1122000,1132498.99,15,3
2017-12-02,10000033,33894,4195000,4195000,4195000,3,1
2017-12-02,10000033,33915,499999.01,499999.01,499999.01,1,1
2017-12-02,10000033,34201,328285.72,328000,330000,7,5
2017-12-02,10000033,34202,1752000,1752000,1752000,1,1
2017-12-02,10000033,34203,475228.07,416684.38,500000,17,5
2017-12-02,10000033,34204,817250.71,801000,914755,7,2
2017-12-02,10000033,34205,277295.38,276279.99,277600,13,4
2017-12-02,10000033,34206,240151.11,222299.99,250000,45,8
2017-12-02,10000033,34207,2762000,2762000,2762000,2,1
2017-12-02,10000033,34328,1200000000,1200000000,1200000000,1,1
2017-12-02,10000033,34390,1000000,1000000,1000000,2,1
2017-12-02,10000033,34393,10000.01,10000.01,10000.01,1,1
2017-12-02,10000033,34417,1,1,1,1,1
2017-12-02,10000033,34418,1,1,1,1,1
2017-12-02,10000033,34419,1,1,1,1,1
2017-12-02,10000033,34420,1,1,1,1,1
2017-12-02,10000033,34421,1,1,1,1,1
2017-12-02,10000033,34422,1,1,1,1,1
2017-12-02,10000033,34423,1,1,1,1,1
2017-12-02,10000033,34424,1,1,1,1,1
2017-12-02,10000033,34425,1,1,1,1,1
2017-12-02,10000033,34426,1,1,1,1,1
2017-12-02,10000033,34427,1,1,1,1,1
2017-12-02,10000033,34428,1,1,1,1,1
2017-12-02,10000033,34429,1,1,1,1,1
2017-12-02,10000033,34430,1,1,1,1,1
2017-12-02,10000033,34431,1,1,1,1,1
2017-12-02,10000033,34432,1,1,1,1,1
2017-12-02,10000033,34433,1,1,1,1,1
2017-12-02,10000033,34434,1,1,1,1,1
2017-12-02,10000033,34435,1,1,1,1,1
2017-12-02,10000033,34436,1,1,1,1,1
2017-12-02,10000033,34496,1100000,1000000,1500000,5,2
2017-12-02,10000033,34533,1000000,1000000,1000000,2,1
2017-12-02,10000033,34747,2079998.7,2079998.7,2079998.7,1,1
2017-12-02,10000033,35656,30382.6,4299.09,49995,7,6
2017-12-02,10000033,35657,139750.03,29000.09,209000.01,8,6
2017-12-02,10000033,35658,57574.4,5100.01,214997.5,8,6
2017-12-02,10000033,35659,20378.76,20000,35000,8,7
2017-12-02,10000033,35660,18998.37,3500.06,49995,6,6
2017-12-02,10000033,35661,251011.08,251011,251011.11,4,3
2017-12-02,10000033,35662,240000,239999.99,240000,3,3
2017-12-02,10000033,35680,1000000,1000000,1000000,3,3
2017-12-02,10000033,35683,53999999.99,53999999.99,53999999.99,1,1
2017-12-02,10000033,35685,1000000,1000000,1000000,2,2
2017-12-02,10000033,35790,3639999.4,2199999,3999999.5,5,3
2017-12-02,10000033,35794,74997.49,49994.99,99999.99,4,2
2017-12-02,10000033,35795,49995,49995,49995,2,1
2017-12-02,10000033,35796,1500000,1500000,1500000,1,1
2017-12-02,10000033,35797,1500000,1500000,1500000,1,1
2017-12-02,10000033,36910,11000000,11000000,11000000,2,1
2017-12-02,10000033,37450,389998.55,389998.55,389998.55,1,1
2017-12-02,10000033,37457,30000000,30000000,30000000,2,1
2017-12-02,10000033,37544,529.31,120.99,1345.95,3,3
2017-12-02,10000033,37545,124.08,124.08,124.08,1,1
2017-12-02,10000033,37608,1450001,1450001,1450001,2,1
2017-12-02,10000033,37610,1001002.12,1001002.12,1001002.12,2,2
2017-12-02,10000033,37611,1201001.01,1201001.01,1201001.01,1,1
2017-12-02,10000033,37615,20000000,20000000,20000000,2,2
2017-12-02,10000033,37796,5000000,5000000,5000000,2,2
2017-12-02,10000033,37797,5000000,5000000,5000000,1,1
2017-12-02,10000033,37798,5000000,5000000,5000000,5,5
2017-12-02,10000033,37799,5000000,5000000,5000000,5,5
2017-12-02,10000033,40328,4000000,4000000,4000000,2,2
2017-12-02,10000033,40336,1500000,1500000,1500000,1,1
2017-12-02,10000033,40337,1500000,1500000,1500000,1,1
2017-12-02,10000033,40519,341008079.33,341008079.03,341008079.99,8,3
2017-12-02,10000033,40520,805699909.09,802599500,807800000,11,8
2017-12-02,10000033,40572,100000000,100000000,100000000,2,2
2017-12-02,10000033,40573,100000000,100000000,100000000,2,2
2017-12-02,10000033,40740,1200000,1200000,1200000,2,1
2017-12-02,10000033,40743,2400000,2400000,2400000,1,1
2017-12-02,10000033,40751,1200000,1200000,1200000,1,1
2017-12-02,10000033,40757,2400000,2400000,2400000,1,1
2017-12-02,10000033,41031,151.06,151.05,151.06,4,4
2017-12-02,10000033,41032,151.07,151.06,151.07,6,6
2017-12-02,10000033,41033,24.41,0.01,122,5,2
2017-12-02,10000033,41034,50617.01,2500,60000,31,6
2017-12-02,10000033,41054,376500,203000,550000,2,2
2017-12-02,10000033,41055,190002,190002,190002,3,3
2017-12-02,10000033,41056,202002,202002,202002,2,2
2017-12-02,10000033,41155,49750,49750,49750,9,3
2017-12-02,10000033,41215,31000000.1,31000000.1,31000000.1,1,1
2017-12-02,10000033,41230,1500000,1500000,1500000,2,2
2017-12-02,10000033,41409,27000000,27000000,27000000,3,3
2017-12-02,10000033,41410,27000000,27000000,27000000,3,3
2017-12-02,10000033,41414,129999998.98,129999998.98,129999998.98,3,1
2017-12-02,10000033,41489,20000,20000,20000,5,1
2017-12-02,10000033,41490,1099999,1099999,1099999,3,1
2017-12-02,10000033,42244,52530011.21,52530011.21,52530011.21,1,1
2017-12-02,10000033,42528,1148256.03,1141391.21,1150000,5,3
2017-12-02,10000033,42752,4998000,4998000,4998000,1,1
2017-12-02,10000033,42829,1374.98,1374.98,1374.98,1437,3
2017-12-02,10000033,42830,231.4,231.4,231.4,8943,5
2017-12-02,10000033,42831,1398.98,1398.98,1398.98,1500,3
2017-12-02,10000033,42877,10000000,10000000,10000000,2,2
2017-12-02,10000033,42878,10000000,10000000,10000000,3,3
2017-12-02,10000033,42879,10000000,10000000,10000000,2,2
2017-12-02,10000033,42883,10000000,10000000,10000000,2,2
2017-12-02,10000033,42884,10000000,10000000,10000000,2,2
2017-12-02,10000033,42885,10000000,10000000,10000000,2,2
2017-12-02,10000033,43530,3965854,3965854,3965854,1,1
2017-12-02,10000033,43545,2000000,2000000,2000000,1,1
2017-12-02,10000033,43548,2000000,2000000,2000000,1,1
2017-12-02,10000033,43551,4661244.86,4424994.13,5999998.98,20,3
2017-12-02,10000033,43699,189999,189999,189999,13,5
2017-12-02,10000033,43700,4249999,4249999,4249999,1,1
2017-12-02,10000033,43702,1063800,80000,4999000,5,5
2017-12-02,10000033,43703,18000000,18000000,18000000,4,4
2017-12-02,10000033,43904,750000,750000,750000,1,1
2017-12-02,10000033,44067,250000000,250000000,250000000,1,1
2017-12-02,10000033,44992,3202036.85,3202035.09,3230036.13,12590,36
2017-12-02,10000033,45590,9420000,9420000,9420000,1,1
2017-12-02,10000033,45601,3562000,3562000,3562000,1,1
2017-12-02,10000033,45610,69999998.8,69999998.8,69999998.8,1,1
2017-12-02,10000033,45615,26500000,4000000,49000000,2,2
2017-12-02,10000033,45625,3399920.52,3399920.52,3399920.52,1,1
2017-12-02,10000033,45626,14390000.02,14390000.02,14390000.02,2,2
2017-12-02,10000033,45635,172366666.45,169300000,172999999,9,7
2017-12-02,10000033,45746,1000000,1000000,1000000,10,6
2017-12-02,10000033,45748,5000000,5000000,5000000,7,3
2017-12-02,10000033,45750,15000000,15000000,15000000,1,1
2017-12-02,10000033,45770,11.11,11.11,11.11,1,1
2017-12-02,10000033,45815,400000,400000,400000,1,1
2017-12-02,10000033,45884,98000,98000,98000,1,1
2017-12-02,10000033,45893,298000,298000,298000,1,1
2017-12-02,10000033,45955,3999999.87,3999999.87,3999999.87,1,1
2017-12-02,10000033,45999,11000000,11000000,11000000,1,1
2017-12-02,10000033,46002,500000.01,500000.01,500000.01,1,1
2017-12-02,10000033,46005,2000000,2000000,2000000,1,1
2017-12-02,10000033,46008,10000,10000,10000,3,1
2017-12-02,10000033,46155,25000000,25000000,25000000,1,1
2017-12-02,10000033,46156,30000000,30000000,30000000,1,1
2017-12-02,10000033,46167,10000000,10000000,10000000,1,1
2017-12-02,10000033,46218,20000000,20000000,20000000,1,1
2017-12-02,10000033,46381,4000000,4000000,4000000,1,1
2017-12-02,10000033,46643,100000000,100000000,100000000,1,1
2017-12-02,10000033,46645,100000000,100000000,100000000,1,1
2017-12-02,10000033,46647,100000000,100000000,100000000,1,1
2017-12-02,10000034,34,5,5,5,2000000,1
2017-12-02,10000034,35,4,4,4,16027,1
2017-12-02,10000034,36,67,67,67,47334,1
2017-12-02,10000034,37,49,49,49,50000,1
2017-12-02,10000034,40,1100,1100,1100,100,1
2017-12-02,10000034,44,15000,15000,15000,2535,1
2017-12-02,10000034,202,250,250,250,2500,3
2017-12-02,10000034,207,60,60,60,1100,2
2017-12-02,10000034,209,25,25,25,26007,1
2017-12-02,10000034,227,65,65,65,800,1
2017-12-02,10000034,377,38999,38999,38999,2,1
2017-12-02,10000034,394,500000,500000,500000,1,1
2017-12-02,10000034,399,39000,39000,39000,2,1
2017-12-02,10000034,434,174999.49,149998.98,200000,2,2
2017-12-02,10000034,444,48666.67,48000,49000,3,2
2017-12-02,10000034,499,28000,28000,28000,7,1
2017-12-02,10000034,567,100000,100000,100000,2,1
2017-12-02,10000034,578,228500,228500,228500,1,1
2017-12-02,10000034,607,300000,300000,300000,1,1
2017-12-02,10000034,644,180000000,180000000,180000000,1,1
2017-12-02,10000034,650,1200000,1200000,1200000,1,1
2017-12-02,10000034,654,1900000,1900000,1900000,1,1
2017-12-02,10000034,655,2200000,1900000,2500000,2,2
2017-12-02,10000034,656,1500000,1500000,1500000,1,1
2017-12-02,10000034,657,1966666.67,1900000,2000000,3,3
2017-12-02,10000034,672,90000,90000,90000,2,2
2017-12-02,10000034,1244,38699,38699,38699,2,1
2017-12-02,10000034,1317,180000,180000,180000,4,2
2017-12-02,10000034,1319,1498803.64,621710.5,2000000,22,8
2017-12-02,10000034,1353,150000,150000,150000,1,1
2017-12-02,10000034,1405,550000,550000,550000,1,1
2017-12-02,10000034,1422,1000000,1000000,1000000,1,1
2017-12-02,10000034,1447,1550000,1550000,1550000,1,1
2017-12-02,10000034,1877,1540000,1540000,1540000,6,1
2017-12-02,10000034,1978,1750999.95,1750999.95,1750999.95,1,1
2017-12-02,10000034,2020,340000,340000,340000,1,1
2017-12-02,10000034,2024,1500000,1500000,1500000,1,1
2017-12-02,10000034,2032,711200,600000,739000,10,5
2017-12-02,10000034,2048,718848.41,700000,850393.65,8,4
2017-12-02,10000034,2173,50000,50000,50000,16,3
2017-12-02,10000034,2175,1558862.68,1558862.68,1558862.68,5,1
2017-12-02,10000034,2183,37199.84,18000,38000,25,3
2017-12-02,10000034,2193,212500,125000,300000,10,2
2017-12-02,10000034,2195,2586040.23,2586040.23,2586040.23,20,1
2017-12-02,10000034,2203,10499.64,5309.53,79899,16,3
2017-12-02,10000034,2205,486837.03,460000,496816,26,7
2017-12-02,10000034,2254,1999999.97,1999999.97,1999999.97,1,1
2017-12-02,10000034,2281,2526923.08,2500000,2750000,13,9
2017-12-02,10000034,2289,120000,120000,120000,2,1
2017-12-02,10000034,2333,2300000,2300000,2300000,2,2
2017-12-02,10000034,2400,500,500,500,10000,1
2017-12-02,10000034,2410,2000000,2000000,2000000,1,1
2017-12-02,10000034,2444,100000,100000,100000,3,1
2017-12-02,10000034,2488,569758.06,569758.06,569758.06,5,1
2017-12-02,10000034,2508,430,430,430,5000,1
2017-12-02,10000034,2512,8.5,8.5,8.5,400,1
2017-12-02,10000034,2525,3449999.97,1899999.93,5000000,2,2
2017-12-02,10000034,2550,5000000,5000000,5000000,1,1
2017-12-02,10000034,2605,601979.8,581399.71,650000,10,4
2017-12-02,10000034,2621,600,600,600,2738,3
2017-12-02,10000034,2629,750,750,750,10000,1
2017-12-02,10000034,3082,2758000,2758000,2758000,6,1
2017-12-02,10000034,3130,2200000,2200000,2200000,4,1
2017-12-02,10000034,3322,210000,210000,210000,1,1
2017-12-02,10000034,3337,5900000,5900000,5900000,1,1
2017-12-02,10000034,3421,260000,260000,260000,1,1
2017-12-02,10000034,3423,200000,200000,200000,1,1
2017-12-02,10000034,3504,2300000,2300000,2300000,1,1
2017-12-02,10000034,3528,200000,200000,200000,2,1
2017-12-02,10000034,3530,1250000,1250000,1250000,1,1
2017-12-02,10000034,3540,1750000,1750000,1750000,1,1
2017-12-02,10000034,3568,2499999.99,2499999.99,2499999.99,1,1
2017-12-02,10000034,3598,740183.09,740183.09,740183.09,1,1
2017-12-02,10000034,3689,9000,9000,9000,585,1
2017-12-02,10000034,3829,178000,178000,178000,3,1
2017-12-02,10000034,3831,1770000,1550000,2100000,5,2
2017-12-02,10000034,3841,1327272.73,1300000,1354545.45,10,5
2017-12-02,10000034,3888,2097990.22,2097990.22,2097990.22,1,1
2017-12-02,10000034,4246,22000,22000,22000,4000,1
2017-12-02,10000034,4312,22500,22500,22500,4250,1
2017-12-02,10000034,4383,2000000,2000000,2000000,3,1
2017-12-02,10000034,4385,6000000,6000000,6000000,1,1
2017-12-02,10000034,4403,3099266.04,3099266.04,3099266.04,1,1
2017-12-02,10000034,4405,1250000,1250000,1250000,7,3
2017-12-02,10000034,5493,99999.96,99999.96,99999.96,7,1
2017-12-02,10000034,5839,2300000,2300000,2300000,1,1
2017-12-02,10000034,5975,699999.97,699999.97,699999.97,1,1
2017-12-02,10000034,6160,449999.99,449999.99,449999.99,1,1
2017-12-02,10000034,8639,975819.98,975819.98,975819.98,2,1
2017-12-02,10000034,8641,550000,550000,550000,2,1
2017-12-02,10000034,9842,16000,16000,16000,334,3
2017-12-02,10000034,10250,900000,900000,900000,198,2
2017-12-02,10000034,10836,88500,88500,88500,1,1
2017-12-02,10000034,10998,361000,350000,383000.01,15,3
2017-12-02,10000034,11188,30000000,30000000,30000000,1,1
2017-12-02,10000034,11200,32000000,32000000,32000000,1,1
2017-12-02,10000034,11267,230000,230000,230000,6,1
2017-12-02,10000034,11269,925000,850000,1000000,8,3
2017-12-02,10000034,11277,119000,119000,119000,1,1
2017-12-02,10000034,11285,3000,3000,3000,20,1
2017-12-02,10000034,11289,6500,6500,6500,40,3
2017-12-02,10000034,11357,70000,70000,70000,6,1
2017-12-02,10000034,11370,1700000,1700000,1700000,2,2
2017-12-02,10000034,11540,70000,70000,70000,326,2
2017-12-02,10000034,11561,410000,410000,410000,2,2
2017-12-02,10000034,11578,6425000,6425000,6425000,1,1
2017-12-02,10000034,11640,750000,750000,750000,3,1
2017-12-02,10000034,11644,1900000,1900000,1900000,1,1
2017-12-02,10000034,11646,2600000,2600000,2600000,1,1
2017-12-02,10000034,11859,282640,282640,282640,1,1
2017-12-02,10000034,12052,280000,280000,280000,2,2
2017-12-02,10000034,12054,1150000,1150000,1150000,1,1
2017-12-02,10000034,12056,80000,80000,80000,2,2
2017-12-02,10000034,12058,3250000,3250000,3250000,1,1
2017-12-02,10000034,12198,1100000,1100000,1100000,2,1
2017-12-02,10000034,12785,100,100,100,5000,1
2017-12-02,10000034,12801,210,210,210,1500,1
2017-12-02,10000034,12805,200,200,200,1500,1
2017-12-02,10000034,16272,420.76,420.76,420.76,620000,7
2017-12-02,10000034,16273,117,117,117,66119,12
2017-12-02,10000034,16281,610000,610000,610000,1,1
2017-12-02,10000034,16639,4000,4000,4000,82238,1
2017-12-02,10000034,17363,420000,420000,420000,1,1
2017-12-02,10000034,17367,599999.93,599999.93,599999.93,10,1
2017-12-02,10000034,17715,239000000,239000000,239000000,1,1
2017-12-02,10000034,17736,420000000,420000000,420000000,1,1
2017-12-02,10000034,17843,95000000,95000000,95000000,1,1
2017-12-02,10000034,17888,1395.44,1395.44,1395.44,5444,1
2017-12-02,10000034,17912,4899444.45,4897777.78,4900000,8,3
2017-12-02,10000034,18054,350000,350000,350000,4,1
2017-12-02,10000034,18590,750000,750000,750000,2,1
2017-12-02,10000034,18592,500000,500000,500000,2,1
2017-12-02,10000034,18596,500000,500000,500000,2,1
2017-12-02,10000034,18598,750000,750000,750000,2,1
2017-12-02,10000034,18624,750000,750000,750000,2,1
2017-12-02,10000034,18639,286117.7,280000,292235.39,2,2
2017-12-02,10000034,19143,35401016.2,35401016.2,35401016.2,1,1
2017-12-02,10000034,20351,1750000,1750000,1750000,2,1
2017-12-02,10000034,20353,3900000,3900000,3900000,1,1
2017-12-02,10000034,21096,2780000.06,1699999,3500000.76,5,5
2017-12-02,10000034,21740,1200,1200,1200,5000,1
2017-12-02,10000034,21894,1150,1150,1150,30000,1
2017-12-02,10000034,22291,1242596.59,1150000,1273462.13,8,3
2017-12-02,10000034,22542,100000,100000,100000,12,1
2017-12-02,10000034,22544,398000000,398000000,398000000,1,1
2017-12-02,10000034,22578,190000,190000,190000,2,1
2017-12-02,10000034,23055,4388633.84,3101308.03,4500000,70,3
2017-12-02,10000034,23527,1374975,1000000,2499899.99,4,2
2017-12-02,10000034,23707,59999.98,59999.98,59999.98,10,2
2017-12-02,10000034,24305,4600000,4600000,4600000,2,1
2017-12-02,10000034,24395,670000,650000,680000,3,2
2017-12-02,10000034,24427,1470627.53,1451045.89,1500000,5,3
2017-12-02,10000034,24438,1250000,1250000,1250000,2,1
2017-12-02,10000034,24509,450,450,450,5135,1
2017-12-02,10000034,25948,7000000,7000000,7000000,6,1
2017-12-02,10000034,26929,1800000,1800000,1800000,1,1
2017-12-02,10000034,27361,1250,1250,1250,4000,1
2017-12-02,10000034,28362,1,1,1,44,1
2017-12-02,10000034,28363,1,1,1,11,1
2017-12-02,10000034,28364,1,1,1,1,1
2017-12-02,10000034,28576,1500000,1500000,1500000,2,1
2017-12-02,10000034,29009,33999.98,32999.96,35000,2,2
2017-12-02,10000034,29011,32123.74,9495,36999.97,4,4
2017-12-02,10000034,29015,45000,45000,45000,10,1
2017-12-02,10000034,30028,175959.69,166417.55,180730.76,24,3
2017-12-02,10000034,30834,1800000,1800000,1800000,1,1
2017-12-02,10000034,31011,1500000,1500000,1500000,1,1
2017-12-02,10000034,31035,1600000,1600000,1600000,1,1
2017-12-02,10000034,31055,2500000,2500000,2500000,2,2
2017-12-02,10000034,31065,2400000,2400000,2400000,1,1
2017-12-02,10000034,31105,600000,600000,600000,1,1
2017-12-02,10000034,31153,900000,900000,900000,1,1
2017-12-02,10000034,31718,1050000,600000,1500000,2,2
2017-12-02,10000034,31724,4500000,4500000,4500000,1,1
2017-12-02,10000034,31760,4500000,4500000,4500000,3,2
2017-12-02,10000034,31790,3800000,3800000,3800000,3,1
2017-12-02,10000034,31870,6000000,6000000,6000000,5,1
2017-12-02,10000034,32006,150000,150000,150000,1,1
2017-12-02,10000034,32876,1350000,1350000,1350000,1,1
2017-12-02,10000034,33474,2959999.98,2959999.98,2959999.98,1,1
2017-12-02,10000034,33475,12000000,12000000,12000000,2,1
2017-12-02,10000034,33681,151200000.01,151200000.01,151200000.01,1,1
2017-12-02,10000034,35656,649999.93,649999.93,649999.93,1,1
2017-12-02,10000034,35658,500000,500000,500000,1,1
2017-12-02,10000034,35659,608199.9,125000,849799.85,3,3
2017-12-02,10000034,35661,2000000,2000000,2000000,1,1
2017-12-02,10000034,35771,1500000,1500000,1500000,1,1
2017-12-02,10000034,35790,2000000,2000000,2000000,1,1
2017-12-02,10000034,35794,74025.25,74025.25,74025.25,2,2
2017-12-02,10000034,40347,8300000,8300000,8300000,3,1
2017-12-02,10000034,40520,964625000,964625000,964625000,2,2
2017-12-02,10000034,40556,14883636.36,14000000,14900000,55,4
2017-12-02,10000034,40557,14900000,14900000,14900000,2,2
2017-12-02,10000034,40570,24000000,24000000,24000000,12,1
2017-12-02,10000034,41415,171500000.21,171500000.21,171500000.21,1,1
2017-12-02,10000034,42829,599,599,599,30100,3
2017-12-02,10000034,42830,600,600,600,59400,4
2017-12-02,10000034,42831,599,599,599,65000,5
2017-12-02,10000034,43555,3500000,3500000,3500000,1,1
2017-12-02,10000034,43700,4200000,4200000,4200000,1,1
2017-12-02,10000034,44992,3700000,3700000,3700000,50,2
2017-12-02,10000035,34,4.8,4.62,4.8,39909177,24
2017-12-02,10000035,35,4.59,4.23,4.67,11395284,20
2017-12-02,10000035,36,66,66,66,42603411,33
2017-12-02,10000035,37,42.85,42.09,46,397088,16
2017-12-02,10000035,38,300.01,276.35,301,188607,21
2017-12-02,10000035,39,775.08,775.08,775.08,64362,16
2017-12-02,10000035,40,1075.95,901,1285,122557,18
2017-12-02,10000035,44,8303.19,8303.19,8303.19,1635,1
2017-12-02,10000035,203,350,350,350,20000,1
2017-12-02,10000035,208,95.94,95.94,95.94,5000,1
2017-12-02,10000035,209,157.45,157.45,157.45,63641,4
2017-12-02,10000035,215,60,60,60,1000,2
2017-12-02,10000035,221,49,49,49,600,1
2017-12-02,10000035,222,149.99,149.99,149.99,14000,4
2017-12-02,10000035,230,76.29,76.29,76.29,3000,2
2017-12-02,10000035,231,22.5,20,25,200,2
2017-12-02,10000035,267,175,175,175,1000,1
2017-12-02,10000035,380,454576.28,449000,493401.41,17,14
2017-12-02,10000035,394,500000,500000,500000,2,2
2017-12-02,10000035,400,323750,250000,397500,4,4
2017-12-02,10000035,434,128999.5,99999,157999.99,2,2
2017-12-02,10000035,438,3351435.58,3000000,3450000,12,12
2017-12-02,10000035,439,90000,90000,90000,1,1
2017-12-02,10000035,440,4708575.11,4399999.99,5150000,19,15
2017-12-02,10000035,444,85000,85000,85000,2,1
2017-12-02,10000035,448,1975738.23,1900000,1999999,47,44
2017-12-02,10000035,482,1450000,1450000,1450000,1,1
2017-12-02,10000035,483,25000,25000,25000,2,1
2017-12-02,10000035,484,99999.99,99999.99,99999.99,10,1
2017-12-02,10000035,486,78000,78000,78000,35,1
2017-12-02,10000035,499,28000,28000,28000,15,2
2017-12-02,10000035,519,1217903.03,1139862.14,1224997.66,24,12
2017-12-02,10000035,526,84998.98,84998.98,84998.98,3,2
2017-12-02,10000035,527,1243749.97,1099999.99,1387499.95,20,17
2017-12-02,10000035,565,100000,100000,100000,7,1
2017-12-02,10000035,570,270000,270000,270000,1,1
2017-12-02,10000035,577,28124,28124,28124,1,1
2017-12-02,10000035,578,175013.78,175000,175034.46,5,2
2017-12-02,10000035,583,445063.28,445063.28,445063.28,1,1
2017-12-02,10000035,584,875000,500000,1250000,2,2
2017-12-02,10000035,585,597421.45,596132.18,600000,3,3
2017-12-02,10000035,586,590120.9,590120.9,590120.9,1,1
2017-12-02,10000035,587,944565.22,898296.62,1364122.54,5,4
2017-12-02,10000035,590,549000,549000,549000,4,1
2017-12-02,10000035,593,450000,450000,450000,1,1
2017-12-02,10000035,594,444999.67,444999,445000,3,3
2017-12-02,10000035,597,600000,600000,600000,2,2
2017-12-02,10000035,599,499555.55,499555.55,499555.55,2,1
2017-12-02,10000035,602,324892.04,300000,420593.5,14,5
2017-12-02,10000035,603,409000,388000,430000,4,4
2017-12-02,10000035,605,500000,500000,500000,5,5
2017-12-02,10000035,607,574999.99,500000,599999.99,4,3
2017-12-02,10000035,608,337391.3,249999.99,424782.61,2,2
2017-12-02,10000035,609,583000,583000,583000,1,1
2017-12-02,10000035,620,8649999.5,8649999.5,8649999.5,2,2
2017-12-02,10000035,621,7352499.75,5000000,9159999,8,8
2017-12-02,10000035,622,10300000,10300000,10300000,2,2
2017-12-02,10000035,623,10000000,10000000,10000000,1,1
2017-12-02,10000035,626,10000000,10000000,10000000,2,2
2017-12-02,10000035,640,169000000.66,169000000.66,169000000.66,1,1
2017-12-02,10000035,642,149333333,147999999,150000000,3,2
2017-12-02,10000035,649,2041666.67,2000000,2250000,6,6
2017-12-02,10000035,650,1945681.12,1945681.12,1945681.12,2,2
2017-12-02,10000035,651,1100000,1100000,1100000,1,1
2017-12-02,10000035,652,1950000,1950000,1950000,1,1
2017-12-02,10000035,653,1999999.99,1999999.99,1999999.99,3,2
2017-12-02,10000035,654,1626619.06,1396795.93,1800000,7,6
2017-12-02,10000035,655,1884290.42,1574999.5,1956986,16,14
2017-12-02,10000035,656,1558271.27,1500000,1824813.82,6,4
2017-12-02,10000035,657,2062499.99,1999999.99,2500000,8,8
2017-12-02,10000035,1182,740000,320000,950000,6,5
2017-12-02,10000035,1183,843333.33,722000,1450000,6,5
2017-12-02,10000035,1185,20000,20000,20000,2,1
2017-12-02,10000035,1201,300425.66,212499,409067.45,40,7
2017-12-02,10000035,1223,3489.01,3489.01,3489.01,1500,2
2017-12-02,10000035,1236,914055.64,899999.5,924988.98,16,12
2017-12-02,10000035,1244,200000,200000,200000,2,1
2017-12-02,10000035,1246,100000,100000,100000,2,1
2017-12-02,10000035,1248,983025,980000,1238150,12,8
2017-12-02,10000035,1306,302397.19,287000.01,320978.9,15,12
2017-12-02,10000035,1317,70910.48,70000,94000,34,9
2017-12-02,10000035,1319,852539.81,600000,889999.77,126,40
2017-12-02,10000035,1335,389655.17,325000,699999.99,29,9
2017-12-02,10000035,1353,83333.29,49999.96,149999.94,3,2
2017-12-02,10000035,1355,1063000,1063000,1063000,3,3
2017-12-02,10000035,1403,37249.99,37249.99,37249.99,1,1
2017-12-02,10000035,1405,899999.99,899999.99,899999.99,138,61
2017-12-02,10000035,1422,1019706.88,981534.39,1222000,10,6
2017-12-02,10000035,1436,1495000.01,1495000.01,1495000.01,1,1
2017-12-02,10000035,1445,100000,100000,100000,5,2
2017-12-02,10000035,1447,798463.01,750000,872825.24,29,15
2017-12-02,10000035,1541,1320678.5,1270000,1338000,28,17
2017-12-02,10000035,1565,999999.99,999999.99,999999.99,1,1
2017-12-02,10000035,1877,1580104.15,1495000,1589999.98,48,7
2017-12-02,10000035,1944,1450000,1200000,1700000,2,2
2017-12-02,10000035,1952,1514023.76,1514023.76,1595000,104,42
2017-12-02,10000035,1969,2149999.97,2149999.97,2149999.97,5,4
2017-12-02,10000035,1973,9869.99,9869.99,9869.99,3,1
2017-12-02,10000035,1978,1383901.04,1327125,1384998.64,28,13
2017-12-02,10000035,1987,1002251.53,1000000,1138500,12,9
2017-12-02,10000035,1998,75000,75000,75000,1,1
2017-12-02,10000035,1999,930776.17,896000,933897.99,13,10
2017-12-02,10000035,2006,7450000,7450000,7450000,1,1
2017-12-02,10000035,2018,45000,45000,45000,1,1
2017-12-02,10000035,2024,1100000,1100000,1100000,4,4
2017-12-02,10000035,2032,598772.17,533345.26,793000,20,13
2017-12-02,10000035,2038,2473000,2473000,2473000,1,1
2017-12-02,10000035,2046,33333.33,20000,100000,6,6
2017-12-02,10000035,2048,618997.99,618997.99,618998,120,102
2017-12-02,10000035,2109,2100000.66,2100000.66,2100000.66,2,2
2017-12-02,10000035,2117,2342500,2340000,2344999.99,4,3
2017-12-02,10000035,2161,500000,500000,500000,1,1
2017-12-02,10000035,2173,31136.25,31136.25,31136.25,14,4
2017-12-02,10000035,2175,1232359.73,1154833.99,1309885.44,14,5
2017-12-02,10000035,2183,37282.49,32782.49,50782.49,20,4
2017-12-02,10000035,2185,1104463.12,1080500,1400000,41,9
2017-12-02,10000035,2195,2749930.99,2400000,3440000,10,3
2017-12-02,10000035,2203,5622.94,4243.75,13386.96,16,4
2017-12-02,10000035,2205,501856.17,495096.31,510000,65,14
2017-12-02,10000035,2254,692307.68,500000,875000,13,8
2017-12-02,10000035,2281,3346739.37,3250000,3449999,83,63
2017-12-02,10000035,2291,75000,75000,75000,1,1
2017-12-02,10000035,2293,125000,125000,125000,2,2
2017-12-02,10000035,2297,1999993,1999993,1999993,1,1
2017-12-02,10000035,2299,2250428.47,2012499.98,2337448.23,27,19
2017-12-02,10000035,2301,2406309.67,2219251.99,3250000,17,13
2017-12-02,10000035,2303,2071199.5,1959998.92,2089999.99,15,11
2017-12-02,10000035,2333,1772576.25,1334570.59,2000000,17,13
2017-12-02,10000035,2351,13750.22,13750.22,13750.22,1,1
2017-12-02,10000035,2364,1083999.33,1011999,1119999.5,6,4
2017-12-02,10000035,2393,215.93,215.93,215.93,140,1
2017-12-02,10000035,2396,201.02,201.02,201.02,140,1
2017-12-02,10000035,2401,824.99,824.99,824.99,11020,2
2017-12-02,10000035,2404,1495946.68,1199999.99,1500608.91,65,18
2017-12-02,10000035,2410,1274519.95,1049999,1800000,29,6
2017-12-02,10000035,2420,5390000,5390000,5390000,3,1
2017-12-02,10000035,2436,2430000,2277499.04,2435000,241,48
2017-12-02,10000035,2444,57666.33,52999,60000,6,2
2017-12-02,10000035,2446,2109249.73,1890000,2400000,32,10
2017-12-02,10000035,2454,3999,3991.31,4000,78,9
2017-12-02,10000035,2456,459999.99,457500,577085.35,166,22
2017-12-02,10000035,2464,7500,7500,7500,41,4
2017-12-02,10000035,2466,358871.77,358871.77,358871.77,478,28
2017-12-02,10000035,2476,104066.89,74799.99,133333.79,4,2
2017-12-02,10000035,2478,1999998.99,1999998.99,1999998.99,2,1
2017-12-02,10000035,2486,25222.22,10000,35000,9,3
2017-12-02,10000035,2488,449999,440999.99,450000,385,67
2017-12-02,10000035,2524,1116604.52,1000000,1200000,34,15
2017-12-02,10000035,2525,701091.21,500000,995000,9,6
2017-12-02,10000035,2533,664884.94,550000,887039.76,8,7
2017-12-02,10000035,2534,1182812.49,999999.89,1195000,16,4
2017-12-02,10000035,2539,1363324.98,1329989.98,1930000,18,4
2017-12-02,10000035,2545,25000,25000,25000,6,2
2017-12-02,10000035,2547,1108509.36,929999.97,1283000,25,4
2017-12-02,10000035,2549,1066740.59,1000000,1114000,17,9
2017-12-02,10000035,2550,812458.99,500000,995000,25,12
2017-12-02,10000035,2551,934734.7,675112.33,995000,18,4
2017-12-02,10000035,2553,1135523.42,1029999.98,1265000,40,20
2017-12-02,10000035,2567,1900000,1900000,1900000,2,1
2017-12-02,10000035,2603,80000,80000,80000,2,1
2017-12-02,10000035,2605,411557,399000,498900,53,39
2017-12-02,10000035,2613,175,175,175,25153,14
2017-12-02,10000035,2629,600,600,600,81264,11
2017-12-02,10000035,2655,727.76,727.76,727.76,3000,3
2017-12-02,10000035,2679,185.12,185.12,185.12,88760,9
2017-12-02,10000035,2817,79.95,79.95,79.95,1799,3
2017-12-02,10000035,2869,1000009,1000009,1000009,50,1
2017-12-02,10000035,2870,700000.16,700000.16,700000.16,4,2
2017-12-02,10000035,2873,769999.99,769999.99,769999.99,1,1
2017-12-02,10000035,2876,1500000,1500000,1500000,1,1
2017-12-02,10000035,2889,876386.57,788457.56,905999.99,21,7
2017-12-02,10000035,2897,1938999.66,1938999.66,1938999.66,9,2
2017-12-02,10000035,2913,2100000,2100000,2100000,8,2
2017-12-02,10000035,2929,4099999.99,4099999.99,4099999.99,7,1
2017-12-02,10000035,2937,1857000,1857000,1857000,8,2
2017-12-02,10000035,2961,5880000.22,5750000,5945000.33,18,3
2017-12-02,10000035,2969,1749999.99,1749999.99,1749999.99,5,1
2017-12-02,10000035,2977,999999.33,999999,1000000,12,6
2017-12-02,10000035,2993,695434.36,695434.36,695434.36,8,2
2017-12-02,10000035,2998,69999999.83,67499999.5,71000000,6,6
2017-12-02,10000035,3001,510998.99,510998.99,510998.99,8,1
2017-12-02,10000035,3041,575000,575000,575000,11,2
2017-12-02,10000035,3057,4800000,4800000,4800000,6,2
2017-12-02,10000035,3074,1053541.6,899998,1187049.15,36,9
2017-12-02,10000035,3082,1999993.97,1989992.96,1999996,298,13
2017-12-02,10000035,3090,5898892.83,5898892.66,5898893,16,2
2017-12-02,10000035,3098,600000,599999.99,600000,11,4
2017-12-02,10000035,3122,5389989.91,5389989.91,5389989.91,8,1
2017-12-02,10000035,3146,2616478.24,2304999.98,3499000,23,7
2017-12-02,10000035,3162,1199993.65,1199993.65,1199993.65,2,1
2017-12-02,10000035,3170,800000,800000,800000,3,1
2017-12-02,10000035,3178,984559.87,950000,997292.45,26,7
2017-12-02,10000035,3184,3950000,3950000,3950000,3,3
2017-12-02,10000035,3186,5598887.99,5598887.99,5598887.99,8,2
2017-12-02,10000035,3244,1706849.83,1699999.98,1725000,37,35
2017-12-02,10000035,3256,7887498.9,7549998.87,8899999,4,4
2017-12-02,10000035,3265,7550000,7400000,8750000,9,7
2017-12-02,10000035,3293,28333.33,25000,30000,3,2
2017-12-02,10000035,3296,499999.99,499999.99,499999.99,7,2
2017-12-02,10000035,3297,150000,150000,150000,4,1
2017-12-02,10000035,3301,25000,25000,25000,1,1
2017-12-02,10000035,3302,29997.75,29997.75,29997.75,1,1
2017-12-02,10000035,3303,30000,30000,30000,1,1
2017-12-02,10000035,3304,120000,120000,120000,1,1
2017-12-02,10000035,3305,119999.99,119999.99,119999.99,2,2
2017-12-02,10000035,3306,120000,120000,120000,2,2
2017-12-02,10000035,3308,3074500,2200000,3948999.99,2,2
2017-12-02,10000035,3316,950000,950000,950000,1,1
2017-12-02,10000035,3320,20000,20000,20000,1,1
2017-12-02,10000035,3321,30000,30000,30000,1,1
2017-12-02,10000035,3323,324999.75,100000,999999,4,4
2017-12-02,10000035,3324,1080000,120000,3000000,3,3
2017-12-02,10000035,3325,999999.99,999999.99,999999.99,1,1
2017-12-02,10000035,3326,1156666.66,1156666.66,1156666.66,1,1
2017-12-02,10000035,3329,50000,50000,50000,1,1
2017-12-02,10000035,3331,89742.07,50000,208968.26,4,4
2017-12-02,10000035,3333,599999.99,599999.99,599999.99,1,1
2017-12-02,10000035,3334,1000000,1000000,1000000,1,1
2017-12-02,10000035,3335,1000000,1000000,1000000,3,3
2017-12-02,10000035,3338,9950000,9900000,9999999.99,2,2
2017-12-02,10000035,3339,8000000,8000000,8000000,1,1
2017-12-02,10000035,3342,360000,360000,360000,1,1
2017-12-02,10000035,3343,995000,995000,995000,1,1
2017-12-02,10000035,3350,1991629.78,999944.67,3975000,6,6
2017-12-02,10000035,3351,1949999.99,1949999.99,1950000,3,3
2017-12-02,10000035,3354,4974999.47,4949999.99,4999998.94,2,2
2017-12-02,10000035,3380,1000000,1000000,1000000,1,1
2017-12-02,10000035,3385,5000000,5000000,5000000,1,1
2017-12-02,10000035,3387,1103333.32,180000,2949999.96,3,3
2017-12-02,10000035,3389,1999000,1999000,1999000,1,1
2017-12-02,10000035,3394,999999.99,999999.99,999999.99,2,1
2017-12-02,10000035,3395,1000000,1000000,1000000,1,1
2017-12-02,10000035,3397,2000000,2000000,2000000,1,1
2017-12-02,10000035,3403,1000000,1000000,1000000,1,1
2017-12-02,10000035,3405,888810.26,888810.25,888810.26,2,2
2017-12-02,10000035,3409,1435000,994999.99,1875000,2,2
2017-12-02,10000035,3411,998000,998000,998000,1,1
2017-12-02,10000035,3412,1000000,1000000,1000000,1,1
2017-12-02,10000035,3419,999996.25,999996.25,999996.25,1,1
2017-12-02,10000035,3420,1000000,1000000,1000000,1,1
2017-12-02,10000035,3421,1900000,1125000,5000000,5,5
2017-12-02,10000035,3422,628570.71,99999,1950000,7,5
2017-12-02,10000035,3423,999999,999999,999999,1,1
2017-12-02,10000035,3425,99999,99999,99999,2,1
2017-12-02,10000035,3427,169999.99,169999.99,169999.99,1,1
2017-12-02,10000035,3428,88000,88000,88000,1,1
2017-12-02,10000035,3430,1000000,1000000,1000000,1,1
2017-12-02,10000035,3433,120000,120000,120000,1,1
2017-12-02,10000035,3434,100000,100000,100000,1,1
2017-12-02,10000035,3438,499999,499999,499999,1,1
2017-12-02,10000035,3439,239600.4,239000.99,240000,5,3
2017-12-02,10000035,3440,949883.58,949883.58,949883.58,4,4
2017-12-02,10000035,3441,999997.99,999997.99,999997.99,1,1
2017-12-02,10000035,3442,652414.96,599999.99,704829.93,2,2
2017-12-02,10000035,3444,1000000,1000000,1000000,1,1
2017-12-02,10000035,3446,1000000,1000000,1000000,1,1
2017-12-02,10000035,3456,17791661.66,16949989.98,18633333.33,2,2
2017-12-02,10000035,3467,150000,150000,150000,1,1
2017-12-02,10000035,3488,1400000,1400000,1400000,1,1
2017-12-02,10000035,3496,2077167.71,2049999.99,2494991.55,8,7
2017-12-02,10000035,3504,3158635.88,2924999.5,3392272.27,4,4
2017-12-02,10000035,3512,1825364.42,1571159.32,1874999.66,11,3
2017-12-02,10000035,3530,1675166.6,1599999.99,1699999.99,18,14
2017-12-02,10000035,3534,699899940.98,699899940.98,699899940.98,1,1
2017-12-02,10000035,3554,1999.99,1999.99,1999.99,20,1
2017-12-02,10000035,3568,1651428.56,939999.99,1769999.98,7,7
2017-12-02,10000035,3578,2484013.26,2459997.97,2484452.93,24,10
2017-12-02,10000035,3608,1449999.99,1449999.99,1449999.99,2,1
2017-12-02,10000035,3616,60000000,60000000,60000000,1,1
2017-12-02,10000035,3689,10000,10000,10000,521,4
2017-12-02,10000035,3731,1000000,1000000,1000000,1,1
2017-12-02,10000035,3766,900000,900000,900000,1,1
2017-12-02,10000035,3828,6520.98,6520.98,6520.98,52,1
2017-12-02,10000035,3829,64500,62000,65000,6,2
2017-12-02,10000035,3831,1227535.34,1050000,1236997,25,21
2017-12-02,10000035,3839,393196,89794,1000000,3,2
2017-12-02,10000035,3841,1389185.05,1200000,1497998.99,89,46
2017-12-02,10000035,3888,1094053.79,1000000,1196147.68,11,6
2017-12-02,10000035,3898,17949996.94,17949995.66,17949997.66,7,3
2017-12-02,10000035,3995,3599073.8,3595370,3600000,5,5
2017-12-02,10000035,4025,141827.1,68672.39,161386.65,10,10
2017-12-02,10000035,4027,255826.58,236193.95,300000,13,13
2017-12-02,10000035,4051,20300,20300,20300,35000,3
2017-12-02,10000035,4246,22000,22000,22000,2400,2
2017-12-02,10000035,4247,22000,22000,22000,7490,2
2017-12-02,10000035,4248,9799999.5,9799999,9799999.99,2,2
2017-12-02,10000035,4250,2755400,2464000,2800000,10,8
2017-12-02,10000035,4254,1049166.49,1045000,1049999.99,6,6
2017-12-02,10000035,4258,1989000,1989000,1989000,3,3
2017-12-02,10000035,4260,2023750,1900000,2395000,4,4
2017-12-02,10000035,4292,107508200,90000000,110000000,5,5
2017-12-02,10000035,4302,50000000,50000000,50000000,1,1
2017-12-02,10000035,4306,70000000,70000000,70000000,1,1
2017-12-02,10000035,4308,68999999.32,68999998.66,68999999.65,3,3
2017-12-02,10000035,4347,1002083333.33,1000000000,1004166666.66,2,2
2017-12-02,10000035,4349,364975000,350000000,379950000,2,2
2017-12-02,10000035,4383,1893534.92,1867674.6,1900000,5,5
2017-12-02,10000035,4391,584865.69,584865.69,584865.69,2,2
2017-12-02,10000035,4393,75000,75000,75000,2,1
2017-12-02,10000035,4395,780000,780000,780000,12,3
2017-12-02,10000035,4399,8654714.19,8598000,8994999.36,7,4
2017-12-02,10000035,4403,541999.18,489998.96,750000,5,5
2017-12-02,10000035,4405,1726994.66,1699999.5,1726996.5,139,52
2017-12-02,10000035,4435,85663.44,80426.87,90900,2,2
2017-12-02,10000035,4471,109999.99,100000,114999.99,6,4
2017-12-02,10000035,4477,72000,71999.99,72000,2,2
2017-12-02,10000035,4787,249999.99,249999.99,249999.99,1,1
2017-12-02,10000035,4833,313894.95,313894.95,313894.95,2,1
2017-12-02,10000035,4871,522998.48,384999.99,798995.46,3,3
2017-12-02,10000035,5011,998928.93,990000,999921.03,10,3
2017-12-02,10000035,5013,3200,3200,3200,1,1
2017-12-02,10000035,5051,949994.99,949994.99,949994.99,2,1
2017-12-02,10000035,5141,234020,234020,234020,2,2
2017-12-02,10000035,5302,99000,99000,99000,1,1
2017-12-02,10000035,5320,15000,15000,15000,4,1
2017-12-02,10000035,5322,10172.63,10172.63,10172.63,2,1
2017-12-02,10000035,5399,56956.26,30000,67173.45,7,7
2017-12-02,10000035,5403,299228.98,299228.98,299228.98,6,3
2017-12-02,10000035,5405,98332.67,75000,144998,3,3
2017-12-02,10000035,5439,79527.53,78586.04,79998.7,6,6
2017-12-02,10000035,5443,129999.99,129999.99,129999.99,3,3
2017-12-02,10000035,5445,58113.8,35000,64000,5,5
2017-12-02,10000035,5533,258333.32,199999.99,299999.99,12,5
2017-12-02,10000035,5599,199999.5,199999,200000,4,2
2017-12-02,10000035,5839,1791999.72,1700000,2759999.47,13,13
2017-12-02,10000035,5945,259000,258000,280000,242,8
2017-12-02,10000035,5955,107500,100000,190000,12,12
2017-12-02,10000035,5971,197882.75,195669.28,200000,27,24
2017-12-02,10000035,5973,647779.37,525000,706720.44,43,39
2017-12-02,10000035,5975,37244.64,33299,80000,11,11
2017-12-02,10000035,6001,172576.65,90312.85,199998,16,8
2017-12-02,10000035,6003,49907,49907,49907,2,2
2017-12-02,10000035,6005,165996.33,150000,189990.83,5,5
2017-12-02,10000035,6135,149999.98,149999.98,149999.98,1,1
2017-12-02,10000035,6159,29999.9,29999.9,29999.9,5,1
2017-12-02,10000035,6160,46104.16,32999.97,59989.7,19,11
2017-12-02,10000035,6173,20000,20000,20000,6,3
2017-12-02,10000035,6296,15784.2,10499.99,35000,5,4
2017-12-02,10000035,6569,49999.99,49999.99,49999.99,3,2
2017-12-02,10000035,6963,888887.99,888887.99,888887.99,6,2
2017-12-02,10000035,7287,1189476.44,999999,1200003.29,19,6
2017-12-02,10000035,7367,1489655.16,1400000,1499999.99,29,7
2017-12-02,10000035,7447,230000,230000,230000,1,1
2017-12-02,10000035,7449,214733.51,210000,300000,61,6
2017-12-02,10000035,7451,250000,249999.99,250000,75,2
2017-12-02,10000035,7997,46666.67,30000,50000,6,2
2017-12-02,10000035,8007,90820.67,90820.67,90820.67,5,1
2017-12-02,10000035,8027,1331975.61,1169358,1431285.19,24,5
2017-12-02,10000035,8089,1134332.78,425000,1222999.38,9,5
2017-12-02,10000035,8105,1256085,990000,1349997,23,5
2017-12-02,10000035,8117,184208.23,83998.99,299998.99,7,4
2017-12-02,10000035,8175,94000,94000,94000,2,1
2017-12-02,10000035,8263,94999,94998.99,94999,6,6
2017-12-02,10000035,8419,78000,78000,78000,2,2
2017-12-02,10000035,8427,295555.72,180000,300000,9,7
2017-12-02,10000035,8433,620658.45,444610.17,649999.99,7,5
2017-12-02,10000035,8517,2880299.7,2500000,2900000,10,7
2017-12-02,10000035,8529,83247.58,79999,83997.66,20,12
2017-12-02,10000035,8537,220000,215000,225000,4,3
2017-12-02,10000035,8579,222971.89,222971.89,222971.89,8,5
2017-12-02,10000035,8583,10000,10000,10000,1,1
2017-12-02,10000035,8585,52839.16,35000,96446,62,7
2017-12-02,10000035,8639,575820,575820,575820,1,1
2017-12-02,10000035,8641,15000.06,15000.06,15000.06,2,2
2017-12-02,10000035,8748,34999.99,34999.99,34999.99,1,1
2017-12-02,10000035,8903,849999.95,849999.94,849999.95,11,2
2017-12-02,10000035,9327,2364999.78,2299999.99,2399999.66,20,6
2017-12-02,10000035,9367,1294998.98,1294998.98,1294998.98,7,1
2017-12-02,10000035,9491,4299997.13,4299995.9,4300000,46,9
2017-12-02,10000035,9493,1399999.99,1399999.99,1399999.99,18,3
2017-12-02,10000035,9495,1200000,1200000,1200000,8,1
2017-12-02,10000035,9497,2199579.81,2199579.81,2199579.81,8,1
2017-12-02,10000035,9521,14848,14848,14848,9,3
2017-12-02,10000035,9568,95000,95000,95000,2,1
2017-12-02,10000035,9580,178000,150000,262000,4,2
2017-12-02,10000035,9582,212499.75,212499.75,212499.75,1,1
2017-12-02,10000035,9608,91818,59090,100000,10,8
2017-12-02,10000035,9622,41000,41000,41000,1,1
2017-12-02,10000035,9632,679914.45,593133.71,745000,7,3
2017-12-02,10000035,9660,145000,145000,145000,3,3
2017-12-02,10000035,9678,721522.77,709318.24,750000,20,7
2017-12-02,10000035,9800,666666.67,666666.67,666666.67,5,5
2017-12-02,10000035,9808,600000,600000,600000,9,2
2017-12-02,10000035,9826,1.06,1.06,1.06,2,1
2017-12-02,10000035,9834,56200.65,56200.65,56200.65,8,2
2017-12-02,10000035,9838,7150.35,7150.35,7150.35,210,2
2017-12-02,10000035,9840,9000,9000,9000,778,3
2017-12-02,10000035,9842,15000,15000,15000,218,3
2017-12-02,10000035,9848,85001.02,85001.02,85001.02,758,7
2017-12-02,10000035,9899,11500000,11500000,11500000,3,1
2017-12-02,10000035,9941,11439200,11200000,11499000,5,3
2017-12-02,10000035,9942,11625000,11500000,12000000,4,2
2017-12-02,10000035,9943,11300000,11000000,11500000,5,4
2017-12-02,10000035,9947,2999999,2999999,2999999,2,1
2017-12-02,10000035,9950,2700000,2700000,2700000,2,1
2017-12-02,10000035,9956,12485999.82,12485999.82,12485999.82,4,2
2017-12-02,10000035,10190,1264347.78,1100000,1279999.99,46,26
2017-12-02,10000035,10208,26646818,25160666.07,29994999.5,13,13
2017-12-02,10000035,10209,150000000,150000000,150000000,1,1
2017-12-02,10000035,10212,27258776.43,25896819.51,29990000,13,13
2017-12-02,10000035,10213,147500000,145000000,150000000,2,2
2017-12-02,10000035,10216,27232181.22,26110323.38,29994999.5,13,13
2017-12-02,10000035,10217,140000000,130000000,150000000,2,2
2017-12-02,10000035,10221,27532970.87,26398603.46,29994999.5,13,13
2017-12-02,10000035,10222,150000000.25,150000000.25,150000000.25,1,1
2017-12-02,10000035,10225,27159999.78,25460000,27500000,6,6
2017-12-02,10000035,10226,149940001.12,149940001.12,149940001.12,1,1
2017-12-02,10000035,10246,5170.82,5000,5285.37,56,8
2017-12-02,10000035,10250,1168970.59,89000,1350000,34,7
2017-12-02,10000035,10631,541726.7,500000,699357.42,29,10
2017-12-02,10000035,10678,25000,25000,25000,14,2
2017-12-02,10000035,10680,1260335.82,780999.99,1500003.74,9,3
2017-12-02,10000035,10850,623749.99,514999.99,950000,4,2
2017-12-02,10000035,10858,1596500,1547999.99,1645000,2,2
2017-12-02,10000035,10884,1,1,1,1,1
2017-12-02,10000035,10998,186368.41,48500,250000,19,8
2017-12-02,10000035,11083,1988817,1988817,1988817,2,2
2017-12-02,10000035,11105,249941.17,249941.17,249941.17,9,4
2017-12-02,10000035,11129,125000,100000,150000,2,2
2017-12-02,10000035,11132,50000,50000,50000,1,1
2017-12-02,10000035,11134,100000,100000,100000,2,2
2017-12-02,10000035,11176,36687695.01,36531542.51,37000000,3,3
2017-12-02,10000035,11178,49022000,49022000,49022000,2,2
2017-12-02,10000035,11184,33999999.95,33999999.95,33999999.95,1,1
2017-12-02,10000035,11186,39337666.42,38999999.98,42039000,9,9
2017-12-02,10000035,11188,29900000.01,29900000.01,29900000.01,2,2
2017-12-02,10000035,11192,40300000,40300000,40300000,1,1
2017-12-02,10000035,11194,27000000,27000000,27000000,4,1
2017-12-02,10000035,11196,36249999.99,36249999.99,36249999.99,1,1
2017-12-02,10000035,11198,40311666.52,40123332.99,41000000.07,4,4
2017-12-02,10000035,11200,38999999.66,38999999.66,38999999.66,1,1
2017-12-02,10000035,11202,42358279.27,40999999,43003505,15,15
2017-12-02,10000035,11229,1563833.32,1563833.32,1563833.32,1,1
2017-12-02,10000035,11239,499994,499994,499994,2,1
2017-12-02,10000035,11249,959999.99,959999.99,959999.99,4,3
2017-12-02,10000035,11259,928369.55,777554.34,1229999.98,3,3
2017-12-02,10000035,11269,779736.68,719999.99,960000,38,25
2017-12-02,10000035,11283,1750,1750,1750,25,1
2017-12-02,10000035,11285,2999,2999,2999,46,1
2017-12-02,10000035,11289,5099.95,5099.95,5099.95,32,1
2017-12-02,10000035,11309,200000,200000,200000,8,5
2017-12-02,10000035,11317,799990,799990,799990,1,1
2017-12-02,10000035,11325,862500,650000,995000,6,4
2017-12-02,10000035,11349,265566.41,165615.99,285556.49,6,2
2017-12-02,10000035,11351,249999.96,249999.96,249999.96,2,1
2017-12-02,10000035,11370,2245831.64,2209998.99,2413880,12,12
2017-12-02,10000035,11377,36999994.97,36999994.97,36999994.97,1,1
2017-12-02,10000035,11381,29499999.61,28000000,30999999.21,2,2
2017-12-02,10000035,11395,983316.32,700000,1124974.48,3,3
2017-12-02,10000035,11399,10000,10000,10000,3365,8
2017-12-02,10000035,11441,15000000,15000000,15000000,1,1
2017-12-02,10000035,11489,400000,400000,400000,2,2
2017-12-02,10000035,11530,3500.4,3500.4,3500.4,123,2
2017-12-02,10000035,11531,3500.2,3500.2,3500.2,112,3
2017-12-02,10000035,11534,7707.05,2501.42,32000,34,3
2017-12-02,10000035,11535,2500.47,2500.47,2500.47,79,1
2017-12-02,10000035,11536,2500.41,2500.41,2500.41,18,1
2017-12-02,10000035,11538,3500.41,3500.41,3500.41,78,1
2017-12-02,10000035,11540,4578.28,4578.28,4578.28,122,3
2017-12-02,10000035,11541,4000.42,4000.42,4000.42,1094,4
2017-12-02,10000035,11542,1900.97,1900.97,1900.97,42,1
2017-12-02,10000035,11544,2353.11,2353.11,2353.11,18,1
2017-12-02,10000035,11545,2500.26,2500.26,2500.26,1055,2
2017-12-02,10000035,11547,3500.11,3500.11,3500.11,16,1
2017-12-02,10000035,11553,2501.42,2501.42,2501.42,214,2
2017-12-02,10000035,11555,3500.57,3500.57,3500.57,102,3
2017-12-02,10000035,11556,3501.42,3501.42,3501.42,163,4
2017-12-02,10000035,11558,3501.48,3501.48,3501.48,306,3
2017-12-02,10000035,11563,247836.04,239998.99,298101.27,11,9
2017-12-02,10000035,11566,1000000,1000000,1000000,2,2
2017-12-02,10000035,11569,999999.99,999999.99,999999.99,1,1
2017-12-02,10000035,11572,1433333.33,1333333.33,1533333.33,2,2
2017-12-02,10000035,11577,4646297.54,4299999.5,4998999.98,21,21
2017-12-02,10000035,11578,6810510.31,6799898.66,7633083.99,22,22
2017-12-02,10000035,11579,4498898.81,4498898.81,4498898.81,1,1
2017-12-02,10000035,11584,895999.99,895999.99,895999.99,1,1
2017-12-02,10000035,11640,1500998.27,1499999.88,1896963.98,44,16
2017-12-02,10000035,11644,3170000,2350000,3990000,2,2
2017-12-02,10000035,11648,1800000,1800000,1800000,1,1
2017-12-02,10000035,11688,1.58,1.58,1.58,14,2
2017-12-02,10000035,11691,2500.4,2500.4,2500.4,45,1
2017-12-02,10000035,11963,280000000,280000000,280000000,1,1
2017-12-02,10000035,11987,262999999,262999999,262999999,1,1
2017-12-02,10000035,11993,294999976,294999976,294999976,1,1
2017-12-02,10000035,11995,474942004.02,474942004.02,474942004.02,1,1
2017-12-02,10000035,12005,314249249.92,285000000,323999000,4,4
2017-12-02,10000035,12019,268000000,268000000,268000000,2,2
2017-12-02,10000035,12032,31095131.34,27499999.49,34690263.2,4,4
2017-12-02,10000035,12034,35599999.99,35599999.99,35599999.99,1,1
2017-12-02,10000035,12044,34999999.66,34999999.66,34999999.66,1,1
2017-12-02,10000035,12052,358188,358188,358188,2,2
2017-12-02,10000035,12058,3068834.41,2999999.99,3275337.67,8,8
2017-12-02,10000035,12066,250000,250000,250000,1,1
2017-12-02,10000035,12068,5485493.35,5383998,5499990.97,8,8
2017-12-02,10000035,12076,7813148.24,6679200,7974998.66,8,8
2017-12-02,10000035,12084,9862498.25,8700000,10249997.66,4,3
2017-12-02,10000035,12092,1391176.45,1391176.45,1391176.45,3,3
2017-12-02,10000035,12093,4794949.96,4794949.96,4794949.96,2,2
2017-12-02,10000035,12096,34929443.1,34928997.99,34930333.32,3,3
2017-12-02,10000035,12180,5000000,5000000,5000000,1,1
2017-12-02,10000035,12181,5000000,5000000,5000000,1,1
2017-12-02,10000035,12182,5000000,5000000,5000000,1,1
2017-12-02,10000035,12183,5000000,5000000,5000000,1,1
2017-12-02,10000035,12184,3000000,3000000,3000000,1,1
2017-12-02,10000035,12194,3000000,3000000,3000000,1,1
2017-12-02,10000035,12198,4999998.97,4999998.97,4999998.97,2,1
2017-12-02,10000035,12199,4500000,4000000,5000000,4,2
2017-12-02,10000035,12206,9549949.99,9549949.99,9549949.99,1,1
2017-12-02,10000035,12211,4999846.91,4999846.91,4999846.91,2,2
2017-12-02,10000035,12213,2000000,1999999.99,2000000,2,2
2017-12-02,10000035,12221,2600000.01,2600000.01,2600000.01,2,2
2017-12-02,10000035,12259,5365999.99,5365999.99,5365999.99,1,1
2017-12-02,10000035,12263,8000000,8000000,8000000,2,1
2017-12-02,10000035,12267,4062500,3999999.99,4250000,4,4
2017-12-02,10000035,12271,8334281.99,8094999.99,8812846,6,6
2017-12-02,10000035,12274,185000,185000,185000,3,1
2017-12-02,10000035,12305,412222.21,412222.21,412222.21,1,1
2017-12-02,10000035,12346,2743998,2743998,2743998,2,1
2017-12-02,10000035,12365,545000,145000,945000,2,2
2017-12-02,10000035,12366,545277.78,145000,945555.56,2,2
2017-12-02,10000035,12367,415000,150000,945000,3,3
2017-12-02,10000035,12441,99999.99,99999.99,99999.99,2,2
2017-12-02,10000035,12442,119999.99,119999.99,119999.99,1,1
2017-12-02,10000035,12484,6500000,6500000,6500000,2,2
2017-12-02,10000035,12487,3898875,3854999.99,4030500,4,4
2017-12-02,10000035,12557,400000,400000,400000,4,1
2017-12-02,10000035,12559,216000,170000,400000,20,4
2017-12-02,10000035,12563,166461.71,166461.71,166461.71,8,1
2017-12-02,10000035,12565,149996.62,149996.62,149996.62,21,1
2017-12-02,10000035,12608,108.36,108.36,108.36,2816,4
2017-12-02,10000035,12612,48,48,48,13926,9
2017-12-02,10000035,12614,49,49,49,17478,7
2017-12-02,10000035,12618,44.99,44.99,44.99,41036,20
2017-12-02,10000035,12620,98.96,98.96,98.96,4260,5
2017-12-02,10000035,12625,76.95,76.95,76.95,31500,3
2017-12-02,10000035,12631,59.99,59.99,59.99,500,1
2017-12-02,10000035,12633,49.99,49.99,49.99,5720,4
2017-12-02,10000035,12753,299666666.67,299666666.67,299666666.67,1,1
2017-12-02,10000035,12761,800,800,800,9500,4
2017-12-02,10000035,12765,399.99,399.99,399.99,8000,2
2017-12-02,10000035,12767,383,383,383,2000,1
2017-12-02,10000035,12771,398.25,398.25,398.25,2000,2
2017-12-02,10000035,12773,172,172,172,12640,4
2017-12-02,10000035,12775,998.99,998.99,998.99,2000,1
2017-12-02,10000035,12779,765,765,765,100000,2
2017-12-02,10000035,12785,117.99,117.99,117.99,11500,4
2017-12-02,10000035,12787,319.79,319.79,319.79,2500,2
2017-12-02,10000035,12789,103.52,103.52,103.52,16852,5
2017-12-02,10000035,12791,166.98,166.98,166.98,1000,1
2017-12-02,10000035,12801,215,215,215,18459,5
2017-12-02,10000035,12803,274.99,274.99,274.99,3000,1
2017-12-02,10000035,12805,148.99,148.99,148.99,32280,10
2017-12-02,10000035,12807,338.99,338.99,338.99,5320,3
2017-12-02,10000035,12814,274000,274000,274000,5,1
2017-12-02,10000035,12818,384999.88,384999.88,384999.88,5,1
2017-12-02,10000035,13001,2658171.78,2430858.88,2715000,5,2
2017-12-02,10000035,13003,2707002.84,2541009.93,2750000,9,6
2017-12-02,10000035,13216,22025000,21499999.99,23100000,4,4
2017-12-02,10000035,13244,25900000,25900000,25900000,1,1
2017-12-02,10000035,13256,29956963.99,29956963.99,29956963.99,1,1
2017-12-02,10000035,13259,43999999.99,43999999.99,43999999.99,1,1
2017-12-02,10000035,13260,26000004.27,26000004.27,26000004.27,1,1
2017-12-02,10000035,13261,25367590.25,25359098.45,25461000,12,8
2017-12-02,10000035,13937,104164595.26,89999999,110000000,9,7
2017-12-02,10000035,13953,10000000,10000000,10000000,2,1
2017-12-02,10000035,13968,18880000.85,18880000.85,18880000.85,3,2
2017-12-02,10000035,13969,252999999.99,252999999.99,252999999.99,1,1
2017-12-02,10000035,13970,8349998.43,8349998.43,8349998.43,1,1
2017-12-02,10000035,13978,9898890,9898890,9898890,1,1
2017-12-02,10000035,13980,12999999.99,12999999.99,12999999.99,1,1
2017-12-02,10000035,13982,5999999.58,5999999.58,5999999.58,1,1
2017-12-02,10000035,14039,14648999.98,14648999.98,14648999.98,1,1
2017-12-02,10000035,14130,12350000,12350000,12350000,1,1
2017-12-02,10000035,14168,108999999.82,108999999.82,108999999.82,1,1
2017-12-02,10000035,14204,50000000,50000000,50000000,1,1
2017-12-02,10000035,14210,49999999.99,49999999.99,49999999.99,2,1
2017-12-02,10000035,14234,52000000,52000000,52000000,1,1
2017-12-02,10000035,14246,75000000,75000000,75000000,1,1
2017-12-02,10000035,14295,6474493.33,5950000,6998986.66,2,2
2017-12-02,10000035,14297,7000000,7000000,7000000,1,1
2017-12-02,10000035,14298,7000000,7000000,7000000,1,1
2017-12-02,10000035,14299,9000000,9000000,9000000,1,1
2017-12-02,10000035,15331,125.2,125.2,125.2,7,1
2017-12-02,10000035,15463,3450000,3450000,3450000,1,1
2017-12-02,10000035,15464,8000000,8000000,8000000,1,1
2017-12-02,10000035,15479,3750000,3750000,3750000,2,2
2017-12-02,10000035,15508,41222.92,39999,42202.06,9,2
2017-12-02,10000035,15510,105000,105000,105000,5,1
2017-12-02,10000035,15681,139999995.66,139999995.66,139999995.66,3,1
2017-12-02,10000035,15729,30678968.44,29599997.74,31999999,17,15
2017-12-02,10000035,15766,46888999.61,46888999.61,46888999.61,1,1
2017-12-02,10000035,15770,53205999.94,53205999.94,53205999.94,1,1
2017-12-02,10000035,15887,58961600,58961600,58961600,1,1
2017-12-02,10000035,15889,60529000,60529000,60529000,3,3
2017-12-02,10000035,15895,120000000,120000000,120000000,2,1
2017-12-02,10000035,16069,99999.99,99999.99,99999.99,2,2
2017-12-02,10000035,16227,43017543.84,40776315.77,47500000,3,3
2017-12-02,10000035,16229,55000000,55000000,55000000,1,1
2017-12-02,10000035,16236,1500000,1500000,1500000,5,2
2017-12-02,10000035,16238,1113397.1,1000000,1226794.2,4,4
2017-12-02,10000035,16240,1000000,1000000,1000000,1,1
2017-12-02,10000035,16242,1350000,1250000,1449999.99,2,2
2017-12-02,10000035,16272,600,600,680.95,878659,23
2017-12-02,10000035,16273,82.5,82.5,82.5,1784151,99
2017-12-02,10000035,16274,794.79,794.79,794.79,1059000,29
2017-12-02,10000035,16275,1606.12,1606.05,3180.76,69499,22
2017-12-02,10000035,16278,1896666.67,1890000,1900000,6,2
2017-12-02,10000035,16281,5000000,5000000,5000000,1,1
2017-12-02,10000035,16299,24999.99,24999.99,24999.99,6,2
2017-12-02,10000035,16391,1224992.5,1224992.5,1224992.5,2,1
2017-12-02,10000035,16435,169000,169000,169000,1,1
2017-12-02,10000035,16439,180000,180000,180000,43,5
2017-12-02,10000035,16447,150000,150000,150000,4,2
2017-12-02,10000035,16455,489993,489993,489993,2,1
2017-12-02,10000035,16457,2768181.82,1840909.09,3000000,5,5
2017-12-02,10000035,16467,897920.89,875000,914683.22,8,7
2017-12-02,10000035,16477,1120000,1000000,1150000,5,2
2017-12-02,10000035,16487,99989.96,99989.96,99989.96,1,1
2017-12-02,10000035,16495,198999,198999,198999,7,4
2017-12-02,10000035,16499,265000,265000,265000,4,1
2017-12-02,10000035,16519,101566.95,96417.37,105000,25,4
2017-12-02,10000035,16527,751104.67,751104.67,751104.67,2,1
2017-12-02,10000035,16535,11000000,11000000,11000000,1,1
2017-12-02,10000035,16591,47950000,47950000,47950000,1,1
2017-12-02,10000035,16594,5000000,5000000,5000000,1,1
2017-12-02,10000035,16633,1800,1800,1800,1176,1
2017-12-02,10000035,16634,2100,2100,2100,548,1
2017-12-02,10000035,16635,5500,5500,5500,7254,2
2017-12-02,10000035,16636,10000,10000,10000,2000,1
2017-12-02,10000035,16639,5200,5200,5200,2000,1
2017-12-02,10000035,16642,7900,7900,7900,2000,1
2017-12-02,10000035,16643,5200,5200,5200,5841,3
2017-12-02,10000035,16646,16000,16000,16000,2022,2
2017-12-02,10000035,16649,9300.99,9300.99,9300.99,881,1
2017-12-02,10000035,16650,115000,115000,115000,3800,3
2017-12-02,10000035,16652,102000,102000,102000,2600,2
2017-12-02,10000035,16653,56000,56000,56000,1000,1
2017-12-02,10000035,16672,189,189,189,79520,1
2017-12-02,10000035,16680,1351.01,1351.01,1351.01,40,1
2017-12-02,10000035,16683,36000.06,36000.06,36000.06,41,1
2017-12-02,10000035,17317,55000.08,55000.08,55000.08,46,1
2017-12-02,10000035,17366,168714.05,100000,222000,42,14
2017-12-02,10000035,17425,32241.82,32241.82,32241.82,2,1
2017-12-02,10000035,17466,1200,1200,1200,1,1
2017-12-02,10000035,17476,31895485.15,25126213.87,35999999,5,5
2017-12-02,10000035,17478,23332666.66,20000000,29997999.98,6,6
2017-12-02,10000035,17480,26156249.06,22000000,28999996.98,16,7
2017-12-02,10000035,17482,2083964.12,1799672.98,2134514.07,32,11
2017-12-02,10000035,17559,83398017.28,83398017.27,83398017.28,2,2
2017-12-02,10000035,17715,210000000,210000000,210000000,1,1
2017-12-02,10000035,17732,345000000,327500000,359999999.99,5,5
2017-12-02,10000035,17738,543666600,543666600,543666600,1,1
2017-12-02,10000035,17843,82393564.25,78818060,84999999.98,22,22
2017-12-02,10000035,17887,1100,1100,1143.98,1562112,39
2017-12-02,10000035,17888,820.62,820.62,820.62,883253,15
2017-12-02,10000035,17889,968.22,779,968.22,671645,22
2017-12-02,10000035,17895,400000,400000,400000,2,2
2017-12-02,10000035,17912,4973484.6,4749999.5,5299999.99,33,12
2017-12-02,10000035,17918,440499999.5,430999999.5,449999999.5,4,4
2017-12-02,10000035,17930,65000000,65000000,65000000,1,1
2017-12-02,10000035,17938,68547.8,64986.99,69999.88,13,13
2017-12-02,10000035,18025,3000000,1000000,5000000,2,2
2017-12-02,10000035,18036,164576.99,164132.4,164865.97,33,4
2017-12-02,10000035,18040,130761.41,109992.92,199989.69,26,2
2017-12-02,10000035,18042,144753.31,126844,149996.31,26,3
2017-12-02,10000035,18044,149996.74,149996.74,149996.74,20,1
2017-12-02,10000035,18048,150000,150000,150000,2,1
2017-12-02,10000035,18056,100000,100000,100000,20,1
2017-12-02,10000035,18058,150000,150000,150000,20,1
2017-12-02,10000035,18060,150000,150000,150000,20,1
2017-12-02,10000035,18066,150000,150000,150000,20,1
2017-12-02,10000035,18068,2399999.99,2399999.99,2399999.99,1,1
2017-12-02,10000035,18590,909572.88,820000,922369,16,2
2017-12-02,10000035,18592,806666.67,800000,820000,6,2
2017-12-02,10000035,18594,810000,810000,810000,4,2
2017-12-02,10000035,18598,962966.46,872473,999887.64,8,3
2017-12-02,10000035,18616,999989.68,999989.68,999989.68,2,1
2017-12-02,10000035,18618,999999.99,999999.99,999999.99,2,1
2017-12-02,10000035,18624,1000000,1000000,1000000,4,1
2017-12-02,10000035,18635,399999.98,399999.98,399999.98,50,1
2017-12-02,10000035,18639,45539.99,23240,49999.99,6,6
2017-12-02,10000035,18799,100000000,100000000,100000000,1,1
2017-12-02,10000035,18803,31744981.98,31500000,31989963.95,4,3
2017-12-02,10000035,18833,24500000.66,24500000.66,24500000.66,1,1
2017-12-02,10000035,18835,14999999.78,14999999.77,14999999.78,3,2
2017-12-02,10000035,18837,17000000,17000000,17000000,1,1
2017-12-02,10000035,18845,13000000,13000000,13000000,1,1
2017-12-02,10000035,18847,17950000,17950000,17950000,1,1
2017-12-02,10000035,18853,35890000,35890000,35890000,1,1
2017-12-02,10000035,19046,127000000,127000000,127000000,1,1
2017-12-02,10000035,19081,2444444,2444444,2444444,1,1
2017-12-02,10000035,19181,79999999,79999999,79999999,1,1
2017-12-02,10000035,19187,47751479.73,44448000,51058979.22,6,5
2017-12-02,10000035,19200,454975000,439950000,469999999.99,2,2
2017-12-02,10000035,19204,75500000,75500000,75500000,1,1
2017-12-02,10000035,19207,165999996.65,165999989.98,165999999.98,3,3
2017-12-02,10000035,19208,92499997,92499997,92499997,1,1
2017-12-02,10000035,19213,2999999.99,2999999.99,2999999.99,1,1
2017-12-02,10000035,19221,31870000,31870000,31870000,2,1
2017-12-02,10000035,19227,73999999.99,73999999.99,73999999.99,1,1
2017-12-02,10000035,19272,46666666.65,44999999.98,49999999.98,3,2
2017-12-02,10000035,19284,53979996.63,46974994.94,67990000,3,3
2017-12-02,10000035,19286,5640000,5500000,5780000,2,2
2017-12-02,10000035,19287,31999999.99,31999999.99,31999999.99,1,1
2017-12-02,10000035,19288,46224994.99,44999998.66,49899988.65,4,4
2017-12-02,10000035,19301,182999999.99,182999999.99,182999999.99,1,1
2017-12-02,10000035,19325,77300000.04,77300000.04,77300000.04,1,1
2017-12-02,10000035,19335,300000000,300000000,300000000,1,1
2017-12-02,10000035,19417,35000000,35000000,35000000,1,1
2017-12-02,10000035,19421,117507100.88,117507100.88,117507100.88,2,2
2017-12-02,10000035,19724,1300000000,1300000000,1300000000,1,1
2017-12-02,10000035,19739,4809125.11,3279998.99,6999000.57,23,6
2017-12-02,10000035,19744,1022727.26,1022727.26,1022727.26,1,1
2017-12-02,10000035,19761,2000000,2000000,2000000,1,1
2017-12-02,10000035,19766,1990000,1990000,1990000,1,1
2017-12-02,10000035,19806,1499999,1499999,1499999,1,1
2017-12-02,10000035,19810,163999.99,145999.98,200000,3,2
2017-12-02,10000035,19814,102222.21,49999.99,285000,9,9
2017-12-02,10000035,19921,110000,110000,110000,2,2
2017-12-02,10000035,19927,50000,50000,50000,1,1
2017-12-02,10000035,19939,84999.61,84999.61,84999.61,2,1
2017-12-02,10000035,19944,39999.3,39999.3,39999.3,2,1
2017-12-02,10000035,20209,1999871.05,1999871.05,1999871.05,1,1
2017-12-02,10000035,20210,5000000,5000000,5000000,2,2
2017-12-02,10000035,20212,10949999.99,10949999.99,10949999.99,3,3
2017-12-02,10000035,20307,45.5,45.5,45.5,5000,1
2017-12-02,10000035,20314,75000,75000,75000,1,1
2017-12-02,10000035,20342,65000000,65000000,65000000,2,2
2017-12-02,10000035,20347,713369.61,650000,750000,5,4
2017-12-02,10000035,20349,950000,950000,950000,1,1
2017-12-02,10000035,20351,1800000,1800000,1800000,1,1
2017-12-02,10000035,20353,3850246.56,3799898.96,4449999,16,12
2017-12-02,10000035,20412,150000,150000,150000,100,1
2017-12-02,10000035,20420,100000,100000,100000,8,1
2017-12-02,10000035,20446,60000000,60000000,60000000,3,1
2017-12-02,10000035,20452,58000000,58000000,58000000,3,1
2017-12-02,10000035,20494,999990.39,999990.39,999990.39,1,1
2017-12-02,10000035,20533,494999999.93,494999999.92,494999999.94,2,2
2017-12-02,10000035,20701,66976875.01,60000000,73953750.02,2,2
2017-12-02,10000035,20929,7999.96,7999.96,7999.96,2000,1
2017-12-02,10000035,21071,50000,50000,50000,1,1
2017-12-02,10000035,21096,1839878.05,1839878.05,1839878.05,106,48
2017-12-02,10000035,21603,15759464.41,15217322.12,15894999.98,5,5
2017-12-02,10000035,21610,27919444.44,27888888.88,27949999.99,2,2
2017-12-02,10000035,21611,47599999.99,47599999.99,47599999.99,2,2
2017-12-02,10000035,21638,1088983,1040000,1150000,132,25
2017-12-02,10000035,21640,1232642.46,1199989,1249999.99,45,11
2017-12-02,10000035,21666,22999999.5,22000000,23999998.99,2,2
2017-12-02,10000035,21668,24999961,24999961,24999961,1,1
2017-12-02,10000035,21718,1950000,1950000,1950000,1,1
2017-12-02,10000035,21740,1250,1250,1250,4934,1
2017-12-02,10000035,21790,99999.99,99999.99,99999.99,1,1
2017-12-02,10000035,21802,39693448.96,39386897.91,40000000,2,2
2017-12-02,10000035,21894,1218.99,1218.99,1218.99,17700,11
2017-12-02,10000035,21896,796.72,796.72,796.72,18201,5
2017-12-02,10000035,21898,519.98,519.98,519.98,52656,14
2017-12-02,10000035,21902,1389,1389,1389,12000,9
2017-12-02,10000035,21904,943.91,943.91,943.91,12000,3
2017-12-02,10000035,21910,2098.69,2098.69,2098.69,8000,7
2017-12-02,10000035,21918,1649.99,1649.99,1649.99,29200,9
2017-12-02,10000035,21922,898.05,898.05,898.05,1000,1
2017-12-02,10000035,21924,699,699,759.69,7120,5
2017-12-02,10000035,21928,999.91,999.91,999.91,1000,1
2017-12-02,10000035,21935,1399.96,1399.96,1399.96,25652,12
2017-12-02,10000035,21937,989.94,989.94,989.94,1000,1
2017-12-02,10000035,21939,690,690,690,20400,2
2017-12-02,10000035,22175,277260.2,99974.5,410675.99,5,5
2017-12-02,10000035,22177,249999.6,99999,350000,5,4
2017-12-02,10000035,22229,5039999.8,4599999,5150000,5,2
2017-12-02,10000035,22242,98875000,98875000,98875000,1,1
2017-12-02,10000035,22291,1310512.75,1250000,1399998.98,68,29
2017-12-02,10000035,22534,37840000,37840000,37840000,1,1
2017-12-02,10000035,22536,1950000,1950000,1950000,2,2
2017-12-02,10000035,22541,19949998.99,19949998.99,19949998.99,4,4
2017-12-02,10000035,22542,151916.38,122999.93,200000,28,7
2017-12-02,10000035,22544,438333333.33,435000000,440000000,3,3
2017-12-02,10000035,22546,150000000.06,150000000.06,150000000.06,1,1
2017-12-02,10000035,22548,340000000,340000000,340000000,1,1
2017-12-02,10000035,22552,2495000,2495000,2495000,1,1
2017-12-02,10000035,22559,62250000,62250000,62250000,1,1
2017-12-02,10000035,22576,42471.28,42471.28,42471.28,3,1
2017-12-02,10000035,22778,170000,170000,170000,457,11
2017-12-02,10000035,22806,145000,145000,145000,1,1
2017-12-02,10000035,22807,1000000,1000000,1000000,3,3
2017-12-02,10000035,22808,145000,145000,145000,1,1
2017-12-02,10000035,22809,1000000,1000000,1000000,3,3
2017-12-02,10000035,22961,460,460,460,500,1
2017-12-02,10000035,22977,999.99,999.99,999.99,15500,5
2017-12-02,10000035,22981,1200,1200,1200,1000,2
2017-12-02,10000035,22983,1099.99,1099.99,1099.99,3500,2
2017-12-02,10000035,22993,1300,1300,1300,16000,1
2017-12-02,10000035,23009,499.98,499.98,499.98,105398,25
2017-12-02,10000035,23015,999.99,999.99,999.99,8000,5
2017-12-02,10000035,23021,899.99,899.99,899.99,1000,1
2017-12-02,10000035,23023,600,600,600,5000,1
2017-12-02,10000035,23025,799.97,799.97,799.97,30476,15
2017-12-02,10000035,23029,999.99,999.99,999.99,16000,5
2017-12-02,10000035,23031,849.99,849.99,849.99,17709,7
2017-12-02,10000035,23033,899,899,899,2200,2
2017-12-02,10000035,23035,899.99,899.99,899.99,3000,2
2017-12-02,10000035,23039,850,850,850,2200,2
2017-12-02,10000035,23055,3798000,3798000,3798000,20,2
2017-12-02,10000035,23057,5391765.63,4000000,5649500,64,3
2017-12-02,10000035,23059,3800000,3800000,3800000,9,1
2017-12-02,10000035,23071,401284.32,330000,443999.51,14,4
2017-12-02,10000035,23079,420275.72,390000,480827.15,12,3
2017-12-02,10000035,23089,629321.42,550000,646999.98,28,4
2017-12-02,10000035,23473,44915.75,44915.75,44915.75,10,1
2017-12-02,10000035,23523,149999.99,149999.99,149999.99,5,1
2017-12-02,10000035,23527,610451.88,560000,990000,31,24
2017-12-02,10000035,23563,142100.36,136301.1,144999.99,9,3
2017-12-02,10000035,23566,1043333.33,1000000,1129999.99,3,3
2017-12-02,10000035,23606,355777.77,355777.77,355777.77,1,1
2017-12-02,10000035,23618,65000,65000,65000,4,2
2017-12-02,10000035,23705,112624.13,90645.46,150000,26,5
2017-12-02,10000035,23707,14998.66,14998.66,14998.83,107,20
2017-12-02,10000035,23709,50000,50000,50000,4,1
2017-12-02,10000035,23711,9616.66,9233.31,10000,10,4
2017-12-02,10000035,23717,61500,45000,75000,20,2
2017-12-02,10000035,23719,11968.1,11846.88,12000,24,3
2017-12-02,10000035,23911,1525000000,1500000000,1549999999.99,2,2
2017-12-02,10000035,24241,70000,70000,70000,1,1
2017-12-02,10000035,24283,84942686.97,84942686.97,84942686.97,1,1
2017-12-02,10000035,24305,4850000,4850000,4850000,2,1
2017-12-02,10000035,24311,592474000,584947999.99,600000000,2,2
2017-12-02,10000035,24313,584935899.98,584935899.98,584935899.98,1,1
2017-12-02,10000035,24348,1904610.21,1237500.03,1987998.98,18,7
2017-12-02,10000035,24395,524000.08,219997.8,600000.65,5,4
2017-12-02,10000035,24417,1909998.26,1899999.94,2299000,13,7
2017-12-02,10000035,24427,1643584.05,1528999.96,1718999.95,26,25
2017-12-02,10000035,24438,1523083.43,1399999,1660000,11,7
2017-12-02,10000035,24443,2215000.26,2100000.66,2490000,5,5
2017-12-02,10000035,24445,590909.09,250000,1000000,11,5
2017-12-02,10000035,24471,63.43,63.43,63.43,18500,4
2017-12-02,10000035,24473,250,250,250,190,1
2017-12-02,10000035,24475,78.8,78.8,78.8,6082,6
2017-12-02,10000035,24490,300,300,300,3000,2
2017-12-02,10000035,24492,261.63,261.63,261.63,46000,2
2017-12-02,10000035,24495,58.98,58.98,58.98,9512,9
2017-12-02,10000035,24497,130,130,130,11403,10
2017-12-02,10000035,24499,155,155,155,2500,3
2017-12-02,10000035,24501,160.48,160.48,160.48,1000,1
2017-12-02,10000035,24509,1489.94,1489.94,1489.94,9000,3
2017-12-02,10000035,24511,1498,1498,1498,500,1
2017-12-02,10000035,24513,675,675,675,166700,12
2017-12-02,10000035,24519,1599.85,1599.85,1599.85,200,1
2017-12-02,10000035,24521,1999.98,1999.98,1999.98,10000,1
2017-12-02,10000035,24533,1098.99,1098.99,1098.99,42179,4
2017-12-02,10000035,24537,167.46,167.46,167.46,2500,1
2017-12-02,10000035,24569,24133858.67,24000000,24200788,3,2
2017-12-02,10000035,24571,17428948.99,17428948.99,17428948.99,1,1
2017-12-02,10000035,24572,17500000,17500000,17500000,1,1
2017-12-02,10000035,24625,26516666.67,26300000,26950000,3,3
2017-12-02,10000035,24696,40000000,40000000,40000000,1,1
2017-12-02,10000035,24698,47333333.21,47333333.21,47333333.21,1,1
2017-12-02,10000035,25233,3000000,1000000,5000000,2,2
2017-12-02,10000035,25235,1000000,1000000,1000000,1,1
2017-12-02,10000035,25266,3000000,3000000,3000000,4,1
2017-12-02,10000035,25544,34950000,34950000,34950000,2,2
2017-12-02,10000035,25563,1600000,1600000,1600000,4,1
2017-12-02,10000035,25588,6103.81,6103.81,6103.81,93,1
2017-12-02,10000035,25589,1429.78,1429.78,1429.78,393,7
2017-12-02,10000035,25591,1105,1105,1105,28,1
2017-12-02,10000035,25597,1603.83,1603.83,1603.83,228,6
2017-12-02,10000035,25598,9006.52,9006.52,9006.52,153,3
2017-12-02,10000035,25599,600.97,600.97,600.97,349,7
2017-12-02,10000035,25600,24500,24500,29998,1943,9
2017-12-02,10000035,25601,2001.8,2001.8,2001.8,2165,11
2017-12-02,10000035,25604,3582.68,3582.68,3582.68,133,3
2017-12-02,10000035,25606,26010.42,26010.42,26010.42,237,3
2017-12-02,10000035,25608,310008,310008,310008,9,2
2017-12-02,10000035,25615,800016.49,800016.49,800016.49,31,3
2017-12-02,10000035,25617,51000.24,51000.18,51000.29,47,3
2017-12-02,10000035,25619,432042.09,432042.09,432042.09,18,3
2017-12-02,10000035,25620,33003.9,33003.89,33004.01,9,4
2017-12-02,10000035,25623,30002.97,30002.97,30002.97,2,1
2017-12-02,10000035,25625,2259000.1,251000,2510000.11,18,3
2017-12-02,10000035,25715,1597999.83,1597999.83,1597999.84,16,5
2017-12-02,10000035,25719,120000,120000,120000,1,1
2017-12-02,10000035,25739,1000000,1000000,1000000,1,1
2017-12-02,10000035,25810,1000000,1000000,1000000,1,1
2017-12-02,10000035,25811,999999,999999,999999,1,1
2017-12-02,10000035,25812,4900000,4900000,4900000,4,1
2017-12-02,10000035,25861,83912.81,69999.51,225000,46,13
2017-12-02,10000035,25863,2000000,2000000,2000000,1,1
2017-12-02,10000035,25888,25000000.69,25000000.69,25000000.69,1,1
2017-12-02,10000035,25890,8999989.99,8999989.99,8999989.99,1,1
2017-12-02,10000035,25894,11883346.24,9394487.47,12950000,10,4
2017-12-02,10000035,25918,20307000.28,19845000,21000000.69,5,2
2017-12-02,10000035,25948,5870571.43,5599000,7500000,7,5
2017-12-02,10000035,25980,5999999.99,5999999.99,5999999.99,1,1
2017-12-02,10000035,26020,13000000,13000000,13000000,1,1
2017-12-02,10000035,26026,8000000,8000000,8000000,2,1
2017-12-02,10000035,26030,13000000,13000000,13000000,4,2
2017-12-02,10000035,26068,12750000,12750000,12750000,1,1
2017-12-02,10000035,26076,3226829.89,3200000,3280489.67,3,3
2017-12-02,10000035,26078,2999999.99,2999999.99,2999999.99,2,2
2017-12-02,10000035,26080,3375000.85,2999999.99,3750001.71,2,2
2017-12-02,10000035,26082,4999989.69,4999989.69,4999989.69,1,1
2017-12-02,10000035,26088,9894621.95,8996036.59,11990000,10,5
2017-12-02,10000035,26255,3000000,3000000,3000000,1,1
2017-12-02,10000035,26257,120000,120000,120000,1,1
2017-12-02,10000035,26258,120000,120000,120000,2,2
2017-12-02,10000035,26259,117500,115000,120000,2,2
2017-12-02,10000035,26260,119999.99,119999.99,119999.99,1,1
2017-12-02,10000035,26261,999999.83,999999.83,999999.83,1,1
2017-12-02,10000035,26374,45385000,45385000,45385000,2,2
2017-12-02,10000035,26440,25000000,25000000,25000000,1,1
2017-12-02,10000035,26442,39000000,39000000,39000000,1,1
2017-12-02,10000035,26914,2400000,2400000,2400000,2,1
2017-12-02,10000035,26929,104887.97,100000,110997.94,18,9
2017-12-02,10000035,26931,3796247.74,3444372.11,4499999,3,3
2017-12-02,10000035,27068,375000,375000,375000,9,2
2017-12-02,10000035,27075,2200000,2200000,2200000,1,1
2017-12-02,10000035,27117,2000000,2000000,2000000,3,2
2017-12-02,10000035,27119,200000,200000,200000,10,1
2017-12-02,10000035,27125,2000000,2000000,2000000,1,1
2017-12-02,10000035,27127,1009198.65,997297.97,1033000,3,3
2017-12-02,10000035,27131,999999.35,999999.35,999999.35,2,2
2017-12-02,10000035,27143,1013699.65,971049.47,1099000,3,3
2017-12-02,10000035,27174,179462288.36,179462288.36,179462288.36,1,1
2017-12-02,10000035,27321,1091.99,1091.99,1091.99,2000,2
2017-12-02,10000035,27327,1274.98,1274.98,1274.98,500,1
2017-12-02,10000035,27333,1498.99,1498.99,1498.99,1082,2
2017-12-02,10000035,27345,2749.97,2749.97,2749.97,7500,4
2017-12-02,10000035,27351,2750,2750,2750,1350,4
2017-12-02,10000035,27359,3038,3038,3038,372,2
2017-12-02,10000035,27361,1007.77,1007.74,1007.77,27900,13
2017-12-02,10000035,27371,1300,1300,1300,28123,21
2017-12-02,10000035,27377,1950,1950,1950,4500,2
2017-12-02,10000035,27381,1081.72,1081.71,1110,18704,13
2017-12-02,10000035,27387,1200,1200,1249.99,34622,26
2017-12-02,10000035,27395,2449,2449,2449,37500,5
2017-12-02,10000035,27413,1400,1400,1400,35000,2
2017-12-02,10000035,27419,1300,1300,1300,1553,1
2017-12-02,10000035,27423,1949.97,1949.97,1949.97,3500,2
2017-12-02,10000035,27435,1373,1373,1373,40634,22
2017-12-02,10000035,27441,1498,1498,1499,48871,30
2017-12-02,10000035,27447,1348.9,1348.9,1349,16296,12
2017-12-02,10000035,27453,1347,1347,1347.92,16160,16
2017-12-02,10000035,27902,1000000,1000000,1000000,1,1
2017-12-02,10000035,27912,1337446.05,1251434,2000000,19,5
2017-12-02,10000035,27914,2041666.67,1725000,2200000,3,3
2017-12-02,10000035,27918,1999999,1999999,1999999,4,1
2017-12-02,10000035,27920,1350000,1350000,1350000,38,3
2017-12-02,10000035,27951,68787499.99,68499999.99,69074999.99,2,2
2017-12-02,10000035,28073,11999939,11999939,11999939,1,1
2017-12-02,10000035,28199,3500000,3500000,3500000,5,1
2017-12-02,10000035,28209,1744244.21,1250000,1998000,34,6
2017-12-02,10000035,28211,1000000,1000000,1000000,7,7
2017-12-02,10000035,28213,1356163.38,1149326.75,1563000,4,2
2017-12-02,10000035,28215,1135623.89,1119998.66,1209500,22,7
2017-12-02,10000035,28278,1994999,1994999,1994999,10,2
2017-12-02,10000035,28298,3999999,3999999,3999999,5,1
2017-12-02,10000035,28300,53950000,53950000,53950000,2,1
2017-12-02,10000035,28324,1488.77,1488.77,1488.77,9500,10
2017-12-02,10000035,28332,1301,1301,1301,12300,11
2017-12-02,10000035,28334,948.89,948.89,948.89,1000,1
2017-12-02,10000035,28374,595000000,595000000,595000000,1,1
2017-12-02,10000035,28576,2040182.45,1280000,2897982.56,63,24
2017-12-02,10000035,28578,986061.17,898888,1085000,18,5
2017-12-02,10000035,28585,39249474.5,39049999.99,39448949,2,2
2017-12-02,10000035,28646,5366666.66,5199999.99,5700000,3,3
2017-12-02,10000035,28652,29500000,29500000,29500000,1,1
2017-12-02,10000035,28668,27733.67,27733.67,27733.67,32453,81
2017-12-02,10000035,28680,500000,500000,500000,1,1
2017-12-02,10000035,28682,250000,250000,250000,40,1
2017-12-02,10000035,28756,44999883.5,44999883.49,44999883.5,4,4
2017-12-02,10000035,28758,39983333.33,38999999.99,41950000,3,3
2017-12-02,10000035,28999,14779.79,12000,37741.99,49,18
2017-12-02,10000035,29001,37050.59,13000,40067.24,68,29
2017-12-02,10000035,29003,199999.99,199999.99,199999.99,1,1
2017-12-02,10000035,29005,13582.3,12000,18329.19,8,2
2017-12-02,10000035,29007,11257.22,9000,12000,11,3
2017-12-02,10000035,29009,12030.92,10000,25000,66,36
2017-12-02,10000035,29011,12465.16,11000,13099.99,69,49
2017-12-02,10000035,29013,52025.14,27999.72,100075.98,3,2
2017-12-02,10000035,29015,8698,8698,8698,7,4
2017-12-02,10000035,29248,491666.67,450000,500000,6,4
2017-12-02,10000035,29637,69948949,69948948.99,69948949,2,2
2017-12-02,10000035,29986,170000000,170000000,170000000,1,1
2017-12-02,10000035,29988,158666895.53,158666895.53,158666895.53,1,1
2017-12-02,10000035,29990,226999998,226999998,226999998,1,1
2017-12-02,10000035,30013,21427.4,8247.95,100000,56,4
2017-12-02,10000035,30019,500,500,500,8,1
2017-12-02,10000035,30021,5000,5000,5000,16,1
2017-12-02,10000035,30028,134718.07,80000,295000,72,7
2017-12-02,10000035,30259,100000,100000,100000,3,1
2017-12-02,10000035,30372,6000,6000,6000,1680,1
2017-12-02,10000035,30486,537575,537575,537575,116,12
2017-12-02,10000035,30488,550000,550000,550000,206,17
2017-12-02,10000035,30532,7399999,7399999,7399999,1,1
2017-12-02,10000035,30537,7399999,7399999,7399999,1,1
2017-12-02,10000035,30538,7398999,7398999,7398999,1,1
2017-12-02,10000035,30539,7399802.52,7399802.52,7399802.52,1,1
2017-12-02,10000035,30650,2000000,2000000,2000000,1,1
2017-12-02,10000035,30832,1638599.8,1531000,1800000,5,5
2017-12-02,10000035,30834,1732666.33,1697500,1802999,3,3
2017-12-02,10000035,30836,1517999.99,1517999.99,1517999.99,7,3
2017-12-02,10000035,30987,480391.98,475000,489931.64,36,9
2017-12-02,10000035,30993,76345972.67,75000000,76615167.2,6,3
2017-12-02,10000035,31009,624690.48,425000,674613.1,5,5
2017-12-02,10000035,31011,2540552.21,2500000,2621656.63,3,3
2017-12-02,10000035,31015,12333333.33,12333333.33,12333333.33,1,1
2017-12-02,10000035,31017,28063116.14,28063116.14,28063116.14,1,1
2017-12-02,10000035,31021,457157.39,457157.39,457157.39,1,1
2017-12-02,10000035,31023,2505826.78,2450000,2561653.56,2,2
2017-12-02,10000035,31029,27944000,27944000,27944000,1,1
2017-12-02,10000035,31035,2775219.65,2550439.3,3000000,4,4
2017-12-02,10000035,31041,25000000,25000000,25000000,1,1
2017-12-02,10000035,31045,675000,549999.99,800000,4,3
2017-12-02,10000035,31047,2942450.98,2800000,3100000,9,8
2017-12-02,10000035,31051,13729997.57,13729997.57,13729997.57,1,1
2017-12-02,10000035,31053,42150666.66,41225999.99,44000000,6,4
2017-12-02,10000035,31055,2205554.89,1875000,2299999,9,6
2017-12-02,10000035,31057,8363531.08,8229536,9167501,7,5
2017-12-02,10000035,31059,24073901.89,23503847.01,24825837.66,19,11
2017-12-02,10000035,31065,2599999.93,2599999.93,2599999.93,2,1
2017-12-02,10000035,31071,39460109.05,39460109.05,39460109.05,1,1
2017-12-02,10000035,31085,4000000,4000000,4000000,3,1
2017-12-02,10000035,31091,50016355.55,50016355.55,50016355.55,3,1
2017-12-02,10000035,31105,350000,350000,350000,1,1
2017-12-02,10000035,31107,1500000,1500000,1500000,2,2
2017-12-02,10000035,31111,4983104.02,4949999.98,4994138.7,8,3
2017-12-02,10000035,31117,624999.33,624999,625000,9,3
2017-12-02,10000035,31119,1833332.6,1499999,2000000,18,6
2017-12-02,10000035,31125,12999999.76,12999999.76,12999999.76,4,2
2017-12-02,10000035,31153,439630.7,380000,446180.07,20,10
2017-12-02,10000035,31155,1405554.56,1249999,1599999,9,6
2017-12-02,10000035,31159,606996.43,500000,686987.51,14,7
2017-12-02,10000035,31161,2255833.32,2000000,2500000,12,6
2017-12-02,10000035,31165,4768128.34,4083631.27,6000000,18,12
2017-12-02,10000035,31167,17014999.99,17014999.99,17014999.99,3,1
2017-12-02,10000035,31169,317768000,317768000,317768000,3,1
2017-12-02,10000035,31171,6043888.86,5899999.99,6098999.95,18,13
2017-12-02,10000035,31173,14055906.76,13636477.44,14999992.59,13,8
2017-12-02,10000035,31177,361762.23,300000,399998.99,17,10
2017-12-02,10000035,31179,2369999.25,1500000,2659999,4,2
2017-12-02,10000035,31183,4602280.78,4550250,4949999.32,16,11
2017-12-02,10000035,31185,13747499.33,12994999.66,14499999,2,2
2017-12-02,10000035,31195,4950000,4950000,4950000,1,1
2017-12-02,10000035,31201,320352.14,275000,338492.99,7,3
2017-12-02,10000035,31207,3613444.45,3276888.89,3950000,2,2
2017-12-02,10000035,31213,75758.6,75758.6,75758.6,9,4
2017-12-02,10000035,31220,5788428.87,5788428.87,5788428.87,1,1
2017-12-02,10000035,31238,753328.71,753328.71,753328.71,1,1
2017-12-02,10000035,31244,4950000,4950000,4950000,1,1
2017-12-02,10000035,31262,450000,450000,450000,2,2
2017-12-02,10000035,31274,500000,500000,500000,12,2
2017-12-02,10000035,31276,1750000,1750000,1750000,1,1
2017-12-02,10000035,31280,5750000,5750000,5750000,1,1
2017-12-02,10000035,31322,671428.42,649999.99,799999,7,5
2017-12-02,10000035,31324,1200000,1200000,1200000,2,1
2017-12-02,10000035,31328,3999999.99,3999999.99,3999999.99,3,2
2017-12-02,10000035,31340,7950000,7950000,7950000,1,1
2017-12-02,10000035,31358,903278.58,897059.97,994999.68,10,7
2017-12-02,10000035,31360,3858353.26,3500000,4575059.79,6,6
2017-12-02,10000035,31364,5112500,4150000,7999999.99,4,4
2017-12-02,10000035,31366,24444000,24444000,24444000,3,2
2017-12-02,10000035,31372,2054000,2000000,2450000,25,12
2017-12-02,10000035,31374,28056000,28056000,28056000,1,1
2017-12-02,10000035,31378,13247578.95,12919000,15000000,19,14
2017-12-02,10000035,31380,189999000,189999000,189999000,2,1
2017-12-02,10000035,31448,3899998.79,3899998.79,3899998.79,1,1
2017-12-02,10000035,31460,5000000,5000000,5000000,1,1
2017-12-02,10000035,31474,9000000,9000000,9000000,1,1
2017-12-02,10000035,31526,1789999.99,1750000,1809999.99,3,3
2017-12-02,10000035,31528,4149999.99,4149999.99,4149999.99,1,1
2017-12-02,10000035,31562,624999.99,624999.99,624999.99,2,1
2017-12-02,10000035,31564,5300000,4899999.99,5500000,3,3
2017-12-02,10000035,31568,4977000,4977000,4977000,2,2
2017-12-02,10000035,31582,10000000,10000000,10000000,2,1
2017-12-02,10000035,31586,398999.99,398999.99,398999.99,5,5
2017-12-02,10000035,31588,1345000,1200000,1490000,2,2
2017-12-02,10000035,31592,8000000,6000000,10000000,2,2
2017-12-02,10000035,31600,2000000,2000000,2000000,4,3
2017-12-02,10000035,31604,4743000,4743000,4743000,4,4
2017-12-02,10000035,31606,15208000,15208000,15208000,2,1
2017-12-02,10000035,31608,499988.97,499988.95,499988.99,4,4
2017-12-02,10000035,31610,3000000,3000000,3000000,4,4
2017-12-02,10000035,31616,18122000,18122000,18122000,1,1
2017-12-02,10000035,31620,424999.99,424999.99,424999.99,6,6
2017-12-02,10000035,31622,1400000,1400000,1400000,1,1
2017-12-02,10000035,31668,311112.9,225000,483338.69,3,3
2017-12-02,10000035,31680,350000,350000,350000,1,1
2017-12-02,10000035,31686,6994999.58,6994999.58,6994999.58,1,1
2017-12-02,10000035,31716,215277,175000,255554,4,4
2017-12-02,10000035,31718,726605.76,237995.99,1596150.02,34,18
2017-12-02,10000035,31722,3029166.5,2835000,3999998.99,6,4
2017-12-02,10000035,31724,5416999,5416999,5416999,1,1
2017-12-02,10000035,31726,64000000.01,64000000.01,64000000.01,2,2
2017-12-02,10000035,31740,199999.68,199999.68,199999.68,4,1
2017-12-02,10000035,31742,526999.56,299999,1021500,9,6
2017-12-02,10000035,31748,7831252.42,7584997.65,8710656.51,9,8
2017-12-02,10000035,31752,248749.4,222499.99,274998.8,2,2
2017-12-02,10000035,31754,299587.39,194996,370000,26,11
2017-12-02,10000035,31758,5749988.5,5749988.5,5749988.5,1,1
2017-12-02,10000035,31760,6253599.4,6142000,6699996.98,10,8
2017-12-02,10000035,31762,64000000.01,64000000.01,64000000.01,1,1
2017-12-02,10000035,31772,10000000,10000000,10000000,2,1
2017-12-02,10000035,31782,1500000,1500000,1500000,1,1
2017-12-02,10000035,31788,367354.79,344045.8,442000,25,15
2017-12-02,10000035,31790,1828809.49,1828809.49,1828809.49,148,55
2017-12-02,10000035,31792,53224999,53224999,53224999,3,1
2017-12-02,10000035,31794,7283122.83,6899999.99,7498989.61,24,9
2017-12-02,10000035,31796,23477426.78,20750000,25520986,29,14
2017-12-02,10000035,31802,1705999.95,1699999.83,1800000,25,8
2017-12-02,10000035,31812,26930500,25000000,27570000,12,5
2017-12-02,10000035,31864,2880001.98,2880001.98,2880001.98,5,1
2017-12-02,10000035,31870,4400000.73,4400000.73,4400000.73,4,1
2017-12-02,10000035,31872,3640834.64,3640834.64,3640834.64,4,1
2017-12-02,10000035,31874,4698311.52,4558093.99,4737561.16,32,6
2017-12-02,10000035,31876,4440246.6,4440246.6,4440246.6,186,34
2017-12-02,10000035,31878,4603679.63,4227989.99,5880000,28,6
2017-12-02,10000035,31880,3540001.45,3540001.45,3540001.45,5,1
2017-12-02,10000035,31884,4600000,4600000,4600000,2,1
2017-12-02,10000035,31886,4499987.87,4499987.87,4499987.87,15,2
2017-12-02,10000035,31888,3000000,3000000,3000000,5,1
2017-12-02,10000035,31894,4885714.22,4885714.21,4885714.22,20,2
2017-12-02,10000035,31900,45666666.67,45000000,46000000,3,2
2017-12-02,10000035,31926,19950000,19950000,19950000,1,1
2017-12-02,10000035,31928,15127928.51,15099999.94,16450000,14,12
2017-12-02,10000035,31930,50744999.5,41989999,59500000,2,2
2017-12-02,10000035,31942,47000000,47000000,47000000,4,2
2017-12-02,10000035,31944,38950000,38950000,38950000,1,1
2017-12-02,10000035,31982,117000,117000,117000,165,4
2017-12-02,10000035,31998,122500,122500,122500,289,7
2017-12-02,10000035,32006,141500,141500,141500,415,18
2017-12-02,10000035,32014,212239.97,212239.97,212239.97,183,11
2017-12-02,10000035,32043,4450000,4450000,4450000,2,2
2017-12-02,10000035,32047,46215714.29,42950000,52855000,7,4
2017-12-02,10000035,32063,42641200,39950000,43314000,5,2
2017-12-02,10000035,32344,6847220.88,6847220.88,6847220.88,32,1
2017-12-02,10000035,32772,1238808.18,1205343.91,1249962.94,4,3
2017-12-02,10000035,32774,181393.75,147999.95,214787.54,2,2
2017-12-02,10000035,32780,1590000,1589999.99,1590000,2,2
2017-12-02,10000035,32782,49.69,49.69,49.69,6002,13
2017-12-02,10000035,32787,35263.03,35000,40000,38,9
2017-12-02,10000035,32819,1231536.84,1200000,1249950,19,5
2017-12-02,10000035,32876,1525000,1500000,1550000,2,2
2017-12-02,10000035,32878,1500000,1500000,1500000,1,1
2017-12-02,10000035,32880,350000,350000,350000,3,2
2017-12-02,10000035,32999,240000,240000,240000,3,3
2017-12-02,10000035,33000,240000,240000,240000,1,1
2017-12-02,10000035,33001,240000,240000,240000,1,1
2017-12-02,10000035,33002,240000,240000,240000,2,2
2017-12-02,10000035,33003,300000,300000,300000,108,5
2017-12-02,10000035,33011,20000,20000,20000,3,1
2017-12-02,10000035,33076,563866.54,400000,620000,20,16
2017-12-02,10000035,33078,1999968.23,1999968.23,1999968.23,2,2
2017-12-02,10000035,33091,120000,120000,120000,3,3
2017-12-02,10000035,33092,120000,120000,120000,1,1
2017-12-02,10000035,33095,2389999.99,2389999.99,2389999.99,1,1
2017-12-02,10000035,33096,2397000,2397000,2397000,1,1
2017-12-02,10000035,33101,924999.15,625000,999998.94,5,5
2017-12-02,10000035,33178,100075.6,100075.6,100075.6,1,1
2017-12-02,10000035,33180,449999.78,150000,800000,9,6
2017-12-02,10000035,33270,99999.99,99999.99,99999.99,2,2
2017-12-02,10000035,33281,57227999.99,57227999.99,57227999.99,1,1
2017-12-02,10000035,33332,68779.84,68779.84,68779.84,158,4
2017-12-02,10000035,33450,3454899.74,3454899.74,3454899.74,6,2
2017-12-02,10000035,33468,69773017.91,68995999.94,70000000,4,4
2017-12-02,10000035,33470,249999998.01,249999998.01,249999998.01,1,1
2017-12-02,10000035,33472,510000000,510000000,510000000,1,1
2017-12-02,10000035,33474,1909041.16,1899999.99,2060145.05,21,14
2017-12-02,10000035,33475,9189610.28,8999999.95,10000000,77,31
2017-12-02,10000035,33520,46066549.89,45249999.5,47699650.66,3,3
2017-12-02,10000035,33681,101861228.75,99950000,104997966.22,8,8
2017-12-02,10000035,33697,42999999,42999999,42999999,1,1
2017-12-02,10000035,33699,144750,120000,169500,2,2
2017-12-02,10000035,33700,23300000,23300000,23300000,2,1
2017-12-02,10000035,33706,24999.97,24999.97,24999.97,5,1
2017-12-02,10000035,33818,278999999,278999999,278999999,1,1
2017-12-02,10000035,33822,50000,50000,50000,2,2
2017-12-02,10000035,33824,1823832.6,1766999.5,1950000,24,17
2017-12-02,10000035,33828,35924000,35924000,35924000,1,1
2017-12-02,10000035,33844,124369874.57,118497998.88,139619000,18,6
2017-12-02,10000035,33852,255000000,200000000,270000000,5,5
2017-12-02,10000035,33890,2234949.76,2220983.73,2239999.49,22,5
2017-12-02,10000035,33894,4325000,4295000,4375000,8,3
2017-12-02,10000035,33896,10365500.14,9123000,11111000.23,8,3
2017-12-02,10000035,33900,44317333.33,44001000,44950000,3,2
2017-12-02,10000035,33983,39167000,39167000,39167000,1,1
2017-12-02,10000035,34204,400000,400000,400000,1,1
2017-12-02,10000035,34205,50000,50000,50000,1,1
2017-12-02,10000035,34268,1250000,1250000,1250000,9,1
2017-12-02,10000035,34317,54480725,54480725,54480725,1,1
2017-12-02,10000035,34390,4225000,3949999.99,4500000,2,2
2017-12-02,10000035,34496,1999999,1999999,1999999,1,1
2017-12-02,10000035,34533,1999999.97,1999999.97,1999999.97,1,1
2017-12-02,10000035,34562,55715692.82,55547099.73,55799989.36,3,3
2017-12-02,10000035,34828,50999999.99,50999999.99,50999999.99,6,6
2017-12-02,10000035,35656,48128.03,35000,140033.26,8,8
2017-12-02,10000035,35657,86666.66,52500,154999.99,3,3
2017-12-02,10000035,35658,391663.66,350000,399996,12,12
2017-12-02,10000035,35659,163856.57,115500,213499,7,7
2017-12-02,10000035,35660,137895.17,118000,249999,20,15
2017-12-02,10000035,35661,295000,295000,295000,148,8
2017-12-02,10000035,35662,240000,240000,249999.99,233,11
2017-12-02,10000035,35680,3249999.97,3249999.96,3249999.97,4,4
2017-12-02,10000035,35771,1990000.38,1990000.38,1990000.38,3,3
2017-12-02,10000035,35790,1689999.6,1499997.86,1730000.01,13,13
2017-12-02,10000035,35794,20857.14,17000,25000,14,10
2017-12-02,10000035,35795,31437.17,14999.99,135060.23,7,6
2017-12-02,10000035,35835,1599999999.99,1599999999.99,1599999999.99,1,1
2017-12-02,10000035,35899,34000000,34000000,34000000,1,1
2017-12-02,10000035,35926,120000000,120000000,120000000,1,1
2017-12-02,10000035,36909,8000000,8000000,8000000,33,2
2017-12-02,10000035,36910,9000000,8999999.99,9000000,11,2
2017-12-02,10000035,36911,7500000,7500000,7500000,5,1
2017-12-02,10000035,37135,46214000,46214000,46214000,2,2
2017-12-02,10000035,37294,200000000,200000000,200000000,3,1
2017-12-02,10000035,37302,319999000,319999000,319999000,3,1
2017-12-02,10000035,37451,1139999.95,1139999.95,1139999.95,1,1
2017-12-02,10000035,37479,889999.96,889999.96,889999.96,1,1
2017-12-02,10000035,37482,78000000,78000000,78000000,1,1
2017-12-02,10000035,37604,1000000000,1000000000,1000000000,1,1
2017-12-02,10000035,37627,90000000,90000000,90000000,1,1
2017-12-02,10000035,37847,9999.99,9999.99,9999.99,200,1
2017-12-02,10000035,40328,8950000,8950000,8950000,2,2
2017-12-02,10000035,40334,14999.99,14999.99,14999.99,5,1
2017-12-02,10000035,40335,29999.99,29999.99,29999.99,15,2
2017-12-02,10000035,40346,9913633.61,9913633.61,9913633.61,6,1
2017-12-02,10000035,40347,9999999.99,9999999.99,9999999.99,3,1
2017-12-02,10000035,40348,37130562,37130562,37130562,1,1
2017-12-02,10000035,40350,118000000,118000000,118000000,2,1
2017-12-02,10000035,40351,167999999.75,160000000,170999999.99,4,4
2017-12-02,10000035,40354,45080000,45080000,45080000,1,1
2017-12-02,10000035,40357,185999993,185999992.99,185999993,2,2
2017-12-02,10000035,40519,454799999.93,454000000,455000000,5,5
2017-12-02,10000035,40520,873611391.77,870500000,875000000,79,30
2017-12-02,10000035,40557,12499999.78,12000000,12950000,145,13
2017-12-02,10000035,40559,11890467.65,11890467.65,11890467.65,23,3
2017-12-02,10000035,40566,37190973.11,33030623.59,39000000,28,5
2017-12-02,10000035,40570,30628000,30627999.99,30628000,29,4
2017-12-02,10000035,40573,122000000,122000000,122000000,1,1
2017-12-02,10000035,40661,76999999.99,76999999.99,76999999.99,3,2
2017-12-02,10000035,40662,159000000,159000000,159000000,1,1
2017-12-02,10000035,40714,57893999.36,57797999.72,57989999,2,2
2017-12-02,10000035,40715,128500000,128500000,128500000,1,1
2017-12-02,10000035,40734,155000000,155000000,155000000,1,1
2017-12-02,10000035,41030,1209999954.85,1149999998,1250000000,10,7
2017-12-02,10000035,41031,32671.04,28999.99,40013.15,3,2
2017-12-02,10000035,41054,248222.22,234000,250000,18,2
2017-12-02,10000035,41055,276555.79,276000,278362.09,17,2
2017-12-02,10000035,41056,276000,276000,276000,8,1
2017-12-02,10000035,41057,4985000,4985000,4985000,1,1
2017-12-02,10000035,41155,43999.92,25000,99999.98,25,17
2017-12-02,10000035,41215,23457999.99,23457999.99,23457999.99,2,2
2017-12-02,10000035,41218,36213071.96,34641339.93,42500000,5,4
2017-12-02,10000035,41220,95611111.11,94555555.55,96666666.67,2,2
2017-12-02,10000035,41238,81833499.67,79500500,82999999.5,3,3
2017-12-02,10000035,41240,4500000000,4500000000,4500000000,1,1
2017-12-02,10000035,41268,800000,800000,800000,76,1
2017-12-02,10000035,41322,4999.98,4999.98,4999.98,3600,3
2017-12-02,10000035,41324,4900,4900,4900,4600,5
2017-12-02,10000035,41411,51748995.83,42000000,64449991.11,5,5
2017-12-02,10000035,41415,179334680.35,170999998.88,213499983.17,18,9
2017-12-02,10000035,41459,410599858.72,410599858.72,410599858.72,1,1
2017-12-02,10000035,41484,899999.99,899999.99,899999.99,1,1
2017-12-02,10000035,41486,23500000,23500000,23500000,1,1
2017-12-02,10000035,41489,54999.99,54999.99,54999.99,290,6
2017-12-02,10000035,41490,999999.99,999959,1015000,1749,35
2017-12-02,10000035,41491,73199999.2,70000000,73999999,5,5
2017-12-02,10000035,41500,500000000,500000000,500000000,1,1
2017-12-02,10000035,41503,123812500,117625000,130000000,2,2
2017-12-02,10000035,41507,146895000,146895000,146895000,1,1
2017-12-02,10000035,41517,250000,250000,250000,1,1
2017-12-02,10000035,41518,250000,250000,250000,1,1
2017-12-02,10000035,41519,250000,250000,250000,1,1
2017-12-02,10000035,41520,250000,250000,250000,1,1
2017-12-02,10000035,41525,93990000,93990000,93990000,1,1
2017-12-02,10000035,42244,65235554.4,60000000,68999998.96,5,4
2017-12-02,10000035,42526,1350000,1250000,1550000,3,3
2017-12-02,10000035,42527,1000000,1000000,1000000,1,1
2017-12-02,10000035,42528,1455000,1455000,1455000,1,1
2017-12-02,10000035,42529,1458842.11,1449999.99,1464736.85,5,2
2017-12-02,10000035,42530,1499999,1499999,1499999,2,1
2017-12-02,10000035,42694,2000,2000,2000,1500,2
2017-12-02,10000035,42695,2000,2000,2000,6800,4
2017-12-02,10000035,42696,2000,2000,2000,6300,4
2017-12-02,10000035,42829,1200,1200,1200,11100,4
2017-12-02,10000035,42830,960,960,960,118674,10
2017-12-02,10000035,42831,500,500,500,4000,1
2017-12-02,10000035,42832,974.98,974.98,974.98,1000,1
2017-12-02,10000035,42833,974.98,974.98,974.98,1000,1
2017-12-02,10000035,42834,974.98,974.98,974.98,1000,1
2017-12-02,10000035,42835,700,700,700,426,3
2017-12-02,10000035,42836,1165.8,1158.98,1499.97,50,2
2017-12-02,10000035,42837,787.26,773.01,1499.97,51,2
2017-12-02,10000035,42838,1299.99,1299.99,1299.99,600,1
2017-12-02,10000035,42839,1415.85,1415.85,1415.85,960,2
2017-12-02,10000035,42840,1199.99,1199.99,1199.99,600,1
2017-12-02,10000035,42890,106201999.66,106201999.66,106201999.66,1,1
2017-12-02,10000035,43551,6168477.4,6150000,6178034.67,11,6
2017-12-02,10000035,43554,3712499.75,3712499.75,3712499.75,1,1
2017-12-02,10000035,43555,6279110.66,6279110.66,6279110.66,2,1
2017-12-02,10000035,43556,3599999.98,3599999.98,3599999.98,1,1
2017-12-02,10000035,43699,144200,139000,165000,10,4
2017-12-02,10000035,43700,4752692.17,4100000,5405384.34,2,2
2017-12-02,10000035,43701,159000000,159000000,159000000,1,1
2017-12-02,10000035,43702,840000,800000,999999.99,5,5
2017-12-02,10000035,43703,24894998,24894997.99,24894998,2,2
2017-12-02,10000035,44067,299950000,299950000,299950000,1,1
2017-12-02,10000035,44102,3738340.66,3500000,4067000,15,15
2017-12-02,10000035,44992,3000104.24,3000102,3295999.99,18732,37
2017-12-02,10000035,45586,58999999.99,58999999.99,58999999.99,2,2
2017-12-02,10000035,45589,57926539.11,57926539.11,57926539.11,1,1
2017-12-02,10000035,45591,48408933.33,48408933.33,48408933.33,1,1
2017-12-02,10000035,45592,59188000,59188000,59188000,3,3
2017-12-02,10000035,45594,47165000,47165000,47165000,1,1
2017-12-02,10000035,45595,52000000,52000000,52000000,1,1
2017-12-02,10000035,45596,52688000,52688000,52688000,1,1
2017-12-02,10000035,45599,49949500,49949000,49950000,2,2
2017-12-02,10000035,45604,27990000.66,27990000.66,27990000.66,1,1
2017-12-02,10000035,45605,51426494.1,49569988.2,53283000,2,2
2017-12-02,10000035,45607,45792999.66,45792999.66,45792999.66,1,1
2017-12-02,10000035,45608,53013998,53013998,53013998,1,1
2017-12-02,10000035,45610,44600000,44600000,44600000,2,2
2017-12-02,10000035,45614,48464554.34,48464554.34,48464554.34,1,1
2017-12-02,10000035,45615,37000000,37000000,37000000,1,1
2017-12-02,10000035,45616,40000000,40000000,40000000,1,1
2017-12-02,10000035,45617,47262000,47262000,47262000,1,1
2017-12-02,10000035,45618,16940000,16940000,16940000,1,1
2017-12-02,10000035,45619,56000000,56000000,56000000,1,1
2017-12-02,10000035,45620,45965000,45965000,45965000,1,1
2017-12-02,10000035,45621,49249000,49249000,49249000,1,1
2017-12-02,10000035,45624,42642000,42642000,42642000,1,1
2017-12-02,10000035,45625,12999999.94,12999999.94,12999999.94,1,1
2017-12-02,10000035,45626,43999998.66,43999998.66,43999998.66,1,1
2017-12-02,10000035,45628,17131999.5,17131999,17132000,2,2
2017-12-02,10000035,45629,46060333.31,35120666.61,57000000,2,2
2017-12-02,10000035,45630,19722191.35,18999900,20444482.7,2,2
2017-12-02,10000035,45632,43950000,43950000,43950000,1,1
2017-12-02,10000035,45635,266800000.02,266800000.02,266800000.02,1,1
2017-12-02,10000035,45746,7666666.66,7666666.66,7666666.66,1,1
2017-12-02,10000035,45748,9550000,9550000,9550000,1,1
2017-12-02,10000035,45750,18000000,18000000,18000000,1,1
2017-12-02,10000035,45945,2500000,2500000,2500000,1,1
2017-12-02,10000035,45999,9631601.64,9363204.28,9899998.99,2,2
2017-12-02,10000035,46001,2000000,2000000,2000000,1,1
2017-12-02,10000035,46002,9250000,9000000,10000000,4,2
2017-12-02,10000035,46004,1100000,1100000,1100000,1,1
2017-12-02,10000035,46005,5999999,5999999,5999999,1,1
2017-12-02,10000035,46008,5999999.5,2000000,9999999,2,2
2017-12-02,10000035,46152,24613824.18,24613824.18,24613824.18,1,1
2017-12-02,10000035,46153,25694375.83,25694375.83,25694375.83,1,1
2017-12-02,10000035,46154,29439246.19,29439246.19,29439246.19,1,1
2017-12-02,10000035,46155,43202331.96,43202331.96,43202331.96,1,1
2017-12-02,10000035,46156,45887997.94,45887997.94,45887997.94,1,1
2017-12-02,10000035,46355,733333.33,400000,1000000,18,2
2017-12-02,10000035,46365,282222.22,190000,420000,45,6
2017-12-02,10000035,46367,423809.52,299999.99,450000,42,5
2017-12-02,10000035,46369,559911,450000,999555,10,2
2017-12-02,10000035,46371,500000,500000,500000,8,1
2017-12-02,10000036,20,178.86,178.86,178.86,25543,5
2017-12-02,10000036,34,5,5,5,19599249,25
2017-12-02,10000036,35,5.26,5.26,5.26,4825350,16
2017-12-02,10000036,36,57.25,57.25,57.25,236019,11
2017-12-02,10000036,37,42.26,42.26,42.26,36239,10
2017-12-02,10000036,38,285.02,285.02,285.02,35980,10
2017-12-02,10000036,39,1950,1950,1950,9431,10
2017-12-02,10000036,40,2100,2100,2100,6812,6
2017-12-02,10000036,189,75,75,75,1000,1
2017-12-02,10000036,201,190,190,190,1000,1
2017-12-02,10000036,208,49.99,49.99,49.99,14654,1
2017-12-02,10000036,209,15.02,15.02,15.02,100,1
2017-12-02,10000036,210,17.24,17.24,17.24,3500,2
2017-12-02,10000036,211,18,18,18,1600,2
2017-12-02,10000036,212,15,15,15,27800,9
2017-12-02,10000036,213,20,20,20,100,1
2017-12-02,10000036,215,7.5,7.5,7.5,5000,1
2017-12-02,10000036,219,6,6,6,57,1
2017-12-02,10000036,220,6.95,6.95,6.95,5000,1
2017-12-02,10000036,222,19,19,19,27222,5
2017-12-02,10000036,223,49.95,49.95,49.95,2000,2
2017-12-02,10000036,229,40,40,40,3500,3
2017-12-02,10000036,230,79.99,79.99,79.99,7000,4
2017-12-02,10000036,241,720.1,1,800,10,2
2017-12-02,10000036,242,1,1,1,1,1
2017-12-02,10000036,245,1,1,1,1,1
2017-12-02,10000036,246,667,1,1000,3,2
2017-12-02,10000036,248,15000,15000,15000,4,1
2017-12-02,10000036,252,90000,90000,90000,5,1
2017-12-02,10000036,253,11000,11000,11000,5,1
2017-12-02,10000036,254,15000,15000,15000,4,1
2017-12-02,10000036,434,99999.99,99999.99,99999.99,3,3
2017-12-02,10000036,438,3495023.54,3495023.54,3495023.54,1,1
2017-12-02,10000036,439,39666.32,18998.97,49999.99,3,3
2017-12-02,10000036,440,5197999.92,5197999.92,5197999.92,1,1
2017-12-02,10000036,444,34645.69,34645.69,34645.69,1,1
2017-12-02,10000036,447,100404.13,87496.71,109009.08,25,5
2017-12-02,10000036,448,1923443.57,1899999.98,1946887.15,6,6
2017-12-02,10000036,482,1585618.29,1499888,2100000,7,3
2017-12-02,10000036,483,20000,19999.99,20000,4,3
2017-12-02,10000036,499,23333.33,18000,50000,6,2
2017-12-02,10000036,519,1799617.6,1400000,1838997.98,21,11
2017-12-02,10000036,526,40000,40000,40000,5,3
2017-12-02,10000036,527,1179137.04,1100000,1196782.78,10,6
2017-12-02,10000036,564,44999.99,44999.99,44999.99,3,1
2017-12-02,10000036,566,60000,60000,60000,4,1
2017-12-02,10000036,570,295000,295000,295000,4,1
2017-12-02,10000036,578,173500,100000,197000,4,3
2017-12-02,10000036,584,498994.95,498994.95,498994.95,2,2
2017-12-02,10000036,585,428998.99,428998.99,428998.99,1,1
2017-12-02,10000036,593,377499.99,10000,499999.99,4,4
2017-12-02,10000036,596,144000,144000,144000,1,1
2017-12-02,10000036,597,499999.99,499999.99,499999.99,1,1
2017-12-02,10000036,602,489999.25,489999,490000,4,3
2017-12-02,10000036,603,498999.91,498499.87,500000,3,2
2017-12-02,10000036,605,643645.78,412500,874791.55,4,4
2017-12-02,10000036,608,373796.3,360000,389990.75,5,5
2017-12-02,10000036,609,369899.84,369899.84,369899.84,2,2
2017-12-02,10000036,621,13330000,10495000,19000000,3,3
2017-12-02,10000036,623,14298711.5,14298711.5,14298711.5,1,1
2017-12-02,10000036,624,10274693.09,10274693.09,10274693.09,1,1
2017-12-02,10000036,626,13497978.7,13497978.7,13497978.7,2,2
2017-12-02,10000036,628,11900000,11900000,11900000,1,1
2017-12-02,10000036,650,1750000,1500000,1999999.99,2,2
2017-12-02,10000036,652,2989988.56,2989988.56,2989988.56,1,1
2017-12-02,10000036,654,1475000,1450000,1500000,2,2
2017-12-02,10000036,656,1999999.99,1999999.99,1999999.99,1,1
2017-12-02,10000036,657,999999.99,999999.99,999999.99,1,1
2017-12-02,10000036,672,38333.33,25000,45000,3,3
2017-12-02,10000036,967,50000,50000,50000,1,1
2017-12-02,10000036,1140,150000,150000,150000,1,1
2017-12-02,10000036,1142,225000,225000,225000,1,1
2017-12-02,10000036,1144,325000,325000,325000,1,1
2017-12-02,10000036,1145,400000,400000,400000,1,1
2017-12-02,10000036,1148,400000,400000,400000,1,1
2017-12-02,10000036,1150,600000,600000,600000,1,1
2017-12-02,10000036,1152,800000,800000,800000,1,1
2017-12-02,10000036,1153,1000000,1000000,1000000,1,1
2017-12-02,10000036,1183,950000,950000,950000,1,1
2017-12-02,10000036,1195,80000,80000,80000,6,4
2017-12-02,10000036,1224,20.18,20.18,20.18,78871,3
2017-12-02,10000036,1227,32.18,32.18,32.18,35709,1
2017-12-02,10000036,1228,14.14,14.14,14.14,58061,5
2017-12-02,10000036,1230,8.78,8.78,8.78,396479,5
2017-12-02,10000036,1231,3000,3000,3000,4000,1
2017-12-02,10000036,1236,999999,999999,999999,1,1
2017-12-02,10000036,1248,1480999,1480999,1480999,1,1
2017-12-02,10000036,1266,508619.94,33016.19,984223.68,2,2
2017-12-02,10000036,1306,508943.72,400000,599799.95,8,8
2017-12-02,10000036,1317,9999,9999,9999,5,1
2017-12-02,10000036,1319,838336.1,817000,946998.97,10,4
2017-12-02,10000036,1335,749999.99,749999.99,749999.99,7,3
2017-12-02,10000036,1355,1149710.82,1149710.82,1149710.82,1,1
2017-12-02,10000036,1403,100000,100000,100000,1,1
2017-12-02,10000036,1405,800826.95,796339.99,850000,13,6
2017-12-02,10000036,1422,1159917.72,879890.29,2000000,8,2
2017-12-02,10000036,1541,1378971.62,1378971.62,1378971.63,5,5
2017-12-02,10000036,1559,2500000,2500000,2500000,1,1
2017-12-02,10000036,1808,34999.99,34999.99,34999.99,3,2
2017-12-02,10000036,1877,1399998,1399998,1399998,1,1
2017-12-02,10000036,1944,1999999,1999999,1999999,1,1
2017-12-02,10000036,1952,1577998.78,1577998.78,1577998.78,8,7
2017-12-02,10000036,1978,1688997.41,1688997,1688997.82,2,2
2017-12-02,10000036,1987,1499899.19,1499899.19,1499899.19,2,2
2017-12-02,10000036,1999,1140813.05,1140813.05,1140813.05,5,5
2017-12-02,10000036,2018,90000,90000,90000,1,1
2017-12-02,10000036,2032,699999,699999,699999,1,1
2017-12-02,10000036,2038,1989987.87,1989987.87,1989987.87,1,1
2017-12-02,10000036,2046,40318.66,35000,49999.98,7,7
2017-12-02,10000036,2048,629959.64,599999.99,714998.96,30,22
2017-12-02,10000036,2117,2998998.7,2998998.7,2998998.7,2,2
2017-12-02,10000036,2161,498000,498000,498000,2,2
2017-12-02,10000036,2173,31200,31200,31200,20,2
2017-12-02,10000036,2175,1355599.99,1300000,1383399.99,15,4
2017-12-02,10000036,2183,33454.55,33000,35000,22,3
2017-12-02,10000036,2185,1168386.74,1154017.08,1200000,16,5
2017-12-02,10000036,2203,8499.99,8499.99,8499.99,100,1
2017-12-02,10000036,2205,536299.28,494000,549998.98,30,10
2017-12-02,10000036,2254,81000,81000,81000,5,1
2017-12-02,10000036,2281,3190491.34,3189897.06,3200000,17,13
2017-12-02,10000036,2293,110000,110000,110000,1,1
2017-12-02,10000036,2301,2897811.42,2897811.41,2897811.42,3,3
2017-12-02,10000036,2303,2699492.27,2699492.27,2699492.27,1,1
2017-12-02,10000036,2333,1388908.71,1388908.71,1388908.71,1,1
2017-12-02,10000036,2404,1579882.87,1579882.87,1579882.87,9,4
2017-12-02,10000036,2410,1799899.58,1799899.58,1799899.58,6,1
2017-12-02,10000036,2446,2248999.97,2248999.97,2248999.97,1,1
2017-12-02,10000036,2454,3500.01,3500.01,3500.01,264,9
2017-12-02,10000036,2456,467146.03,425750,499888,94,18
2017-12-02,10000036,2464,7900,7900,7900,4,1
2017-12-02,10000036,2466,400000,400000,400000,5,1
2017-12-02,10000036,2486,7000,7000,7000,4,1
2017-12-02,10000036,2488,486099.98,484999.97,489999.99,20,5
2017-12-02,10000036,2508,379.94,379.94,379.94,4000,1
2017-12-02,10000036,2512,7.5,7.5,7.5,2000,1
2017-12-02,10000036,2524,81000,81000,81000,1,1
2017-12-02,10000036,2525,81000,81000,81000,2,1
2017-12-02,10000036,2534,81000,81000,81000,6,1
2017-12-02,10000036,2537,30000,30000,30000,3,2
2017-12-02,10000036,2539,1550355.93,1389711.86,1711000,2,2
2017-12-02,10000036,2545,20000,20000,20000,2,1
2017-12-02,10000036,2547,1150000,1150000,1150000,1,1
2017-12-02,10000036,2549,81000,81000,81000,1,1
2017-12-02,10000036,2550,81000,81000,81000,1,1
2017-12-02,10000036,2563,2092000,2092000,2092000,5,1
2017-12-02,10000036,2567,2126797.76,2126797.76,2126797.76,5,1
2017-12-02,10000036,2571,1797749.99,1797749.99,1797749.99,4,2
2017-12-02,10000036,2603,49999.99,49999.99,49999.99,1,1
2017-12-02,10000036,2605,540895.32,425000,566599.96,16,13
2017-12-02,10000036,2613,899.75,899.75,899.75,2033,2
2017-12-02,10000036,2629,799.99,799.99,799.99,14735,4
2017-12-02,10000036,2647,174,174,174,100,1
2017-12-02,10000036,2868,2875000,2875000,2875000,17,1
2017-12-02,10000036,2881,869077.17,869077.17,869077.17,3,1
2017-12-02,10000036,2889,887988.82,887988.82,887988.82,16,5
2017-12-02,10000036,2905,898898.69,898898.69,898898.69,4,1
2017-12-02,10000036,2913,2249999.94,2249999.94,2249999.94,4,1
2017-12-02,10000036,2921,2349999.97,1350000,2849999.95,18,4
2017-12-02,10000036,2969,2927998.59,2927998.59,2927998.59,6,2
2017-12-02,10000036,2977,1028568.85,1028568.85,1028568.85,5,2
2017-12-02,10000036,2993,1679810.84,1679810.84,1679810.84,4,2
2017-12-02,10000036,2998,93800000,93800000,93800000,1,1
2017-12-02,10000036,3001,899999.94,899999.94,899999.94,4,2
2017-12-02,10000036,3017,949998.95,949998.95,949998.95,1,1
2017-12-02,10000036,3033,116002,116002,116002,8,1
2017-12-02,10000036,3041,799998.83,799998.83,799998.83,4,2
2017-12-02,10000036,3074,1428009.31,1428009.31,1428009.31,5,1
2017-12-02,10000036,3098,648999,648999,648999,4,2
2017-12-02,10000036,3184,1600000,1600000,1600000,3,3
2017-12-02,10000036,3244,1723848.32,1498878.27,1798838.34,12,12
2017-12-02,10000036,3265,6949881.95,6949881.95,6949881.95,1,1
2017-12-02,10000036,3297,25000,25000,25000,1,1
2017-12-02,10000036,3301,20000,20000,20000,1,1
2017-12-02,10000036,3302,20000,20000,20000,1,1
2017-12-02,10000036,3304,100000,100000,100000,1,1
2017-12-02,10000036,3309,2000000,2000000,2000000,1,1
2017-12-02,10000036,3320,10000,10000,10000,3,3
2017-12-02,10000036,3321,20000,20000,20000,1,1
2017-12-02,10000036,3324,100000,100000,100000,2,2
2017-12-02,10000036,3325,400000,400000,400000,1,1
2017-12-02,10000036,3326,350000,350000,350000,1,1
2017-12-02,10000036,3327,20000,20000,20000,1,1
2017-12-02,10000036,3328,40000,40000,40000,1,1
2017-12-02,10000036,3329,40000,40000,40000,2,2
2017-12-02,10000036,3331,40000,40000,40000,1,1
2017-12-02,10000036,3332,500000,500000,500000,11,2
2017-12-02,10000036,3333,450000,400000,500000,2,2
2017-12-02,10000036,3334,500000,500000,500000,2,2
2017-12-02,10000036,3335,500000,500000,500000,1,1
2017-12-02,10000036,3338,4000000,4000000,4000000,2,2
2017-12-02,10000036,3339,4000000,4000000,4000000,1,1
2017-12-02,10000036,3340,300000,300000,300000,2,2
2017-12-02,10000036,3341,300000,300000,300000,2,2
2017-12-02,10000036,3350,100000,100000,100000,1,1
2017-12-02,10000036,3355,20000,20000,20000,2,2
2017-12-02,10000036,3356,60000,60000,60000,2,2
2017-12-02,10000036,3357,180000,180000,180000,1,1
2017-12-02,10000036,3359,200000,200000,200000,1,1
2017-12-02,10000036,3361,200000,200000,200000,1,1
2017-12-02,10000036,3363,20000,20000,20000,1,1
2017-12-02,10000036,3380,20000,20000,20000,1,1
2017-12-02,10000036,3385,45000,40000,50000,2,2
2017-12-02,10000036,3387,350000,350000,350000,1,1
2017-12-02,10000036,3389,280000,280000,280000,3,3
2017-12-02,10000036,3393,30000,30000,30000,1,1
2017-12-02,10000036,3395,80000,80000,80000,1,1
2017-12-02,10000036,3397,1000000,1000000,1000000,2,2
2017-12-02,10000036,3409,350000,350000,350000,2,2
2017-12-02,10000036,3410,450000,450000,450000,1,1
2017-12-02,10000036,3421,130000,130000,130000,4,4
2017-12-02,10000036,3422,80000,80000,80000,1,1
2017-12-02,10000036,3423,75000,75000,75000,2,2
2017-12-02,10000036,3427,120000,120000,120000,1,1
2017-12-02,10000036,3433,100000,100000,100000,1,1
2017-12-02,10000036,3435,150000,150000,150000,1,1
2017-12-02,10000036,3439,200000,200000,200000,3,3
2017-12-02,10000036,3440,220000,220000,220000,1,1
2017-12-02,10000036,3442,500000,500000,500000,2,2
2017-12-02,10000036,3443,20000,20000,20000,1,1
2017-12-02,10000036,3444,100000,100000,100000,2,1
2017-12-02,10000036,3451,30000,30000,30000,2,2
2017-12-02,10000036,3452,40000,40000,40000,1,1
2017-12-02,10000036,3454,340000,340000,340000,2,2
2017-12-02,10000036,3455,30000,30000,30000,1,1
2017-12-02,10000036,3496,1999999.97,1999999.97,1999999.97,3,3
2017-12-02,10000036,3530,2072000,2072000,2072000,1,1
2017-12-02,10000036,3568,1799738.98,1799738.98,1799738.99,5,5
2017-12-02,10000036,3651,1,1,1,1,1
2017-12-02,10000036,3685,470.02,470.02,470.02,10000,1
2017-12-02,10000036,3687,706,706,706,43260,4
2017-12-02,10000036,3715,90.16,90.16,90.16,81,2
2017-12-02,10000036,3719,99899.96,99899.96,99899.96,50,1
2017-12-02,10000036,3829,99999.99,99999.99,99999.99,61,1
2017-12-02,10000036,3831,950000,950000,950000,1,1
2017-12-02,10000036,3839,60000,60000,60000,2,1
2017-12-02,10000036,3841,1581948.1,1581947.99,1581948.67,13,10
2017-12-02,10000036,3887,99999.99,99999.99,99999.99,1,1
2017-12-02,10000036,3888,1412177.89,1412177.89,1412177.89,3,2
2017-12-02,10000036,4025,371499.5,142999,600000,2,2
2017-12-02,10000036,4027,363333.33,350000,389999.99,3,3
2017-12-02,10000036,4247,24000,24000,24000,7100,2
2017-12-02,10000036,4254,1077374.62,1077374.62,1077374.62,1,1
2017-12-02,10000036,4256,3898774.75,3898774.75,3898774.75,1,1
2017-12-02,10000036,4258,2500000,2500000,2500000,1,1
2017-12-02,10000036,4383,2249887.17,2249887.17,2249887.17,1,1
2017-12-02,10000036,4393,450000,450000,450000,10,1
2017-12-02,10000036,4395,699939.87,650000,749879.73,4,3
2017-12-02,10000036,4405,1614599.08,1309000,1799998.64,10,5
2017-12-02,10000036,4477,489999.99,489999.99,489999.99,4,3
2017-12-02,10000036,4533,100000,100000,100000,1,1
2017-12-02,10000036,4535,24000,24000,24000,1,1
2017-12-02,10000036,4833,421998.99,421998.99,421998.99,1,1
2017-12-02,10000036,5141,118955.74,25000,259889.35,5,4
2017-12-02,10000036,5179,350000,350000,350000,2,1
2017-12-02,10000036,5217,1,1,1,1,1
2017-12-02,10000036,5239,144105.43,1000,179881.79,5,3
2017-12-02,10000036,5302,144998.82,144998.82,144998.82,6,2
2017-12-02,10000036,5399,99999.96,99999.96,99999.96,5,5
2017-12-02,10000036,5403,329666.66,325000,338999.99,3,3
2017-12-02,10000036,5405,109887.21,109887.21,109887.21,1,1
2017-12-02,10000036,5439,35999,35999,35999,1,1
2017-12-02,10000036,5445,233749.24,149998.98,485000,4,4
2017-12-02,10000036,5839,2268598.51,2147997.42,2999000,5,5
2017-12-02,10000036,5849,275000,275000,275000,1,1
2017-12-02,10000036,5933,693998.95,693998.95,693998.95,6,2
2017-12-02,10000036,5945,613079.52,613079.52,613079.52,1,1
2017-12-02,10000036,5971,108074.36,4.98,133183.41,5,5
2017-12-02,10000036,5973,594511.38,594511.38,594511.38,9,9
2017-12-02,10000036,5975,92996.48,90000,93992.96,4,4
2017-12-02,10000036,6001,61770.97,28000,87099.2,7,6
2017-12-02,10000036,6003,35000,35000,35000,1,1
2017-12-02,10000036,6005,49999.99,49999.99,49999.99,1,1
2017-12-02,10000036,6160,109769.42,30000,149654.13,6,5
2017-12-02,10000036,6173,249998.99,249998.99,249998.99,3,3
2017-12-02,10000036,6296,126998.94,126998.94,126998.94,1,1
2017-12-02,10000036,6437,149960.47,119881.4,165000,6,5
2017-12-02,10000036,6569,99066.44,98132.87,100000,2,2
2017-12-02,10000036,6675,737499.2,100000,949998.93,4,2
2017-12-02,10000036,7253,1000,1000,1000,1,1
2017-12-02,10000036,7367,2485805.08,2485805.08,2485805.08,6,1
2017-12-02,10000036,7369,374980.07,374980.07,374980.07,10,1
2017-12-02,10000036,7373,374779.99,374779.99,374779.99,6,2
2017-12-02,10000036,7487,1149998.95,1149998.95,1149998.95,3,1
2017-12-02,10000036,7535,570000,570000,570000,5,1
2017-12-02,10000036,8025,5000,5000,5000,1,1
2017-12-02,10000036,8027,1599000,1599000,1599000,5,1
2017-12-02,10000036,8089,992871.7,992871.7,992871.7,7,1
2017-12-02,10000036,8091,265882.47,210001,399997.99,17,3
2017-12-02,10000036,8263,95000,95000,95000,1,1
2017-12-02,10000036,8419,450000,450000,450000,2,1
2017-12-02,10000036,8521,433000,432000,434000,4,3
2017-12-02,10000036,8529,293999,293999,293999,3,1
2017-12-02,10000036,8641,649998.95,649998.95,649998.95,4,1
2017-12-02,10000036,8748,307500,290000,325000,2,2
2017-12-02,10000036,8785,329998.92,329998.92,329998.92,8,1
2017-12-02,10000036,9135,747992.33,747992.33,747992.33,5,2
2017-12-02,10000036,9632,556624.73,370000.28,609500.38,8,5
2017-12-02,10000036,9826,385.87,385.87,385.87,2,1
2017-12-02,10000036,9836,10000,10000,10000,150,2
2017-12-02,10000036,9850,431.95,431.95,431.95,1,1
2017-12-02,10000036,9950,4900000,4900000,4900000,1,1
2017-12-02,10000036,10190,1348994.81,1348994.61,1348995,4,2
2017-12-02,10000036,10246,19600,19600,19600,271,3
2017-12-02,10000036,10247,19985999.99,19985999.99,19985999.99,1,1
2017-12-02,10000036,10250,1298981.78,1298981.78,1298981.78,35,3
2017-12-02,10000036,10631,699999.38,699999.38,699999.39,20,6
2017-12-02,10000036,10678,9000,9000,9000,8,1
2017-12-02,10000036,10680,899989.98,899989.96,899990,16,6
2017-12-02,10000036,10998,52499.98,49999.97,54999.99,2,2
2017-12-02,10000036,11083,1000000,1000000,1000000,1,1
2017-12-02,10000036,11105,365199.77,314500,398999.62,5,5
2017-12-02,10000036,11129,30027.53,30000,30165.17,6,6
2017-12-02,10000036,11132,30000,30000,30000,1,1
2017-12-02,10000036,11134,41805.69,30000,300000,41,32
2017-12-02,10000036,11135,50000,50000,50000,1,1
2017-12-02,10000036,11182,31249999.48,31000000,31499998.95,2,2
2017-12-02,10000036,11186,39711111.09,39066666.64,40033333.32,3,3
2017-12-02,10000036,11188,29899921.2,29899921.19,29899921.2,6,3
2017-12-02,10000036,11207,500000,500000,500000,1,1
2017-12-02,10000036,11249,949998.91,949998.91,949998.91,1,1
2017-12-02,10000036,11267,299999.99,299999.99,299999.99,1,1
2017-12-02,10000036,11269,908998.97,908998.97,908998.97,5,5
2017-12-02,10000036,11283,2916.67,2000,3000,48,5
2017-12-02,10000036,11285,24998.95,24998.95,24998.95,110,2
2017-12-02,10000036,11289,4500,4500,4500,141,3
2017-12-02,10000036,11309,521564.29,429877.15,980000,6,6
2017-12-02,10000036,11317,445000,445000,445000,1,1
2017-12-02,10000036,11370,2245824.92,2199218.84,2339037.07,3,3
2017-12-02,10000036,11433,10000000,10000000,10000000,1,1
2017-12-02,10000036,11443,10000000,10000000,10000000,1,1
2017-12-02,10000036,11448,10000000,10000000,10000000,1,1
2017-12-02,10000036,11452,10000000,10000000,10000000,1,1
2017-12-02,10000036,11453,10000000,10000000,10000000,1,1
2017-12-02,10000036,11529,10000000,10000000,10000000,2,2
2017-12-02,10000036,11563,281997.55,245992.66,299999.99,3,3
2017-12-02,10000036,11566,120000,120000,120000,2,2
2017-12-02,10000036,11577,5488770.91,5488770.91,5488770.91,1,1
2017-12-02,10000036,11578,8499999.99,8499999.99,8499999.99,1,1
2017-12-02,10000036,11584,65000,65000,65000,2,2
2017-12-02,10000036,11640,692925.69,505029.11,786873.98,6,4
2017-12-02,10000036,11859,282640,282640,282640,1,1
2017-12-02,10000036,11872,364560,364560,364560,1,1
2017-12-02,10000036,11873,364560,364560,364560,1,1
2017-12-02,10000036,11887,282640,282640,282640,1,1
2017-12-02,10000036,11889,282640,282640,282640,1,1
2017-12-02,10000036,11891,282640,282640,282640,1,1
2017-12-02,10000036,11985,299077123,299077123,299077123,1,1
2017-12-02,10000036,12054,880900,880900,880900,1,1
2017-12-02,10000036,12076,5394935.16,5314935.16,5414935.16,5,5
2017-12-02,10000036,12092,1000000,1000000,1000000,2,2
2017-12-02,10000036,12093,4000000,4000000,4000000,1,1
2017-12-02,10000036,12096,45999937,45999937,45999937,1,1
2017-12-02,10000036,12180,375000,375000,375000,1,1
2017-12-02,10000036,12181,350000,350000,350000,1,1
2017-12-02,10000036,12182,325000,325000,325000,1,1
2017-12-02,10000036,12184,250000,250000,250000,1,1
2017-12-02,10000036,12186,200000,200000,200000,1,1
2017-12-02,10000036,12187,175000,175000,175000,2,2
2017-12-02,10000036,12188,150000,150000,150000,3,3
2017-12-02,10000036,12189,400000,400000,400000,6,1
2017-12-02,10000036,12190,125000,125000,125000,1,1
2017-12-02,10000036,12191,75000,75000,75000,2,2
2017-12-02,10000036,12192,100000,100000,100000,2,2
2017-12-02,10000036,12194,300000,300000,300000,1,1
2017-12-02,10000036,12195,26000,25000,28000,3,3
2017-12-02,10000036,12196,300000,300000,300000,1,1
2017-12-02,10000036,12198,1148997.35,1148997.35,1148997.36,21,3
2017-12-02,10000036,12199,3064998.94,3064998.93,3064998.94,2,2
2017-12-02,10000036,12200,19999999.98,19999999.98,19999999.98,3,1
2017-12-02,10000036,12207,18496999,18496999,18496999,1,1
2017-12-02,10000036,12211,9899898,9899898,9899898,1,1
2017-12-02,10000036,12215,9000000,9000000,9000000,20,1
2017-12-02,10000036,12265,150000,150000,150000,1,1
2017-12-02,10000036,12274,106249.99,99999.99,150000,8,4
2017-12-02,10000036,12305,100000,100000,100000,3,3
2017-12-02,10000036,12365,120000,120000,120000,2,2
2017-12-02,10000036,12366,120000,120000,120000,2,2
2017-12-02,10000036,12367,120000,120000,120000,2,2
2017-12-02,10000036,12484,7999999,7999999,7999999,1,1
2017-12-02,10000036,12486,5110000,5110000,5110000,1,1
2017-12-02,10000036,12557,188995,188995,188995,4,1
2017-12-02,10000036,12559,288709.94,288709.94,288709.94,4,1
2017-12-02,10000036,12565,154991.33,154980,154997.21,20,5
2017-12-02,10000036,12608,210,210,210,11649,7
2017-12-02,10000036,12618,112.62,112.62,112.62,2100,5
2017-12-02,10000036,12620,145,145,145,2700,4
2017-12-02,10000036,12625,97.97,97.97,97.97,10544,6
2017-12-02,10000036,12631,125,125,125,660,2
2017-12-02,10000036,12633,135,135,135,500,1
2017-12-02,10000036,12767,435,435,435,10360,7
2017-12-02,10000036,12771,570,570,570,7400,6
2017-12-02,10000036,12787,499.94,499.94,499.94,500,1
2017-12-02,10000036,12805,244,244,244,500,1
2017-12-02,10000036,13001,2950000,2950000,2950000,1,1
2017-12-02,10000036,13216,28998311.7,28998311.7,28998311.7,1,1
2017-12-02,10000036,13267,100,100,100,10,1
2017-12-02,10000036,14003,12498771.86,12498771.86,12498771.86,2,2
2017-12-02,10000036,14274,479811.32,479811.32,479811.32,5,1
2017-12-02,10000036,15331,952.03,952.03,952.03,258,20
2017-12-02,10000036,15477,8000000,8000000,8000000,2,1
2017-12-02,10000036,15508,36500,36500,36500,2,1
2017-12-02,10000036,15593,100000,100000,100000,22,1
2017-12-02,10000036,15887,63299966,60000000,69899898,3,3
2017-12-02,10000036,15889,66500000,66500000,66500000,1,1
2017-12-02,10000036,16229,59498981.71,59498981.71,59498981.71,1,1
2017-12-02,10000036,16233,50000000,50000000,50000000,1,1
2017-12-02,10000036,16236,1240000,1240000,1240000,1,1
2017-12-02,10000036,16240,1590000,1590000,1590000,1,1
2017-12-02,10000036,16242,1249889.93,1249889.93,1249889.93,1,1
2017-12-02,10000036,16262,182000,182000,182000,1315,9
2017-12-02,10000036,16273,254.98,152,299.99,4603,15
2017-12-02,10000036,16275,3000.31,3000.31,3000.31,28,1
2017-12-02,10000036,16278,2000000,2000000,2000000,2,1
2017-12-02,10000036,16303,770000.76,770000.76,770000.76,2,2
2017-12-02,10000036,16391,700000,700000,700000,1,1
2017-12-02,10000036,16395,1,1,1,1,1
2017-12-02,10000036,16435,139995.81,139995.81,139995.81,3,1
2017-12-02,10000036,16439,179997.98,179997.98,179997.98,1,1
2017-12-02,10000036,16467,499829.68,499829.68,499829.68,1,1
2017-12-02,10000036,16594,1500000,1500000,1500000,1,1
2017-12-02,10000036,17366,100000,100000,100000,1,1
2017-12-02,10000036,17444,291.18,291.18,291.18,82,1
2017-12-02,10000036,17449,154.18,154.18,154.18,71,1
2017-12-02,10000036,17452,142.21,142.21,142.21,42045,8
2017-12-02,10000036,17453,193.72,193.72,193.72,39703,12
2017-12-02,10000036,17459,24.17,24.17,24.17,44044,5
2017-12-02,10000036,17460,25.08,25.08,25.08,11867,2
2017-12-02,10000036,17463,9.7,9.7,9.7,38890,1
2017-12-02,10000036,17464,14.16,14.16,14.16,21371,1
2017-12-02,10000036,17470,8.6,8.6,8.6,420522,2
2017-12-02,10000036,17471,13.17,13.17,13.17,75025,2
2017-12-02,10000036,17476,35998998.98,35998998.98,35998998.98,1,1
2017-12-02,10000036,17478,26498109.95,26498109.95,26498109.95,1,1
2017-12-02,10000036,17480,25444494.38,24999999.99,25888988.76,2,2
2017-12-02,10000036,17482,2493125,2472500,2500000,8,2
2017-12-02,10000036,17765,499999.99,499999.99,499999.99,1,1
2017-12-02,10000036,17868,34.33,34.33,34.33,66,1
2017-12-02,10000036,17889,1000,1000,1000,14000,4
2017-12-02,10000036,17894,5000,5000,5000,1,1
2017-12-02,10000036,17912,4966665.99,4199998.99,6500000,6,4
2017-12-02,10000036,17938,612784.99,500000,650000,4,4
2017-12-02,10000036,17940,500000,500000,500000,1,1
2017-12-02,10000036,18037,800000,800000,800000,1,1
2017-12-02,10000036,18039,750000,750000,750000,1,1
2017-12-02,10000036,18041,700000,700000,700000,1,1
2017-12-02,10000036,18043,600000,600000,600000,1,1
2017-12-02,10000036,18045,550000,550000,550000,1,1
2017-12-02,10000036,18050,200000,200000,200000,2,1
2017-12-02,10000036,18052,199999,199999,199999,4,1
2017-12-02,10000036,18058,85969.99,50000,149899.96,20,4
2017-12-02,10000036,18060,34375,27875,36000,5,2
2017-12-02,10000036,18062,65000,65000,65000,4,1
2017-12-02,10000036,18065,650000,650000,650000,1,1
2017-12-02,10000036,18066,85000,85000,85000,4,1
2017-12-02,10000036,18600,460000,460000,460000,12,2
2017-12-02,10000036,18602,250000,250000,250000,10,1
2017-12-02,10000036,18604,500000,500000,500000,6,1
2017-12-02,10000036,18614,110000,110000,110000,10,2
2017-12-02,10000036,18639,184917.33,170000,189889.77,4,4
2017-12-02,10000036,18664,35000000,35000000,35000000,1,1
2017-12-02,10000036,19404,20000,20000,20000,3,1
2017-12-02,10000036,19406,60000,60000,60000,3,1
2017-12-02,10000036,19719,46999999.99,46999999.99,46999999.99,1,1
2017-12-02,10000036,19744,2497897.65,2497897.65,2497897.65,1,1
2017-12-02,10000036,19759,200000,200000,200000,1,1
2017-12-02,10000036,19760,160000,160000,160000,1,1
2017-12-02,10000036,19766,800000,800000,800000,1,1
2017-12-02,10000036,19767,400000,400000,400000,1,1
2017-12-02,10000036,19806,1479889.77,1479889.77,1479889.77,3,2
2017-12-02,10000036,19810,531666.66,414999.99,590000,3,3
2017-12-02,10000036,20187,900000000.31,900000000.31,900000000.31,1,1
2017-12-02,10000036,20212,13750000,13750000,13750000,1,1
2017-12-02,10000036,20308,162.76,162.76,162.76,5000,1
2017-12-02,10000036,20342,50000000,50000000,50000000,2,2
2017-12-02,10000036,20347,676699.92,676699.92,676699.92,2,2
2017-12-02,10000036,20349,1277002.42,1234500,1404009.68,4,4
2017-12-02,10000036,20526,135000000,135000000,135000000,1,1
2017-12-02,10000036,20701,49857142.28,48999998.97,49999999.5,7,4
2017-12-02,10000036,21059,112500,90000,120000,4,4
2017-12-02,10000036,21096,2931294.74,2715437.26,2998997.89,10,10
2017-12-02,10000036,21603,10000000,10000000,10000000,2,2
2017-12-02,10000036,21640,1189721.23,1189700,1189774.88,25,7
2017-12-02,10000036,21803,17500000,17500000,17500000,2,2
2017-12-02,10000036,21896,1461.48,1461.48,1461.48,12160,9
2017-12-02,10000036,21898,899.94,899.94,899.94,8909,7
2017-12-02,10000036,21904,1200,1200,1200,2200,3
2017-12-02,10000036,21918,1998,1998,1998,1163,2
2017-12-02,10000036,21922,1248.97,1248.97,1248.97,5000,2
2017-12-02,10000036,22043,25000000,25000000,25000000,2,1
2017-12-02,10000036,22175,200000,200000,200000,4,4
2017-12-02,10000036,22177,200000,200000,200000,6,6
2017-12-02,10000036,22229,4524999,4524999,4524999,2,1
2017-12-02,10000036,22291,1409850.83,1399998.98,1428996.16,10,6
2017-12-02,10000036,22452,71000000,71000000,71000000,1,1
2017-12-02,10000036,22536,624999.51,499999.01,750000,2,2
2017-12-02,10000036,22541,9000000,9000000,9000000,1,1
2017-12-02,10000036,22542,74411.1,63999,149881.72,28,8
2017-12-02,10000036,22548,367575000,367575000,367575000,1,1
2017-12-02,10000036,22551,28000000,28000000,28000000,2,2
2017-12-02,10000036,22552,5000000,5000000,5000000,1,1
2017-12-02,10000036,22578,56666.67,45000,80000,3,3
2017-12-02,10000036,22778,216994.94,216994.94,216994.94,40,1
2017-12-02,10000036,22782,1798644.99,1798644.99,1798644.99,1,1
2017-12-02,10000036,22806,120000,120000,120000,1,1
2017-12-02,10000036,22807,120000,120000,120000,1,1
2017-12-02,10000036,22808,120000,120000,120000,1,1
2017-12-02,10000036,22809,120000,120000,120000,1,1
2017-12-02,10000036,22961,989.67,989.67,989.67,500,1
2017-12-02,10000036,23009,878.99,878.99,878.99,8928,4
2017-12-02,10000036,23025,1148,1148,1148,4000,2
2017-12-02,10000036,23031,1494.97,1494.97,1494.97,1800,3
2017-12-02,10000036,23035,1796,1796,1796,1000,1
2017-12-02,10000036,23039,1177,1177,1177,1999,1
2017-12-02,10000036,23059,4500000,4500000,4500000,18,1
2017-12-02,10000036,23071,359499.99,359499.99,359499.99,3,1
2017-12-02,10000036,23133,15000,15000,15000,1,1
2017-12-02,10000036,23158,1,1,1,33,1
2017-12-02,10000036,23159,0.11,0.11,0.11,26,1
2017-12-02,10000036,23566,400000,400000,400000,1,1
2017-12-02,10000036,23606,150000,150000,150000,1,1
2017-12-02,10000036,23618,50000,50000,50000,3,3
2017-12-02,10000036,23707,12950,12950,12950,19,4
2017-12-02,10000036,23711,99999.97,99999.97,99999.97,2,1
2017-12-02,10000036,23731,190000,190000,190000,3,1
2017-12-02,10000036,24241,50000,50000,50000,2,2
2017-12-02,10000036,24242,1000000,1000000,1000000,1,1
2017-12-02,10000036,24314,500000000,500000000,500000000,1,1
2017-12-02,10000036,24348,13602557.41,1384866.67,138388798,11,9
2017-12-02,10000036,24443,1999999,1999999,1999999,1,1
2017-12-02,10000036,24471,99.95,99.95,99.95,2500,1
2017-12-02,10000036,24473,99.98,99.98,99.98,5000,1
2017-12-02,10000036,24475,99.98,99.98,99.98,3260,6
2017-12-02,10000036,24477,100,100,100,300,1
2017-12-02,10000036,24488,439.99,439.99,439.99,5000,1
2017-12-02,10000036,24490,349.99,349.99,349.99,5000,1
2017-12-02,10000036,24495,249.95,249.95,249.95,1188,1
2017-12-02,10000036,24497,249.96,249.96,249.96,500,1
2017-12-02,10000036,24499,249.96,249.96,249.96,1700,2
2017-12-02,10000036,24507,899.95,899.95,899.95,3000,2
2017-12-02,10000036,24509,879.99,879.99,879.99,8000,3
2017-12-02,10000036,24511,899.92,899.92,899.92,3000,2
2017-12-02,10000036,24521,2899.94,2899.94,2899.94,3620,2
2017-12-02,10000036,24533,800,800,800,13002,1
2017-12-02,10000036,24541,999.25,999.25,999.25,50000,2
2017-12-02,10000036,24568,10000000,10000000,10000000,3,3
2017-12-02,10000036,24571,10000000,10000000,10000000,3,3
2017-12-02,10000036,24572,10000000,10000000,10000000,1,1
2017-12-02,10000036,24613,15000000,15000000,15000000,2,2
2017-12-02,10000036,24702,59990000.07,59990000.07,59990000.07,5,5
2017-12-02,10000036,25235,150000,150000,150000,2,1
2017-12-02,10000036,25544,29998998,29998998,29998998,1,1
2017-12-02,10000036,25563,2741997.95,2741997.95,2741997.95,5,2
2017-12-02,10000036,25588,4564.37,1459.13,12500,32,4
2017-12-02,10000036,25589,1000,999.99,1000,55,5
2017-12-02,10000036,25590,65000,65000,65000,125,14
2017-12-02,10000036,25591,71166.67,64000,150000,12,3
2017-12-02,10000036,25592,9013.3,2501.06,10000,38,6
2017-12-02,10000036,25593,6302.03,3307.09,7500,35,3
2017-12-02,10000036,25594,20804.2,4021.02,25000,30,6
2017-12-02,10000036,25595,14267.18,11519.1,15000,19,3
2017-12-02,10000036,25596,45000,44000,47000,119,6
2017-12-02,10000036,25597,3606.3,3606.25,3606.32,57,8
2017-12-02,10000036,25598,9000.01,9000.01,9000.01,256,11
2017-12-02,10000036,25599,1013.77,1013.77,1013.77,254,14
2017-12-02,10000036,25600,24802,24800.28,24802,261,15
2017-12-02,10000036,25601,3000.06,3000.06,3000.06,147,8
2017-12-02,10000036,25603,15000,15000,15000,30,2
2017-12-02,10000036,25604,3700.02,3700.01,3700.02,13,2
2017-12-02,10000036,25605,15063.81,15008.51,15127,90,13
2017-12-02,10000036,25606,41002.08,41000,41020.04,29,5
2017-12-02,10000036,25619,427002.21,427002,427002.41,2,2
2017-12-02,10000036,25861,85613.59,68349.96,99999.95,11,6
2017-12-02,10000036,25956,18969088.11,18969088.11,18969088.11,1,1
2017-12-02,10000036,26253,100000,100000,100000,1,1
2017-12-02,10000036,26257,100000,100000,100000,1,1
2017-12-02,10000036,26261,100000,100000,100000,1,1
2017-12-02,10000036,26929,379998.94,379998.93,379998.94,5,4
2017-12-02,10000036,27129,975000,975000,975000,1,1
2017-12-02,10000036,27143,1494998.93,1494998.93,1494998.93,1,1
2017-12-02,10000036,27321,1599.96,1599.96,1599.96,2500,1
2017-12-02,10000036,27333,1298.98,1298.98,1298.98,301,1
2017-12-02,10000036,27361,1491.45,1491.45,1491.45,2776,3
2017-12-02,10000036,27371,1286.98,1286.98,1286.98,1559,2
2017-12-02,10000036,27381,1842.94,1842.94,1842.94,559,1
2017-12-02,10000036,27387,1346,1346,1346,3476,2
2017-12-02,10000036,27906,25000000,25000000,25000000,1,1
2017-12-02,10000036,27912,1989881.04,1989881.04,1989881.04,2,1
2017-12-02,10000036,27914,2998997.53,2998997.53,2998997.53,1,1
2017-12-02,10000036,27916,1800000,1800000,1800000,42,5
2017-12-02,10000036,27918,1699979.91,1699979.91,1699979.91,9,2
2017-12-02,10000036,27936,10000000,10000000,10000000,1,1
2017-12-02,10000036,28201,1349883.18,1349883.18,1349883.18,1,1
2017-12-02,10000036,28209,1499999.95,1499999.95,1499999.95,2,1
2017-12-02,10000036,28334,1499.78,1499.78,1499.78,7900,9
2017-12-02,10000036,28374,500000000,500000000,500000000,1,1
2017-12-02,10000036,28576,1283694.15,1199998.98,1400000,9,5
2017-12-02,10000036,28585,25000000,25000000,25000000,1,1
2017-12-02,10000036,28615,4000000,4000000,4000000,1,1
2017-12-02,10000036,28668,34998.95,34998.95,34998.95,3813,27
2017-12-02,10000036,28999,39999.99,39999.99,39999.99,3,3
2017-12-02,10000036,29001,39999.64,39999.64,39999.64,3,3
2017-12-02,10000036,29009,22219.86,15000,24282.68,9,5
2017-12-02,10000036,29011,20699.74,18899.99,29999.97,16,8
2017-12-02,10000036,29013,11000,11000,11000,6,2
2017-12-02,10000036,29015,24999.99,24999.99,24999.99,7,3
2017-12-02,10000036,29248,440000,410000,499999.99,3,3
2017-12-02,10000036,29637,50000000,50000000,50000000,1,1
2017-12-02,10000036,29988,130000000,130000000,130000000,1,1
2017-12-02,10000036,30013,9544.1,8450,10500.21,100,7
2017-12-02,10000036,30028,89932.6,89898.91,89999.97,24,2
2017-12-02,10000036,30488,529000,529000,529000,8,2
2017-12-02,10000036,30497,25,25,25,2,1
2017-12-02,10000036,30544,5000000,5000000,5000000,1,1
2017-12-02,10000036,30552,5000000,5000000,5000000,1,1
2017-12-02,10000036,30651,1500000,1500000,1500000,1,1
2017-12-02,10000036,30744,200000,200000,200000,2738,7
2017-12-02,10000036,30745,500000,500000,500000,2700,7
2017-12-02,10000036,30746,1500000,1500000,1500000,1368,6
2017-12-02,10000036,30747,5000000,5000000,5000000,857,5
2017-12-02,10000036,30832,1889979.79,1889979.79,1889979.79,2,2
2017-12-02,10000036,30834,2233264,2233264,2233264,1,1
2017-12-02,10000036,30987,545514.96,545514.96,545514.96,16,6
2017-12-02,10000036,31009,1049999.98,1049999.97,1049999.98,6,6
2017-12-02,10000036,31021,799999.99,799999.99,799999.99,1,1
2017-12-02,10000036,31047,4500000,4500000,4500000,2,2
2017-12-02,10000036,31057,11732228.28,11732228.28,11732228.28,7,4
2017-12-02,10000036,31065,5999999.99,5999999.99,5999999.99,1,1
2017-12-02,10000036,31107,2049887.32,2049887.32,2049887.32,2,1
2017-12-02,10000036,31111,6478108.75,6478108.75,6478108.75,2,2
2017-12-02,10000036,31119,1530000,1530000,1530000,3,1
2017-12-02,10000036,31153,411399.48,400000,417099.22,3,2
2017-12-02,10000036,31173,11199870.21,11199870.21,11199870.21,3,1
2017-12-02,10000036,31177,594777,594777,594777,1,1
2017-12-02,10000036,31183,4100000,4099999.99,4100000,4,3
2017-12-02,10000036,31207,2999999.99,2999999.99,2999999.99,1,1
2017-12-02,10000036,31213,199999.99,199999.99,199999.99,2,1
2017-12-02,10000036,31274,649998.97,649998.97,649998.97,2,1
2017-12-02,10000036,31286,349997.97,349997.97,349997.97,4,3
2017-12-02,10000036,31298,298771.63,298771.63,298771.63,2,2
2017-12-02,10000036,31322,477999,477999,477999,1,1
2017-12-02,10000036,31358,828195.81,650000,946993.02,5,5
2017-12-02,10000036,31360,6858559.71,6858559.71,6858559.71,2,2
2017-12-02,10000036,31364,5942828.57,5799899.99,6000000,7,6
2017-12-02,10000036,31370,756999.25,594998.75,999999.99,5,3
2017-12-02,10000036,31372,2379816.19,2377000,2388264.77,4,2
2017-12-02,10000036,31538,1299999.84,1299999.84,1299999.84,1,1
2017-12-02,10000036,31564,4499077.61,4499077.61,4499077.61,1,1
2017-12-02,10000036,31598,719449.85,719449.85,719449.85,2,1
2017-12-02,10000036,31620,899396.34,899396.34,899396.34,3,2
2017-12-02,10000036,31716,124981.77,124981.77,124981.77,3,3
2017-12-02,10000036,31718,947996.99,945000,948995.99,4,4
2017-12-02,10000036,31724,9895923.78,9895923.78,9895923.78,4,4
2017-12-02,10000036,31752,174937.46,174937.46,174937.46,2,2
2017-12-02,10000036,31754,649887.3,649887.3,649887.3,2,2
2017-12-02,10000036,31760,9989998.95,9989998.95,9989998.95,1,1
2017-12-02,10000036,31788,487016.62,450000,489999,10,6
2017-12-02,10000036,31790,2693086.77,2645286.58,2694998.78,26,11
2017-12-02,10000036,31794,7999999,7999999,7999999,4,2
2017-12-02,10000036,31802,4509683.96,3907709.89,4911000,5,3
2017-12-02,10000036,31870,5395000,5395000,5395000,5,1
2017-12-02,10000036,31874,3099999.99,3099999.99,3099999.99,5,1
2017-12-02,10000036,31880,2499999.99,2499999.99,2499999.99,5,2
2017-12-02,10000036,31882,2981913.48,2981913.48,2981913.48,5,1
2017-12-02,10000036,31928,19977998.43,19977998.43,19977998.43,2,1
2017-12-02,10000036,31936,16598773.17,16598773.17,16598773.17,1,1
2017-12-02,10000036,31990,139999.96,139999.96,139999.96,3,1
2017-12-02,10000036,31998,128571.63,104999,136990,38,4
2017-12-02,10000036,32006,197867,197866.99,198869,121,11
2017-12-02,10000036,32014,373333.19,290000,389999.83,72,3
2017-12-02,10000036,32339,100000000,100000000,100000000,1,1
2017-12-02,10000036,32772,871996.94,871996.94,871996.94,2,2
2017-12-02,10000036,32780,1549898.76,1549898.76,1549898.76,1,1
2017-12-02,10000036,32782,23,23,23,635,4
2017-12-02,10000036,32787,47530.9,45711.25,48000,18,5
2017-12-02,10000036,32872,1414058.5,1200000,1429348.39,15,5
2017-12-02,10000036,32874,796250.33,0.01,1194375.5,3,3
2017-12-02,10000036,32876,1389749.99,1389749.99,1389749.99,1,1
2017-12-02,10000036,32880,457142.27,349999.5,1000000,7,7
2017-12-02,10000036,32918,40000,40000,40000,1,1
2017-12-02,10000036,33002,200000,200000,200000,1,1
2017-12-02,10000036,33076,1512498,1299999.99,1724996,8,5
2017-12-02,10000036,33078,1000000,1000000,1000000,1,1
2017-12-02,10000036,33091,100000,100000,100000,1,1
2017-12-02,10000036,33092,100000,100000,100000,1,1
2017-12-02,10000036,33093,100000,100000,100000,1,1
2017-12-02,10000036,33094,100000,100000,100000,2,2
2017-12-02,10000036,33095,1000000,1000000,1000000,2,2
2017-12-02,10000036,33096,1000000,1000000,1000000,1,1
2017-12-02,10000036,33097,1000000,1000000,1000000,1,1
2017-12-02,10000036,33180,494999.95,494999.95,494999.95,1,1
2017-12-02,10000036,33201,1998998.97,1998998.97,1998998.97,1,1
2017-12-02,10000036,33332,99968.26,99968.26,99968.26,45,1
2017-12-02,10000036,33474,3397880.87,3397880.87,3397880.87,1,1
2017-12-02,10000036,33475,8946500,8800000,9093000,2,2
2017-12-02,10000036,33577,400000,400000,400000,355,2
2017-12-02,10000036,33699,100000,100000,100000,3,3
2017-12-02,10000036,33890,722993.83,722993.83,722993.83,1,1
2017-12-02,10000036,33894,3049881.97,3049881.97,3049881.97,12,4
2017-12-02,10000036,34201,127992.16,127992.16,127992.16,1,1
2017-12-02,10000036,34205,25000,25000,25000,1,1
2017-12-02,10000036,34206,110011.68,110011.68,110011.68,1,1
2017-12-02,10000036,34317,59159799.59,59159799.59,59159799.59,1,1
2017-12-02,10000036,34533,1000000,1000000,1000000,1,1
2017-12-02,10000036,34562,53449945.5,47000000,59899891,2,2
2017-12-02,10000036,34828,59999999.97,59999999.97,59999999.97,1,1
2017-12-02,10000036,35656,102650,100300,105000,2,2
2017-12-02,10000036,35658,99999.99,99999.99,99999.99,11,11
2017-12-02,10000036,35659,879033.56,879033.56,879033.56,3,3
2017-12-02,10000036,35660,74463.81,74463.81,74463.81,1,1
2017-12-02,10000036,36910,12000000,12000000,12000000,3,1
2017-12-02,10000036,37457,30000000,30000000,30000000,2,2
2017-12-02,10000036,37549,104,104,104,1,1
2017-12-02,10000036,37848,9725,9700,9750,2000,2
2017-12-02,10000036,40519,350000000,350000000,350000000,1,1
2017-12-02,10000036,40520,817542857.14,810000000,818800000,7,6
2017-12-02,10000036,40572,100000000,100000000,100000000,2,2
2017-12-02,10000036,40573,100000000,100000000,100000000,2,2
2017-12-02,10000036,41033,424000,424000,424000,4,2
2017-12-02,10000036,41155,49999.95,49999.95,49999.95,2,1
2017-12-02,10000036,41490,1318383.19,1120499,1487997.92,26,6
2017-12-02,10000036,42526,979998.93,979998.93,979998.93,1,1
2017-12-02,10000036,42529,997997.95,997997.95,997997.95,1,1
2017-12-02,10000036,42696,1499.95,1499.95,1499.95,300,1
2017-12-02,10000036,42829,1199,1199,1199,10,2
2017-12-02,10000036,42830,830,830,830,1510,4
2017-12-02,10000036,42832,1499.94,1499.94,1499.94,430,2
2017-12-02,10000036,42833,1499.95,1499.95,1499.95,400,1
2017-12-02,10000036,42834,1499.95,1499.95,1499.95,430,2
2017-12-02,10000036,43551,4998759.99,4998759.99,4998759.99,2,1
2017-12-02,10000036,43552,2998998.97,2998998.97,2998998.97,2,2
2017-12-02,10000036,43699,299999.99,299999.99,299999.99,10,1
2017-12-02,10000036,44102,4466332.98,4200000,4998998.94,3,3
2017-12-02,10000036,44992,3130419.75,3130419.71,3131000,2902,15
2017-12-02,10000036,45010,349998.75,349998.75,349998.75,3,1
2017-12-02,10000036,45635,171799999.99,171799999.99,171799999.99,1,1
2017-12-02,10000036,45746,1000000,1000000,1000000,1,1
2017-12-02,10000036,45748,5000000,5000000,5000000,1,1
2017-12-02,10000036,45749,25000000,25000000,25000000,3,2
2017-12-02,10000036,45750,15000000,15000000,15000000,1,1
2017-12-02,10000036,45931,190000,190000,190000,1,1
2017-12-02,10000036,46152,10000000,10000000,10000000,1,1
2017-12-02,10000036,46153,15000000,15000000,15000000,1,1
2017-12-02,10000036,46154,20000000,20000000,20000000,1,1
2017-12-02,10000036,46155,25000000,25000000,25000000,1,1
2017-12-02,10000036,46156,30000000,30000000,30000000,1,1
2017-12-02,10000036,46157,15000000,15000000,15000000,1,1
2017-12-02,10000036,46158,15000000,15000000,15000000,1,1
2017-12-02,10000036,46159,15000000,15000000,15000000,1,1
2017-12-02,10000036,46160,15000000,15000000,15000000,1,1
2017-12-02,10000036,46161,15000000,15000000,15000000,1,1
2017-12-02,10000036,46162,15000000,15000000,15000000,1,1
2017-12-02,10000036,46163,15000000,15000000,15000000,1,1
2017-12-02,10000036,46164,15000000,15000000,15000000,1,1
2017-12-02,10000036,46165,15000000,15000000,15000000,1,1
2017-12-02,10000036,46166,10000000,10000000,10000000,1,1
2017-12-02,10000036,46167,10000000,10000000,10000000,2,2
2017-12-02,10000036,46168,10000000,10000000,10000000,2,2
2017-12-02,10000036,46169,10000000,10000000,10000000,2,2
2017-12-02,10000036,46170,10000000,10000000,10000000,1,1
2017-12-02,10000036,46171,10000000,10000000,10000000,1,1
2017-12-02,10000036,46172,10000000,10000000,10000000,1,1
2017-12-02,10000036,46173,10000000,10000000,10000000,1,1
2017-12-02,10000036,46174,10000000,10000000,10000000,2,2
2017-12-02,10000036,46175,10000000,10000000,10000000,1,1
2017-12-02,10000036,46176,10000000,10000000,10000000,1,1
2017-12-02,10000036,46177,10000000,10000000,10000000,1,1
2017-12-02,10000036,46178,10000000,10000000,10000000,2,2
2017-12-02,10000036,46179,10000000,10000000,10000000,1,1
2017-12-02,10000036,46180,10000000,10000000,10000000,1,1
2017-12-02,10000036,46181,10000000,10000000,10000000,2,2
2017-12-02,10000036,46182,10000000,10000000,10000000,1,1
2017-12-02,10000036,46183,10000000,10000000,10000000,1,1
2017-12-02,10000036,46184,10000000,10000000,10000000,1,1
2017-12-02,10000036,46185,10000000,10000000,10000000,1,1
2017-12-02,10000036,46186,10000000,10000000,10000000,1,1
2017-12-02,10000036,46195,10000000,10000000,10000000,1,1
2017-12-02,10000036,46203,10000000,10000000,10000000,1,1
2017-12-02,10000036,46204,20000000,20000000,20000000,1,1
2017-12-02,10000036,46205,20000000,20000000,20000000,2,2
2017-12-02,10000036,46206,20000000,20000000,20000000,1,1
2017-12-02,10000036,46207,20000000,20000000,20000000,2,2
2017-12-02,10000036,46208,20000000,20000000,20000000,2,2
2017-12-02,10000036,46209,20000000,20000000,20000000,1,1
2017-12-02,10000036,46210,20000000,20000000,20000000,1,1
2017-12-02,10000036,46211,20000000,20000000,20000000,1,1
2017-12-02,10000036,46212,20000000,20000000,20000000,1,1
2017-12-02,10000036,46213,20000000,20000000,20000000,1,1
2017-12-02,10000036,46214,20000000,20000000,20000000,1,1
2017-12-02,10000036,46215,20000000,20000000,20000000,1,1
2017-12-02,10000036,46216,20000000,20000000,20000000,2,2
2017-12-02,10000036,46217,20000000,20000000,20000000,1,1
2017-12-02,10000036,46218,20000000,20000000,20000000,1,1
2017-12-02,10000037,18,56.39,56.39,56.4,7966632,78
2017-12-02,10000037,20,301,190.02,346,104566,13
2017-12-02,10000037,22,3519.05,3519.05,3519.05,82,1
2017-12-02,10000037,34,5,4.2,5.06,14209299,85
2017-12-02,10000037,35,4.6,4.49,5,6577445,68
2017-12-02,10000037,36,59,59,59,4647468,63
2017-12-02,10000037,37,39.25,39.25,39.25,225409,50
2017-12-02,10000037,38,317.46,317.46,317.47,25979,43
2017-12-02,10000037,39,1696.63,1696.63,1696.63,86145,27
2017-12-02,10000037,40,1000.02,1000.02,1000.02,3622,25
2017-12-02,10000037,41,28.34,28.34,28.34,544126,13
2017-12-02,10000037,42,1133.07,500,1708.58,42,3
2017-12-02,10000037,43,342.6,312.7,370.85,439788,27
2017-12-02,10000037,180,19,19,19,2000,1
2017-12-02,10000037,184,21,21,21,1000,1
2017-12-02,10000037,193,79.99,79.99,79.99,4000,2
2017-12-02,10000037,202,1.5,1.5,1.5,100,1
2017-12-02,10000037,203,1.5,1.5,1.5,300,1
2017-12-02,10000037,204,20.01,20.01,20.01,700,1
2017-12-02,10000037,207,16.07,16.07,16.07,200,2
2017-12-02,10000037,208,60.5,60.5,60.5,16500,5
2017-12-02,10000037,209,15.01,15.01,15.01,100,1
2017-12-02,10000037,210,0.15,0.15,0.15,400,3
2017-12-02,10000037,211,13.65,13.65,13.65,2301,6
2017-12-02,10000037,212,21.12,21.12,21.12,7800,5
2017-12-02,10000037,213,0.16,0.16,0.16,700,5
2017-12-02,10000037,215,0.12,0.12,0.12,500,2
2017-12-02,10000037,216,0.14,0.14,0.14,500,2
2017-12-02,10000037,217,0.13,0.13,0.13,4560,4
2017-12-02,10000037,218,1.92,0.13,3.7,200,2
2017-12-02,10000037,219,11.16,11.16,11.16,100700,3
2017-12-02,10000037,220,9.94,9.94,9.94,10500,4
2017-12-02,10000037,221,9.95,9.95,9.95,6192,3
2017-12-02,10000037,222,19.96,19.96,19.96,42591,24
2017-12-02,10000037,223,30,30,30,100,1
2017-12-02,10000037,224,39.93,39.93,39.93,52500,6
2017-12-02,10000037,225,36,36,36,1001,2
2017-12-02,10000037,226,39.99,39.99,39.99,6001,2
2017-12-02,10000037,227,60,0.95,63,24338,4
2017-12-02,10000037,228,46.5,46.5,46.5,3500,1
2017-12-02,10000037,229,67,67,67,2000,1
2017-12-02,10000037,230,59.98,56.49,60,69872,7
2017-12-02,10000037,231,1.33,1.33,1.33,200,2
2017-12-02,10000037,232,2.6,2.6,2.6,200,1
2017-12-02,10000037,233,65,65,65,20000,1
2017-12-02,10000037,234,2.68,2.68,2.68,100,1
2017-12-02,10000037,236,4.05,4.05,4.05,186,2
2017-12-02,10000037,237,4.27,4.27,4.27,12825,4
2017-12-02,10000037,238,170,170,170,3320,3
2017-12-02,10000037,242,3409.51,3409.51,3409.51,3,1
2017-12-02,10000037,243,1300,1300,1300,2,1
2017-12-02,10000037,245,100,100,100,1,1
2017-12-02,10000037,246,65856,65856,65856,8,2
2017-12-02,10000037,250,13000,13000,13000,5,1
2017-12-02,10000037,263,200,200,200,50,1
2017-12-02,10000037,266,5,5,5,1500,6
2017-12-02,10000037,269,0.16,0.16,0.16,100,1
2017-12-02,10000037,377,17374.97,17000,17749.95,4,3
2017-12-02,10000037,380,566241.59,566241.59,566241.59,3,2
2017-12-02,10000037,393,30000.01,30000.01,30000.01,1,1
2017-12-02,10000037,394,715000,715000,715000,2,1
2017-12-02,10000037,399,12000,12000,12000,39,1
2017-12-02,10000037,400,332396.4,332396.4,332396.4,1,1
2017-12-02,10000037,434,85999.99,85000,87999.98,3,3
2017-12-02,10000037,439,33571.36,29999.92,55000,7,7
2017-12-02,10000037,440,5279999.94,5279999.94,5279999.94,1,1
2017-12-02,10000037,442,17500,17500,17500,3,3
2017-12-02,10000037,444,17285.85,17171.7,17400,2,2
2017-12-02,10000037,448,1956944.48,1600000,2135416.72,3,3
2017-12-02,10000037,450,15000,15000,15000,4,1
2017-12-02,10000037,451,12477.12,12477.12,12477.12,4,1
2017-12-02,10000037,453,31332.99,31332.99,31332.99,5,2
2017-12-02,10000037,456,180233.31,175000,206399.85,6,2
2017-12-02,10000037,458,300000,300000,300000,1,1
2017-12-02,10000037,482,1253372.23,1130000,1315058.34,3,2
2017-12-02,10000037,483,25533.34,18000.03,29900,12,8
2017-12-02,10000037,486,28800,28800,28800,2,1
2017-12-02,10000037,487,160000,160000,160000,2,1
2017-12-02,10000037,491,365000,365000,365000,4,1
2017-12-02,10000037,499,25033.33,24800,25500,3,2
2017-12-02,10000037,519,1481498.2,1300000,1541997.6,4,2
2017-12-02,10000037,523,59999.98,19999.95,100000,2,2
2017-12-02,10000037,527,1198798.88,1198798.88,1198798.88,2,2
2017-12-02,10000037,561,500,500,500,3,1
2017-12-02,10000037,562,22245,22245,22245,3,1
2017-12-02,10000037,564,62666.67,62000,63000,3,3
2017-12-02,10000037,565,95000,94999.99,95000,10,3
2017-12-02,10000037,566,199323,199323,199323,9,2
2017-12-02,10000037,570,325000,325000,325000,1,1
2017-12-02,10000037,577,49999.99,49999.99,49999.99,1,1
2017-12-02,10000037,578,119999.71,85000,199999,7,4
2017-12-02,10000037,581,95,95,95,1,1
2017-12-02,10000037,585,304136.1,304136.1,304136.1,1,1
2017-12-02,10000037,586,411661.7,411661.7,411661.7,1,1
2017-12-02,10000037,589,360000,360000,360000,1,1
2017-12-02,10000037,592,159000.04,159000.04,159000.04,1,1
2017-12-02,10000037,593,335000,162500,680000,3,3
2017-12-02,10000037,594,530690,530690,530690,2,2
2017-12-02,10000037,596,19500,19000,20000,2,2
2017-12-02,10000037,597,487499,25000,949998,2,2
2017-12-02,10000037,601,1000.33,1000.33,1000.33,1,1
2017-12-02,10000037,603,270000,270000,270000,1,1
2017-12-02,10000037,605,300000,300000,300000,1,1
2017-12-02,10000037,606,3597.76,18.22,19000,8,8
2017-12-02,10000037,607,410049.22,410049.22,410049.22,6,6
2017-12-02,10000037,608,300000,300000,300000,1,1
2017-12-02,10000037,622,7550000,5100000,10000000,2,2
2017-12-02,10000037,626,9585028.44,9502542.67,9750000,3,3
2017-12-02,10000037,627,10500000,10500000,10500000,1,1
2017-12-02,10000037,632,7000000,7000000,7000000,1,1
2017-12-02,10000037,633,9000000,9000000,9000000,1,1
2017-12-02,10000037,638,141200100.01,141200100.01,141200100.01,1,1
2017-12-02,10000037,649,1240000,1240000,1240000,1,1
2017-12-02,10000037,650,525314.5,300629,750000,2,2
2017-12-02,10000037,653,1661000.01,1661000.01,1661000.01,1,1
2017-12-02,10000037,654,1006497.9,636000,1376995.79,4,4
2017-12-02,10000037,655,1166666.67,1100000,1200000,3,3
2017-12-02,10000037,656,1261333.33,1249999.99,1400000,9,9
2017-12-02,10000037,657,1749666.67,1400000,1812000,9,4
2017-12-02,10000037,672,19537.06,13999.99,25000,6,6
2017-12-02,10000037,811,150000,150000,150000,1,1
2017-12-02,10000037,954,2725000,2725000,2725000,1,1
2017-12-02,10000037,955,2125000,2125000,2125000,1,1
2017-12-02,10000037,967,50000,50000,50000,1,1
2017-12-02,10000037,1129,750000,750000,750000,1,1
2017-12-02,10000037,1137,100000,100000,100000,2,2
2017-12-02,10000037,1138,80000,80000,80000,1,1
2017-12-02,10000037,1182,45000,45000,45000,1,1
2017-12-02,10000037,1183,719997.59,719997.59,719997.59,1,1
2017-12-02,10000037,1185,55000,55000,55000,1,1
2017-12-02,10000037,1195,120000,120000,120000,4,1
2017-12-02,10000037,1202,6066.05,6066.05,6066.05,3,1
2017-12-02,10000037,1224,8.96,8.96,8.96,321,1
2017-12-02,10000037,1226,57.26,0.1,440.21,77,2
2017-12-02,10000037,1227,60.06,60,70.68,1076529,55
2017-12-02,10000037,1228,19,19,19,7102071,53
2017-12-02,10000037,1230,12.54,10.59,12.54,6244088,54
2017-12-02,10000037,1236,730786.75,730786.75,730786.75,4,4
2017-12-02,10000037,1244,23750,23750,23750,2,2
2017-12-02,10000037,1245,249980,249980,249980,1,1
2017-12-02,10000037,1246,35999.95,35999.95,35999.95,1,1
2017-12-02,10000037,1248,1067998.66,1067998.66,1067998.66,1,1
2017-12-02,10000037,1254,25000.01,25000.01,25000.01,1,1
2017-12-02,10000037,1266,650000.01,650000.01,650000.01,1,1
2017-12-02,10000037,1304,20000,20000,20000,1,1
2017-12-02,10000037,1306,335996.35,335996.35,335996.35,4,1
2017-12-02,10000037,1317,4936.95,3000,7950,23,6
2017-12-02,10000037,1319,855142.81,587000,977000,21,7
2017-12-02,10000037,1334,125000,125000,125000,1,1
2017-12-02,10000037,1335,349515.52,349515.52,349515.52,1,1
2017-12-02,10000037,1353,41095.66,40471.99,42343,6,2
2017-12-02,10000037,1403,25333.33,25249.99,25500,3,2
2017-12-02,10000037,1404,54380,54380,54380,1,1
2017-12-02,10000037,1405,631818.54,599999,635326.15,15,6
2017-12-02,10000037,1436,1667985.18,1667985.18,1667985.18,2,2
2017-12-02,10000037,1445,35994,35994,35994,1,1
2017-12-02,10000037,1539,42327.78,42325,42333.33,3,3
2017-12-02,10000037,1541,1033468.49,750000,1127957.99,4,4
2017-12-02,10000037,1810,0.15,0.15,0.15,300,3
2017-12-02,10000037,1811,150000,150000,150000,1,1
2017-12-02,10000037,1818,2.02,2.02,2.02,100,1
2017-12-02,10000037,1820,2.01,2.01,2.01,100,1
2017-12-02,10000037,1824,45,45,45,400,1
2017-12-02,10000037,1826,4.51,4.51,4.51,200,2
2017-12-02,10000037,1828,4.06,4.06,4.06,100,1
2017-12-02,10000037,1830,300,300,300,500,2
2017-12-02,10000037,1832,4.07,4.07,4.07,200,1
2017-12-02,10000037,1875,51750,51750,51750,5,1
2017-12-02,10000037,1952,1613999.95,1613999.95,1613999.95,1,1
2017-12-02,10000037,1973,50000,50000,50000,1,1
2017-12-02,10000037,1978,1798000,1798000,1798000,1,1
2017-12-02,10000037,1998,69949.96,69949.96,69949.96,1,1
2017-12-02,10000037,1999,1420826.4,1420826.4,1420826.4,1,1
2017-12-02,10000037,2006,11343000,11343000,11343000,1,1
2017-12-02,10000037,2032,667448.36,623986.7,790000,12,6
2017-12-02,10000037,2046,17999.24,16998.99,21000,4,4
2017-12-02,10000037,2048,1191192.4,844444,1499999.99,15,14
2017-12-02,10000037,2173,36000.01,36000.01,36000.01,8,3
2017-12-02,10000037,2183,48325,47000,60000,80,10
2017-12-02,10000037,2184,1800000,1800000,1800000,1,1
2017-12-02,10000037,2185,1125180.74,1047777,1199998.12,62,4
2017-12-02,10000037,2203,2427.67,2300,2500.01,47,7
2017-12-02,10000037,2205,450767,450767,450767,1,1
2017-12-02,10000037,2267,4.24,4.24,4.24,399658,1
2017-12-02,10000037,2268,4.58,4.58,4.58,400000,1
2017-12-02,10000037,2270,7.17,7.17,7.17,500000,2
2017-12-02,10000037,2272,3.94,3.94,3.94,400000,1
2017-12-02,10000037,2281,3761334.52,3749999.95,3778776.99,10,7
2017-12-02,10000037,2286,7.07,7.07,7.07,1000000,1
2017-12-02,10000037,2288,3.12,3.12,3.12,400000,1
2017-12-02,10000037,2299,2362712.38,2362712.38,2362712.38,2,1
2017-12-02,10000037,2301,2321865.56,2000000,2482798.34,3,2
2017-12-02,10000037,2306,5.85,5.85,5.85,1423039,6
2017-12-02,10000037,2333,1559998.26,1559998.26,1559998.26,7,6
2017-12-02,10000037,2363,81000,81000,81000,2,1
2017-12-02,10000037,2364,1434477.65,1319955.3,1548999.99,4,2
2017-12-02,10000037,2390,406.01,406.01,406.01,936,1
2017-12-02,10000037,2396,295,295,295,7500,1
2017-12-02,10000037,2399,690,690,690,7552,1
2017-12-02,10000037,2403,7500000,7500000,7500000,1,1
2017-12-02,10000037,2406,1000000,1000000,1000000,2,2
2017-12-02,10000037,2420,1000000.1,1000000.1,1000000.1,1,1
2017-12-02,10000037,2444,47235.29,45000,50000,34,3
2017-12-02,10000037,2454,3500,2265.15,4399,155,37
2017-12-02,10000037,2456,461667.37,454393.5,495000,53,12
2017-12-02,10000037,2464,2484.26,50,5000.01,27,7
2017-12-02,10000037,2466,576999.5,454000,699999,10,2
2017-12-02,10000037,2476,125000,125000,125000,10,1
2017-12-02,10000037,2486,5521.22,4700,7000.01,66,12
2017-12-02,10000037,2488,401428.58,270000,454000.01,7,2
2017-12-02,10000037,2495,500000,500000,500000,3,3
2017-12-02,10000037,2505,500000,500000,500000,4,4
2017-12-02,10000037,2506,1,1,1,413,3
2017-12-02,10000037,2508,374,374,374,1000,1
2017-12-02,10000037,2512,0.17,0.15,10.01,226,3
2017-12-02,10000037,2514,3,3,3,2172,3
2017-12-02,10000037,2516,0.16,0.15,0.16,200,2
2017-12-02,10000037,2524,215000,215000,215000,1,1
2017-12-02,10000037,2525,81000,81000,81000,1,1
2017-12-02,10000037,2534,215000,215000,215000,1,1
2017-12-02,10000037,2539,1095596.04,1095596.04,1095596.04,1,1
2017-12-02,10000037,2547,858009.77,858009.77,858009.77,2,2
2017-12-02,10000037,2549,81000,81000,81000,1,1
2017-12-02,10000037,2550,215000,215000,215000,1,1
2017-12-02,10000037,2551,215000,215000,215000,1,1
2017-12-02,10000037,2553,1259887.2,1259887.2,1259887.2,1,1
2017-12-02,10000037,2563,1937174.29,1859870.26,2098810,34,3
2017-12-02,10000037,2603,6372.8,5999.99,8236.84,12,6
2017-12-02,10000037,2604,16640,16640,16640,1,1
2017-12-02,10000037,2621,5,5,5,4500,1
2017-12-02,10000037,2679,313.73,162.45,465,6000,2
2017-12-02,10000037,2871,1250000,1250000,1250000,30,1
2017-12-02,10000037,2889,1440000,1440000,1440000,2,1
2017-12-02,10000037,3074,880000,880000,880000,4,1
2017-12-02,10000037,3090,5112500,5000000,5225000,8,3
2017-12-02,10000037,3178,750000,750000,750000,6,2
2017-12-02,10000037,3242,61443.99,61443.99,61443.99,1,1
2017-12-02,10000037,3244,1691878.68,1691878.68,1691878.68,1,1
2017-12-02,10000037,3293,49000,49000,49000,5,1
2017-12-02,10000037,3296,110000,110000,110000,4,3
2017-12-02,10000037,3301,20000,20000,20000,2,2
2017-12-02,10000037,3304,100000,100000,100000,6,6
2017-12-02,10000037,3305,100000,100000,100000,1,1
2017-12-02,10000037,3307,2000000,2000000,2000000,1,1
2017-12-02,10000037,3309,2000000,2000000,2000000,1,1
2017-12-02,10000037,3317,100000,100000,100000,1,1
2017-12-02,10000037,3319,20000,20000,20000,2,2
2017-12-02,10000037,3320,10000,10000,10000,3,3
2017-12-02,10000037,3321,20000,20000,20000,4,4
2017-12-02,10000037,3322,25000,25000,25000,1,1
2017-12-02,10000037,3323,30000,30000,30000,4,4
2017-12-02,10000037,3324,100000,100000,100000,3,3
2017-12-02,10000037,3326,350000,350000,350000,2,2
2017-12-02,10000037,3328,40000,40000,40000,1,1
2017-12-02,10000037,3329,40000,40000,40000,2,2
2017-12-02,10000037,3330,40000,40000,40000,1,1
2017-12-02,10000037,3332,500000,500000,500000,8,8
2017-12-02,10000037,3333,500000,500000,500000,2,2
2017-12-02,10000037,3334,500000,500000,500000,1,1
2017-12-02,10000037,3335,500000,500000,500000,1,1
2017-12-02,10000037,3336,4000000,4000000,4000000,3,3
2017-12-02,10000037,3337,4000000,4000000,4000000,1,1
2017-12-02,10000037,3339,4000000,4000000,4000000,1,1
2017-12-02,10000037,3342,300000,300000,300000,2,1
2017-12-02,10000037,3343,300000,300000,300000,1,1
2017-12-02,10000037,3348,20000,20000,20000,10,10
2017-12-02,10000037,3349,75000,75000,75000,1,1
2017-12-02,10000037,3350,100000,100000,100000,1,1
2017-12-02,10000037,3355,20000,19999.99,20000,7,7
2017-12-02,10000037,3356,60000,60000,60000,6,6
2017-12-02,10000037,3357,180000,180000,180000,5,5
2017-12-02,10000037,3358,100000,100000,100000,2,2
2017-12-02,10000037,3359,200000,200000,200000,6,6
2017-12-02,10000037,3361,200000,200000,200000,3,3
2017-12-02,10000037,3363,20000,20000,20000,2,2
2017-12-02,10000037,3385,50000,50000,50000,2,2
2017-12-02,10000037,3387,150000,150000,150000,2,2
2017-12-02,10000037,3389,280000,280000,280000,3,3
2017-12-02,10000037,3403,300000,300000,300000,2,2
2017-12-02,10000037,3405,25000,25000,25000,6,6
2017-12-02,10000037,3409,350000,350000,350000,1,1
2017-12-02,10000037,3410,450000,450000,450000,1,1
2017-12-02,10000037,3416,35000,35000,35000,3,3
2017-12-02,10000037,3418,170000,170000,170000,1,1
2017-12-02,10000037,3420,185000,160000,210000,2,2
2017-12-02,10000037,3421,130000,130000,130000,3,3
2017-12-02,10000037,3422,80000,80000,80000,2,2
2017-12-02,10000037,3423,75000,75000,75000,6,6
2017-12-02,10000037,3424,79000,79000,79000,1,1
2017-12-02,10000037,3425,84000,84000,84000,1,1
2017-12-02,10000037,3430,500000,500000,500000,1,1
2017-12-02,10000037,3432,100000,100000,100000,1,1
2017-12-02,10000037,3433,100000,100000,100000,3,3
2017-12-02,10000037,3434,80000,80000,80000,5,5
2017-12-02,10000037,3436,20000,20000,20000,1,1
2017-12-02,10000037,3437,40000,40000,40000,1,1
2017-12-02,10000037,3438,40000,40000,40000,2,2
2017-12-02,10000037,3439,200000,200000,200000,4,4
2017-12-02,10000037,3440,232298.11,220000,306086.74,7,7
2017-12-02,10000037,3441,380000,380000,380000,1,1
2017-12-02,10000037,3442,500000,500000,500000,5,5
2017-12-02,10000037,3446,100000,100000,100000,2,2
2017-12-02,10000037,3451,30000,30000,30000,2,2
2017-12-02,10000037,3452,40000,40000,40000,3,3
2017-12-02,10000037,3453,25000,25000,25000,1,1
2017-12-02,10000037,3456,10000000,10000000,10000000,1,1
2017-12-02,10000037,3465,100000,100000,100000,1,1
2017-12-02,10000037,3466,100000,100000,100000,1,1
2017-12-02,10000037,3467,150000,150000,150000,12,3
2017-12-02,10000037,3488,1077774.4,1018185.6,1107568.8,3,3
2017-12-02,10000037,3528,149999.95,149999.95,149999.95,2,2
2017-12-02,10000037,3530,1708898.2,1678796.4,1739000,2,2
2017-12-02,10000037,3554,1750.01,1750.01,1750.01,20,1
2017-12-02,10000037,3643,68,68,68,91822,8
2017-12-02,10000037,3645,326.14,276.43,351,90,5
2017-12-02,10000037,3647,301.22,301.14,302.06,339764,11
2017-12-02,10000037,3651,4300,100,8500,2,2
2017-12-02,10000037,3653,160000,160000,160000,1,1
2017-12-02,10000037,3683,252.14,252.14,252.14,70,4
2017-12-02,10000037,3685,470,470,470,215100,6
2017-12-02,10000037,3687,780,780,780,61592,22
2017-12-02,10000037,3689,7610,7610,7610,208,3
2017-12-02,10000037,3699,58.7,58.7,58.7,5200,3
2017-12-02,10000037,3705,1,1,1,10,1
2017-12-02,10000037,3713,10744.86,10731.09,10744.86,3530,7
2017-12-02,10000037,3715,116.42,116.42,116.42,57358,12
2017-12-02,10000037,3717,209.28,209.28,209.28,20,1
2017-12-02,10000037,3719,6000,6000,6000,48,2
2017-12-02,10000037,3723,3000,3000,3000,1,1
2017-12-02,10000037,3756,65000000,65000000,65000000,1,1
2017-12-02,10000037,3777,500,500,500,30,3
2017-12-02,10000037,3810,8500,2000,15000,20,2
2017-12-02,10000037,3822,1,1,1,10,1
2017-12-02,10000037,3826,1,1,1,10,1
2017-12-02,10000037,3828,6100.01,6100.01,6100.01,453,2
2017-12-02,10000037,3829,40425.71,32999.99,44995,14,6
2017-12-02,10000037,3830,180000,180000,180000,1,1
2017-12-02,10000037,3831,800000,800000,800000,1,1
2017-12-02,10000037,3839,150949.95,150949.95,150949.95,3,3
2017-12-02,10000037,3841,1521818.18,1520000,1523999.99,11,5
2017-12-02,10000037,3887,45000,45000,45000,1,1
2017-12-02,10000037,3888,1030454.55,1000000,1167500,11,5
2017-12-02,10000037,3893,124999999,124999999,124999999,1,1
2017-12-02,10000037,3894,64000000,64000000,64000000,1,1
2017-12-02,10000037,3895,99999999,99999999,99999999,1,1
2017-12-02,10000037,3898,8001000,8001000,8001000,6,1
2017-12-02,10000037,4025,164728.5,79456.99,250000,2,2
2017-12-02,10000037,4027,214000.67,30500.5,581001,3,3
2017-12-02,10000037,4247,21999.99,21999.99,21999.99,12600,6
2017-12-02,10000037,4250,2501263.5,2400000,2805053.98,4,2
2017-12-02,10000037,4258,1866373.83,1866373.83,1866373.83,1,1
2017-12-02,10000037,4312,20950,20950,20950,32226,7
2017-12-02,10000037,4385,4500000,4500000,4500000,2,2
2017-12-02,10000037,4391,1000000,1000000,1000000,1,1
2017-12-02,10000037,4393,67200,62000,88000,10,3
2017-12-02,10000037,4399,48000000,48000000,48000000,1,1
2017-12-02,10000037,4403,718973.17,695997.55,787900.02,4,4
2017-12-02,10000037,4405,2000000,2000000,2000000,6,3
2017-12-02,10000037,4435,59775.25,101,80000,4,3
2017-12-02,10000037,4529,98729.36,79726.17,175794.48,5,4
2017-12-02,10000037,4531,50,50,50,3,1
2017-12-02,10000037,4533,1502.01,1502.01,1502.01,1,1
2017-12-02,10000037,4569,100.01,100.01,100.01,2,1
2017-12-02,10000037,4571,150,150,150,1,1
2017-12-02,10000037,4573,240661.21,1102.01,600000,5,3
2017-12-02,10000037,4609,5,5,5,1,1
2017-12-02,10000037,4615,5,5,5,1,1
2017-12-02,10000037,4787,561,561,561,3,2
2017-12-02,10000037,4831,378.75,5,1500,4,2
2017-12-02,10000037,4833,648000,648000,648000,2,1
2017-12-02,10000037,4835,5,5,5,1,1
2017-12-02,10000037,5137,1401.01,1401.01,1401.01,1,1
2017-12-02,10000037,5219,0.01,0.01,0.01,1,1
2017-12-02,10000037,5239,38940.83,17500,55000,22,12
2017-12-02,10000037,5245,42000,42000,42000,1,1
2017-12-02,10000037,5302,5,5,5,7,5
2017-12-02,10000037,5319,5,5,5,2,1
2017-12-02,10000037,5321,507,507,507,6,6
2017-12-02,10000037,5322,5,5,5,1,1
2017-12-02,10000037,5405,3415.49,3250,3746.48,3,2
2017-12-02,10000037,5443,38220,16330,82000,3,3
2017-12-02,10000037,5445,15140.32,15140.32,15140.32,1,1
2017-12-02,10000037,5493,299000,299000,299000,2,1
2017-12-02,10000037,5533,9989.74,9989.74,9989.74,1,1
2017-12-02,10000037,5631,100000,100000,100000,1,1
2017-12-02,10000037,5683,400000,400000,400000,1,1
2017-12-02,10000037,5697,18000.01,18000.01,18000.01,1,1
2017-12-02,10000037,5721,2000.01,2000.01,2000.01,1,1
2017-12-02,10000037,5723,7000.01,7000.01,7000.01,1,1
2017-12-02,10000037,5743,3000000,3000000,3000000,1,1
2017-12-02,10000037,5745,1335,5,2000,3,3
2017-12-02,10000037,5747,2000,2000,2000,1,1
2017-12-02,10000037,5759,2000.99,2000.99,2000.99,1,1
2017-12-02,10000037,5839,1000000,1000000,1000000,1,1
2017-12-02,10000037,5971,33833.33,28000,45500,3,3
2017-12-02,10000037,5973,338444.45,250000,688000,9,6
2017-12-02,10000037,5975,47801,20002.5,54500,5,5
2017-12-02,10000037,6001,229499.69,94250.03,499999,3,3
2017-12-02,10000037,6003,8135.33,203,24000,3,2
2017-12-02,10000037,6005,50605.52,211.04,101000,2,2
2017-12-02,10000037,6073,79950,79950,79950,6,3
2017-12-02,10000037,6159,300,300,300,1,1
2017-12-02,10000037,6160,5,5,5,2,2
2017-12-02,10000037,6173,153999.12,153999.12,153999.12,2,2
2017-12-02,10000037,6296,328.1,328.1,328.1,1,1
2017-12-02,10000037,6437,291574.07,291574.07,291574.07,1,1
2017-12-02,10000037,6439,54500,54500,54500,3,3
2017-12-02,10000037,6485,501.01,501.01,501.01,1,1
2017-12-02,10000037,6527,800,800,800,1,1
2017-12-02,10000037,6569,13000,13000,13000,1,1
2017-12-02,10000037,6865,998,998,998,1,1
2017-12-02,10000037,6923,6000.01,6000.01,6000.01,1,1
2017-12-02,10000037,6961,1000.01,1000.01,1000.01,1,1
2017-12-02,10000037,6963,1590000.17,1590000.17,1590000.17,1,1
2017-12-02,10000037,6965,45996,45996,45996,1,1
2017-12-02,10000037,7287,650000,650000,650000,1,1
2017-12-02,10000037,7291,3000,3000,3000,1,1
2017-12-02,10000037,7367,4000000,4000000,4000000,7,3
2017-12-02,10000037,7411,400000,400000,400000,3,1
2017-12-02,10000037,7447,400000.01,400000.01,400000.01,1,1
2017-12-02,10000037,7489,500,500,500,1,1
2017-12-02,10000037,7491,550,550,550,1,1
2017-12-02,10000037,7537,103936.23,103936.23,103936.23,1,1
2017-12-02,10000037,7539,23452.33,4291.57,49000.01,7,4
2017-12-02,10000037,7541,299500,299500,299500,1,1
2017-12-02,10000037,7669,16000,16000,16000,1,1
2017-12-02,10000037,7703,525000.5,525000.5,525000.5,1,1
2017-12-02,10000037,7829,11001.05,11001.05,11001.05,1,1
2017-12-02,10000037,8175,58.07,58.07,58.07,1,1
2017-12-02,10000037,8225,134949.95,134949.95,134949.95,1,1
2017-12-02,10000037,8263,251250.13,237500,292500.5,4,3
2017-12-02,10000037,8433,400000,400000,400000,2,1
2017-12-02,10000037,8521,500000,500000,500000,2,1
2017-12-02,10000037,8529,433000,324500,650000,3,3
2017-12-02,10000037,8583,6000,6000,6000,1,1
2017-12-02,10000037,8748,255255.47,249999.9,297300,9,2
2017-12-02,10000037,8867,4484,4484,4484,1,1
2017-12-02,10000037,8869,137500,137500,137500,2,1
2017-12-02,10000037,9455,4998,4998,4998,1,1
2017-12-02,10000037,9556,92500,92500,92500,2,1
2017-12-02,10000037,9568,120000,90000,150000,2,2
2017-12-02,10000037,9580,95000,95000,95000,2,1
2017-12-02,10000037,9582,80000,80000,80000,1,1
2017-12-02,10000037,9608,6400,6400,6400,2,1
2017-12-02,10000037,9622,53000.5,7001,99000,2,2
2017-12-02,10000037,9632,280538.45,278999.99,377000,13,4
2017-12-02,10000037,9646,7601,7601,7601,1,1
2017-12-02,10000037,9670,355.15,355.15,355.15,1,1
2017-12-02,10000037,9678,93003.15,93003.15,93003.15,1,1
2017-12-02,10000037,9728,13009.77,13009.77,13009.77,2,2
2017-12-02,10000037,9734,12003.1,12003.1,12003.1,1,1
2017-12-02,10000037,9744,2499996,2499996,2499996,1,1
2017-12-02,10000037,9808,16005.2,16005.2,16005.2,1,1
2017-12-02,10000037,9826,365.75,332.5,385.15,27011,30
2017-12-02,10000037,9832,9495,9495,9495,600,2
2017-12-02,10000037,9836,7100,7100,7100,380,1
2017-12-02,10000037,9838,8000,8000,8000,6,2
2017-12-02,10000037,9848,71000.17,71000.17,71000.17,1122,3
2017-12-02,10000037,9852,59.34,59.34,59.34,345794,14
2017-12-02,10000037,9944,78499.75,59000,97999.5,4,4
2017-12-02,10000037,9956,5397641.14,5397641.14,5397641.14,1,1
2017-12-02,10000037,9957,30754206.45,30754206.45,30754206.45,1,1
2017-12-02,10000037,10190,1615617.94,1391443.5,1914517.19,7,3
2017-12-02,10000037,10208,22500000,22500000,22500000,1,1
2017-12-02,10000037,10225,21500000,21500000,21500000,1,1
2017-12-02,10000037,10246,13863.84,11999.99,15000.01,47,9
2017-12-02,10000037,10247,19986000,19986000,19986000,1,1
2017-12-02,10000037,10250,973931.95,973931.95,973931.95,1,1
2017-12-02,10000037,10631,524275.12,524275.12,524275.12,10,1
2017-12-02,10000037,10678,52250,52250,52250,4,3
2017-12-02,10000037,10680,767000,767000,767000,7,1
2017-12-02,10000037,10836,67821.5,63300,72343,2,2
2017-12-02,10000037,10868,500000,500000,500000,1,1
2017-12-02,10000037,10998,51721.1,42987.65,97000,22,8
2017-12-02,10000037,11082,1000000,1000000,1000000,3,3
2017-12-02,10000037,11129,14694.67,13200,23494.01,21,21
2017-12-02,10000037,11130,50000,50000,50000,2,2
2017-12-02,10000037,11132,14095.34,12000,18286.03,3,3
2017-12-02,10000037,11134,10400,3000,14100,3,3
2017-12-02,10000037,11207,500000,500000,500000,7,7
2017-12-02,10000037,11267,232000,232000,232000,5,3
2017-12-02,10000037,11269,969600,969600,969600,11,4
2017-12-02,10000037,11277,15000.03,15000.03,15000.03,1,1
2017-12-02,10000037,11280,7000000,7000000,7000000,1,1
2017-12-02,10000037,11285,2735.7,2735.7,2735.7,946,2
2017-12-02,10000037,11289,6800.01,6800.01,6800.01,14,3
2017-12-02,10000037,11296,800000,800000,800000,1,1
2017-12-02,10000037,11298,1600000,1600000,1600000,1,1
2017-12-02,10000037,11300,4000000,4000000,4000000,1,1
2017-12-02,10000037,11305,15000.03,15000.03,15000.03,1,1
2017-12-02,10000037,11309,150000,150000,150000,1,1
2017-12-02,10000037,11311,11000.01,11000.01,11000.01,1,1
2017-12-02,10000037,11319,999999,999999,999999,1,1
2017-12-02,10000037,11341,9762.63,9000,15101.04,8,3
2017-12-02,10000037,11343,8722.01,100.02,10000,12,8
2017-12-02,10000037,11349,22302.44,1001,64905.32,3,3
2017-12-02,10000037,11351,50000,50000,50000,2,2
2017-12-02,10000037,11357,52500,52500,52500,1,1
2017-12-02,10000037,11370,2210384.38,2210384.38,2210384.38,1,1
2017-12-02,10000037,11433,10000000,10000000,10000000,1,1
2017-12-02,10000037,11441,10000000,10000000,10000000,2,2
2017-12-02,10000037,11442,10000000,10000000,10000000,2,2
2017-12-02,10000037,11443,10000000,10000000,10000000,3,3
2017-12-02,10000037,11446,10000000,10000000,10000000,2,2
2017-12-02,10000037,11447,10000000,10000000,10000000,2,2
2017-12-02,10000037,11448,10000000,10000000,10000000,2,2
2017-12-02,10000037,11450,10000000,10000000,10000000,1,1
2017-12-02,10000037,11451,10000000,10000000,10000000,1,1
2017-12-02,10000037,11452,10000000,10000000,10000000,2,2
2017-12-02,10000037,11453,10000000,10000000,10000000,1,1
2017-12-02,10000037,11455,10000000,10000000,10000000,1,1
2017-12-02,10000037,11529,10000000,10000000,10000000,2,2
2017-12-02,10000037,11535,45099.85,45099.85,45099.85,150,1
2017-12-02,10000037,11538,185,185,185,14,1
2017-12-02,10000037,11541,87242.66,87242.66,87242.66,352,2
2017-12-02,10000037,11563,343987,343987,343987,6,3
2017-12-02,10000037,11566,120000,120000,120000,3,3
2017-12-02,10000037,11577,4954763.57,4954763.57,4954763.57,4,4
2017-12-02,10000037,11578,7149999.99,7149999.99,7149999.99,1,1
2017-12-02,10000037,11584,75000,75000,75000,6,6
2017-12-02,10000037,11628,200000,200000,200000,2,1
2017-12-02,10000037,11629,296960,296960,296960,2,1
2017-12-02,10000037,11631,200000,200000,200000,2,1
2017-12-02,10000037,11634,118400,118400,118400,1,1
2017-12-02,10000037,11640,763439.84,750000,767991.17,8,4
2017-12-02,10000037,11688,38135.76,38135.76,38135.76,53,1
2017-12-02,10000037,11689,37909.45,37909.45,37909.45,1,1
2017-12-02,10000037,11857,586240,586240,586240,1,1
2017-12-02,10000037,11859,282640,282640,282640,1,1
2017-12-02,10000037,11870,282640,282640,282640,1,1
2017-12-02,10000037,11872,364560,364560,364560,1,1
2017-12-02,10000037,11873,364560,364560,364560,1,1
2017-12-02,10000037,11878,586240,586240,586240,1,1
2017-12-02,10000037,11879,586240,586240,586240,1,1
2017-12-02,10000037,11887,282640,282640,282640,1,1
2017-12-02,10000037,11889,282640,282640,282640,1,1
2017-12-02,10000037,11890,282640,282640,282640,1,1
2017-12-02,10000037,11891,282640,282640,282640,1,1
2017-12-02,10000037,12052,186000.5,186000.5,186000.5,2,2
2017-12-02,10000037,12054,1280140.45,1280140.45,1280140.45,3,2
2017-12-02,10000037,12056,69854.31,69563,69999.96,6,6
2017-12-02,10000037,12058,4080000,4080000,4080000,1,1
2017-12-02,10000037,12066,331950,331950,331950,2,2
2017-12-02,10000037,12092,1000000,1000000,1000000,4,1
2017-12-02,10000037,12093,4000000,4000000,4000000,2,2
2017-12-02,10000037,12095,4000000,4000000,4000000,2,2
2017-12-02,10000037,12179,40000000,40000000,40000000,1,1
2017-12-02,10000037,12180,375000,375000,375000,1,1
2017-12-02,10000037,12181,350000,350000,350000,2,2
2017-12-02,10000037,12182,325000,325000,325000,1,1
2017-12-02,10000037,12183,275000,275000,275000,1,1
2017-12-02,10000037,12184,250000,250000,250000,1,1
2017-12-02,10000037,12187,175000,175000,175000,1,1
2017-12-02,10000037,12188,150000,150000,150000,1,1
2017-12-02,10000037,12189,400000,400000,400000,1,1
2017-12-02,10000037,12190,125000,125000,125000,2,2
2017-12-02,10000037,12191,75000,75000,75000,2,2
2017-12-02,10000037,12192,100000,100000,100000,1,1
2017-12-02,10000037,12193,50000,50000,50000,4,4
2017-12-02,10000037,12194,300000,300000,300000,2,2
2017-12-02,10000037,12195,25000,25000,25000,3,3
2017-12-02,10000037,12206,3000000,3000000,3000000,2,2
2017-12-02,10000037,12207,9000000,9000000,9000000,2,2
2017-12-02,10000037,12210,1000000,1000000,1000000,2,2
2017-12-02,10000037,12211,3000000,3000000,3000000,2,2
2017-12-02,10000037,12212,9000000,9000000,9000000,1,1
2017-12-02,10000037,12239,50000000,50000000,50000000,1,1
2017-12-02,10000037,12305,100000,100000,100000,6,6
2017-12-02,10000037,12346,1642000,1642000,1642000,6,1
2017-12-02,10000037,12365,120000,120000,120000,3,3
2017-12-02,10000037,12366,479999,120000,1199997,3,3
2017-12-02,10000037,12367,120000,120000,120000,3,3
2017-12-02,10000037,12485,8700000,8700000,8700000,1,1
2017-12-02,10000037,12486,5569500.08,5339000.15,5800000,2,2
2017-12-02,10000037,12487,8650000,8650000,8650000,1,1
2017-12-02,10000037,12537,1601588.15,1450000,1849999.99,41,5
2017-12-02,10000037,12538,431234.4,431234.4,431234.4,20,1
2017-12-02,10000037,12612,98.24,98.24,98.24,2635,2
2017-12-02,10000037,12614,34.75,34.75,34.75,27000,2
2017-12-02,10000037,12618,49.04,49.04,49.04,3000,1
2017-12-02,10000037,12745,320000000,320000000,320000000,1,1
2017-12-02,10000037,12773,192,192,192,15000,1
2017-12-02,10000037,12791,272,272,272,5000,2
2017-12-02,10000037,12803,267.84,228.86,285.67,8000,4
2017-12-02,10000037,12807,343.1,343.1,343.1,6000,2
2017-12-02,10000037,13001,2900000,2900000,2900000,1,1
2017-12-02,10000037,13279,250000,250000,250000,5,5
2017-12-02,10000037,13856,312.39,312.39,312.39,5000,1
2017-12-02,10000037,14278,300000.02,300000.02,300000.02,1,1
2017-12-02,10000037,15331,1203.07,1203.07,1203.07,1681,207
2017-12-02,10000037,15508,65586.21,65586.21,65586.21,10,1
2017-12-02,10000037,15510,12880.94,760.65,33750.01,38,8
2017-12-02,10000037,15511,1500000,1500000,1500000,1,1
2017-12-02,10000037,15587,1500,1500,1500,1,1
2017-12-02,10000037,15588,2000.01,2000.01,2000.01,1,1
2017-12-02,10000037,15596,1370,850,1500,30,7
2017-12-02,10000037,15597,2701.96,2650,3377.5,14,9
2017-12-02,10000037,15598,5000,5000,5000,10,3
2017-12-02,10000037,15599,20002.34,20002.34,20002.34,29,8
2017-12-02,10000037,15600,550000.04,550000.04,550000.04,14,5
2017-12-02,10000037,15602,65510,64160.35,66000.01,16,4
2017-12-02,10000037,15605,2018003.25,2018003.25,2018003.25,2,1
2017-12-02,10000037,15607,1500,1500,1500,62,12
2017-12-02,10000037,15608,2176.15,1250,2650,65,9
2017-12-02,10000037,15609,5000.01,5000.01,5000.01,6,2
2017-12-02,10000037,15610,156516.11,156516.11,156516.11,25,7
2017-12-02,10000037,15611,8000.02,8000.02,8000.02,11,3
2017-12-02,10000037,15612,40000,40000,40000,25,7
2017-12-02,10000037,15613,206003.06,206003.06,206003.06,50,11
2017-12-02,10000037,15614,110000.05,110000.05,110000.05,80,12
2017-12-02,10000037,15615,1500000.1,1500000.1,1500000.1,9,5
2017-12-02,10000037,15625,1500.02,1500.02,1500.02,6,1
2017-12-02,10000037,15626,1000,1000,1000,3,1
2017-12-02,10000037,15656,63371.75,63000,64000.01,18,7
2017-12-02,10000037,15669,2000000.23,2000000.23,2000000.23,15,4
2017-12-02,10000037,15992,22688.74,17500,23000.06,53,8
2017-12-02,10000037,15996,12000,12000,12000,4,1
2017-12-02,10000037,15999,15000,15000,15000,11,4
2017-12-02,10000037,16000,30000.05,30000.05,30000.05,20,5
2017-12-02,10000037,16069,85000,85000,85000,1,1
2017-12-02,10000037,16119,650,650,650,2,1
2017-12-02,10000037,16229,56000000,56000000,56000000,1,1
2017-12-02,10000037,16240,1112052.53,1023605.06,1200500,4,4
2017-12-02,10000037,16264,235000,235000,235251,54965,284
2017-12-02,10000037,16269,700000,700000,700000,189,3
2017-12-02,10000037,16272,709.4,709.4,709.4,51310,2
2017-12-02,10000037,16273,146.75,146.75,146.75,750,2
2017-12-02,10000037,16275,2825.46,202.05,4006,58,2
2017-12-02,10000037,16278,2350333.33,2325000,2401000,6,3
2017-12-02,10000037,16281,375000,375000,375000,3,3
2017-12-02,10000037,16297,199999,199999,199999,1,1
2017-12-02,10000037,16311,5000,5000,5000,1,1
2017-12-02,10000037,16361,13001.01,13001.01,13001.01,1,1
2017-12-02,10000037,16371,31001.08,31001.08,31001.08,1,1
2017-12-02,10000037,16381,12000.01,12000.01,12000.01,1,1
2017-12-02,10000037,16391,1390000,1390000,1390000,1,1
2017-12-02,10000037,16399,1001,1001,1001,1,1
2017-12-02,10000037,16401,100,100,100,1,1
2017-12-02,10000037,16423,100.03,100.03,100.03,1,1
2017-12-02,10000037,16427,1999,1999,1999,1,1
2017-12-02,10000037,16431,500000,500000,500000,1,1
2017-12-02,10000037,16435,25600,1201,49999,2,2
2017-12-02,10000037,16439,596,596,596,1,1
2017-12-02,10000037,16443,5,5,5,1,1
2017-12-02,10000037,16591,32000000,32000000,32000000,2,2
2017-12-02,10000037,16594,1500000,1500000,1500000,1,1
2017-12-02,10000037,16598,3500000,3500000,3500000,4,4
2017-12-02,10000037,16670,250.16,250.16,250.16,4823408,4
2017-12-02,10000037,16671,369.99,369.99,369.99,1,1
2017-12-02,10000037,16672,10,10,10,758,1
2017-12-02,10000037,16673,250.01,250.01,250.01,2000000,1
2017-12-02,10000037,16679,1224.9,1224.9,1224.9,2203,2
2017-12-02,10000037,16680,2708.32,2708.32,2708.32,77950,3
2017-12-02,10000037,16681,8000,8000,8000,1736,3
2017-12-02,10000037,16682,19727.82,19727.82,19727.82,510,2
2017-12-02,10000037,17200,750,750,750,1,1
2017-12-02,10000037,17215,85986.1,1111.12,91999.96,16,6
2017-12-02,10000037,17216,124999.99,124999.99,124999.99,20,1
2017-12-02,10000037,17218,149999.98,149999.98,149999.98,20,1
2017-12-02,10000037,17219,49999.99,49999.99,49999.99,40,2
2017-12-02,10000037,17366,31375,29000,45000,8,6
2017-12-02,10000037,17440,490,490,490,20,1
2017-12-02,10000037,17441,0.1,0.1,0.1,9,1
2017-12-02,10000037,17448,455.06,455.06,455.06,15157,6
2017-12-02,10000037,17449,460.1,460.1,460.1,46311,10
2017-12-02,10000037,17452,0.1,0.1,0.1,91,1
2017-12-02,10000037,17453,180.1,180.1,180.1,25000,1
2017-12-02,10000037,17455,58.28,58.24,58.34,4663409,101
2017-12-02,10000037,17456,59.25,59.25,59.25,7480447,82
2017-12-02,10000037,17459,37.08,37.08,37.08,1380,1
2017-12-02,10000037,17463,22.54,18.5,22.55,7531757,48
2017-12-02,10000037,17464,22.71,22.71,22.71,1291382,25
2017-12-02,10000037,17470,13,11.07,13.75,6072969,39
2017-12-02,10000037,17471,17.92,17.92,17.92,5169218,29
2017-12-02,10000037,17476,26526493.29,25999999,26789740.44,3,3
2017-12-02,10000037,17478,20752628.15,12742504.52,22750000,5,5
2017-12-02,10000037,17480,20238997.15,17999994.3,22477999.99,4,4
2017-12-02,10000037,17482,2241111.11,2000000,2379999.99,18,10
2017-12-02,10000037,17624,1,1,1,1,1
2017-12-02,10000037,17634,90000000,90000000,90000000,1,1
2017-12-02,10000037,17867,60,60,62.16,823801,31
2017-12-02,10000037,17868,65,65,65,1411690,35
2017-12-02,10000037,17887,510.01,510.01,510.01,24517,2
2017-12-02,10000037,17893,60000.06,60000.06,60000.06,1,1
2017-12-02,10000037,17894,100000.05,100000.05,100000.05,2,2
2017-12-02,10000037,17895,155000.07,155000.07,155000.07,1,1
2017-12-02,10000037,17912,3724999.8,3015000,4197500,5,3
2017-12-02,10000037,17918,487000000,487000000,487000000,1,1
2017-12-02,10000037,17932,52749000,52749000,52749000,1,1
2017-12-02,10000037,17938,20016.67,20000,20099.99,30,15
2017-12-02,10000037,17940,500000,500000,500000,1,1
2017-12-02,10000037,18025,400000,400000,400000,2,2
2017-12-02,10000037,18047,500000,500000,500000,1,1
2017-12-02,10000037,18049,450000,450000,450000,1,1
2017-12-02,10000037,18056,64000,64000,64000,6,2
2017-12-02,10000037,18058,47587.16,47587.16,47587.16,2,1
2017-12-02,10000037,18066,8294.96,8294.96,8294.96,2,1
2017-12-02,10000037,18068,2325000,2325000,2325000,2,2
2017-12-02,10000037,18606,999878,999878,999878,2,1
2017-12-02,10000037,18639,66766,31777,329999,10,6
2017-12-02,10000037,18664,35000000,35000000,35000000,1,1
2017-12-02,10000037,19404,180000,180000,180000,1,1
2017-12-02,10000037,19406,590000.11,550000.54,600000,5,5
2017-12-02,10000037,19407,1200000,1200000,1200000,4,4
2017-12-02,10000037,19408,1900000,1700000,2100000,2,2
2017-12-02,10000037,19719,30000000,30000000,30000000,1,1
2017-12-02,10000037,19760,160000,160000,160000,1,1
2017-12-02,10000037,19812,150000,150000,150000,1,1
2017-12-02,10000037,19814,90999.76,90999.76,90999.76,1,1
2017-12-02,10000037,19921,90000,90000,90000,1,1
2017-12-02,10000037,19927,135,135,135,2,2
2017-12-02,10000037,19929,101,101,101,3,1
2017-12-02,10000037,19935,521.94,521.94,521.94,1,1
2017-12-02,10000037,19937,5,5,5,1,1
2017-12-02,10000037,19946,634.73,634.73,634.73,2,2
2017-12-02,10000037,19952,20000,20000,20000,1,1
2017-12-02,10000037,20212,20000000.01,20000000.01,20000000.01,1,1
2017-12-02,10000037,20213,9000000,9000000,9000000,2,2
2017-12-02,10000037,20342,50000000,50000000,50000000,2,1
2017-12-02,10000037,20410,80811.24,66000,117000.1,21,4
2017-12-02,10000037,20411,214787.98,214787.98,214787.98,110,1
2017-12-02,10000037,20412,100000,100000,100000,1,1
2017-12-02,10000037,20413,44001,44001,44001,4,1
2017-12-02,10000037,20414,251230.95,249897.62,251897.62,3,2
2017-12-02,10000037,20415,64256.02,50050.02,121080,10,2
2017-12-02,10000037,20416,208149.98,208149.98,208149.98,4,2
2017-12-02,10000037,20419,204587.16,204587.16,204587.16,116,2
2017-12-02,10000037,20420,44353.75,44353.75,44353.75,6,1
2017-12-02,10000037,20424,46060,10100,100000,5,2
2017-12-02,10000037,20526,134999995.99,134999995.99,134999995.99,2,1
2017-12-02,10000037,21059,120000,120000,120000,5,5
2017-12-02,10000037,21603,10000000,10000000,10000000,2,2
2017-12-02,10000037,21611,30000000,30000000,30000000,1,1
2017-12-02,10000037,21640,175000.01,175000.01,175000.01,3,1
2017-12-02,10000037,21790,220000,220000,220000,1,1
2017-12-02,10000037,21857,250,250,250,2,2
2017-12-02,10000037,21896,780,780,780,1200,1
2017-12-02,10000037,21898,470,470,470,3500,1
2017-12-02,10000037,21922,890,890,890,25000,2
2017-12-02,10000037,22175,99796.58,97999.97,109999.5,15,14
2017-12-02,10000037,22177,113063.67,106000,126600,12,11
2017-12-02,10000037,22229,4291625,4190000,4325500,4,2
2017-12-02,10000037,22448,410000000.09,410000000.09,410000000.09,1,1
2017-12-02,10000037,22536,439000,439000,439000,1,1
2017-12-02,10000037,22541,9000000,9000000,9000000,3,3
2017-12-02,10000037,22542,39442.95,36899,40000,17,13
2017-12-02,10000037,22544,450000000,450000000,450000000,1,1
2017-12-02,10000037,22548,343000000,343000000,343000000,1,1
2017-12-02,10000037,22551,28000000,28000000,28000000,2,2
2017-12-02,10000037,22552,8000000,8000000,8000000,1,1
2017-12-02,10000037,22576,45025,45000,45125,5,4
2017-12-02,10000037,22578,80000,80000,80000,3,3
2017-12-02,10000037,22806,120000,120000,120000,6,6
2017-12-02,10000037,22807,120000,120000,120000,5,5
2017-12-02,10000037,22808,120000,120000,120000,6,6
2017-12-02,10000037,22809,120000,120000,120000,6,6
2017-12-02,10000037,22961,470,470,470,1500,1
2017-12-02,10000037,23025,899.82,899.82,899.82,2000,1
2017-12-02,10000037,23056,200473400,200473400,200473400,1,1
2017-12-02,10000037,23058,203363320,203363320,203363320,1,1
2017-12-02,10000037,23060,213949920,213949920,213949920,1,1
2017-12-02,10000037,23062,200013400,200013400,200013400,1,1
2017-12-02,10000037,23069,50000000,50000000,50000000,1,1
2017-12-02,10000037,23121,220000,220000,220000,1,1
2017-12-02,10000037,23163,0.1,0.1,0.1,16,1
2017-12-02,10000037,23527,830999.8,545000,1974999,10,6
2017-12-02,10000037,23533,50000,50000,50000,3,1
2017-12-02,10000037,23560,14000000,14000000,14000000,1,1
2017-12-02,10000037,23561,99000,99000,99000,1,1
2017-12-02,10000037,23562,14000000,14000000,14000000,1,1
2017-12-02,10000037,23566,400000,400000,400000,3,3
2017-12-02,10000037,23594,450000,450000,450000,1,1
2017-12-02,10000037,23606,150000,150000,150000,6,6
2017-12-02,10000037,23618,50075.69,50000,50378.47,5,5
2017-12-02,10000037,23709,75000.01,75000.01,75000.01,2,1
2017-12-02,10000037,23711,26000.01,26000.01,26000.01,1,1
2017-12-02,10000037,24241,50000,50000,50000,7,7
2017-12-02,10000037,24242,1000000,1000000,1000000,7,7
2017-12-02,10000037,24268,7500000,7500000,7500000,1,1
2017-12-02,10000037,24312,500000000,500000000,500000000,1,1
2017-12-02,10000037,24348,1555601.3,1500000,1611202.6,4,3
2017-12-02,10000037,24395,277800,269400,282000,3,2
2017-12-02,10000037,24427,1475661.21,1475655,1478399.73,129,4
2017-12-02,10000037,24438,1422775.5,1422775.5,1422775.5,1,1
2017-12-02,10000037,24445,197333.34,190000,200000.01,15,2
2017-12-02,10000037,24486,135.73,135.73,135.73,18000,3
2017-12-02,10000037,24488,198.6,198.6,198.6,3000,1
2017-12-02,10000037,24490,247.79,247.79,247.79,3000,1
2017-12-02,10000037,24492,130.77,130.77,130.77,35000,4
2017-12-02,10000037,24493,161.62,161.62,161.62,5000,1
2017-12-02,10000037,24494,129.96,129.96,129.96,26000,5
2017-12-02,10000037,24560,7000000,7000000,7000000,8,2
2017-12-02,10000037,24613,15000000,15000000,15000000,1,1
2017-12-02,10000037,24624,20000000,20000000,20000000,1,1
2017-12-02,10000037,24625,20000000,20000000,20000000,1,1
2017-12-02,10000037,24700,49470129.54,47900000,51040259.07,2,2
2017-12-02,10000037,25266,2924798.85,2207998.75,3999999,5,3
2017-12-02,10000037,25544,29899998,29899998,29899998,1,1
2017-12-02,10000037,25562,249600,249600,249600,2,1
2017-12-02,10000037,25588,10104.57,10104.57,10104.57,263,22
2017-12-02,10000037,25589,1103.83,1103.83,1103.83,275,19
2017-12-02,10000037,25590,80511.14,80511.13,90000,405,55
2017-12-02,10000037,25591,175010.03,175010.03,175010.03,1032,75
2017-12-02,10000037,25592,4982.5,3903.57,7500,90,15
2017-12-02,10000037,25593,4690.18,4690.18,4690.18,104,22
2017-12-02,10000037,25594,25051.82,25051.66,25051.84,101,18
2017-12-02,10000037,25595,16603.2,16603.15,16603.34,58,17
2017-12-02,10000037,25596,25063.4,25063.4,25063.4,495,56
2017-12-02,10000037,25597,4000.02,4000.02,4000.02,716,58
2017-12-02,10000037,25598,9802.08,9802.08,9802.08,1046,70
2017-12-02,10000037,25599,786.5,786.5,786.5,1941,63
2017-12-02,10000037,25600,22108.43,22108.43,22108.43,902,58
2017-12-02,10000037,25601,3168.58,3168.58,3168.58,1133,70
2017-12-02,10000037,25602,14293.61,14270.98,14501.03,61,2
2017-12-02,10000037,25603,25125.16,25123.33,25128.8,48,16
2017-12-02,10000037,25604,13608,13608,13608,374,45
2017-12-02,10000037,25605,22005.16,22005.16,22005.17,262,33
2017-12-02,10000037,25606,43100.54,43100.54,43100.54,107,10
2017-12-02,10000037,25608,393149.55,393149.54,393149.56,3,2
2017-12-02,10000037,25609,218000.15,218000.15,218000.15,10,1
2017-12-02,10000037,25610,808499.96,808499.96,808499.96,500,1
2017-12-02,10000037,25614,206004.71,206004.71,206004.71,3,1
2017-12-02,10000037,25615,2100100,2100100,2100100,3,1
2017-12-02,10000037,25616,5022.82,5022.82,5022.82,11,1
2017-12-02,10000037,25617,279236.11,279001.07,280000,17,7
2017-12-02,10000037,25618,9000.11,9000.1,9000.11,2,2
2017-12-02,10000037,25619,547999.95,547999.95,547999.95,1,1
2017-12-02,10000037,25620,22352.45,10503.5,50000,10,4
2017-12-02,10000037,25624,4002000.1,4002000.1,4002000.1,3,1
2017-12-02,10000037,25810,450000,450000,450000,1,1
2017-12-02,10000037,25811,450000,450000,450000,4,2
2017-12-02,10000037,25861,66918.98,65000,68995.01,30,18
2017-12-02,10000037,25862,332640,332640,332640,1,1
2017-12-02,10000037,25887,48095.06,48095.06,48095.06,7,1
2017-12-02,10000037,25912,5879998.8,5879998.8,5879998.8,1,1
2017-12-02,10000037,25918,11999996.4,11999996.4,11999996.4,4,2
2017-12-02,10000037,25948,6222000.47,6222000.47,6222000.47,3,1
2017-12-02,10000037,26008,20399999.97,20399999.97,20399999.97,1,1
2017-12-02,10000037,26048,733332.6,733332.6,733332.6,30,1
2017-12-02,10000037,26084,9359997.53,8999995,9539998.8,3,2
2017-12-02,10000037,26088,12119609.17,11999999,12239219.34,2,2
2017-12-02,10000037,26252,59948.78,59000,60000,10,10
2017-12-02,10000037,26253,100000,100000,100000,2,2
2017-12-02,10000037,26254,20000,20000,20000,3,3
2017-12-02,10000037,26255,96427.57,75000,100000,7,7
2017-12-02,10000037,26256,100000,100000,100000,3,3
2017-12-02,10000037,26257,75000,75000,75000,1,1
2017-12-02,10000037,26259,99983.33,99933.33,100000,4,4
2017-12-02,10000037,26261,100000,100000,100000,4,4
2017-12-02,10000037,26374,64999000.1,64999000.1,64999000.1,2,1
2017-12-02,10000037,26912,1899999.99,1899999.99,1899999.99,2,1
2017-12-02,10000037,26929,299999,299999,299999,1,1
2017-12-02,10000037,27333,700,700,700,50,1
2017-12-02,10000037,27902,100000,100000,100000,4,4
2017-12-02,10000037,27932,100000,100000,100000,2,2
2017-12-02,10000037,28164,4500000,4500000,4500000,2,2
2017-12-02,10000037,28361,2000,2000,2000,86,1
2017-12-02,10000037,28362,70000,70000,70000,57,1
2017-12-02,10000037,28401,52000,52000,52000,366,1
2017-12-02,10000037,28415,7105,7105,7105,143,1
2017-12-02,10000037,28416,7005,7005,7005,241,1
2017-12-02,10000037,28417,6850.03,6850.03,6850.03,179,1
2017-12-02,10000037,28421,5500.01,5500.01,5500.01,420,1
2017-12-02,10000037,28423,6200,6200,6200,50,1
2017-12-02,10000037,28427,1805,1805,1805,185,1
2017-12-02,10000037,28428,2000,2000,2000,202,1
2017-12-02,10000037,28433,240000,240000,240000,5095,11
2017-12-02,10000037,28576,1073107.84,1043995.8,1200000,18,9
2017-12-02,10000037,28578,977168.22,975000,979336.44,6,3
2017-12-02,10000037,28606,733000266.67,600000800,799500000,3,3
2017-12-02,10000037,28615,4000000,4000000,4000000,2,2
2017-12-02,10000037,28661,1500000000,1500000000,1500000000,1,1
2017-12-02,10000037,28668,28999.99,28999.99,28999.99,111,5
2017-12-02,10000037,28758,41222221.98,33444443.99,48999999.97,2,2
2017-12-02,10000037,28999,28440,28440,28440,22,3
2017-12-02,10000037,29001,24000,24000,24000,2,2
2017-12-02,10000037,29009,21833.33,21000.01,21999.99,12,3
2017-12-02,10000037,29011,30000,30000,30000,1,1
2017-12-02,10000037,29029,100000000,100000000,100000000,1,1
2017-12-02,10000037,29248,44000,44000,44000,2,2
2017-12-02,10000037,29637,49833333.33,49500000,50000000,3,3
2017-12-02,10000037,29984,54000000,54000000,54000000,1,1
2017-12-02,10000037,30013,6099.99,5900,7100,401,22
2017-12-02,10000037,30028,82423.03,80000,89995,33,3
2017-12-02,10000037,30486,500000,500000,500000,8,1
2017-12-02,10000037,30488,461730.87,444442.99,469998.98,34,6
2017-12-02,10000037,30540,5000000,5000000,5000000,1,1
2017-12-02,10000037,30546,5000000,5000000,5000000,1,1
2017-12-02,10000037,30550,5000000,5000000,5000000,1,1
2017-12-02,10000037,30553,5000000,5000000,5000000,2,2
2017-12-02,10000037,30652,1500000,1500000,1500000,2,2
2017-12-02,10000037,30744,200000,200000,200000,7329,25
2017-12-02,10000037,30745,500000,500000,500000,6977,24
2017-12-02,10000037,30746,1500000,1500000,1500000,3381,22
2017-12-02,10000037,30747,5000000,5000000,5000000,1905,24
2017-12-02,10000037,30832,1357397.76,1357397.76,1357397.76,1,1
2017-12-02,10000037,30834,1688995,1688995,1688995,1,1
2017-12-02,10000037,30987,470000,470000,470000,1,1
2017-12-02,10000037,31009,799999,799999,799999,3,2
2017-12-02,10000037,31011,3300000,3300000,3300000,1,1
2017-12-02,10000037,31023,3228000,3228000,3228000,1,1
2017-12-02,10000037,31045,1399999.99,1399999.99,1399999.99,1,1
2017-12-02,10000037,31047,3200000,3200000,3200000,3,2
2017-12-02,10000037,31055,2759955.6,2759955.6,2759955.6,3,1
2017-12-02,10000037,31065,3500000,3500000,3500000,1,1
2017-12-02,10000037,31083,827998.64,827998.64,827998.64,3,1
2017-12-02,10000037,31105,237599.83,237599.83,237599.83,1,1
2017-12-02,10000037,31107,1187999.98,1187999.98,1187999.98,1,1
2017-12-02,10000037,31117,221996.46,221996.46,221996.46,1,1
2017-12-02,10000037,31119,1181952.11,1181952.11,1181952.11,3,2
2017-12-02,10000037,31177,346801.67,346801.67,346801.67,1,1
2017-12-02,10000037,31179,1487906.06,1487906.06,1487906.06,1,1
2017-12-02,10000037,31201,202739.95,202739.95,202739.95,7,6
2017-12-02,10000037,31213,330952.29,300000,444444,14,8
2017-12-02,10000037,31214,125000,125000,125000,1,1
2017-12-02,10000037,31238,399000,399000,399000,3,2
2017-12-02,10000037,31310,333600,333600,333600,1,1
2017-12-02,10000037,31358,724997.56,700000,749995.12,2,2
2017-12-02,10000037,31360,4199999.4,4199999.4,4199999.4,7,6
2017-12-02,10000037,31370,261596.26,261596.26,261596.26,1,1
2017-12-02,10000037,31372,1296000,1296000,1296000,7,4
2017-12-02,10000037,31378,19999999,19999999,19999999,2,1
2017-12-02,10000037,31394,484889.88,484889.88,484889.88,1,1
2017-12-02,10000037,31406,1000000,1000000,1000000,3,1
2017-12-02,10000037,31408,2759989.2,2759989.2,2759989.2,5,3
2017-12-02,10000037,31444,439799.35,439799.35,439799.35,1,1
2017-12-02,10000037,31526,1127998.75,1127998.75,1127998.75,1,1
2017-12-02,10000037,31538,1260068.77,1259000,1260603.16,3,3
2017-12-02,10000037,31540,6600000,6600000,6600000,1,1
2017-12-02,10000037,31562,660000,660000,660000,1,1
2017-12-02,10000037,31564,5399997.54,5399997.54,5399997.54,1,1
2017-12-02,10000037,31586,453586.75,453586.75,453586.75,1,1
2017-12-02,10000037,31620,443954.36,443954.36,443954.36,1,1
2017-12-02,10000037,31622,1679954.12,1679954.12,1679954.12,1,1
2017-12-02,10000037,31680,215973.23,215973.23,215973.23,1,1
2017-12-02,10000037,31716,300000,300000,300000,3,1
2017-12-02,10000037,31718,1100000,1100000,1100000,2,2
2017-12-02,10000037,31724,6999999.99,6999999.99,6999999.99,1,1
2017-12-02,10000037,31742,252799.94,230999.97,296399.89,3,2
2017-12-02,10000037,31748,39000000,39000000,39000000,1,1
2017-12-02,10000037,31754,1000000,1000000,1000000,1,1
2017-12-02,10000037,31788,491591.85,491591.85,491591.85,2,1
2017-12-02,10000037,31790,2842283.06,2842000,2843037.89,11,6
2017-12-02,10000037,31796,27899000,27899000,27899000,2,2
2017-12-02,10000037,31802,3049997.98,3049997.98,3049997.98,1,1
2017-12-02,10000037,31812,29898567.32,29898567.32,29898567.32,1,1
2017-12-02,10000037,31874,3663000,3663000,3663000,5,1
2017-12-02,10000037,31880,1812000,1811999.99,1812000,6,2
2017-12-02,10000037,31882,2432000,2432000,2432000,5,1
2017-12-02,10000037,31990,56578.99,56578.99,56578.99,20,1
2017-12-02,10000037,32006,3750,3750,3750,1,1
2017-12-02,10000037,32014,5000,5000,5000,155,2
2017-12-02,10000037,32025,999000,999000,999000,1,1
2017-12-02,10000037,32033,323994,323994,323994,6,1
2017-12-02,10000037,32035,1900000,1900000,1900000,1,1
2017-12-02,10000037,32041,644999.2,495000,719998.8,3,2
2017-12-02,10000037,32083,2760000,2760000,2760000,1,1
2017-12-02,10000037,32339,100000000,100000000,100000000,1,1
2017-12-02,10000037,32772,459000,459000,459000,1,1
2017-12-02,10000037,32787,35307.31,27900,50500,32,11
2017-12-02,10000037,32819,1016999.99,1009999.98,1050000,5,4
2017-12-02,10000037,32872,1247500,1195000,1300000,2,2
2017-12-02,10000037,32874,1600000,1600000,1600000,1,1
2017-12-02,10000037,32876,550000,550000,550000,1,1
2017-12-02,10000037,32880,256387.2,195000,420000,15,15
2017-12-02,10000037,32918,40000,40000,40000,2,2
2017-12-02,10000037,32982,29986000,29986000,29986000,1,1
2017-12-02,10000037,32999,200000,200000,200000,1,1
2017-12-02,10000037,33000,200000,200000,200000,1,1
2017-12-02,10000037,33001,200000,200000,200000,1,1
2017-12-02,10000037,33002,200000,200000,200000,1,1
2017-12-02,10000037,33003,400000,400000,400000,5,1
2017-12-02,10000037,33009,145000,145000,145000,3,1
2017-12-02,10000037,33010,250000,250000,250000,1,1
2017-12-02,10000037,33076,290000,290000,290000,2,2
2017-12-02,10000037,33078,1000000,1000000,1000000,5,5
2017-12-02,10000037,33091,100000,100000,100000,1,1
2017-12-02,10000037,33092,100000,100000,100000,1,1
2017-12-02,10000037,33093,75025,100,100000,4,4
2017-12-02,10000037,33094,100000,100000,100000,1,1
2017-12-02,10000037,33095,1000000,1000000,1000000,1,1
2017-12-02,10000037,33096,1000000,1000000,1000000,2,2
2017-12-02,10000037,33097,1000000,1000000,1000000,4,4
2017-12-02,10000037,33098,1000000,1000000,1000000,1,1
2017-12-02,10000037,33101,395864.36,395864.36,395864.36,3,3
2017-12-02,10000037,33138,1050000.03,150000.09,1500000,9,4
2017-12-02,10000037,33139,2000000,2000000,2000000,1,1
2017-12-02,10000037,33140,24999997.43,21000000,28999994.86,6,5
2017-12-02,10000037,33141,24642856.57,24500000,24999999,7,4
2017-12-02,10000037,33176,128000,128000,128000,2,1
2017-12-02,10000037,33177,600000,600000,600000,3,2
2017-12-02,10000037,33178,158000,158000,158000,1,1
2017-12-02,10000037,33179,600000,600000,600000,3,2
2017-12-02,10000037,33180,242021.96,242000,242109.8,5,5
2017-12-02,10000037,33181,600000,600000,600000,3,2
2017-12-02,10000037,33195,13000,13000,13000,3,1
2017-12-02,10000037,33199,1300000,1300000,1300000,2,2
2017-12-02,10000037,33270,34300,34300,34300,1,1
2017-12-02,10000037,33359,28811.16,28811.16,28811.16,2482,2
2017-12-02,10000037,33360,3500,3500,3500,23,1
2017-12-02,10000037,33361,3500,3500,3500,2,1
2017-12-02,10000037,33468,71999999.99,71999999.99,71999999.99,1,1
2017-12-02,10000037,33474,2107074.54,2104399.35,2122174.63,5,5
2017-12-02,10000037,33475,10480350.46,9975000,10487000.05,14,12
2017-12-02,10000037,33539,1000000,1000000,1000000,18,2
2017-12-02,10000037,33699,100000,100000,100000,11,11
2017-12-02,10000037,33824,1365496.97,1330994.94,1399999,4,3
2017-12-02,10000037,33856,4000000,4000000,4000000,1,1
2017-12-02,10000037,34201,250286.36,250285.72,250287,4,3
2017-12-02,10000037,34203,198801.33,146403.96,225000.02,6,3
2017-12-02,10000037,34204,1117948,835897,1399999,2,2
2017-12-02,10000037,34205,133042.27,90632.95,150010,7,5
2017-12-02,10000037,34206,117396,100010,299999,23,8
2017-12-02,10000037,34207,2801000,2801000,2801000,1,1
2017-12-02,10000037,35656,124601,202,249000,2,2
2017-12-02,10000037,35657,1999999,1999999,1999999,1,1
2017-12-02,10000037,35658,15000,15000,15000,2,2
2017-12-02,10000037,35659,187501.25,75002.51,300000,4,4
2017-12-02,10000037,35660,150000,150000,150000,1,1
2017-12-02,10000037,35661,550000,550000,550000,2,2
2017-12-02,10000037,35685,1000000,1000000,1000000,2,2
2017-12-02,10000037,35886,419000000,419000000,419000000,1,1
2017-12-02,10000037,35891,409999999.99,409999999.99,409999999.99,1,1
2017-12-02,10000037,35922,175000000,175000000,175000000,1,1
2017-12-02,10000037,35959,18000000,18000000,18000000,1,1
2017-12-02,10000037,35962,24000000,24000000,24000000,1,1
2017-12-02,10000037,35965,30000000,30000000,30000000,1,1
2017-12-02,10000037,37135,41000000,41000000,41000000,1,1
2017-12-02,10000037,37544,2200.8,926,7300,5,4
2017-12-02,10000037,37545,506,506,506,1,1
2017-12-02,10000037,37608,1140000,1100000,1300000.02,10,10
2017-12-02,10000037,37610,1221000.04,1200000.07,1357500.04,15,14
2017-12-02,10000037,37611,1200000.02,1200000.01,1200000.09,6,6
2017-12-02,10000037,37846,13000,13000,13000,2000,1
2017-12-02,10000037,40519,315955745.16,315955345,315957345.78,5,2
2017-12-02,10000037,40520,800799997.75,799800000,800799999,8,7
2017-12-02,10000037,40572,100000000,100000000,100000000,1,1
2017-12-02,10000037,40573,100000000,100000000,100000000,1,1
2017-12-02,10000037,41031,11428.57,10000,12500,7,2
2017-12-02,10000037,41032,2100.5,1500,2701,2,2
2017-12-02,10000037,41033,56000.13,56000.13,56000.13,1,1
2017-12-02,10000037,41034,1207142.86,1207142.86,1207142.86,1,1
2017-12-02,10000037,41054,300000,300000,300000,1,1
2017-12-02,10000037,41056,350000,350000,350000,2,2
2017-12-02,10000037,41371,300000000,300000000,300000000,1,1
2017-12-02,10000037,41476,544237.6,544237.6,544237.6,1,1
2017-12-02,10000037,42206,11826155,11826155,11826155,1,1
2017-12-02,10000037,42244,89900000,89900000,89900000,1,1
2017-12-02,10000037,42529,525521.77,525521.77,525521.77,1,1
2017-12-02,10000037,42695,1460.99,1460.99,1460.99,200,1
2017-12-02,10000037,42696,1250,1250,1250,200,1
2017-12-02,10000037,42829,950,950,950,3000,1
2017-12-02,10000037,42830,680.39,680.39,680.39,57100,5
2017-12-02,10000037,43551,6841196.26,6841196.26,6841196.26,2,2
2017-12-02,10000037,43699,72973.69,72250.01,75000,19,3
2017-12-02,10000037,43700,6560399.98,6560399.98,6560399.98,1,1
2017-12-02,10000037,43702,80000,80000,80000,5,5
2017-12-02,10000037,43703,14436000,180000,18000000,5,5
2017-12-02,10000037,44992,3175474,3175001,3175474.1,7490,17
2017-12-02,10000037,45589,2999914.43,2999914.43,2999914.43,1,1
2017-12-02,10000037,45601,2899976.3,2899976.3,2899976.3,1,1
2017-12-02,10000037,45614,3199976.1,3199976.1,3199976.1,1,1
2017-12-02,10000037,45635,166519999.6,166500000,166599997.99,5,4
2017-12-02,10000037,45746,1000000,1000000,1000000,7,7
2017-12-02,10000037,45748,5000000,5000000,5000000,1,1
2017-12-02,10000037,45749,25000000,25000000,25000000,1,1
2017-12-02,10000037,45750,15000000,15000000,15000000,1,1
2017-12-02,10000037,45879,1000000,1000000,1000000,1,1
2017-12-02,10000037,45999,850000.09,850000.09,850000.09,1,1
2017-12-02,10000037,46002,1000000,1000000,1000000,1,1
2017-12-02,10000037,46005,1000000.67,1000000.67,1000000.67,1,1
2017-12-02,10000037,46008,24000,24000,24000,3,2
2017-12-02,10000037,46357,10000000,10000000,10000000,1,1
2017-12-02,10000038,34,3.2,3.2,3.2,33906651,10
2017-12-02,10000038,35,3.5,3.5,3.5,77127,6
2017-12-02,10000038,36,48,48,48,45825,6
2017-12-02,10000038,37,31.99,31.99,31.99,25502,4
2017-12-02,10000038,38,224,224,224,772,4
2017-12-02,10000038,39,750,750,750,282,1
2017-12-02,10000038,40,1800,1800,1800,29396,3
2017-12-02,10000038,211,15,15,15,2000,1
2017-12-02,10000038,215,15,15,15,3000,1
2017-12-02,10000038,222,25,25,25,18000,3
2017-12-02,10000038,229,32.5,32.5,32.5,15000,1
2017-12-02,10000038,241,2000,2000,2000,7,1
2017-12-02,10000038,380,1150000,1150000,1150000,1,1
2017-12-02,10000038,444,130000,130000,130000,2,2
2017-12-02,10000038,448,2600000,1700000,3500000,4,4
2017-12-02,10000038,482,1356825.13,1356825.13,1356825.13,5,3
2017-12-02,10000038,483,35001,35001,35001,10,2
2017-12-02,10000038,499,10000,10000,10000,4,1
2017-12-02,10000038,578,3000,3000,3000,1,1
2017-12-02,10000038,589,350000,350000,350000,10,10
2017-12-02,10000038,591,574999.99,574999.99,574999.99,10,1
2017-12-02,10000038,594,557133.33,500000,671400,3,2
2017-12-02,10000038,596,0.01,0.01,0.01,1,1
2017-12-02,10000038,597,450000,450000,450000,1,1
2017-12-02,10000038,598,1249000,1249000,1249000,2,2
2017-12-02,10000038,601,1,1,1,1,1
2017-12-02,10000038,602,435000,435000,435000,1,1
2017-12-02,10000038,605,1500000,1500000,1500000,1,1
2017-12-02,10000038,608,430500,430500,430500,2,2
2017-12-02,10000038,627,7999999.99,7999999.99,7999999.99,2,1
2017-12-02,10000038,672,35086.73,25000,95607.14,7,7
2017-12-02,10000038,936,2175000,2175000,2175000,1,1
2017-12-02,10000038,944,2875000,2875000,2875000,1,1
2017-12-02,10000038,1158,15000,15000,15000,1,1
2017-12-02,10000038,1177,4000000,4000000,4000000,1,1
2017-12-02,10000038,1183,603000,603000,603000,2,2
2017-12-02,10000038,1195,20000,20000,20000,1,1
2017-12-02,10000038,1214,5000000,5000000,5000000,1,1
2017-12-02,10000038,1224,28,28,28,113139,3
2017-12-02,10000038,1304,12700,12700,12700,2,1
2017-12-02,10000038,1317,150000,150000,150000,1,1
2017-12-02,10000038,1335,849500,698999.99,1000000,2,2
2017-12-02,10000038,1541,1390000,1390000,1390000,2,2
2017-12-02,10000038,1944,3500000,3500000,3500000,1,1
2017-12-02,10000038,1952,1400000,1400000,1400000,1,1
2017-12-02,10000038,2006,11455429.36,11455429.36,11455429.36,1,1
2017-12-02,10000038,2046,10000,10000,10000,1,1
2017-12-02,10000038,2048,1190000.98,1149999.98,1230001.98,2,2
2017-12-02,10000038,2161,474999.98,474999.98,474999.98,10,2
2017-12-02,10000038,2162,2375000,2375000,2375000,1,1
2017-12-02,10000038,2183,57261.24,57261.24,57261.24,4,1
2017-12-02,10000038,2185,1000000,1000000,1000000,5,1
2017-12-02,10000038,2193,214989.98,214989.98,214989.98,100,1
2017-12-02,10000038,2195,3967456,3967456,3967456,5,1
2017-12-02,10000038,2203,5518.96,3202.8,10000,17,3
2017-12-02,10000038,2205,476540.94,445000,509366,85,3
2017-12-02,10000038,2281,2024505.24,1100000,3198021.46,8,5
2017-12-02,10000038,2446,3545180.24,3023085.22,4328322.78,5,2
2017-12-02,10000038,2456,442000,436272.05,450000,122,13
2017-12-02,10000038,2466,650000,500000,675000,35,2
2017-12-02,10000038,2488,465582.78,448500,499999,67,13
2017-12-02,10000038,2605,750420,750420,750420,1,1
2017-12-02,10000038,2613,599.66,599.66,599.66,3000,1
2017-12-02,10000038,2873,999999.99,999999.99,999999.99,3,1
2017-12-02,10000038,2913,3000000,3000000,3000000,3,1
2017-12-02,10000038,3001,446487.23,446487.23,446487.23,8,1
2017-12-02,10000038,3178,729021,729021,729021,4,2
2017-12-02,10000038,3302,20000,20000,20000,1,1
2017-12-02,10000038,3303,20000,20000,20000,1,1
2017-12-02,10000038,3304,100000,100000,100000,1,1
2017-12-02,10000038,3363,20000,20000,20000,2,1
2017-12-02,10000038,3385,50000,50000,50000,1,1
2017-12-02,10000038,3387,150000,150000,150000,1,1
2017-12-02,10000038,3392,20000,20000,20000,1,1
2017-12-02,10000038,3394,60000,60000,60000,1,1
2017-12-02,10000038,3439,200000,200000,200000,1,1
2017-12-02,10000038,3440,220000,220000,220000,2,2
2017-12-02,10000038,4025,245000,117500,500000,3,3
2017-12-02,10000038,4393,111111,111111,111111,2,1
2017-12-02,10000038,4435,690000.74,690000.74,690000.74,1,1
2017-12-02,10000038,4471,400000,400000,400000,1,1
2017-12-02,10000038,5011,494999.93,494999.93,494999.93,1,1
2017-12-02,10000038,5137,50000,50000,50000,1,1
2017-12-02,10000038,5179,1,1,1,1,1
2017-12-02,10000038,5245,6000,6000,6000,2,1
2017-12-02,10000038,5405,70000,70000,70000,1,1
2017-12-02,10000038,5439,500,500,500,1,1
2017-12-02,10000038,5443,450000,450000,450000,2,2
2017-12-02,10000038,5445,500,500,500,2,1
2017-12-02,10000038,5747,25000.99,25000.99,25000.99,1,1
2017-12-02,10000038,5839,1480000,1480000,1480000,1,1
2017-12-02,10000038,5869,1,1,1,1,1
2017-12-02,10000038,5973,300001.66,150002.5,600000,3,3
2017-12-02,10000038,6001,38998,38998,38998,1,1
2017-12-02,10000038,6003,99999.99,99999.99,99999.99,2,2
2017-12-02,10000038,6131,1,1,1,1,1
2017-12-02,10000038,6160,541665.83,449999,999999.99,6,3
2017-12-02,10000038,6485,1,1,1,1,1
2017-12-02,10000038,6635,100,100,100,1,1
2017-12-02,10000038,6675,1,1,1,1,1
2017-12-02,10000038,7535,1490001.14,1490001.14,1490001.14,5,1
2017-12-02,10000038,7583,5996,5996,5996,3,1
2017-12-02,10000038,8748,78999.8,78999.8,78999.8,1,1
2017-12-02,10000038,9632,790001.12,790001.12,790001.12,1,1
2017-12-02,10000038,9950,4900000,4900000,4900000,1,1
2017-12-02,10000038,10190,992699.33,992699.33,992699.33,1,1
2017-12-02,10000038,10998,122244.24,57524.77,640000,36,5
2017-12-02,10000038,11105,258343.96,258343.96,258343.96,4,1
2017-12-02,10000038,11129,60666.67,60666.67,60666.67,1,1
2017-12-02,10000038,11132,600000,600000,600000,2,2
2017-12-02,10000038,11269,975000,975000,975000,1,1
2017-12-02,10000038,11283,1750,1750,1750,4,1
2017-12-02,10000038,11287,5849.99,5849.99,5849.99,5,1
2017-12-02,10000038,11317,980000.61,980000.61,980000.61,4,1
2017-12-02,10000038,11341,4.99,4.99,4.99,1,1
2017-12-02,10000038,11370,2550000,2550000,2550000,1,1
2017-12-02,10000038,11399,6200,6200,6200,5,1
2017-12-02,10000038,11577,5250000,3500000,7000000,2,2
2017-12-02,10000038,11612,249600,249600,249600,1,1
2017-12-02,10000038,12032,29224973.75,28999999,29899898,4,2
2017-12-02,10000038,12096,28000000,28000000,28000000,1,1
2017-12-02,10000038,12180,375000,375000,375000,1,1
2017-12-02,10000038,12181,350000,350000,350000,1,1
2017-12-02,10000038,12182,325000,325000,325000,1,1
2017-12-02,10000038,12557,89999.99,89999.99,89999.99,11,2
2017-12-02,10000038,12563,90000,90000,90000,7,1
2017-12-02,10000038,12565,155000,155000,155000,8,1
2017-12-02,10000038,12612,75,75,75,15999,2
2017-12-02,10000038,12767,383,383,383,800,1
2017-12-02,10000038,12818,198999.98,198999.98,198999.98,3,1
2017-12-02,10000038,13216,25000000,25000000,25000000,1,1
2017-12-02,10000038,15464,5000000,5000000,5000000,1,1
2017-12-02,10000038,15479,6780000,6780000,6780000,2,1
2017-12-02,10000038,16237,8635240,8635240,8635240,1,1
2017-12-02,10000038,16240,1250000,1200000,1300000,2,2
2017-12-02,10000038,16273,680,680,680,2050,6
2017-12-02,10000038,16634,1400,1400,1400,174,1
2017-12-02,10000038,17366,20549.56,20549.56,20549.56,10,1
2017-12-02,10000038,17448,340,340,340,12681,1
2017-12-02,10000038,17449,380,380,380,2319,1
2017-12-02,10000038,17478,25039454.94,25039454.94,25039454.94,2,2
2017-12-02,10000038,17480,18480000,18480000,18480000,1,1
2017-12-02,10000038,17482,2347514.98,2347514.98,2347514.98,2,1
2017-12-02,10000038,17938,159999.99,159999.99,159999.99,1,1
2017-12-02,10000038,17940,500000,500000,500000,2,2
2017-12-02,10000038,19325,42000000,42000000,42000000,1,1
2017-12-02,10000038,20349,1800000,1800000,1800000,4,1
2017-12-02,10000038,20410,63100,63100,63100,4,1
2017-12-02,10000038,21096,4166664.99,3999997.99,4499999,3,3
2017-12-02,10000038,21603,10000000,10000000,10000000,1,1
2017-12-02,10000038,21904,935,935,935,1000,1
2017-12-02,10000038,21922,1000,1000,1000,1500,1
2017-12-02,10000038,22175,150009,150009,150009,2,2
2017-12-02,10000038,22177,100000,100000,100000,1,1
2017-12-02,10000038,22541,9000000,9000000,9000000,1,1
2017-12-02,10000038,22542,50000,50000,50000,5,3
2017-12-02,10000038,22578,80000,80000,80000,1,1
2017-12-02,10000038,22961,650,650,650,5000,1
2017-12-02,10000038,23009,525,525,525,80,1
2017-12-02,10000038,23025,890,890,890,1800,1
2017-12-02,10000038,23071,360000,360000,360000,16,1
2017-12-02,10000038,23566,400000,400000,400000,1,1
2017-12-02,10000038,23707,28571.43,20000,40000,14,3
2017-12-02,10000038,24312,500000000,500000000,500000000,1,1
2017-12-02,10000038,24417,1449999.96,1449999.96,1449999.96,2,1
2017-12-02,10000038,24571,10000000,10000000,10000000,1,1
2017-12-02,10000038,25589,345.01,345.01,345.01,2,1
2017-12-02,10000038,25590,45000.01,45000.01,45000.01,3,1
2017-12-02,10000038,25591,5528.05,5528.05,5528.05,1,1
2017-12-02,10000038,25592,520.24,520.24,520.24,2,2
2017-12-02,10000038,25593,1325.01,1325.01,1325.01,1,1
2017-12-02,10000038,25594,1000.94,1000.94,1000.94,11,2
2017-12-02,10000038,25595,3126.01,3126.01,3126.01,1,1
2017-12-02,10000038,25596,495.01,495.01,495.01,7,1
2017-12-02,10000038,25598,9125,9125,9125,5,1
2017-12-02,10000038,25599,616.01,616.01,616.01,9,1
2017-12-02,10000038,25600,14450.01,14450.01,14450.01,8,2
2017-12-02,10000038,25601,1615.01,1615.01,1615.01,3,1
2017-12-02,10000038,25603,416.01,416.01,416.01,3,2
2017-12-02,10000038,25605,8626.01,8626.01,8626.01,4,2
2017-12-02,10000038,26929,649999,649999,649999,3,1
2017-12-02,10000038,27143,5000000,5000000,5000000,1,1
2017-12-02,10000038,28576,1000000,1000000,1000000,7,3
2017-12-02,10000038,28668,28999,28999,28999,78,2
2017-12-02,10000038,29005,8400,8400,8400,5,1
2017-12-02,10000038,29009,10000,10000,10000,1,1
2017-12-02,10000038,30028,134999.98,134999.98,134999.98,8,1
2017-12-02,10000038,30488,537286.5,537286.5,537286.5,8,1
2017-12-02,10000038,31045,1145827.13,1143740.71,1146870.34,3,2
2017-12-02,10000038,31213,134999.86,134999.86,134999.86,2,1
2017-12-02,10000038,31370,670000,640000,685000,3,3
2017-12-02,10000038,31442,1,1,1,2,2
2017-12-02,10000038,31716,53899.99,53899.99,53899.99,3,1
2017-12-02,10000038,31752,120000,120000,120000,10,1
2017-12-02,10000038,31794,7350000,7350000,7350000,3,1
2017-12-02,10000038,32006,134959.59,134899,134999.99,60,4
2017-12-02,10000038,32014,369999.6,328000,429999.02,17,2
2017-12-02,10000038,32787,75000,75000,75000,6,3
2017-12-02,10000038,32875,9023825,9023825,9023825,1,1
2017-12-02,10000038,32880,339285.71,325000,375000,7,7
2017-12-02,10000038,33000,200000,200000,200000,1,1
2017-12-02,10000038,33009,725000,725000,725000,1,1
2017-12-02,10000038,33180,324999.91,324999.91,324999.91,1,1
2017-12-02,10000038,33332,44999.03,44999.03,44999.03,65,3
2017-12-02,10000038,33475,9999999,9999999,9999999,1,1
2017-12-02,10000038,33894,3290000,3290000,3290000,3,1
2017-12-02,10000038,35659,400000,400000,400000,5,1
2017-12-02,10000038,37479,450000,450000,450000,10,2
2017-12-02,10000038,41057,5989989,5989989,5989989,1,1
2017-12-02,10000038,41155,12000,12000,12000,1,1
2017-12-02,10000038,41490,1189332.87,1185000,1249999,15,3
2017-12-02,10000038,42244,85000000,85000000,85000000,1,1
2017-12-02,10000038,44067,250000000,250000000,250000000,1,1
2017-12-02,10000038,44992,3100000.28,3100000.28,3100000.28,870,3
2017-12-02,10000038,45635,174800000.01,174800000.01,174800000.01,2,1
2017-12-02,10000038,45746,1000000,1000000,1000000,1,1
2017-12-02,10000038,46008,5600000,5600000,5600000,1,1
2017-12-02,10000038,46676,3200,3200,3200,1776,5
2017-12-02,10000038,46678,3600,3600,3600,624,2
2017-12-02,10000039,18,15.01,15.01,15.01,26,1
2017-12-02,10000039,34,4.42,4.42,4.75,496590932,17
2017-12-02,10000039,35,2.8,2.8,2.8,1402319,6
2017-12-02,10000039,36,63.51,63.51,63.51,8758636,5
2017-12-02,10000039,37,28.48,28.48,28.48,25652761,14
2017-12-02,10000039,38,317.58,317.58,317.58,272568,7
2017-12-02,10000039,39,1045,1045,1045,140634,5
2017-12-02,10000039,40,1299,1299,1299,74904,9
2017-12-02,10000039,186,50,50,50,500,1
2017-12-02,10000039,187,50,50,50,500,1
2017-12-02,10000039,190,45.99,45.99,45.99,500,1
2017-12-02,10000039,191,24.38,24.38,24.38,500,1
2017-12-02,10000039,192,81.8,81.8,81.8,500,1
2017-12-02,10000039,193,81.29,81.29,81.29,4100,4
2017-12-02,10000039,202,349.9,349.9,349.9,2020,2
2017-12-02,10000039,207,196.96,196.96,196.96,24210,2
2017-12-02,10000039,210,48.47,48.47,48.47,200,1
2017-12-02,10000039,211,30,30,30,200,1
2017-12-02,10000039,212,51.95,51.95,51.95,500,3
2017-12-02,10000039,213,49.98,49.98,49.98,1020,5
2017-12-02,10000039,222,36.92,36.92,36.92,500,1
2017-12-02,10000039,223,125,125,125,500,1
2017-12-02,10000039,230,83.69,83.69,83.69,500,1
2017-12-02,10000039,254,72999,72999,72999,5,1
2017-12-02,10000039,255,2,2,2,12,1
2017-12-02,10000039,256,1.02,1.02,1.02,9,1
2017-12-02,10000039,257,26000.61,1.02,64999.99,20,3
2017-12-02,10000039,258,1.03,1.03,1.03,11,1
2017-12-02,10000039,259,1.2,1.2,1.2,9,2
2017-12-02,10000039,260,2,2,2,13,2
2017-12-02,10000039,261,100,100,100,9,1
2017-12-02,10000039,262,170998.97,170998.97,170998.97,8,1
2017-12-02,10000039,377,49999.99,49999.99,49999.99,4,4
2017-12-02,10000039,380,1151454.85,990989.93,1189966.93,31,14
2017-12-02,10000039,394,348999.99,348999.99,348999.99,3,2
2017-12-02,10000039,400,338999.92,338999.91,338999.92,2,2
2017-12-02,10000039,434,368998.18,368998.18,368998.18,4,4
2017-12-02,10000039,438,2949944.86,2949944.86,2949944.86,4,4
2017-12-02,10000039,440,4990000,4990000,4990000,1,1
2017-12-02,10000039,442,10000,10000,10000,1,1
2017-12-02,10000039,448,1993939.39,1800000,2000000,33,21
2017-12-02,10000039,482,1393645.96,1393645.96,1393645.96,4,2
2017-12-02,10000039,499,100000,100000,100000,7,2
2017-12-02,10000039,519,1408478.9,600189.29,1446968.97,44,22
2017-12-02,10000039,527,1141578.54,90010.21,1199999,19,9
2017-12-02,10000039,530,37500,37500,37500,2,1
2017-12-02,10000039,564,311000,311000,311000,3,1
2017-12-02,10000039,578,758889.99,388999.97,799988.88,10,2
2017-12-02,10000039,580,99999.99,99999.99,99999.99,3,1
2017-12-02,10000039,583,667492.49,489989.99,1200000,4,4
2017-12-02,10000039,584,649999,649999,649999,1,1
2017-12-02,10000039,585,486499.46,472998.92,500000,2,2
2017-12-02,10000039,590,400000,400000,400000,1,1
2017-12-02,10000039,593,548935.89,525000,564889.8,5,4
2017-12-02,10000039,602,488989.93,488989.93,488989.93,6,2
2017-12-02,10000039,603,472996.97,472996.97,472996.97,1,1
2017-12-02,10000039,607,486672.27,480008.41,499999.99,3,3
2017-12-02,10000039,608,549999.95,549999.95,549999.95,2,2
2017-12-02,10000039,609,697399.8,697399.8,697399.8,2,2
2017-12-02,10000039,620,7999990.99,7999990.99,7999990.99,1,1
2017-12-02,10000039,621,7900000,7900000,7900000,5,5
2017-12-02,10000039,622,9999999.99,9999999.99,9999999.99,1,1
2017-12-02,10000039,624,11999996.14,11999996.14,11999996.14,1,1
2017-12-02,10000039,627,10999999.99,10999999.99,10999999.99,2,2
2017-12-02,10000039,629,7277775.99,6499999,7999996.98,9,7
2017-12-02,10000039,631,5933326,5000000,6399989,3,3
2017-12-02,10000039,632,9499996.98,9499996.98,9499996.98,6,6
2017-12-02,10000039,638,162000000,162000000,162000000,1,1
2017-12-02,10000039,640,160000000,160000000,160000000,1,1
2017-12-02,10000039,641,158000000,158000000,158000000,1,1
2017-12-02,10000039,642,149600000,149600000,149600000,1,1
2017-12-02,10000039,645,179000000,179000000,179000000,2,2
2017-12-02,10000039,648,1899995.49,1899995.49,1899995.49,8,1
2017-12-02,10000039,649,1989990.44,1989990.44,1989990.44,1,1
2017-12-02,10000039,650,1500000,1500000,1500000,9,9
2017-12-02,10000039,653,1899985.79,1899985.79,1899985.79,1,1
2017-12-02,10000039,655,1677000,1675000,1680000,5,5
2017-12-02,10000039,656,1833845.12,1833845.12,1833845.12,3,3
2017-12-02,10000039,657,1987009.99,1975050,1989999.99,5,5
2017-12-02,10000039,1182,719944.99,719944.99,719944.99,12,12
2017-12-02,10000039,1183,892999.17,892999.17,892999.17,4,4
2017-12-02,10000039,1236,699999.95,699999.94,699999.95,5,5
2017-12-02,10000039,1248,687499.96,50000,899999.95,4,3
2017-12-02,10000039,1306,458000,458000,458000,1,1
2017-12-02,10000039,1317,96623.76,96623.76,96623.76,16,3
2017-12-02,10000039,1319,595411.8,61001,699999.91,51,19
2017-12-02,10000039,1335,414628.23,400017,420000,93,14
2017-12-02,10000039,1355,799998.16,799988.94,799998.95,14,12
2017-12-02,10000039,1403,130999.95,130999.95,130999.95,54,9
2017-12-02,10000039,1405,608267.54,600001,614993.75,81,37
2017-12-02,10000039,1422,999999.92,999999.92,999999.92,15,7
2017-12-02,10000039,1447,786827,110007.12,817989.97,12,9
2017-12-02,10000039,1541,1182381.1,100479.01,1249999.98,34,19
2017-12-02,10000039,1875,99999.89,99999.89,99999.89,5,1
2017-12-02,10000039,1877,1650000,1649999.99,1650000,59,15
2017-12-02,10000039,1944,1499999.99,1499999.99,1499999.99,6,4
2017-12-02,10000039,1952,1505556.96,750017.5,1599999.39,18,10
2017-12-02,10000039,1957,199998.95,199998.95,199998.95,4,1
2017-12-02,10000039,1978,1637333.14,78999.11,1948999.95,6,6
2017-12-02,10000039,1987,1175718.73,1149989.99,1180006.85,7,5
2017-12-02,10000039,1999,1164898.88,501000.16,1198944.97,41,23
2017-12-02,10000039,2006,9999999.98,9999999.98,9999999.98,1,1
2017-12-02,10000039,2024,1289976.58,1289969.9,1289979.92,3,3
2017-12-02,10000039,2032,471964.26,87867.14,548972.81,12,10
2017-12-02,10000039,2038,1249999.81,1249999.81,1249999.81,2,2
2017-12-02,10000039,2046,12000,12000,12000,6,6
2017-12-02,10000039,2048,564891.35,564891.33,564891.36,111,93
2017-12-02,10000039,2109,1190000,1190000,1190000,1,1
2017-12-02,10000039,2175,1364239.8,1334998.72,1500002,79,15
2017-12-02,10000039,2183,34166.67,10000,55000,30,6
2017-12-02,10000039,2185,1330705.23,1329046.27,1339000,12,4
2017-12-02,10000039,2193,112857.14,25000,148000,14,3
2017-12-02,10000039,2195,2479999.84,2479999.84,2479999.97,332,45
2017-12-02,10000039,2203,8369.28,8369.28,8369.28,116,6
2017-12-02,10000039,2205,524931.82,524931.82,524931.82,173,29
2017-12-02,10000039,2254,899997.37,899997.37,899997.37,4,3
2017-12-02,10000039,2281,3066778.9,2197509.45,3089000,95,66
2017-12-02,10000039,2295,75000,75000,75000,1,1
2017-12-02,10000039,2301,2687999.99,2687999.99,2688000,20,17
2017-12-02,10000039,2303,2497916.8,2497909.23,2497919.24,12,8
2017-12-02,10000039,2319,13999,13999,13999,1,1
2017-12-02,10000039,2333,1499849.45,1499849.45,1499849.45,6,5
2017-12-02,10000039,2351,120000,120000,120000,9,1
2017-12-02,10000039,2352,118999,118999,118999,3,2
2017-12-02,10000039,2364,1099911.29,1099909.41,1099919.44,16,4
2017-12-02,10000039,2389,450.5,450.5,450.5,4220,1
2017-12-02,10000039,2393,359,359,359,32000,1
2017-12-02,10000039,2396,300,300,300,22000,1
2017-12-02,10000039,2404,1599999.92,1599999.9,1600000,18,5
2017-12-02,10000039,2406,1799999.99,1799999.99,1799999.99,1,1
2017-12-02,10000039,2410,1581781.18,1199918.6,1900000,11,2
2017-12-02,10000039,2436,1799999.98,1799999.98,1799999.98,10,2
2017-12-02,10000039,2444,200000,200000,200000,3,1
2017-12-02,10000039,2446,2165612.45,1774162.32,2249999.95,56,14
2017-12-02,10000039,2456,448581.31,100000,474988.98,71,13
2017-12-02,10000039,2464,4999.98,4999.98,4999.98,15,2
2017-12-02,10000039,2478,2449999.95,2449999.95,2449999.95,10,2
2017-12-02,10000039,2486,11500.02,11500.02,11500.02,216,9
2017-12-02,10000039,2488,464948.96,464948.96,464948.96,197,33
2017-12-02,10000039,2495,999999.99,999999.99,999999.99,1,1
2017-12-02,10000039,2505,999999.99,999999.99,999999.99,1,1
2017-12-02,10000039,2510,1200,1200,1200,1000,1
2017-12-02,10000039,2524,989998.25,989998,989999,4,3
2017-12-02,10000039,2533,500000,500000,500000,1,1
2017-12-02,10000039,2539,1648898.85,1648898.84,1648898.85,5,4
2017-12-02,10000039,2549,1300000,1299999.99,1300000,4,4
2017-12-02,10000039,2550,1499998.63,1499998.63,1499998.63,62,1
2017-12-02,10000039,2551,1499998.95,1499998.95,1499998.95,1,1
2017-12-02,10000039,2553,1451022.17,325000.01,1499979.65,24,23
2017-12-02,10000039,2559,1800016.9,1800016.9,1800016.9,4,4
2017-12-02,10000039,2563,2200000,2200000,2200000,3,3
2017-12-02,10000039,2567,2935731.25,2900017,3000016.9,14,4
2017-12-02,10000039,2571,2300000,2300000,2300000,3,3
2017-12-02,10000039,2575,2100017,2100017,2100017,3,3
2017-12-02,10000039,2605,393508.53,190200,399854.19,33,23
2017-12-02,10000039,2613,241.13,241.13,241.13,25981,7
2017-12-02,10000039,2621,1029.96,1029.96,1029.96,18716,3
2017-12-02,10000039,2629,487.99,487.99,487.99,3265,4
2017-12-02,10000039,2679,196.58,196.58,196.58,9100,2
2017-12-02,10000039,2811,2000.37,2000.37,2000.37,3400,4
2017-12-02,10000039,2870,1285999.99,1285999.99,1285999.99,27,2
2017-12-02,10000039,2873,798998.85,798998.84,798998.85,18,5
2017-12-02,10000039,2876,2789998.5,2789998.5,2789998.5,15,2
2017-12-02,10000039,2881,898979.94,898979.94,898979.95,11,3
2017-12-02,10000039,2889,738999.99,738999.98,738999.99,16,4
2017-12-02,10000039,2897,1962476.7,1949968.93,1999999.99,16,2
2017-12-02,10000039,2905,928174.1,928174.1,928174.1,3,1
2017-12-02,10000039,2969,2248069.26,2199999.98,2296997,57,12
2017-12-02,10000039,3025,1499999.99,1499999.99,1499999.99,3,1
2017-12-02,10000039,3033,1250000,1250000,1250000,4,2
2017-12-02,10000039,3041,945899.99,945899.99,945899.99,2,1
2017-12-02,10000039,3057,5199998.6,5199998.6,5199998.6,12,2
2017-12-02,10000039,3065,5453977.85,5400000,5489963.09,20,2
2017-12-02,10000039,3074,988520.63,988520.63,988520.63,12,3
2017-12-02,10000039,3082,2462856.09,1999999,2539998.94,21,3
2017-12-02,10000039,3090,5600000,5600000,5600000,8,1
2017-12-02,10000039,3130,1940000,1900000,1979999.99,10,2
2017-12-02,10000039,3146,1999999.99,1999999.99,1999999.99,4,1
2017-12-02,10000039,3184,2099999.95,2099999.95,2099999.95,1,1
2017-12-02,10000039,3244,1916902.38,800192.97,1978941.65,38,24
2017-12-02,10000039,3256,9248999.38,8497999.83,9999998.93,4,4
2017-12-02,10000039,3265,8999995.95,8999995.94,8999995.95,6,6
2017-12-02,10000039,3296,149997.55,149997.55,149997.55,1,1
2017-12-02,10000039,3297,121420.95,115341.9,127500,2,2
2017-12-02,10000039,3304,699999.99,699999.99,699999.99,2,2
2017-12-02,10000039,3305,699999.99,699999.99,699999.99,1,1
2017-12-02,10000039,3309,5000000,5000000,5000000,1,1
2017-12-02,10000039,3321,499999.99,499999.99,499999.99,2,2
2017-12-02,10000039,3323,500000,500000,500000,1,1
2017-12-02,10000039,3329,429999.86,429999.86,429999.86,3,3
2017-12-02,10000039,3330,100000,100000,100000,3,3
2017-12-02,10000039,3333,599999.98,599999.98,599999.98,1,1
2017-12-02,10000039,3334,599999.95,599999.95,599999.95,2,2
2017-12-02,10000039,3335,599999.97,599999.97,599999.97,1,1
2017-12-02,10000039,3340,899999.97,899999.97,899999.97,2,2
2017-12-02,10000039,3342,800000,800000,800000,1,1
2017-12-02,10000039,3348,3000000,3000000,3000000,1,1
2017-12-02,10000039,3349,799999.99,799999.99,799999.99,1,1
2017-12-02,10000039,3350,3000000,3000000,3000000,1,1
2017-12-02,10000039,3351,3000000,3000000,3000000,1,1
2017-12-02,10000039,3388,2000000,2000000,2000000,3,1
2017-12-02,10000039,3402,20000,20000,20000,1,1
2017-12-02,10000039,3405,499999.82,499999.82,499999.82,1,1
2017-12-02,10000039,3410,999999.99,999999.99,999999.99,3,3
2017-12-02,10000039,3411,250000,250000,250000,1,1
2017-12-02,10000039,3413,50000,50000,50000,1,1
2017-12-02,10000039,3416,394999.93,394999.93,394999.93,1,1
2017-12-02,10000039,3423,499999.99,499999.99,499999.99,3,3
2017-12-02,10000039,3429,699999.98,699999.98,699999.98,1,1
2017-12-02,10000039,3431,599999.95,599999.95,599999.95,2,2
2017-12-02,10000039,3433,599999.99,599999.99,599999.99,1,1
2017-12-02,10000039,3435,150000,150000,150000,1,1
2017-12-02,10000039,3440,299999.98,299999.98,299999.98,1,1
2017-12-02,10000039,3441,475000,475000,475000,2,2
2017-12-02,10000039,3451,1500000,1500000,1500000,2,2
2017-12-02,10000039,3453,499999.93,499999.93,499999.93,2,2
2017-12-02,10000039,3466,599989.48,599989.48,599989.48,3,2
2017-12-02,10000039,3467,19999.5,19999.5,19999.5,1,1
2017-12-02,10000039,3496,1799659.85,1799659.85,1799659.85,1,1
2017-12-02,10000039,3504,3639957.98,3599919.97,4199999.99,5,4
2017-12-02,10000039,3512,1999979.92,1999979.92,1999979.92,5,1
2017-12-02,10000039,3520,3500000,3500000,3500000,1,1
2017-12-02,10000039,3530,1474514.71,69999.7,1499989.96,21,20
2017-12-02,10000039,3540,2300017.02,2300017.02,2300017.02,1,1
2017-12-02,10000039,3542,420000000,419999999.99,420000000,2,2
2017-12-02,10000039,3551,99995.38,99995.38,99995.38,1,1
2017-12-02,10000039,3568,851924.53,851924.53,851924.53,8,8
2017-12-02,10000039,3575,219999999.58,219999999.57,219999999.59,2,2
2017-12-02,10000039,3578,2439241.91,1000150.13,2799014.85,5,5
2017-12-02,10000039,3598,699994.66,699987.99,699998,3,2
2017-12-02,10000039,3608,1799999.99,1799999.99,1799999.99,2,1
2017-12-02,10000039,3616,36499999.92,36499999.9,36499999.95,6,4
2017-12-02,10000039,3645,492.64,492.64,492.64,240,1
2017-12-02,10000039,3687,750,750,750,2000,1
2017-12-02,10000039,3689,10000,10000,10000,6775,1
2017-12-02,10000039,3756,50000000,50000000,50000000,1,1
2017-12-02,10000039,3766,499888.58,499888.58,499888.58,1,1
2017-12-02,10000039,3810,420000,420000,420000,1,1
2017-12-02,10000039,3828,10000,10000,10000,43,1
2017-12-02,10000039,3829,199145.25,199145.25,199145.25,6,1
2017-12-02,10000039,3831,839961.44,839961.44,839961.44,24,19
2017-12-02,10000039,3841,1315131.98,1249999.81,1349999.82,76,42
2017-12-02,10000039,3888,1336354.94,1227200,1349999.3,9,9
2017-12-02,10000039,3939,3200000,3200000,3200000,1,1
2017-12-02,10000039,3943,3200000,3200000,3200000,1,1
2017-12-02,10000039,3949,3200000,3200000,3200000,1,1
2017-12-02,10000039,3955,2299998,2299998,2299998,1,1
2017-12-02,10000039,4025,85382.18,750,170014.35,6,4
2017-12-02,10000039,4027,105311.48,6500,130014.35,15,7
2017-12-02,10000039,4051,21000,21000,21000,3000,2
2017-12-02,10000039,4246,21500,21500,21500,12000,2
2017-12-02,10000039,4247,19999.99,19999.99,19999.99,71779,6
2017-12-02,10000039,4250,3366933.13,3195999.79,5760000,15,5
2017-12-02,10000039,4254,875794.28,154770.65,999999,6,6
2017-12-02,10000039,4258,1750000,1750000,1750000,2,2
2017-12-02,10000039,4260,1999499.33,1999000,1999998.66,2,2
2017-12-02,10000039,4292,85999999.99,85000000,86999999.98,2,2
2017-12-02,10000039,4294,107999993.26,107999993.26,107999993.26,1,1
2017-12-02,10000039,4306,79974999.99,79974999.99,79974999.99,1,1
2017-12-02,10000039,4347,1207199995.92,1207199995.92,1207199995.92,1,1
2017-12-02,10000039,4349,354519999.41,354519999.41,354519999.41,2,2
2017-12-02,10000039,4383,1458961.42,13390.23,1699889.95,7,7
2017-12-02,10000039,4391,243579.96,243579.96,243579.96,1,1
2017-12-02,10000039,4395,4499999,4499999,4499999,20,1
2017-12-02,10000039,4397,4275000,4275000,4275000,2,2
2017-12-02,10000039,4399,10999999.83,10999999.83,10999999.83,4,4
2017-12-02,10000039,4403,609103.21,100000,800016.91,11,10
2017-12-02,10000039,4405,1649999.98,1499999.94,1649999.99,114,38
2017-12-02,10000039,4435,47222.78,10,50000,18,5
2017-12-02,10000039,4471,200000,200000,200000,2,1
2017-12-02,10000039,4477,73387.5,5499.01,96016.99,4,4
2017-12-02,10000039,4573,425004.42,425004.42,425004.42,2,2
2017-12-02,10000039,4609,10,10,10,6,1
2017-12-02,10000039,4611,10000,10000,10000,1,1
2017-12-02,10000039,4613,100,100,100,7,1
2017-12-02,10000039,4615,1,1,1,8,1
2017-12-02,10000039,4833,348999.99,348999.98,348999.99,6,2
2017-12-02,10000039,4871,99900,99900,99900,15,15
2017-12-02,10000039,5051,2500,2500,2500,1,1
2017-12-02,10000039,5137,140002.62,140002.62,140002.62,10,6
2017-12-02,10000039,5141,144999.99,144999.99,144999.99,1,1
2017-12-02,10000039,5239,1,1,1,2,1
2017-12-02,10000039,5282,100017.1,100017.1,100017.1,1,1
2017-12-02,10000039,5299,200000,200000,200000,4,2
2017-12-02,10000039,5399,1000.01,1000.01,1000.01,5,2
2017-12-02,10000039,5403,50389.04,50389.04,50389.04,1,1
2017-12-02,10000039,5405,88199.17,1000,109998.95,10,9
2017-12-02,10000039,5439,41333.33,2000.01,119999.98,12,7
2017-12-02,10000039,5443,160000,160000,160000,4,3
2017-12-02,10000039,5445,26799.03,26799.03,26799.03,1,1
2017-12-02,10000039,5649,1000,1000,1000,1,1
2017-12-02,10000039,5683,1000,1000,1000,2,1
2017-12-02,10000039,5697,1000,1000,1000,3,1
2017-12-02,10000039,5721,1000,1000,1000,1,1
2017-12-02,10000039,5723,1000,1000,1000,1,1
2017-12-02,10000039,5757,50000.01,50000.01,50000.01,6,3
2017-12-02,10000039,5759,1000,1000,1000,8,1
2017-12-02,10000039,5839,1080001.36,999999,1300000,15,10
2017-12-02,10000039,5849,10000,10000,10000,2,1
2017-12-02,10000039,5933,299999.69,299999.69,299999.69,2,1
2017-12-02,10000039,5945,262361.82,254000,299989.99,11,5
2017-12-02,10000039,5955,226249.44,80000,349998.95,24,17
2017-12-02,10000039,5971,39029.41,24000,40000,34,15
2017-12-02,10000039,5973,433666.67,250000,440000,30,27
2017-12-02,10000039,5975,85078.95,19000,100000,38,21
2017-12-02,10000039,6001,21158.52,300,42017.03,2,2
2017-12-02,10000039,6003,3772.48,30,14999.9,4,3
2017-12-02,10000039,6005,16899.1,12800,18017.03,14,8
2017-12-02,10000039,6073,190000,190000,190000,1,1
2017-12-02,10000039,6131,9997.96,9997.96,9997.96,1,1
2017-12-02,10000039,6159,90000,90000,90000,3,3
2017-12-02,10000039,6160,155000,155000,155000,1,1
2017-12-02,10000039,6173,89000,89000,89000,1,1
2017-12-02,10000039,6527,1000,1000,1000,8,1
2017-12-02,10000039,6569,100000,100000,100000,2,2
2017-12-02,10000039,6719,1000,1000,1000,5,1
2017-12-02,10000039,6919,1000,1000,1000,1,1
2017-12-02,10000039,6921,1000,1000,1000,2,2
2017-12-02,10000039,6925,1000,1000,1000,1,1
2017-12-02,10000039,6961,1,1,1,2,1
2017-12-02,10000039,6963,200000,200000,200000,1,1
2017-12-02,10000039,7001,10000,10000,10000,4,1
2017-12-02,10000039,7003,12,12,12,2,1
2017-12-02,10000039,7005,10,10,10,2,1
2017-12-02,10000039,7043,5000,5000,5000,1,1
2017-12-02,10000039,7045,50000,50000,50000,2,1
2017-12-02,10000039,7047,80000,80000,80000,2,1
2017-12-02,10000039,7085,100000,100000,100000,3,2
2017-12-02,10000039,7087,100000,100000,100000,2,1
2017-12-02,10000039,7123,50000,50000,50000,2,1
2017-12-02,10000039,7125,125000,125000,125000,3,1
2017-12-02,10000039,7127,298989.99,298989.99,298989.99,8,1
2017-12-02,10000039,7131,176000,176000,176000,1,1
2017-12-02,10000039,7167,200000,200000,200000,7,1
2017-12-02,10000039,7169,115876,115876,115876,6,2
2017-12-02,10000039,7173,200000,200000,200000,3,2
2017-12-02,10000039,8027,1799999.99,1799999.99,1800000,23,6
2017-12-02,10000039,8089,650000,650000,650000,51,5
2017-12-02,10000039,8091,110000,110000,110000,2,1
2017-12-02,10000039,8117,592788.99,592788.99,592788.99,9,4
2017-12-02,10000039,8133,99999.98,99999.98,99999.98,1,1
2017-12-02,10000039,8175,100,100,100,2,2
2017-12-02,10000039,8177,35000,35000,35000,14,6
2017-12-02,10000039,8225,129999.97,129999.97,129999.97,1,1
2017-12-02,10000039,8263,46969.36,10,49999,33,3
2017-12-02,10000039,8433,540000,540000,540000,12,6
2017-12-02,10000039,8517,4249989.7,4249989.69,4249989.7,27,8
2017-12-02,10000039,8521,550000,550000,550000,5,3
2017-12-02,10000039,8529,158306.82,157999,159999.81,13,7
2017-12-02,10000039,8579,45014.4,45014.4,45014.4,15,5
2017-12-02,10000039,8583,146000,146000,146000,3,1
2017-12-02,10000039,9135,1199999.95,1199999.95,1199999.95,4,1
2017-12-02,10000039,9207,848929.96,848929.96,848929.96,5,2
2017-12-02,10000039,9451,2499990,2499990,2499990,4,1
2017-12-02,10000039,9491,4800000,4800000,4800000,8,1
2017-12-02,10000039,9580,200000,200000,200000,7,4
2017-12-02,10000039,9632,149750,149000,150000,8,5
2017-12-02,10000039,9660,149999.99,149999.99,149999.99,1,1
2017-12-02,10000039,9668,128000,128000,128000,8,2
2017-12-02,10000039,9678,225999.94,127000.08,279999.87,17,4
2017-12-02,10000039,9734,100000,100000,100000,1,1
2017-12-02,10000039,9744,200017,200017,200017,4,3
2017-12-02,10000039,9772,161238,160000,172999,21,5
2017-12-02,10000039,9800,1000,1000,1000,2,1
2017-12-02,10000039,9808,158695.65,135000,199999.98,23,4
2017-12-02,10000039,9826,50,50,50,49,10
2017-12-02,10000039,9834,99750,99750,99750,9,1
2017-12-02,10000039,9836,12000,12000,12000,8632,1
2017-12-02,10000039,9840,6000,6000,6000,7,1
2017-12-02,10000039,9842,10000,10000,10000,4,1
2017-12-02,10000039,9848,85000,85000,85000,2066,5
2017-12-02,10000039,9850,50000,50000,50000,1,1
2017-12-02,10000039,9899,11056808.55,11056808.55,11056808.55,4,4
2017-12-02,10000039,9941,12899990.43,12899990.43,12899990.43,1,1
2017-12-02,10000039,9942,11199996.44,11199996.44,11199996.44,3,3
2017-12-02,10000039,9943,12999964.29,12999964.29,12999964.29,1,1
2017-12-02,10000039,9944,64999.51,64999.51,64999.51,2,1
2017-12-02,10000039,9950,4400000,4399999.98,4400000,4,3
2017-12-02,10000039,9956,12899960.37,12899960.37,12899960.37,2,2
2017-12-02,10000039,10156,35149496.07,35149496.04,35149496.21,5,4
2017-12-02,10000039,10190,1499999.98,1499999.97,1499999.99,7,4
2017-12-02,10000039,10208,23499982.23,23499982.21,23499982.24,4,4
2017-12-02,10000039,10212,24694495.03,24694494.72,24694495.19,3,3
2017-12-02,10000039,10213,149846152.96,149846152.96,149846152.96,1,1
2017-12-02,10000039,10216,24489991.35,24489991.02,24489991.56,5,5
2017-12-02,10000039,10217,139999897.76,139999897.76,139999897.76,1,1
2017-12-02,10000039,10221,23498955.41,23498955.35,23498955.44,3,3
2017-12-02,10000039,10225,23999999.99,23999999.99,23999999.99,3,3
2017-12-02,10000039,10246,20000,20000,20000,25,2
2017-12-02,10000039,10250,1599999.71,1599999.7,1599999.74,55,7
2017-12-02,10000039,10629,144999.5,144999.5,144999.5,1,1
2017-12-02,10000039,10631,649951.12,649949.87,649959.88,8,4
2017-12-02,10000039,10850,750017,750017,750017,4,4
2017-12-02,10000039,10858,1679713.05,1679713.05,1679713.05,1,1
2017-12-02,10000039,10998,180030.65,180030.65,180030.65,27,10
2017-12-02,10000039,11129,99998,99998,99998,1,1
2017-12-02,10000039,11132,26071.43,26071.43,26071.43,1,1
2017-12-02,10000039,11172,40989900,40989900,40989900,2,2
2017-12-02,10000039,11178,42857057.08,41999999.99,42999899.91,7,4
2017-12-02,10000039,11182,34996999.83,34996999.83,34996999.83,1,1
2017-12-02,10000039,11184,35999993.93,35999988,35999999.86,2,2
2017-12-02,10000039,11186,38475998.57,38475998.55,38475998.58,3,3
2017-12-02,10000039,11192,33331333.27,20000000,39996999.91,3,3
2017-12-02,10000039,11196,35999444,32000000,39998887.99,2,2
2017-12-02,10000039,11198,37999649.95,37998969.93,37999989.97,3,3
2017-12-02,10000039,11202,39768434.93,36750000,42786869.85,2,2
2017-12-02,10000039,11219,1200000,1200000,1200000,1,1
2017-12-02,10000039,11269,964031,102894,1100000,22,13
2017-12-02,10000039,11287,14989.51,14989.51,14989.51,100,1
2017-12-02,10000039,11289,7999.48,7999.48,7999.48,111,2
2017-12-02,10000039,11309,498998.24,498998.24,498998.24,1,1
2017-12-02,10000039,11317,156000,156000,156000,7,3
2017-12-02,10000039,11319,190000,190000,190000,9,3
2017-12-02,10000039,11325,457400.42,355000.06,525000.99,15,7
2017-12-02,10000039,11327,284000,284000,284000,10,2
2017-12-02,10000039,11341,10,10,10,4,1
2017-12-02,10000039,11343,1.25,1.25,1.25,2,2
2017-12-02,10000039,11349,2200,2200,2200,2,1
2017-12-02,10000039,11351,500,500,500,1,1
2017-12-02,10000039,11370,1932974.13,1899999.98,2559482.95,20,17
2017-12-02,10000039,11381,35900000,35900000,35900000,1,1
2017-12-02,10000039,11399,7220.74,6503.4,7400.07,20,2
2017-12-02,10000039,11442,13999999.99,13999999.99,13999999.99,2,2
2017-12-02,10000039,11475,800,800,800,2,1
2017-12-02,10000039,11488,750000.5,750000.5,750000.5,1,1
2017-12-02,10000039,11489,350000,350000,350000,7,4
2017-12-02,10000039,11534,10000,10000,10000,3,1
2017-12-02,10000039,11539,10000,10000,10000,20,1
2017-12-02,10000039,11540,83000,83000,83000,2,1
2017-12-02,10000039,11554,5000,5000,5000,23,1
2017-12-02,10000039,11563,199997.59,199987.96,199997.97,52,16
2017-12-02,10000039,11574,4000000,4000000,4000000,1,1
2017-12-02,10000039,11577,4244698.77,202010.15,4648967.94,11,10
2017-12-02,10000039,11578,7062492.06,6818693.43,7099999.54,15,15
2017-12-02,10000039,11579,5099999.99,5099999.98,5099999.99,2,2
2017-12-02,10000039,11584,599999.99,599999.99,599999.99,2,2
2017-12-02,10000039,11640,1097999.88,1097999.88,1097999.88,9,4
2017-12-02,10000039,11642,2188999.85,2188999.85,2188999.85,1,1
2017-12-02,10000039,11644,2000014.35,2000014.35,2000014.35,1,1
2017-12-02,10000039,11646,2679988.95,2679988.95,2679988.95,1,1
2017-12-02,10000039,11648,2399999,2399999,2399999,3,3
2017-12-02,10000039,11993,213770082.25,213770082.25,213770082.25,1,1
2017-12-02,10000039,11995,369999999.8,369999999.8,369999999.8,2,2
2017-12-02,10000039,12005,277333333.33,276999999.99,278000000,3,3
2017-12-02,10000039,12015,188999999.99,188999999.99,188999999.99,1,1
2017-12-02,10000039,12032,40000000,40000000,40000000,1,1
2017-12-02,10000039,12058,3350016.87,3350016.85,3350017.1,12,9
2017-12-02,10000039,12068,4100016.8,4100016.8,4100016.8,7,4
2017-12-02,10000039,12076,6500000,6500000,6500000,3,1
2017-12-02,10000039,12084,12950755,12950755,12950755,1,1
2017-12-02,10000039,12093,5999999.99,5999999.99,5999999.99,3,3
2017-12-02,10000039,12095,5999999.99,5999999.99,5999999.99,2,2
2017-12-02,10000039,12200,10500000,10500000,10500000,1,1
2017-12-02,10000039,12205,14266666,14266666,14266666,2,2
2017-12-02,10000039,12206,3599999.99,3599999.99,3599999.99,1,1
2017-12-02,10000039,12208,3799999.99,3799999.99,3799999.99,1,1
2017-12-02,10000039,12209,8999999.98,8999999.98,8999999.98,1,1
2017-12-02,10000039,12210,1799999.99,1799999.99,1799999.99,1,1
2017-12-02,10000039,12211,3999999.99,3999999.99,3999999.99,1,1
2017-12-02,10000039,12215,8999999.99,8999999.99,8999999.99,2,2
2017-12-02,10000039,12221,2999999.98,2999999.98,2999999.98,3,1
2017-12-02,10000039,12259,5500000,5500000,5500000,1,1
2017-12-02,10000039,12265,99998.99,99998.99,99998.99,1,1
2017-12-02,10000039,12267,4000000,4000000,4000000,6,3
2017-12-02,10000039,12271,3990008.51,180000,7800017.02,4,2
2017-12-02,10000039,12274,324988.83,324988.83,324988.83,3,1
2017-12-02,10000039,12365,689999.99,689999.99,689999.99,1,1
2017-12-02,10000039,12484,3799999.99,3799999.99,3799999.99,1,1
2017-12-02,10000039,12485,3900000,3900000,3900000,1,1
2017-12-02,10000039,12549,500,500,500,3,2
2017-12-02,10000039,12557,117891.96,117891.96,117891.96,4,2
2017-12-02,10000039,12559,229000,229000,229000,4,1
2017-12-02,10000039,12608,64.99,64.99,64.99,10043,5
2017-12-02,10000039,12612,40,40,40,240,1
2017-12-02,10000039,12614,52,52,52,260,1
2017-12-02,10000039,12620,58.98,58.98,58.98,4000,2
2017-12-02,10000039,12625,26.08,26.08,26.08,7851,8
2017-12-02,10000039,12631,169.85,169.85,169.85,300,1
2017-12-02,10000039,12633,89.94,89.94,89.94,300,1
2017-12-02,10000039,12743,222329999.84,222329999.84,222329999.84,1,1
2017-12-02,10000039,12745,269999998.1,269999998.1,269999998.1,1,1
2017-12-02,10000039,12767,499.99,499.99,499.99,4898,10
2017-12-02,10000039,12771,674.98,674.98,674.98,3650,5
2017-12-02,10000039,12773,169.99,169.99,169.99,4200,2
2017-12-02,10000039,12777,188.12,188.12,188.12,5439,3
2017-12-02,10000039,12789,199.9,199.9,199.9,7500,3
2017-12-02,10000039,12801,680,680,680,1000,1
2017-12-02,10000039,12803,289.74,289.74,289.74,5320,2
2017-12-02,10000039,12805,248,248,248,1000,1
2017-12-02,10000039,12807,644.87,644.87,644.87,5000,1
2017-12-02,10000039,12814,223579,223579,223579,5,1
2017-12-02,10000039,12820,398402.96,398402.96,398402.96,12,2
2017-12-02,10000039,12822,200000,200000,200000,3,1
2017-12-02,10000039,12824,1122295.24,1033142.86,1250000,20,4
2017-12-02,10000039,12826,301937.33,300000,305811.98,3,3
2017-12-02,10000039,12828,632000.01,632000.01,632000.01,20,3
2017-12-02,10000039,13003,2599999.95,2599999.94,2599999.95,10,10
2017-12-02,10000039,13216,24999996.89,24999996.89,24999996.89,3,3
2017-12-02,10000039,13259,35000000,35000000,35000000,2,1
2017-12-02,10000039,13279,799999.99,799999.99,799999.99,2,2
2017-12-02,10000039,13320,880118,880118,880118,2,1
2017-12-02,10000039,13927,99996,99996,99996,2,1
2017-12-02,10000039,13943,60000000,60000000,60000000,2,1
2017-12-02,10000039,13965,23899999.73,23899999.72,23899999.73,2,2
2017-12-02,10000039,13966,8252705.57,6605410.56,9900000.57,2,2
2017-12-02,10000039,13970,3600000,3000000,3900000,3,3
2017-12-02,10000039,13978,2799998.99,2799998.99,2799998.99,2,1
2017-12-02,10000039,13994,24145411.98,24145411.98,24145411.98,1,1
2017-12-02,10000039,13998,79000000,79000000,79000000,1,1
2017-12-02,10000039,14001,13000000.13,13000000.13,13000000.13,2,1
2017-12-02,10000039,14047,75999992.44,75999989.98,76000000,4,4
2017-12-02,10000039,14130,10000000,10000000,10000000,2,1
2017-12-02,10000039,14136,53750000.26,50000001.04,55000000,4,3
2017-12-02,10000039,14146,21000000.29,21000000.29,21000000.29,1,1
2017-12-02,10000039,14170,49500000,49000000,50000000,4,4
2017-12-02,10000039,14174,21000000,21000000,21000000,1,1
2017-12-02,10000039,14248,109999999.99,109999999.99,109999999.99,2,2
2017-12-02,10000039,14258,99999999,99999999,99999999,1,1
2017-12-02,10000039,15331,530.04,530.04,530.04,418,6
2017-12-02,10000039,15510,125000,125000,125000,30,2
2017-12-02,10000039,15681,113917125.37,113917125.37,113917125.38,4,2
2017-12-02,10000039,15753,52000000,52000000,52000000,1,1
2017-12-02,10000039,15766,36449995.97,36449995.97,36449995.97,1,1
2017-12-02,10000039,15887,66499999.95,66499999.95,66499999.95,3,3
2017-12-02,10000039,15963,154999999.92,154999999.92,154999999.92,1,1
2017-12-02,10000039,16227,44500000,41000000,46000000,4,3
2017-12-02,10000039,16242,1267184.7,1267184.7,1267184.7,1,1
2017-12-02,10000039,16272,815,800,828.5,4808281,52
2017-12-02,10000039,16273,20.23,20.23,20.23,289962,50
2017-12-02,10000039,16274,510,510,510,98924,1
2017-12-02,10000039,16275,2000,1950,2600,114306,13
2017-12-02,10000039,16278,2180919.95,1999989.95,3899754.99,21,3
2017-12-02,10000039,16303,340017.04,340017.04,340017.04,3,1
2017-12-02,10000039,16317,1,1,1,1,1
2017-12-02,10000039,16325,50,50,50,1,1
2017-12-02,10000039,16327,1,1,1,3,1
2017-12-02,10000039,16333,1,1,1,2,2
2017-12-02,10000039,16335,1.25,1.25,1.25,2,1
2017-12-02,10000039,16351,2,2,2,1,1
2017-12-02,10000039,16353,1000,1000,1000,1,1
2017-12-02,10000039,16355,60000,60000,60000,3,2
2017-12-02,10000039,16357,100000,100000,100000,2,2
2017-12-02,10000039,16359,1000,1000,1000,3,1
2017-12-02,10000039,16361,200,200,200,2,1
2017-12-02,10000039,16365,50000,50000,50000,3,1
2017-12-02,10000039,16367,28002.43,1000,190017,7,2
2017-12-02,10000039,16369,1000,1000,1000,6,1
2017-12-02,10000039,16371,1000,1000,1000,7,1
2017-12-02,10000039,16373,50000,50000,50000,2,1
2017-12-02,10000039,16375,33147,1000,193881.99,6,2
2017-12-02,10000039,16377,1000,1000,1000,6,1
2017-12-02,10000039,16379,1000,1000,1000,5,1
2017-12-02,10000039,16381,5000,5000,5000,2,1
2017-12-02,10000039,16383,1000,1000,1000,4,1
2017-12-02,10000039,16385,50,50,50,2,1
2017-12-02,10000039,16389,50,50,50,2,1
2017-12-02,10000039,16391,100,100,100,1,1
2017-12-02,10000039,16429,1,1,1,1,1
2017-12-02,10000039,16467,174932.68,169885.39,179979.96,2,2
2017-12-02,10000039,16469,87142.86,5000,120000,7,5
2017-12-02,10000039,16475,93735.61,70000,130000,15,6
2017-12-02,10000039,16477,79999.99,50000,104999.98,16,7
2017-12-02,10000039,16481,10,10,10,3,1
2017-12-02,10000039,16483,100,100,100,6,1
2017-12-02,10000039,16485,10,10,10,8,2
2017-12-02,10000039,16487,101,101,101,7,1
2017-12-02,10000039,16495,200000,200000,200000,2,1
2017-12-02,10000039,16497,100000,100000,100000,8,1
2017-12-02,10000039,16499,100000,100000,100000,9,2
2017-12-02,10000039,16507,1000,1000,1000,2,1
2017-12-02,10000039,16591,39999999.98,39999999.98,39999999.98,1,1
2017-12-02,10000039,16622,7499999.97,7499999.97,7499999.97,1,1
2017-12-02,10000039,16672,280,280,280,11200,1
2017-12-02,10000039,16673,220,220,220,1000000,2
2017-12-02,10000039,16678,431.99,431.99,431.99,492000,1
2017-12-02,10000039,16679,972.7,972.7,972.7,9000,2
2017-12-02,10000039,16680,2100,2100,2100,28600,1
2017-12-02,10000039,16682,12500,12500,12500,300,1
2017-12-02,10000039,16683,43600,43600,43600,9649,2
2017-12-02,10000039,17211,10.03,10.03,10.03,8,2
2017-12-02,10000039,17366,251508.78,248304.15,300000,17,14
2017-12-02,10000039,17426,1000,1000,1000,61,1
2017-12-02,10000039,17428,1000.01,1000.01,1000.01,230,2
2017-12-02,10000039,17429,1000.01,1000.01,1000.01,25,1
2017-12-02,10000039,17432,2500,2500,2500,70,2
2017-12-02,10000039,17433,600.01,600.01,600.01,67,1
2017-12-02,10000039,17436,300.01,300.01,300.01,48,1
2017-12-02,10000039,17437,300.01,300.01,300.01,40,1
2017-12-02,10000039,17463,4.01,4.01,4.01,73,1
2017-12-02,10000039,17466,1000,1000,1000,147,2
2017-12-02,10000039,17467,1000,1000,1000,39,1
2017-12-02,10000039,17470,3.01,3.01,3.01,90,1
2017-12-02,10000039,17476,26145454.54,25999999.99,29200000.01,22,14
2017-12-02,10000039,17480,18999999,18999999,18999999,2,2
2017-12-02,10000039,17482,2552014.84,2487785.82,3900000,44,12
2017-12-02,10000039,17500,53999998,53999998,53999998,2,2
2017-12-02,10000039,17559,65667972.65,65667972.65,65667972.65,2,2
2017-12-02,10000039,17668,3872.45,3872.45,3872.45,2000,1
2017-12-02,10000039,17715,239999997.68,239999997.68,239999997.68,1,1
2017-12-02,10000039,17843,77900367.87,51019000,78799989.93,24,24
2017-12-02,10000039,17857,6499,6499,6499,4000,2
2017-12-02,10000039,17859,4499,4499,4499,4000,2
2017-12-02,10000039,17861,5000,5000,5000,4000,2
2017-12-02,10000039,17863,5000,5000,5000,4000,2
2017-12-02,10000039,17866,300.01,300.01,300.01,65,1
2017-12-02,10000039,17869,6000.01,6000.01,6000.01,89,1
2017-12-02,10000039,17870,6000.01,6000.01,6000.01,3,1
2017-12-02,10000039,17887,1049.99,1049.99,1049.99,1090000,32
2017-12-02,10000039,17888,769.99,769.99,769.99,530100,12
2017-12-02,10000039,17889,879.95,879.95,879.95,1988248,40
2017-12-02,10000039,17894,200000,200000,200000,3,2
2017-12-02,10000039,17895,400000.01,400000.01,400000.01,2,2
2017-12-02,10000039,17912,5172804.78,4885999.93,5459609.63,4,2
2017-12-02,10000039,17918,539999979.93,539999979.93,539999979.93,1,1
2017-12-02,10000039,17924,64999999.73,64999999.73,64999999.73,1,1
2017-12-02,10000039,17932,66855689.19,66855689.19,66855689.19,1,1
2017-12-02,10000039,17938,25156.54,24844.09,27343.72,8,8
2017-12-02,10000039,17940,733333.31,599999.97,1000000,3,3
2017-12-02,10000039,18025,800000,800000,800000,1,1
2017-12-02,10000039,18038,146000,146000,146000,6,1
2017-12-02,10000039,18040,199000,199000,199000,6,1
2017-12-02,10000039,18042,160000,160000,160000,8,1
2017-12-02,10000039,18044,173000,173000,173000,6,1
2017-12-02,10000039,18054,415900,415900,415900,4,1
2017-12-02,10000039,18064,187000,187000,187000,6,1
2017-12-02,10000039,18592,889000,889000,889000,10,1
2017-12-02,10000039,18608,1589999.15,1589999.14,1589999.15,10,2
2017-12-02,10000039,18610,518998.33,518998.33,518998.33,10,1
2017-12-02,10000039,18635,599999.98,599999.98,599999.98,10,1
2017-12-02,10000039,18639,31107.07,23999.92,38214.22,2,2
2017-12-02,10000039,18676,72416092.79,72416092.79,72416092.79,1,1
2017-12-02,10000039,18692,36000000,36000000,36000000,3,3
2017-12-02,10000039,19015,38999999,38999999,38999999,3,2
2017-12-02,10000039,19029,171200000.01,171200000.01,171200000.01,1,1
2017-12-02,10000039,19187,46783333.33,46783333.33,46783333.33,1,1
2017-12-02,10000039,19200,256499857.95,256499857.95,256499857.95,1,1
2017-12-02,10000039,19207,158749993.98,158749993.98,158749993.98,1,1
2017-12-02,10000039,19208,127249998.35,127249998.34,127249998.35,2,2
2017-12-02,10000039,19215,47999867.7,47999867.7,47999867.7,1,1
2017-12-02,10000039,19266,65000000,65000000,65000000,1,1
2017-12-02,10000039,19281,79337775.01,79337774.93,79337775.16,3,3
2017-12-02,10000039,19282,124666639.53,117999972.87,127999972.86,3,3
2017-12-02,10000039,19283,48000004.27,48000004.27,48000004.27,1,1
2017-12-02,10000039,19284,33994496.81,33989994.65,33998998.96,2,2
2017-12-02,10000039,19295,253499987.93,253499987.93,253499987.93,1,1
2017-12-02,10000039,19301,161999999.28,160999999.34,162999999.21,2,2
2017-12-02,10000039,19359,216666666.57,216666666.57,216666666.57,2,2
2017-12-02,10000039,19500,80000,80000,80000,8,4
2017-12-02,10000039,19722,1398000000,1398000000,1398000000,1,1
2017-12-02,10000039,19726,1545000000,1545000000,1545000000,1,1
2017-12-02,10000039,19739,3699995.9,3699995.9,3699995.9,4,1
2017-12-02,10000039,19744,1799976.16,1799976.16,1799976.16,6,2
2017-12-02,10000039,19760,699999.99,699999.99,699999.99,1,1
2017-12-02,10000039,19806,1299999.99,1299999.99,1299999.99,1,1
2017-12-02,10000039,19814,199999.99,199999.99,199999.99,5,3
2017-12-02,10000039,19921,500000,500000,500000,1,1
2017-12-02,10000039,19939,100.01,100.01,100.01,5,1
2017-12-02,10000039,19946,75000,75000,75000,1,1
2017-12-02,10000039,19998,350,350,350,800,1
2017-12-02,10000039,20172,104281.56,104281.56,104281.56,16,1
2017-12-02,10000039,20209,1899999.99,1899999.99,1899999.99,1,1
2017-12-02,10000039,20210,1899999.99,1899999.99,1899999.99,1,1
2017-12-02,10000039,20213,9499999.99,9499999.99,9499999.99,1,1
2017-12-02,10000039,20312,1399999.99,1399999.99,1399999.99,2,2
2017-12-02,10000039,20353,3599628.85,3599628.85,3599628.85,10,3
2017-12-02,10000039,20411,132102,132102,132102,27,4
2017-12-02,10000039,20416,75000.01,75000.01,75000.01,11,1
2017-12-02,10000039,20420,52010.13,52010.13,52010.13,12,1
2017-12-02,10000039,20424,20484,20484,20484,14,1
2017-12-02,10000039,20452,63861764.62,63861764.62,63861764.62,3,1
2017-12-02,10000039,20530,126999998.83,126999998.83,126999998.83,1,1
2017-12-02,10000039,20539,74333333.33,74000000,75000000,3,3
2017-12-02,10000039,20703,85953693.64,71907387.28,100000000,4,4
2017-12-02,10000039,20739,9799.61,9799.61,9799.61,1000,1
2017-12-02,10000039,20741,11266.42,11266.42,11266.42,2240,2
2017-12-02,10000039,20743,8389.2,8389.2,8389.2,1000,1
2017-12-02,10000039,20747,9398.43,9398.43,9398.43,1000,1
2017-12-02,10000039,21021,6000000,6000000,6000000,8,1
2017-12-02,10000039,21096,1731506.28,1549999.56,3499999.99,51,33
2017-12-02,10000039,21603,13999999.99,13999999.99,13999999.99,2,2
2017-12-02,10000039,21638,1350000,1350000,1350000,17,3
2017-12-02,10000039,21640,1500000,1500000,1500000,7,2
2017-12-02,10000039,21668,21999999.99,21999999.99,21999999.99,1,1
2017-12-02,10000039,21802,35000000,35000000,35000000,2,2
2017-12-02,10000039,21894,1206.97,1206.97,1206.97,760,1
2017-12-02,10000039,21896,772.98,772.98,772.98,44506,18
2017-12-02,10000039,21898,548.84,548.84,548.84,18972,8
2017-12-02,10000039,21902,1439.99,1439.99,1439.99,600,1
2017-12-02,10000039,21904,660.88,660.88,660.88,16200,13
2017-12-02,10000039,21906,500,500,500,2300,3
2017-12-02,10000039,21910,1389.99,1389.99,1389.99,600,1
2017-12-02,10000039,21912,999.99,999.99,999.99,800,1
2017-12-02,10000039,21914,799.89,799.89,799.89,1000,1
2017-12-02,10000039,21918,1599.93,1599.93,1599.93,600,1
2017-12-02,10000039,21922,773,773,773,15040,12
2017-12-02,10000039,21924,500,500,500,5800,5
2017-12-02,10000039,21926,1799.96,1799.96,1799.96,600,1
2017-12-02,10000039,21928,799.99,799.99,799.99,3000,1
2017-12-02,10000039,21937,817,817,817,10000,10
2017-12-02,10000039,21939,849.99,849.99,849.99,500,1
2017-12-02,10000039,22175,76253.66,76253.66,76253.66,17,12
2017-12-02,10000039,22177,81043.01,81043.01,81043.01,17,12
2017-12-02,10000039,22229,6496987.49,6490000,6499982.12,20,3
2017-12-02,10000039,22242,89999999.46,89999999,89999999.91,2,2
2017-12-02,10000039,22291,1620832.83,1600000,1799995.21,48,22
2017-12-02,10000039,22456,76214280.36,75999990.63,76500000,7,7
2017-12-02,10000039,22464,82999994.99,82999989.98,82999999.99,2,2
2017-12-02,10000039,22534,27999999.99,27999999.99,27999999.99,7,1
2017-12-02,10000039,22536,3000000,3000000,3000000,2,2
2017-12-02,10000039,22541,12499999.97,12499999.97,12499999.97,1,1
2017-12-02,10000039,22542,96890,96890,96890,11,8
2017-12-02,10000039,22544,415428567.08,400000000,417999994.92,7,6
2017-12-02,10000039,22546,324999975.86,324999975.86,324999975.86,1,1
2017-12-02,10000039,22548,349999589.6,349999589.6,349999589.6,1,1
2017-12-02,10000039,22552,3000000,3000000,3000000,1,1
2017-12-02,10000039,22576,299999.99,299999.99,299999.99,2,1
2017-12-02,10000039,22765,227500,227500,227500,20,3
2017-12-02,10000039,22778,147999.95,147999.95,147999.95,617,15
2017-12-02,10000039,22782,1407799.52,1407793.51,1407803.53,10,9
2017-12-02,10000039,22977,900,900,900,1000,1
2017-12-02,10000039,23009,619,619,619,7500,2
2017-12-02,10000039,23023,570,570,570,8000,1
2017-12-02,10000039,23025,661.93,661.93,661.93,14768,6
2017-12-02,10000039,23055,3176989.86,3176989.85,3400000,239,12
2017-12-02,10000039,23057,2999999.62,2999999,3000000,26,2
2017-12-02,10000039,23071,698997.76,698997.76,698997.76,15,2
2017-12-02,10000039,23073,400000,400000,400000,2,1
2017-12-02,10000039,23077,589499.98,589499.98,589499.98,4,1
2017-12-02,10000039,23079,400000,400000,400000,2,2
2017-12-02,10000039,23089,733333.33,600000,800000,3,2
2017-12-02,10000039,23105,1464799.97,1300000,1505999.96,20,2
2017-12-02,10000039,23109,1300000,1300000,1300000,16,1
2017-12-02,10000039,23113,1499997.96,1499997.96,1499997.96,33,4
2017-12-02,10000039,23117,1999747.92,1999747.92,1999747.92,20,3
2017-12-02,10000039,23158,0.01,0.01,0.01,62,1
2017-12-02,10000039,23159,0.01,0.01,0.01,82,2
2017-12-02,10000039,23160,0.01,0.01,0.01,96,3
2017-12-02,10000039,23473,599998.99,599998.99,599998.99,12,3
2017-12-02,10000039,23527,390216.67,389998.99,395000.63,23,19
2017-12-02,10000039,23533,700000,700000,700000,3,3
2017-12-02,10000039,23536,499999,499999,499999,1,1
2017-12-02,10000039,23563,160000,160000,160000,15,1
2017-12-02,10000039,23566,1000000,1000000,1000000,2,2
2017-12-02,10000039,23705,100017,100017,100017,4,1
2017-12-02,10000039,23707,9989.99,9989.81,9989.99,289,39
2017-12-02,10000039,23711,9987.99,9987.99,9987.99,4,1
2017-12-02,10000039,23717,147500,147500,147500,15,1
2017-12-02,10000039,23719,26449.9,26449.9,26449.9,20,1
2017-12-02,10000039,24241,99999.96,99999.96,99999.96,1,1
2017-12-02,10000039,24242,1799999.99,1799999.99,1799999.99,1,1
2017-12-02,10000039,24268,11999999.99,11999999.99,11999999.99,1,1
2017-12-02,10000039,24283,57897989.04,57897988.99,57897989.04,12,4
2017-12-02,10000039,24305,5859997.79,5799999.76,6100000,10,4
2017-12-02,10000039,24395,704836.53,689511.22,812113.79,16,14
2017-12-02,10000039,24417,1778599.52,1748783.01,1780015.54,30,21
2017-12-02,10000039,24427,2199990.25,2199990.25,2199990.25,19,15
2017-12-02,10000039,24438,1416315.79,1300000,1460016.8,44,16
2017-12-02,10000039,24443,1189999,1189999,1189999,6,5
2017-12-02,10000039,24471,149.98,149.98,149.98,500,1
2017-12-02,10000039,24473,109.97,109.97,109.97,2000,1
2017-12-02,10000039,24478,999,999,999,1200,1
2017-12-02,10000039,24483,1299500000,1299000000,1300000000,2,2
2017-12-02,10000039,24490,350,350,350,35000,3
2017-12-02,10000039,24493,387.99,387.99,387.99,13949,3
2017-12-02,10000039,24495,199.96,199.96,199.96,7500,7
2017-12-02,10000039,24499,250,250,250,27805,5
2017-12-02,10000039,24503,300,300,300,1000,1
2017-12-02,10000039,24509,1100,1100,1100,23125,3
2017-12-02,10000039,24511,1298.95,1298.95,1298.95,1000,1
2017-12-02,10000039,24519,2300,2300,2300,3000,1
2017-12-02,10000039,24521,1900,1900,1900,3600,2
2017-12-02,10000039,24523,1704.89,1704.89,1704.89,3200,2
2017-12-02,10000039,24529,1500,1500,1500,3000,1
2017-12-02,10000039,24535,990,990,990,20000,1
2017-12-02,10000039,24571,17833333.33,17500000,18000000,3,3
2017-12-02,10000039,24690,187000000,187000000,187000000,1,1
2017-12-02,10000039,24692,134666663.33,110000000,146999995,3,3
2017-12-02,10000039,24694,139000000,139000000,139000000,2,2
2017-12-02,10000039,24700,57999999.99,57999999.99,57999999.99,1,1
2017-12-02,10000039,24702,39599993.96,39000000,39999989.94,5,4
2017-12-02,10000039,25235,1500000,1500000,1500000,1,1
2017-12-02,10000039,25563,2400017.02,2400017.02,2400017.02,8,4
2017-12-02,10000039,25565,120000,120000,120000,3,2
2017-12-02,10000039,25590,81507.02,81507.02,81507.02,1559,14
2017-12-02,10000039,25591,123200,123200,123200,1,1
2017-12-02,10000039,25592,6893.61,6893.61,6893.61,1467,14
2017-12-02,10000039,25593,4430,4430,4430,7,1
2017-12-02,10000039,25594,28630.04,28630.04,28630.04,221,4
2017-12-02,10000039,25595,9982,9982,9982,5,1
2017-12-02,10000039,25597,2484,2484,2484,613,11
2017-12-02,10000039,25598,12106.04,12106.04,12106.04,1399,13
2017-12-02,10000039,25599,821.04,821.04,821.04,1494,13
2017-12-02,10000039,25600,25402.67,25402.67,25402.67,1423,14
2017-12-02,10000039,25601,4500.06,4500.06,4500.06,1054,10
2017-12-02,10000039,25603,22021.01,22021.01,22021.01,163,4
2017-12-02,10000039,25605,23002.04,23002.04,23002.04,1348,10
2017-12-02,10000039,25609,178413.05,161000.01,225000,46,13
2017-12-02,10000039,25611,73016.65,73016.65,73016.65,124,8
2017-12-02,10000039,25616,9988,9988,9988,66,5
2017-12-02,10000039,25617,260006,260006,260006,106,6
2017-12-02,10000039,25618,14432,14432,14432,125,7
2017-12-02,10000039,25619,550000.01,550000.01,550000.01,69,8
2017-12-02,10000039,25620,30031,30031,30031,166,14
2017-12-02,10000039,25624,3940406.02,3940406.02,3940406.02,142,16
2017-12-02,10000039,25715,972486.12,99469.47,1700000,11,2
2017-12-02,10000039,25719,699999.98,699999.98,699999.98,2,2
2017-12-02,10000039,25739,1199999.97,1199999.97,1199999.97,1,1
2017-12-02,10000039,25810,1199999.98,1199999.98,1199999.98,1,1
2017-12-02,10000039,25811,1099999.99,1099999.99,1099999.99,1,1
2017-12-02,10000039,25861,64615.26,60000,64999.87,26,5
2017-12-02,10000039,25894,10400978,10400978,10400978,9,2
2017-12-02,10000039,25948,7799992.78,7799992.64,7799993,5,3
2017-12-02,10000039,26076,1994999.99,1994999.99,1994999.99,3,3
2017-12-02,10000039,26082,4275000,4275000,4275000,3,3
2017-12-02,10000039,26088,9297895.32,9297895.32,9297895.33,25,5
2017-12-02,10000039,26252,361599.56,349110.61,386577.46,3,3
2017-12-02,10000039,26253,375000,375000,375000,1,1
2017-12-02,10000039,26261,699999.97,699999.97,699999.97,1,1
2017-12-02,10000039,26322,75000000,75000000,75000000,4,3
2017-12-02,10000039,26374,45999999.54,45999999.54,45999999.54,1,1
2017-12-02,10000039,26436,27895796.58,27895796.57,27895796.58,2,2
2017-12-02,10000039,26448,118899984.71,118899984.7,118899984.71,2,2
2017-12-02,10000039,26913,2599999.9,2599999.9,2599999.9,2,1
2017-12-02,10000039,26929,98999.95,98999.94,98999.95,4,4
2017-12-02,10000039,27119,999999,999999,999999,2,1
2017-12-02,10000039,27127,1197133.33,1197000,1199000,15,5
2017-12-02,10000039,27143,1159951.02,1159951.01,1159951.02,8,5
2017-12-02,10000039,27315,704.55,704.55,704.55,1300,2
2017-12-02,10000039,27327,708.2,708.2,708.2,3000,2
2017-12-02,10000039,27333,891.98,891.98,891.98,150,1
2017-12-02,10000039,27351,4000,4000,4000,608,3
2017-12-02,10000039,27359,2999.77,2999.77,2999.77,1400,3
2017-12-02,10000039,27361,1499.82,1499.82,1499.82,17397,19
2017-12-02,10000039,27371,1499.93,1499.93,1499.93,12500,17
2017-12-02,10000039,27387,1484.96,1484.96,1484.96,17458,22
2017-12-02,10000039,27419,2100,2100,2100,16000,2
2017-12-02,10000039,27435,1266,1266,1266,1000,2
2017-12-02,10000039,27441,1300,1300,1300,2040,3
2017-12-02,10000039,27447,1185.69,1185.69,1185.69,2228,2
2017-12-02,10000039,27453,1210.99,1210.99,1210.99,1300,1
2017-12-02,10000039,27918,1267645.29,1267645.29,1267645.29,11,3
2017-12-02,10000039,27951,53000000,53000000,53000000,1,1
2017-12-02,10000039,28164,9000000,9000000,9000000,1,1
2017-12-02,10000039,28209,1544433.5,1544433.5,1544433.5,10,2
2017-12-02,10000039,28211,1193979.9,1193979.9,1193979.9,30,3
2017-12-02,10000039,28213,1604096.81,1599999.94,1727361.57,29,7
2017-12-02,10000039,28215,989998.37,989988.99,989999,16,3
2017-12-02,10000039,28274,1200000,1200000,1200000,45,1
2017-12-02,10000039,28300,45200000.01,45200000.01,45200000.01,2,1
2017-12-02,10000039,28326,1557.95,1557.95,1557.95,2800,2
2017-12-02,10000039,28332,1200,1200,1200,2530,2
2017-12-02,10000039,28334,989,989,989,12200,10
2017-12-02,10000039,28352,2339000000,2339000000,2339000000,1,1
2017-12-02,10000039,28361,574.01,574.01,574.01,239,1
2017-12-02,10000039,28362,125432.05,125432.05,125432.05,88,1
2017-12-02,10000039,28363,113200.02,113200.02,113200.02,49,1
2017-12-02,10000039,28364,15150,15150,15150,108,1
2017-12-02,10000039,28365,23642.06,23642.06,23642.06,129,1
2017-12-02,10000039,28366,1400000,1400000,1400000,54,2
2017-12-02,10000039,28367,499998.97,499998.97,499998.97,64,1
2017-12-02,10000039,28387,500000,500000,500000,134,1
2017-12-02,10000039,28420,389999.97,389999.97,389999.97,100,1
2017-12-02,10000039,28576,1160147.9,1145678.96,1178989.92,66,13
2017-12-02,10000039,28578,1411849.1,1411849.1,1411849.1,207,4
2017-12-02,10000039,28583,55319693.42,52000000,60034735.46,7,7
2017-12-02,10000039,28606,749999999.99,749999999.99,749999999.99,1,1
2017-12-02,10000039,28654,3900000,3700000,4000000,3,2
2017-12-02,10000039,28668,25499.99,25499.99,25499.99,9752,65
2017-12-02,10000039,28756,26000001.41,5000030.05,36499987.1,3,3
2017-12-02,10000039,28758,34989956.93,34989956.93,34989956.94,7,7
2017-12-02,10000039,28999,9999.99,9999.99,10000,17,11
2017-12-02,10000039,29001,24650.9,24243.86,24758.77,35,20
2017-12-02,10000039,29003,117999.99,117999.99,117999.99,8,3
2017-12-02,10000039,29009,9960.71,9960.71,9960.72,6,6
2017-12-02,10000039,29011,8999.99,8999.99,8999.99,21,11
2017-12-02,10000039,29013,89999.87,89999.87,89999.87,50,2
2017-12-02,10000039,29015,108722.59,99998.37,152343.66,12,4
2017-12-02,10000039,29984,174995000,174990000,175000000,2,2
2017-12-02,10000039,30013,18397.95,18397.95,18397.95,16,2
2017-12-02,10000039,30028,151999.39,80000,199998.97,40,3
2017-12-02,10000039,30486,474268.37,5411,541156.89,64,8
2017-12-02,10000039,30488,464999.96,464999.96,464999.96,325,20
2017-12-02,10000039,30497,1000,1000,1000,4,1
2017-12-02,10000039,30545,6999999.99,6999999.99,6999999.99,1,1
2017-12-02,10000039,30547,6999999.99,6999999.99,6999999.99,1,1
2017-12-02,10000039,30551,6999999.99,6999999.99,6999999.99,1,1
2017-12-02,10000039,30554,6999999.99,6999999.99,6999999.99,1,1
2017-12-02,10000039,30651,2399999.98,2399999.98,2399999.98,1,1
2017-12-02,10000039,30653,2000000,2000000,2000000,1,1
2017-12-02,10000039,30836,1750009.68,1750009.68,1750009.68,5,1
2017-12-02,10000039,30999,2121665.31,2121665.3,2121665.31,6,5
2017-12-02,10000039,31005,28999988.81,28999988.81,28999988.81,2,1
2017-12-02,10000039,31009,449934.86,449934.86,449934.86,2,2
2017-12-02,10000039,31011,2199999.78,2199999.78,2199999.78,1,1
2017-12-02,10000039,31017,32999895.39,32999895.39,32999895.39,1,1
2017-12-02,10000039,31029,25000000,25000000,25000000,1,1
2017-12-02,10000039,31035,2199999.86,2199999.86,2199999.87,4,4
2017-12-02,10000039,31041,29897998.17,29897998.17,29897998.17,1,1
2017-12-02,10000039,31045,600000.01,600000.01,600000.01,4,4
2017-12-02,10000039,31047,3249998.94,3249998.94,3249998.94,3,3
2017-12-02,10000039,31051,12729996.83,12729996.83,12729996.83,4,3
2017-12-02,10000039,31053,34590889.33,34590889.33,34590889.33,1,1
2017-12-02,10000039,31055,1989999.97,1989999.97,1989999.97,13,5
2017-12-02,10000039,31059,18999998.99,18999998.99,18999998.99,2,2
2017-12-02,10000039,31063,1189979.87,1189979.87,1189979.87,2,2
2017-12-02,10000039,31091,36900000,36900000,36900000,3,1
2017-12-02,10000039,31105,648996.06,648996.05,648996.06,2,2
2017-12-02,10000039,31119,1108995.72,1108995.72,1108995.72,8,3
2017-12-02,10000039,31153,264204.9,264204.88,264205,7,5
2017-12-02,10000039,31155,1563498.26,1563498.25,1563498.26,10,6
2017-12-02,10000039,31159,338999.31,338999.3,338999.35,4,2
2017-12-02,10000039,31161,2099998.64,2099998.64,2099998.65,12,4
2017-12-02,10000039,31163,28999998.9,28999998.9,28999998.9,6,3
2017-12-02,10000039,31165,5499962.43,5499962.32,5499963.45,21,11
2017-12-02,10000039,31167,19999799.99,19999799.99,19999799.99,2,1
2017-12-02,10000039,31169,309999998.1,309999998.09,309999998.1,2,2
2017-12-02,10000039,31171,8168746.98,8168746.91,8168747.04,7,5
2017-12-02,10000039,31177,234971.86,234971.84,234971.86,8,7
2017-12-02,10000039,31179,1848998.94,1848998.94,1848998.94,6,6
2017-12-02,10000039,31183,5999979.61,5999979.61,5999979.62,18,7
2017-12-02,10000039,31185,13499986.37,13499986.37,13499986.37,1,1
2017-12-02,10000039,31207,13999999.71,13999999.71,13999999.71,1,1
2017-12-02,10000039,31213,200016.93,200016.93,200016.93,8,6
2017-12-02,10000039,31215,1200000,1200000,1200000,1,1
2017-12-02,10000039,31220,6793333,6793333,6793333,1,1
2017-12-02,10000039,31274,290016.95,290016.95,290016.95,8,8
2017-12-02,10000039,31276,2999999.98,2999999.98,2999999.98,2,2
2017-12-02,10000039,31286,400016.88,400016.88,400016.88,2,2
2017-12-02,10000039,31288,980017.02,980017.02,980017.02,3,3
2017-12-02,10000039,31298,399999.99,399999.99,399999.99,2,2
2017-12-02,10000039,31300,2999999,2999999,2999999,4,2
2017-12-02,10000039,31322,297499.81,297499.8,297499.81,5,2
2017-12-02,10000039,31328,5500000,5500000,5500000,2,1
2017-12-02,10000039,31360,3287974.52,3287974.52,3287974.52,22,18
2017-12-02,10000039,31364,5365514.2,5365514.19,5365514.2,3,3
2017-12-02,10000039,31366,29499898.8,29499898.79,29499898.8,2,2
2017-12-02,10000039,31372,1200180.5,1199999.89,1201805.96,30,16
2017-12-02,10000039,31374,44899999.24,44899999.24,44899999.24,3,2
2017-12-02,10000039,31378,13779799.9,13779799.89,13779799.91,5,5
2017-12-02,10000039,31406,700000,700000,700000,2,2
2017-12-02,10000039,31408,3000000,3000000,3000000,2,1
2017-12-02,10000039,31410,57352933.49,57352933.49,57352933.49,2,1
2017-12-02,10000039,31414,23490000,23490000,23490000,1,1
2017-12-02,10000039,31538,1200000,1200000,1200000,1,1
2017-12-02,10000039,31586,699999.98,699999.98,699999.98,2,2
2017-12-02,10000039,31600,1990888.89,1990888.89,1990888.89,4,4
2017-12-02,10000039,31620,749933,749933,749933,1,1
2017-12-02,10000039,31626,9849000,9849000,9849000,1,1
2017-12-02,10000039,31644,3999999,3999999,3999999,1,1
2017-12-02,10000039,31650,9849000,9849000,9849000,1,1
2017-12-02,10000039,31674,10490000,10490000,10490000,2,2
2017-12-02,10000039,31680,499999.88,499999.88,499999.88,1,1
2017-12-02,10000039,31682,950000,950000,950000,1,1
2017-12-02,10000039,31688,13790000,13790000,13790000,1,1
2017-12-02,10000039,31716,84999.99,84999.98,84999.99,29,9
2017-12-02,10000039,31718,574172.4,573000,574999.98,29,19
2017-12-02,10000039,31722,2882350.06,2882350.06,2882350.06,4,4
2017-12-02,10000039,31724,7844999.9,7844999.89,7844999.92,24,20
2017-12-02,10000039,31752,120016.5,120016.49,120016.52,4,4
2017-12-02,10000039,31754,249999.86,249999.86,249999.86,7,6
2017-12-02,10000039,31758,3599986,3599986,3599986,1,1
2017-12-02,10000039,31760,8999799.92,8999799.9,8999799.93,2,2
2017-12-02,10000039,31788,429784.16,429784.14,429784.16,40,14
2017-12-02,10000039,31790,1801575.05,189994.89,1894999.98,73,35
2017-12-02,10000039,31792,55999999.88,55999999.87,55999999.88,18,7
2017-12-02,10000039,31794,7899997.26,7899997.02,7899997.67,17,15
2017-12-02,10000039,31796,23215339.33,23215339.33,23215339.42,15,10
2017-12-02,10000039,31798,459999999.92,459999999.92,459999999.92,5,2
2017-12-02,10000039,31802,1934609.38,1934608.99,1934609.98,15,7
2017-12-02,10000039,31812,29853682.45,29853682.35,29853682.73,4,3
2017-12-02,10000039,31822,9900000,9900000,9900000,1,1
2017-12-02,10000039,31864,4099999.8,4099999.8,4099999.8,10,2
2017-12-02,10000039,31866,4500000,4500000,4500000,10,3
2017-12-02,10000039,31868,5499999.95,5499999.95,5499999.95,6,2
2017-12-02,10000039,31870,4530519.31,4449999.98,4549999.8,77,18
2017-12-02,10000039,31884,2913820,2800000,2989700,5,2
2017-12-02,10000039,31892,3473305.11,2651949.2,4500000,9,2
2017-12-02,10000039,31928,16714284.82,15000000,16999998.96,7,6
2017-12-02,10000039,31932,39999998.99,39999998.99,39999999,4,3
2017-12-02,10000039,31942,34899982.97,34899982.91,34899982.99,5,3
2017-12-02,10000039,31952,43999995.95,43999975.7,44000000,6,4
2017-12-02,10000039,31982,44498.98,44498.98,44498.98,20,1
2017-12-02,10000039,31998,120000,120000,120000,550,4
2017-12-02,10000039,32006,129982.71,129982.71,129982.71,166,9
2017-12-02,10000039,32014,298999.99,298999.99,298999.99,247,7
2017-12-02,10000039,32325,16500000,16500000,16500000,19,3
2017-12-02,10000039,32339,122999999.97,122999999.97,122999999.97,1,1
2017-12-02,10000039,32340,15475998.99,15475998.99,15475999,6,2
2017-12-02,10000039,32342,19399988.48,19399988.48,19399988.48,9,2
2017-12-02,10000039,32772,999999.86,999999.86,999999.86,2,2
2017-12-02,10000039,32774,187197.65,175000,193296.47,3,3
2017-12-02,10000039,32780,1900000,1900000,1900000,5,4
2017-12-02,10000039,32782,4.92,4.92,4.92,5200,2
2017-12-02,10000039,32787,79760.92,79760.92,79760.92,17,4
2017-12-02,10000039,32817,1642857.14,1500000,1999999.99,7,3
2017-12-02,10000039,32819,2599999.89,2499998.98,2599999.94,65,6
2017-12-02,10000039,32880,270000,270000,270000,5,5
2017-12-02,10000039,33003,339285.71,339285.71,339285.71,6,2
2017-12-02,10000039,33005,700000,700000,700000,1,1
2017-12-02,10000039,33007,500000,500000,500000,4,2
2017-12-02,10000039,33076,218999.98,218999.97,218999.98,8,8
2017-12-02,10000039,33091,199999.96,199999.96,199999.96,1,1
2017-12-02,10000039,33092,199999.95,199999.95,199999.95,2,2
2017-12-02,10000039,33094,559999.87,559999.87,559999.87,2,2
2017-12-02,10000039,33097,1799999.95,1799999.95,1799999.95,1,1
2017-12-02,10000039,33101,400000,400000,400000,1,1
2017-12-02,10000039,33176,99999.91,99999.9,99999.91,3,3
2017-12-02,10000039,33178,74999.97,74999.97,74999.98,5,3
2017-12-02,10000039,33180,170631.81,149673.62,399999,11,8
2017-12-02,10000039,33195,203.34,203.34,203.34,16,5
2017-12-02,10000039,33199,4989999.94,4989999.94,4989999.94,2,2
2017-12-02,10000039,33270,739999.99,739999.99,739999.99,1,1
2017-12-02,10000039,33285,56422215.43,56422215.42,56422215.44,11,5
2017-12-02,10000039,33287,849999998.93,849999998.92,849999998.94,4,3
2017-12-02,10000039,33332,27000,27000,27000,10,1
2017-12-02,10000039,33399,7499999.97,7499999.97,7499999.97,1,1
2017-12-02,10000039,33450,3609998.35,3609998.35,3609998.35,11,2
2017-12-02,10000039,33468,72499898.75,72499898.73,72499898.76,4,4
2017-12-02,10000039,33470,228999999.95,228999999.95,228999999.95,1,1
2017-12-02,10000039,33474,2300694.84,2210299,3023861.58,9,8
2017-12-02,10000039,33475,7637364.8,4000866,8599999.94,35,15
2017-12-02,10000039,33476,95000000,85000000,100000000,3,3
2017-12-02,10000039,33520,51429159.99,46287500,53999989.98,3,3
2017-12-02,10000039,33681,99899999.99,99899999.99,99899999.99,1,1
2017-12-02,10000039,33699,149999.98,149999.98,149999.98,1,1
2017-12-02,10000039,33708,3000000,3000000,3000000,7,3
2017-12-02,10000039,33816,63999998.48,63999998.48,63999998.48,4,4
2017-12-02,10000039,33818,272999998.69,272999998.68,272999998.69,2,2
2017-12-02,10000039,33824,1490150.32,200000.21,1787800.9,16,15
2017-12-02,10000039,33828,16999999.98,16999999.98,16999999.98,1,1
2017-12-02,10000039,33844,107296850.53,107296849.64,107296850.97,12,5
2017-12-02,10000039,33892,4200017,4200017,4200017,2,1
2017-12-02,10000039,33894,5729999,5729999,5729999,3,1
2017-12-02,10000039,33898,24750000,24750000,24750000,5,2
2017-12-02,10000039,33983,40499369.37,40498999.35,40499924.41,5,3
2017-12-02,10000039,33985,164999998.42,164999998.42,164999998.42,1,1
2017-12-02,10000039,34201,150189,150189,150189,2,2
2017-12-02,10000039,34202,1900010.01,1900010.01,1900010.01,1,1
2017-12-02,10000039,34203,400198,400198,400198,1,1
2017-12-02,10000039,34204,801377,801377,801377,4,2
2017-12-02,10000039,34205,120166,120166,120166,1,1
2017-12-02,10000039,34207,1500010.01,1500010.01,1500010.01,1,1
2017-12-02,10000039,34268,5000000,5000000,5000000,1,1
2017-12-02,10000039,34306,7000005.66,6999999.99,7000017,3,3
2017-12-02,10000039,34317,57999998,57999998,57999998,1,1
2017-12-02,10000039,34390,1249999,1249999,1249999,1,1
2017-12-02,10000039,34828,49499998.99,49499998.99,49499998.99,1,1
2017-12-02,10000039,35656,16900,15500,22500,10,5
2017-12-02,10000039,35657,101799.99,80000,123999.97,20,9
2017-12-02,10000039,35658,68026.32,45000,870000,38,12
2017-12-02,10000039,35659,88235.25,50000,99999.94,34,28
2017-12-02,10000039,35660,43125,22500,50000,8,7
2017-12-02,10000039,35661,286060.67,258000,398790,15,9
2017-12-02,10000039,35662,269615.38,255000,445000,13,2
2017-12-02,10000039,35680,2500000,2500000,2500000,1,1
2017-12-02,10000039,35771,1499999.99,1499999.99,1499999.99,2,2
2017-12-02,10000039,35790,1999999.95,1999999.95,1999999.95,8,6
2017-12-02,10000039,35794,9206.85,9206.85,9206.85,10,5
2017-12-02,10000039,35795,25000,25000,25000,11,5
2017-12-02,10000039,36908,7500000,7500000,7500000,3,1
2017-12-02,10000039,36910,6899900,6899900,6899900,4,2
2017-12-02,10000039,37458,39999998.99,39999998.99,39999998.99,1,1
2017-12-02,10000039,37546,2200000,2200000,2200000,2,2
2017-12-02,10000039,37608,1499999.97,1499999.97,1499999.97,2,1
2017-12-02,10000039,37612,39999999,39999999,39999999,2,2
2017-12-02,10000039,37631,149889989.96,149889989.96,149889989.96,1,1
2017-12-02,10000039,40328,5999999.99,5999999.99,5999999.99,1,1
2017-12-02,10000039,40334,49999.06,49999.06,49999.06,2,1
2017-12-02,10000039,40335,49998.95,49998.95,49998.95,2,1
2017-12-02,10000039,40355,45282449.62,40867458.87,47489944.99,3,2
2017-12-02,10000039,40357,163749997.27,162999999.85,165999999.59,4,3
2017-12-02,10000039,40361,2732966.88,2699988,2749988.23,47,3
2017-12-02,10000039,40362,10500000,10500000,10500000,3,1
2017-12-02,10000039,40520,867026446.94,850000000,879999999.99,17,16
2017-12-02,10000039,40556,11500000,11500000,11500000,105,15
2017-12-02,10000039,40557,11998887.64,11998887.64,11998887.64,9,2
2017-12-02,10000039,40558,13999999.98,13999999.98,13999999.98,36,4
2017-12-02,10000039,40559,10000000,10000000,10000000,9,1
2017-12-02,10000039,40560,44499997.67,44499997.67,44499997.67,18,1
2017-12-02,10000039,40561,37846153.65,37499999.76,37999999.83,26,4
2017-12-02,10000039,40564,28000000,28000000,28000000,12,1
2017-12-02,10000039,40565,33000000,33000000,33000000,9,2
2017-12-02,10000039,40570,34999999.93,34999999.93,34999999.93,19,4
2017-12-02,10000039,40571,35500000,35500000,35500000,6,2
2017-12-02,10000039,40659,29499999.97,29499999.97,29499999.97,1,1
2017-12-02,10000039,40714,55000000,55000000,55000000,1,1
2017-12-02,10000039,41030,1099924167.15,1099696968.71,1099999899.96,16,8
2017-12-02,10000039,41031,81597.24,81597.24,81597.24,3,3
2017-12-02,10000039,41032,399998.97,399998.97,399998.97,1,1
2017-12-02,10000039,41033,75490,75490,75490,2,2
2017-12-02,10000039,41054,200000,200000,200000,3,1
2017-12-02,10000039,41055,200000,200000,200000,6,3
2017-12-02,10000039,41056,200000,200000,200000,9,3
2017-12-02,10000039,41057,5166666.67,4500000,6500000,3,3
2017-12-02,10000039,41155,20016.99,20016.99,20016.99,1,1
2017-12-02,10000039,41200,346333332.67,346333332.67,346333332.67,1,1
2017-12-02,10000039,41215,29999918,29999918,29999918,1,1
2017-12-02,10000039,41218,28359799.93,25859799.93,30859799.93,2,2
2017-12-02,10000039,41220,73899828.82,73899828.82,73899828.82,1,1
2017-12-02,10000039,41236,38999999,38999999,38999999,1,1
2017-12-02,10000039,41251,97999999.99,97999999.99,97999999.99,1,1
2017-12-02,10000039,41275,29999.99,29999.99,29999.99,1000,1
2017-12-02,10000039,41403,37999999.99,37999999.99,37999999.99,2,2
2017-12-02,10000039,41404,37999999.98,37999999.98,37999999.98,1,1
2017-12-02,10000039,41411,44995554.63,44989998.98,44999998.94,9,8
2017-12-02,10000039,41415,181500000,175000000,187999999.99,4,2
2017-12-02,10000039,41459,359999999.99,359999999.99,359999999.99,3,3
2017-12-02,10000039,41469,58499999.92,57999999.99,59999999.68,4,3
2017-12-02,10000039,41486,30999999.88,30999999.88,30999999.88,1,1
2017-12-02,10000039,41489,13994.97,13994.97,13994.97,2317,8
2017-12-02,10000039,41490,1248989.05,1248989.03,1248989.07,669,20
2017-12-02,10000039,41491,31998999.09,31998999.09,31998999.09,2,2
2017-12-02,10000039,41492,152999999.97,152999999.97,152999999.97,2,1
2017-12-02,10000039,41493,167142851.81,150000000,169999993.79,7,6
2017-12-02,10000039,41504,339999999.99,339999999.99,339999999.99,2,2
2017-12-02,10000039,41507,149399995.92,149399995.89,149399995.92,4,4
2017-12-02,10000039,42522,144714285.71,143000000,144999999.99,7,7
2017-12-02,10000039,42528,1899999.97,1899999.97,1899999.97,2,1
2017-12-02,10000039,42530,739999.99,739999.99,739999.99,10,1
2017-12-02,10000039,42694,999,999,999,5315,9
2017-12-02,10000039,42695,1199.99,1199.99,1199.99,10568,12
2017-12-02,10000039,42696,1149.99,1149.99,1149.99,6952,8
2017-12-02,10000039,42829,950.5,950.5,950.5,24800,11
2017-12-02,10000039,42830,950.5,950.5,950.5,8850,8
2017-12-02,10000039,42831,1055.99,1055.95,1055.99,1700,3
2017-12-02,10000039,42838,999,999,999,520,1
2017-12-02,10000039,42839,924,924,924,3520,2
2017-12-02,10000039,42840,998,998,998,1262,3
2017-12-02,10000039,42890,115000000,115000000,115000000,1,1
2017-12-02,10000039,43551,8500000,4999999.99,9000000,16,8
2017-12-02,10000039,43555,4312844.51,4312844.51,4312844.51,10,6
2017-12-02,10000039,43556,4249999.92,4249999.91,4249999.93,3,3
2017-12-02,10000039,43694,67333333.33,67000000,69000000,12,3
2017-12-02,10000039,43699,200000,200000,200000,25,1
2017-12-02,10000039,43700,5999999.98,5999999.98,5999999.98,16,2
2017-12-02,10000039,43702,160000,160000,160000,1,1
2017-12-02,10000039,43894,799999.9,799999.9,799999.9,1,1
2017-12-02,10000039,44067,289999998.6,289999998.6,289999998.6,1,1
2017-12-02,10000039,44102,2599999.98,2599999.98,2599999.98,2,2
2017-12-02,10000039,44992,2950003.03,2950003.03,2950003.21,5300,13
2017-12-02,10000039,45010,260017.06,260017.06,260017.06,6,3
2017-12-02,10000039,45589,59000000,59000000,59000000,2,2
2017-12-02,10000039,45590,20000000,20000000,20000000,1,1
2017-12-02,10000039,45595,58000000,58000000,58000000,1,1
2017-12-02,10000039,45601,43999879.86,43999879.86,43999879.86,1,1
2017-12-02,10000039,45615,50799999.99,50799999.99,50799999.99,1,1
2017-12-02,10000039,45626,60000000,60000000,60000000,2,2
2017-12-02,10000039,45746,1799999.95,1799999.95,1799999.95,1,1
2017-12-02,10000039,45748,6499999.99,6499999.99,6499999.99,1,1
2017-12-02,10000039,45749,29999999.99,29999999.99,29999999.99,1,1
2017-12-02,10000039,45750,17999999.99,17999999.99,17999999.99,1,1
2017-12-02,10000039,45998,7999999,7999999,7999999,1,1
2017-12-02,10000039,46000,32000000,32000000,32000000,1,1
2017-12-02,10000039,46003,29999999,29999999,29999999,1,1
2017-12-02,10000039,46152,11999999.98,11999999.98,11999999.98,1,1
2017-12-02,10000039,46153,17999999.98,17999999.98,17999999.98,1,1
2017-12-02,10000039,46154,23999999.98,23999999.98,23999999.98,1,1
2017-12-02,10000039,46155,29999999.97,29999999.97,29999999.97,1,1
2017-12-02,10000039,46156,35999999.98,35999999.98,35999999.98,1,1
2017-12-02,10000039,46355,170000,170000,170000,4,1
2017-12-02,10000039,46365,180000,180000,180000,4,1
2017-12-02,10000039,46367,175000,175000,175000,4,1
2017-12-02,10000039,46369,185000,185000,185000,4,1
2017-12-02,10000039,46371,190000,190000,190000,4,1
2017-12-02,10000039,46688,500,500,500,58,1
2017-12-02,10000039,47029,300000000,300000000,300000000,1,1
2017-12-02,10000040,34,4.61,4.61,4.61,4541875,2
2017-12-02,10000040,36,61.35,61.35,61.35,998126,1
2017-12-02,10000040,38,300.76,300.76,300.76,50000,1
2017-12-02,10000040,40,875,875,875,100000,1
2017-12-02,10000040,179,8,8,8,1000,1
2017-12-02,10000040,190,59.75,57.5,62,10000,2
2017-12-02,10000040,201,295,295,295,1002000,2
2017-12-02,10000040,207,150,150,150,435,1
2017-12-02,10000040,208,85,85,85,20000,1
2017-12-02,10000040,211,12.29,12.29,12.29,500,1
2017-12-02,10000040,212,20,20,20,2000,1
2017-12-02,10000040,380,566666.67,550000,587500.01,18,4
2017-12-02,10000040,393,48750.01,48750.01,48750.01,1,1
2017-12-02,10000040,434,98750,98750,98750,6,2
2017-12-02,10000040,444,360781.26,360781.26,360781.26,1,1
2017-12-02,10000040,484,25000,25000,25000,2,2
2017-12-02,10000040,491,287500.01,287500.01,287500.01,4,1
2017-12-02,10000040,519,1214582.5,1199999,1287500.01,6,3
2017-12-02,10000040,577,35000,35000,35000,10,1
2017-12-02,10000040,584,1000000,1000000,1000000,2,1
2017-12-02,10000040,603,687500.01,687500.01,687500.01,1,1
2017-12-02,10000040,605,600000,600000,600000,2,2
2017-12-02,10000040,620,19875000.01,19875000.01,19875000.01,9,1
2017-12-02,10000040,639,178750000.01,178750000.01,178750000.01,1,1
2017-12-02,10000040,640,182833333.34,159875000,228750000.01,3,2
2017-12-02,10000040,652,2365000,1987500,3875000,25,2
2017-12-02,10000040,654,1600000,1600000,1600000,3,2
2017-12-02,10000040,655,1800000,1800000,1800000,4,4
2017-12-02,10000040,656,1800000,1800000,1800000,2,2
2017-12-02,10000040,657,1987500,1987500,1987500,1,1
2017-12-02,10000040,1182,90000,90000,90000,5,2
2017-12-02,10000040,1248,3099999,3099999,3099999,7,1
2017-12-02,10000040,1317,20000,20000,20000,2,1
2017-12-02,10000040,1319,949061.28,948474.58,950000,13,3
2017-12-02,10000040,1355,1262500,1250000,1275000,2,2
2017-12-02,10000040,1405,964209.77,905420,993604.65,9,2
2017-12-02,10000040,1447,908214.29,908214.29,908214.29,1,1
2017-12-02,10000040,1952,1450000,1450000,1450000,1,1
2017-12-02,10000040,1978,1937500,1875000.01,1999999.99,4,3
2017-12-02,10000040,1987,1250000,1250000,1250000,1,1
2017-12-02,10000040,1999,1500000,1500000,1500000,2,2
2017-12-02,10000040,2032,587500.01,587500.01,587500.01,3,2
2017-12-02,10000040,2161,500000,500000,500000,1,1
2017-12-02,10000040,2173,25000,25000,25000,6,1
2017-12-02,10000040,2175,1460344.03,1449998.99,1500000,29,3
2017-12-02,10000040,2185,1071428.56,1000000,1099999.98,7,3
2017-12-02,10000040,2193,250000,250000,250000,10,2
2017-12-02,10000040,2195,2879245.28,2800000,3000000,53,4
2017-12-02,10000040,2205,516666.67,500000,550000,15,2
2017-12-02,10000040,2254,954545.45,500000,1000000,11,2
2017-12-02,10000040,2281,3038000,2980000,3300000,5,4
2017-12-02,10000040,2293,108000,108000,108000,3,1
2017-12-02,10000040,2301,2487500.01,2487500.01,2487500.01,2,1
2017-12-02,10000040,2321,16464.65,16464.65,16464.65,975,1
2017-12-02,10000040,2404,1200000,1200000,1200000,1,1
2017-12-02,10000040,2420,4200000,4200000,4200000,21,2
2017-12-02,10000040,2454,9999,9999,9999,5,1
2017-12-02,10000040,2456,649999.99,649999.99,650000,5,2
2017-12-02,10000040,2478,2000000,2000000,2000000,6,1
2017-12-02,10000040,2488,474999.99,450000,499999.98,10,3
2017-12-02,10000040,2516,3.96,3.96,3.96,2000,1
2017-12-02,10000040,2533,1000000,1000000,1000000,2,1
2017-12-02,10000040,2534,957471.26,872413.79,1000000,3,2
2017-12-02,10000040,2550,1000000,1000000,1000000,2,1
2017-12-02,10000040,2553,2000000,2000000,2000000,5,2
2017-12-02,10000040,2603,28750.01,28750.01,28750.01,2,1
2017-12-02,10000040,2637,1,1,1,106,1
2017-12-02,10000040,2913,1850000,1850000,1850000,4,1
2017-12-02,10000040,2969,2200000,2200000,2200000,12,2
2017-12-02,10000040,2977,699999.99,699999.99,699999.99,10,1
2017-12-02,10000040,3244,2000000,2000000,2000000,1,1
2017-12-02,10000040,3320,387500,387500,387500,1,1
2017-12-02,10000040,3331,387500,387500,387500,1,1
2017-12-02,10000040,3689,10081.2,10081.2,10081.2,1385,2
2017-12-02,10000040,3691,9803.45,9803.45,9803.45,545,1
2017-12-02,10000040,3829,47875,47000,48750,4,3
2017-12-02,10000040,3841,1400000,1400000,1400000,5,4
2017-12-02,10000040,4025,150000,150000,150000,1,1
2017-12-02,10000040,4258,3000000,3000000,3000000,1,1
2017-12-02,10000040,4302,84750000.01,84750000.01,84750000.01,1,1
2017-12-02,10000040,4308,85750000.01,85750000.01,85750000.01,1,1
2017-12-02,10000040,4312,19000,19000,19000,1516,1
2017-12-02,10000040,4383,1540852,1540852,1540852,2,2
2017-12-02,10000040,4393,98750.01,98750.01,98750.01,1,1
2017-12-02,10000040,4403,487500.01,487500.01,487500.01,1,1
2017-12-02,10000040,4405,1598181.82,1550000,1600000,31,6
2017-12-02,10000040,4435,90000,90000,90000,2,1
2017-12-02,10000040,5955,800000,800000,800000,2,1
2017-12-02,10000040,5973,700000,700000,700000,1,1
2017-12-02,10000040,6160,48750.01,48750.01,48750.01,5,1
2017-12-02,10000040,8105,1850000,1850000,1850000,11,2
2017-12-02,10000040,8517,3700000,3700000,3700000,2,2
2017-12-02,10000040,8521,298750.01,298750.01,298750.01,1,1
2017-12-02,10000040,9632,400000,200000,600000,4,3
2017-12-02,10000040,9848,77000,77000,77000,1710,1
2017-12-02,10000040,10208,24000000,24000000,24000000,1,1
2017-12-02,10000040,10212,24000000,24000000,24000000,1,1
2017-12-02,10000040,10216,24000000,24000000,24000000,1,1
2017-12-02,10000040,10221,24000000,24000000,24000000,1,1
2017-12-02,10000040,10246,10885.81,10885.81,10885.81,5,1
2017-12-02,10000040,10850,1750000,1500000,2000000,4,3
2017-12-02,10000040,10858,2500000,2500000,2500000,1,1
2017-12-02,10000040,10998,146250,75000,287500,10,3
2017-12-02,10000040,11129,17500,10000,25000,2,2
2017-12-02,10000040,11196,36000000,36000000,36000000,1,1
2017-12-02,10000040,11269,1000000,1000000,1000000,3,1
2017-12-02,10000040,11370,2575000,2550000,2600000,8,4
2017-12-02,10000040,11577,5300000,5300000,5300000,2,2
2017-12-02,10000040,11578,6000000,6000000,6000000,2,2
2017-12-02,10000040,11640,1000000,1000000,1000000,2,1
2017-12-02,10000040,12032,38000000,38000000,38000000,1,1
2017-12-02,10000040,12038,50000000,50000000,50000000,5,2
2017-12-02,10000040,12058,4375000,2500000,5000000,4,2
2017-12-02,10000040,12076,6125000,6125000,6125000,1,1
2017-12-02,10000040,12267,3650000,3650000,3650000,1,1
2017-12-02,10000040,14297,5000000,5000000,5000000,1,1
2017-12-02,10000040,14298,5000000,5000000,5000000,1,1
2017-12-02,10000040,16272,666.01,666.01,666.01,125000,3
2017-12-02,10000040,16273,100,100,100,55950,8
2017-12-02,10000040,16274,1000,1000,1000,110000,3
2017-12-02,10000040,16527,628750.01,628750.01,628750.01,9,2
2017-12-02,10000040,17366,266666.67,250000,300000,9,3
2017-12-02,10000040,17476,30000000,30000000,30000000,1,1
2017-12-02,10000040,17480,24875000,24875000,24875000,3,2
2017-12-02,10000040,17482,2091833.33,2000000,2275499.99,3,2
2017-12-02,10000040,17715,240000000,240000000,240000000,1,1
2017-12-02,10000040,17843,90000000,90000000,90000000,2,2
2017-12-02,10000040,17887,880,880,880,192195,4
2017-12-02,10000040,17889,1000,1000,1000,50000,2
2017-12-02,10000040,17918,490000000,490000000,490000000,1,1
2017-12-02,10000040,17930,60000000,60000000,60000000,1,1
2017-12-02,10000040,17938,300000,300000,300000,1,1
2017-12-02,10000040,18042,119666.67,119000,120000,6,2
2017-12-02,10000040,18064,145000,145000,145000,4,1
2017-12-02,10000040,18592,520000,520000,520000,10,1
2017-12-02,10000040,18608,950000,950000,950000,4,1
2017-12-02,10000040,18624,1000000,1000000,1000000,11,3
2017-12-02,10000040,19739,3150000,3150000,3150000,1,1
2017-12-02,10000040,19806,1500000,1500000,1500000,1,1
2017-12-02,10000040,19814,100000,100000,100000,1,1
2017-12-02,10000040,20187,1100000000,1100000000,1100000000,1,1
2017-12-02,10000040,20210,1500000,1500000,1500000,1,1
2017-12-02,10000040,20701,56000000,56000000,56000000,1,1
2017-12-02,10000040,21096,1950000,1950000,1950000,1,1
2017-12-02,10000040,21638,2000000,2000000,2000000,2,1
2017-12-02,10000040,21640,1000000,1000000,1000000,6,1
2017-12-02,10000040,21815,4000000.14,4000000.14,4000000.14,2,1
2017-12-02,10000040,21896,1000,1000,1000,2000,1
2017-12-02,10000040,22229,5750000,5750000,5750000,2,1
2017-12-02,10000040,22291,1162500,1125000,1200000,6,2
2017-12-02,10000040,22436,1130000000,1130000000,1130000000,1,1
2017-12-02,10000040,22542,400000,400000,400000,2,1
2017-12-02,10000040,23055,3800000,3800000,3800000,27,2
2017-12-02,10000040,23059,2900000,2900000,2900000,9,1
2017-12-02,10000040,23525,143750.01,143750.01,143750.01,5,1
2017-12-02,10000040,23527,746345.22,619517.83,1000000,3,2
2017-12-02,10000040,23594,1487500,1487500,1487500,1,1
2017-12-02,10000040,23606,987500,987500,987500,2,2
2017-12-02,10000040,24242,12500000.02,12500000.02,12500000.02,1,1
2017-12-02,10000040,24305,4000000,4000000,4000000,3,2
2017-12-02,10000040,24395,800000,800000,800000,3,2
2017-12-02,10000040,24417,1441666.67,1400000,1450000,6,2
2017-12-02,10000040,24427,1541687.92,1538690.48,1542187.49,7,2
2017-12-02,10000040,24445,150000,150000,150000,1,1
2017-12-02,10000040,24535,637,637,637,13000,3
2017-12-02,10000040,24698,45000000,45000000,45000000,2,2
2017-12-02,10000040,24702,46000000,46000000,46000000,2,2
2017-12-02,10000040,25588,12000,12000,12000,1,1
2017-12-02,10000040,25589,3500,3500,3500,2,1
2017-12-02,10000040,25590,90000,90000,90000,2,1
2017-12-02,10000040,25591,190000,190000,190000,2,1
2017-12-02,10000040,25592,9500,9500,9500,4,1
2017-12-02,10000040,25593,8500,8500,8500,3,2
2017-12-02,10000040,25595,15500,15500,15500,2,1
2017-12-02,10000040,25596,45000,45000,45000,117,2
2017-12-02,10000040,25598,19000,19000,19000,149,2
2017-12-02,10000040,25599,890,890,890,28,2
2017-12-02,10000040,25600,30000,30000,30000,118,3
2017-12-02,10000040,25601,3900,3900,3900,29,2
2017-12-02,10000040,25602,11000,11000,11000,1,1
2017-12-02,10000040,25603,32000,32000,32000,2,2
2017-12-02,10000040,25604,15000,15000,15000,2,1
2017-12-02,10000040,25605,29000,29000,29000,1,1
2017-12-02,10000040,25606,52000,52000,52000,1,1
2017-12-02,10000040,25715,1950000,1950000,1950000,3,1
2017-12-02,10000040,25861,484894.08,453623,487500,13,3
2017-12-02,10000040,26929,250000,250000,250000,2,1
2017-12-02,10000040,27339,3000,3000,3000,7300,1
2017-12-02,10000040,27351,2799.98,2799.98,2799.98,10000,1
2017-12-02,10000040,27359,2799.98,2799.98,2799.98,1000,1
2017-12-02,10000040,27361,949.98,949.98,949.98,9000,2
2017-12-02,10000040,27371,1100,1100,1100,6000,2
2017-12-02,10000040,27381,1000,1000,1000,10000,1
2017-12-02,10000040,27387,950,950,950,9289,2
2017-12-02,10000040,27912,1387500.01,1387500.01,1387500.01,137,2
2017-12-02,10000040,27914,1916666.67,1750000,2000000,3,2
2017-12-02,10000040,27916,1000000,1000000,1000000,68,1
2017-12-02,10000040,28262,450000,450000,450000,5,1
2017-12-02,10000040,28361,7000.01,7000.01,7000.01,33,1
2017-12-02,10000040,28365,25000.01,25000.01,25000.01,73,1
2017-12-02,10000040,28366,1380000,1380000,1380000,42,1
2017-12-02,10000040,28576,1250000,1250000,1250000,6,2
2017-12-02,10000040,28578,2000000,2000000,2000000,6,1
2017-12-02,10000040,28606,920000000,920000000,920000000,1,1
2017-12-02,10000040,28668,29500,29500,29500,200,1
2017-12-02,10000040,29001,17500,17500,17500,2,2
2017-12-02,10000040,29009,12000,12000,12000,1,1
2017-12-02,10000040,29248,600000,600000,600000,1,1
2017-12-02,10000040,30013,62000,50000,100000,50,3
2017-12-02,10000040,30028,74999.99,74999.99,74999.99,16,1
2017-12-02,10000040,30486,800000,800000,800000,11,1
2017-12-02,10000040,30488,698000,650000,710000,40,2
2017-12-02,10000040,31155,2000000,2000000,2000000,2,1
2017-12-02,10000040,31183,5000000,5000000,5000000,1,1
2017-12-02,10000040,31185,12000000,12000000,12000000,1,1
2017-12-02,10000040,31360,5000000,5000000,5000000,3,3
2017-12-02,10000040,31372,2197967.93,2188692.29,2300000,24,3
2017-12-02,10000040,31718,340000,300000,350000,5,2
2017-12-02,10000040,31754,349999.99,349999.99,349999.99,2,1
2017-12-02,10000040,31790,2825000,2600000,3500000,8,3
2017-12-02,10000040,31796,37750000,35000000,40500000,6,3
2017-12-02,10000040,31812,36000000,36000000,36000000,2,1
2017-12-02,10000040,31864,2900000,2900000,2900000,2,1
2017-12-02,10000040,31866,3500000,3500000,3500000,11,2
2017-12-02,10000040,31868,101000.52,101000.52,101000.52,5,1
2017-12-02,10000040,31870,6000000,6000000,6000000,5,1
2017-12-02,10000040,32340,12500000,12500000,12500000,9,1
2017-12-02,10000040,32817,2000000,2000000,2000000,2,1
2017-12-02,10000040,32819,2999500,2999000,3000000,4,3
2017-12-02,10000040,32880,217000,217000,217000,3,1
2017-12-02,10000040,33474,1700000,1700000,1700000,1,1
2017-12-02,10000040,33475,11008333.33,11000000,11050000,6,3
2017-12-02,10000040,33681,100000000,100000000,100000000,1,1
2017-12-02,10000040,33822,90000,90000,90000,1,1
2017-12-02,10000040,35656,150000,150000,150000,1,1
2017-12-02,10000040,35658,1000000,1000000,1000000,1,1
2017-12-02,10000040,35659,75000,75000,75000,7,3
2017-12-02,10000040,35660,123333.33,60000,250000,3,3
2017-12-02,10000040,35661,850000,850000,850000,2,2
2017-12-02,10000040,35771,1823750,1750000,1897500,2,2
2017-12-02,10000040,35790,2487500,2487500,2487500,2,1
2017-12-02,10000040,40520,959999989.19,959999989.19,959999989.19,1,1
2017-12-02,10000040,40556,14000000,14000000,14000000,15,2
2017-12-02,10000040,40560,34000000,34000000,34000000,4,1
2017-12-02,10000040,41034,400000,400000,400000,1,1
2017-12-02,10000040,41415,159500000,159500000,159500000,8,4
2017-12-02,10000040,41486,29999999.99,29999999.99,29999999.99,2,1
2017-12-02,10000040,41490,1366666.67,1000000,1440000,18,2
2017-12-02,10000040,42829,738.07,738.07,738.07,500,1
2017-12-02,10000040,45589,65000000,65000000,65000000,1,1
2017-12-02,10000040,45601,40000000,40000000,40000000,1,1
2017-12-02,10000040,45613,45000000,45000000,45000000,1,1
2017-12-02,10000040,45625,10000000.5,1,20000000,2,2
2017-12-02,10000040,45635,257800000.01,257800000.01,257800000.01,1,1
2017-12-02,10000041,34,4.99,4.99,4.99,14804338,7
2017-12-02,10000041,35,2.51,2.51,2.51,9255333,7
2017-12-02,10000041,36,10,10,10,287114,5
2017-12-02,10000041,37,31.01,31.01,31.01,92812,4
2017-12-02,10000041,38,160,160,160,28183,3
2017-12-02,10000041,39,500.03,500.03,500.03,7699,6
2017-12-02,10000041,40,600,300,1000,1239,6
2017-12-02,10000041,42,1708.58,1708.58,1708.58,369234,6
2017-12-02,10000041,44,14580.41,14580.41,14580.41,1155,1
2017-12-02,10000041,434,60000,60000,60000,2,2
2017-12-02,10000041,438,3750000,3000000,4500000,2,2
2017-12-02,10000041,440,5513999.95,5513999.95,5513999.95,1,1
2017-12-02,10000041,448,1984419.85,1555248.16,2000000,25,4
2017-12-02,10000041,499,12000,12000,12000,6,2
2017-12-02,10000041,519,1800000,1800000,1800000,2,1
2017-12-02,10000041,527,1133333.33,1000000,1200000,3,3
2017-12-02,10000041,583,500000,500000,500000,1,1
2017-12-02,10000041,592,102503.82,50000,155007.64,2,2
2017-12-02,10000041,593,499999,499998,500000,2,2
2017-12-02,10000041,601,750000,750000,750000,1,1
2017-12-02,10000041,607,483333.33,450000,500000,3,3
2017-12-02,10000041,608,492525.51,462627.56,500000,5,2
2017-12-02,10000041,629,9990000.01,9990000.01,9990000.01,1,1
2017-12-02,10000041,632,9500000,9500000,9500000,1,1
2017-12-02,10000041,641,126000000,75000000,177000000,2,2
2017-12-02,10000041,654,1375000,1000000,1750000,2,2
2017-12-02,10000041,655,2000000,2000000,2000000,1,1
2017-12-02,10000041,656,1550000,1550000,1550000,1,1
2017-12-02,10000041,657,1500000,1500000,1500000,1,1
2017-12-02,10000041,1236,617857.14,600000,625000,7,4
2017-12-02,10000041,1306,400000,400000,400000,1,1
2017-12-02,10000041,1317,99000.99,99000.99,99000.99,20,1
2017-12-02,10000041,1319,1299216.76,1299216.76,1299216.76,2,1
2017-12-02,10000041,1335,440000,440000,440000,2,1
2017-12-02,10000041,1403,150000,150000,150000,1,1
2017-12-02,10000041,1405,650000,650000,650000,6,3
2017-12-02,10000041,1810,9,9,9,1,1
2017-12-02,10000041,1855,1350000,1350000,1350000,1,1
2017-12-02,10000041,1875,25000,25000,25000,9,3
2017-12-02,10000041,1952,1078888.89,900000,1347222.22,5,3
2017-12-02,10000041,1969,1950000,1950000,1950000,2,1
2017-12-02,10000041,1978,1664446.97,1600000,1793340.91,3,2
2017-12-02,10000041,2032,510000,510000,510000,2,1
2017-12-02,10000041,2046,40000,40000,40000,1,1
2017-12-02,10000041,2048,594980,500000,615000,5,4
2017-12-02,10000041,2185,999999,999999,999999,10,2
2017-12-02,10000041,2195,2690000,2690000,2690000,5,1
2017-12-02,10000041,2203,15000,15000,15000,1,1
2017-12-02,10000041,2205,629165.67,599999,774998.99,6,2
2017-12-02,10000041,2281,2995000,2995000,2995000,2,1
2017-12-02,10000041,2346,126869.59,126869.59,126869.59,1171,2
2017-12-02,10000041,2364,1050000,1050000,1050000,1,1
2017-12-02,10000041,2436,2100000,2100000,2100000,15,2
2017-12-02,10000041,2446,2399000,2399000,2399000,2,1
2017-12-02,10000041,2456,420000,420000,420000,9,2
2017-12-02,10000041,2464,39999,39999,39999,10,1
2017-12-02,10000041,2488,505213.14,495639.42,510000,30,4
2017-12-02,10000041,2495,500000,500000,500000,1,1
2017-12-02,10000041,2505,500000,500000,500000,1,1
2017-12-02,10000041,2525,145000,145000,145000,1,1
2017-12-02,10000041,2603,43549.76,25000.01,99999,4,4
2017-12-02,10000041,2605,500000,500000,500000,5,2
2017-12-02,10000041,2897,1400000,1400000,1400000,7,1
2017-12-02,10000041,2905,650000,650000,650000,4,1
2017-12-02,10000041,2969,2200000,2200000,2200000,6,1
2017-12-02,10000041,2977,900000,900000,900000,4,1
2017-12-02,10000041,3057,3500000,3500000,3500000,2,1
2017-12-02,10000041,3138,1800000,1800000,1800000,6,1
2017-12-02,10000041,3146,2000000,2000000,2000000,1,1
2017-12-02,10000041,3178,806666.67,740000,820000,6,2
2017-12-02,10000041,3242,100000,100000,100000,1,1
2017-12-02,10000041,3244,1760000,1600000,2000000,5,4
2017-12-02,10000041,3530,1500000,1500000,1500000,5,1
2017-12-02,10000041,3540,1985208.33,1985208.33,1985208.33,1,1
2017-12-02,10000041,3568,780000,780000,780000,2,1
2017-12-02,10000041,3578,2520292,2230876,2665000,3,2
2017-12-02,10000041,3645,150,150,150,9562,1
2017-12-02,10000041,3699,45,45,45,100,1
2017-12-02,10000041,3777,2861.99,2861.91,2861.99,1421631,9
2017-12-02,10000041,3829,750000,750000,750000,4,1
2017-12-02,10000041,3831,872500,850000,895000,2,2
2017-12-02,10000041,4027,90000,90000,90000,4,3
2017-12-02,10000041,4051,20000,20000,20000,35,1
2017-12-02,10000041,4247,15000,15000,15000,1429,2
2017-12-02,10000041,4258,2895000,2895000,2895000,1,1
2017-12-02,10000041,4312,18500,18500,18500,9407,1
2017-12-02,10000041,4313,10000000,10000000,10000000,1,1
2017-12-02,10000041,4385,6000000,6000000,6000000,1,1
2017-12-02,10000041,4403,399000,399000,399000,1,1
2017-12-02,10000041,4405,1999999.39,1999999.39,1999999.39,2,1
2017-12-02,10000041,4573,399999,399999,399999,1,1
2017-12-02,10000041,4835,99999,99999,99999,1,1
2017-12-02,10000041,5245,5000,5000,5000,3,1
2017-12-02,10000041,5443,300000,300000,300000,5,1
2017-12-02,10000041,5445,790000,790000,790000,1,1
2017-12-02,10000041,5493,126282.73,90708.34,149999,10,3
2017-12-02,10000041,5599,300000,300000,300000,2,1
2017-12-02,10000041,5971,67499.5,35000,99999,8,5
2017-12-02,10000041,5973,426302.77,400000,452605.54,2,2
2017-12-02,10000041,5975,28999,28999,28999,1,1
2017-12-02,10000041,6173,249999,249999,249999,1,1
2017-12-02,10000041,8529,199999,199999,199999,3,1
2017-12-02,10000041,9135,550000,550000,550000,2,1
2017-12-02,10000041,10190,1215850,1199250,1220000,5,2
2017-12-02,10000041,10680,730000,730000,730000,1,1
2017-12-02,10000041,11129,15000,15000,15000,1,1
2017-12-02,10000041,11132,50000,50000,50000,1,1
2017-12-02,10000041,11134,50000,50000,50000,1,1
2017-12-02,10000041,11172,20333333.33,13000000,35000000,3,3
2017-12-02,10000041,11176,32495995.67,12000000,42743993.5,3,3
2017-12-02,10000041,11190,33250000,33000000,33500000,2,2
2017-12-02,10000041,11196,34000000,34000000,34000000,1,1
2017-12-02,10000041,11198,29000000,29000000,29000000,1,1
2017-12-02,10000041,11202,21666666.67,15000000,35000000,3,3
2017-12-02,10000041,11289,50000,50000,50000,270,4
2017-12-02,10000041,11349,200000,200000,200000,1,1
2017-12-02,10000041,11377,13000000,13000000,13000000,1,1
2017-12-02,10000041,11489,500000,500000,500000,1,1
2017-12-02,10000041,11577,3500000,3500000,3500000,1,1
2017-12-02,10000041,11578,7000000,7000000,7000000,1,1
2017-12-02,10000041,11642,2000000,2000000,2000000,1,1
2017-12-02,10000041,11646,2300000,2300000,2300000,4,3
2017-12-02,10000041,11648,1934000,1901000,2000000,3,2
2017-12-02,10000041,12005,75000000,75000000,75000000,2,2
2017-12-02,10000041,12042,31000000,31000000,31000000,1,1
2017-12-02,10000041,12058,3600000,3600000,3600000,1,1
2017-12-02,10000041,12198,1100000,1100000,1100000,3,1
2017-12-02,10000041,12199,5780000,5780000,5780000,10,1
2017-12-02,10000041,12559,250000,250000,250000,30,1
2017-12-02,10000041,12565,225000,225000,225000,20,1
2017-12-02,10000041,12612,70,70,70,3000,1
2017-12-02,10000041,12614,65,65,65,3000,1
2017-12-02,10000041,12631,75,75,75,1000,1
2017-12-02,10000041,12743,75000000,75000000,75000000,2,2
2017-12-02,10000041,12767,120,120,120,1000,1
2017-12-02,10000041,12771,120,120,120,1000,1
2017-12-02,10000041,12773,188.01,188.01,188.01,2176,2
2017-12-02,10000041,12785,105,105,105,535,1
2017-12-02,10000041,12789,119,119,119,1200,1
2017-12-02,10000041,12822,300000,300000,300000,4,1
2017-12-02,10000041,12826,225000,225000,225000,3,1
2017-12-02,10000041,16120,35000,35000,35000,10,2
2017-12-02,10000041,16121,65000,65000,65000,16,2
2017-12-02,10000041,16125,2000000,2000000,2000000,10,2
2017-12-02,10000041,16240,1000000,1000000,1000000,1,1
2017-12-02,10000041,16242,998500,998000,999000,2,2
2017-12-02,10000041,16267,494642.23,494642.23,494642.23,72,2
2017-12-02,10000041,16273,165,165,165,75755,24
2017-12-02,10000041,16274,850,850,850,317220,5
2017-12-02,10000041,16275,4500,4500,4500,6500,1
2017-12-02,10000041,16278,2250000,2250000,2250000,2,1
2017-12-02,10000041,16281,250000,250000,250000,2,1
2017-12-02,10000041,16367,248000,248000,248000,1,1
2017-12-02,10000041,16375,175000,175000,175000,1,1
2017-12-02,10000041,16383,175000,175000,175000,1,1
2017-12-02,10000041,16495,169000,169000,169000,2,1
2017-12-02,10000041,16505,1000000,1000000,1000000,1,1
2017-12-02,10000041,16507,210000,210000,210000,1,1
2017-12-02,10000041,17327,5000000,5000000,5000000,1,1
2017-12-02,10000041,17328,5000000,5000000,5000000,1,1
2017-12-02,10000041,17351,5000000,5000000,5000000,1,1
2017-12-02,10000041,17356,5000000,5000000,5000000,1,1
2017-12-02,10000041,17366,50000,50000,50000,2,1
2017-12-02,10000041,17449,1000,1000,1000,10132,5
2017-12-02,10000041,17476,40000000,40000000,40000000,1,1
2017-12-02,10000041,17480,22000000,22000000,22000000,2,2
2017-12-02,10000041,17738,150000000,150000000,150000000,1,1
2017-12-02,10000041,17887,1149,1149,1149,49800,4
2017-12-02,10000041,17888,884,884,884,71000,5
2017-12-02,10000041,17889,1149,1149,1149,20800,4
2017-12-02,10000041,17938,199999,199999,199999,5,1
2017-12-02,10000041,18036,350000,350000,350000,4,1
2017-12-02,10000041,18052,100000,100000,100000,1,1
2017-12-02,10000041,18058,50000,50000,50000,1,1
2017-12-02,10000041,18062,85000,85000,85000,2,2
2017-12-02,10000041,18066,75000,75000,75000,1,1
2017-12-02,10000041,18635,400000,400000,400000,11,2
2017-12-02,10000041,19760,200000,200000,200000,1,1
2017-12-02,10000041,19921,100000,100000,100000,1,1
2017-12-02,10000041,19922,900000,900000,900000,1,1
2017-12-02,10000041,21096,2577760.21,2500000,3500000,35,11
2017-12-02,10000041,21603,12500000,12500000,12500000,1,1
2017-12-02,10000041,21640,1106675.17,1050000,1208690.48,14,3
2017-12-02,10000041,21894,1499,1499,1499,1000,1
2017-12-02,10000041,21896,1199,1199,1199,2000,1
2017-12-02,10000041,21898,610,610,610,2500,1
2017-12-02,10000041,22175,75000,75000,75000,3,1
2017-12-02,10000041,22177,93999.2,70000,99999,5,2
2017-12-02,10000041,22576,300000,300000,300000,1,1
2017-12-02,10000041,22578,80000,80000,80000,3,3
2017-12-02,10000041,22782,1720000,1720000,1720000,1,1
2017-12-02,10000041,23009,626.26,626.26,626.26,11500,4
2017-12-02,10000041,23559,120000,120000,120000,5,1
2017-12-02,10000041,23707,8000,8000,8000,3,2
2017-12-02,10000041,23911,844884708,844884708,844884708,1,1
2017-12-02,10000041,24443,1000000,1000000,1000000,1,1
2017-12-02,10000041,24499,222,222,222,1000,1
2017-12-02,10000041,24535,475,475,475,700,1
2017-12-02,10000041,24700,50000000,50000000,50000000,1,1
2017-12-02,10000041,25589,3128.61,3128.61,3128.61,27,2
2017-12-02,10000041,25590,118750.01,118750.01,118750.01,101,2
2017-12-02,10000041,25591,165000,165000,165000,15,1
2017-12-02,10000041,25592,200,200,200,67,1
2017-12-02,10000041,25593,7866.51,7866.51,7866.51,103,2
2017-12-02,10000041,25594,43000,43000,43000,71,1
2017-12-02,10000041,25595,16300,16300,16300,92,2
2017-12-02,10000041,25596,27500,27500,27500,8,2
2017-12-02,10000041,25597,500,500,500,29,2
2017-12-02,10000041,25598,1600.2,1600.2,1600.2,370,2
2017-12-02,10000041,25599,300,300,300,295,2
2017-12-02,10000041,25600,20000,20000,20000,270,3
2017-12-02,10000041,25601,3000,3000,3000,287,4
2017-12-02,10000041,25602,10000,10000,10000,64,2
2017-12-02,10000041,25603,32000.01,32000.01,32000.01,58,1
2017-12-02,10000041,25604,7999,7999,7999,2,1
2017-12-02,10000041,25605,25000,25000,25000,79,1
2017-12-02,10000041,27351,3196.6,3196.6,3196.6,2000,1
2017-12-02,10000041,27361,499,499,499,1000,1
2017-12-02,10000041,28668,31000,30249.8,31273.78,660,7
2017-12-02,10000041,28670,68192,68192,68192,1,1
2017-12-02,10000041,28999,25266.74,25266.74,25266.74,1,1
2017-12-02,10000041,29001,49999,49999,49999,1,1
2017-12-02,10000041,29009,20250.01,12500,28000.01,2,2
2017-12-02,10000041,29013,8750,8750,8750,2,1
2017-12-02,10000041,29015,8500,8500,8500,2,1
2017-12-02,10000041,30013,49999,49999,49999,52,2
2017-12-02,10000041,30488,500000,500000,500000,8,1
2017-12-02,10000041,31045,760000,760000,760000,1,1
2017-12-02,10000041,31047,3480000,3480000,3480000,4,2
2017-12-02,10000041,31065,3840000,3840000,3840000,1,1
2017-12-02,10000041,31106,125000,125000,125000,1,1
2017-12-02,10000041,31118,125000,125000,125000,1,1
2017-12-02,10000041,31130,125000,125000,125000,1,1
2017-12-02,10000041,31142,125000,125000,125000,1,1
2017-12-02,10000041,31153,250000,250000,250000,1,1
2017-12-02,10000041,31154,125000,125000,125000,1,1
2017-12-02,10000041,31160,125000,125000,125000,1,1
2017-12-02,10000041,31177,248000,245000,250000,5,2
2017-12-02,10000041,31178,125000,125000,125000,1,1
2017-12-02,10000041,31190,125000,125000,125000,1,1
2017-12-02,10000041,31360,3163903.84,3058615.34,3199000,4,2
2017-12-02,10000041,31484,2850000,2850000,2850000,8,1
2017-12-02,10000041,31682,399999.98,399999.98,399999.98,2,1
2017-12-02,10000041,31880,2500000,2500000,2500000,10,1
2017-12-02,10000041,31882,2525000,2525000,2525000,5,1
2017-12-02,10000041,31884,2833333.32,2500000,3249999.98,9,2
2017-12-02,10000041,31892,4720000,4720000,4720000,5,1
2017-12-02,10000041,32006,130000,130000,130000,5,1
2017-12-02,10000041,32014,225249.7,199999,245000,40,4
2017-12-02,10000041,32787,42857.14,40000,50000,14,2
2017-12-02,10000041,32874,1250000,1250000,1250000,1,1
2017-12-02,10000041,32880,525000,500000,550000,2,2
2017-12-02,10000041,33076,700000,700000,700000,1,1
2017-12-02,10000041,33178,399999,399999,399999,1,1
2017-12-02,10000041,33180,399999,399999,399999,1,1
2017-12-02,10000041,33468,60000000,60000000,60000000,3,2
2017-12-02,10000041,33474,2169252.71,2169252.71,2169252.71,1,1
2017-12-02,10000041,33475,9225000,8950000,9500000,2,2
2017-12-02,10000041,33577,500000,500000,500000,6511,7
2017-12-02,10000041,33681,82900000,82900000,82900000,1,1
2017-12-02,10000041,33890,830000,830000,830000,6,2
2017-12-02,10000041,34267,125000,125000,125000,1,1
2017-12-02,10000041,35656,149999,149999,149999,1,1
2017-12-02,10000041,35683,55000000,55000000,55000000,1,1
2017-12-02,10000041,41034,1300000,1300000,1300000,6,1
2017-12-02,10000041,41155,15000,15000,15000,2,1
2017-12-02,10000041,41489,25000,25000,25000,20,2
2017-12-02,10000041,42694,900,900,900,100,1
2017-12-02,10000041,42696,1000,1000,1000,100,1
2017-12-02,10000041,44992,2800024.11,2800024.11,2800024.11,280,1
2017-12-02,10000041,46205,20000000,20000000,20000000,2,1
2017-12-02,10000041,46365,275000,275000,275000,4,1
2017-12-02,10000041,46367,350000,350000,350000,8,1
2017-12-02,10000041,46368,1000000,1000000,1000000,10,2
2017-12-02,10000042,18,55.4,55.4,55.4,9581306,140
2017-12-02,10000042,19,1800,1800,1800,36,1
2017-12-02,10000042,20,296.92,296.92,296.92,340375,51
2017-12-02,10000042,21,406.5,406.5,406.5,156,1
2017-12-02,10000042,34,4.3,4.15,4.9,185221256,268
2017-12-02,10000042,35,4.25,4.25,4.25,168160146,197
2017-12-02,10000042,36,56.16,56.16,56.16,37696070,151
2017-12-02,10000042,37,40.33,40.33,40.33,1549582,119
2017-12-02,10000042,38,432.77,430,433,436990,117
2017-12-02,10000042,39,1006.03,1006.02,1100,484738,84
2017-12-02,10000042,40,1467.98,1467.98,1467.98,262284,83
2017-12-02,10000042,41,28.34,28.34,28.34,119240,27
2017-12-02,10000042,42,394.13,376.5,400,40,4
2017-12-02,10000042,43,332.31,332.23,332.31,500259,33
2017-12-02,10000042,44,11620,11620,12399.97,31344,7
2017-12-02,10000042,45,6.03,6.03,6.03,240,14
2017-12-02,10000042,178,4.99,4.99,4.99,57970,50
2017-12-02,10000042,179,5.48,5.48,5.48,8273,18
2017-12-02,10000042,180,6.49,6.49,6.49,62071,37
2017-12-02,10000042,181,9.98,1.25,9.99,8543,23
2017-12-02,10000042,182,7.47,7.45,8.98,15495,13
2017-12-02,10000042,183,14.13,14.13,14.13,131551,40
2017-12-02,10000042,184,14.93,14.93,14.94,50266,37
2017-12-02,10000042,185,16.72,16,16.76,213813,58
2017-12-02,10000042,186,0.01,0.01,0.01,900,4
2017-12-02,10000042,187,1.31,1,23.95,1900,5
2017-12-02,10000042,188,7.01,7.01,7.01,941,5
2017-12-02,10000042,189,57.94,57.94,57.94,23038,10
2017-12-02,10000042,190,46,46,46,22901,12
2017-12-02,10000042,191,30,30,30,146482,9
2017-12-02,10000042,192,45,45,45,76700,7
2017-12-02,10000042,193,45.98,45.98,45.98,35903,8
2017-12-02,10000042,194,0.99,0.99,0.99,900,3
2017-12-02,10000042,195,0.99,0.99,0.99,1500,3
2017-12-02,10000042,196,0.99,0.99,0.99,2000,3
2017-12-02,10000042,197,0.99,0.99,0.99,1300,2
2017-12-02,10000042,198,0.99,0.99,0.99,1700,2
2017-12-02,10000042,199,161.9,161.87,161.9,60136,10
2017-12-02,10000042,200,194.97,194.97,194.97,95101,10
2017-12-02,10000042,201,210.69,210.69,210.69,15700,5
2017-12-02,10000042,202,400,400,400,22100,8
2017-12-02,10000042,203,199.74,199.74,199.74,35100,10
2017-12-02,10000042,204,191.49,191.49,191.49,113200,7
2017-12-02,10000042,205,218.58,218.58,218.58,42089,9
2017-12-02,10000042,206,33.88,20.29,44,32654,15
2017-12-02,10000042,207,47.28,47.28,47.28,15200,14
2017-12-02,10000042,208,74.99,63,75,25099,13
2017-12-02,10000042,209,58.49,52.94,58.78,20700,9
2017-12-02,10000042,210,11,11,11,143597,34
2017-12-02,10000042,211,15,15,15,37236,25
2017-12-02,10000042,212,18.09,16.74,18.1,11000,16
2017-12-02,10000042,213,11.98,9.89,12,15158,19
2017-12-02,10000042,215,6.34,6.34,6.34,2500,4
2017-12-02,10000042,216,0.44,0.44,0.44,720,8
2017-12-02,10000042,217,7.77,7.77,7.77,8234,5
2017-12-02,10000042,218,0.77,0.77,0.77,336,3
2017-12-02,10000042,219,6.8,6.8,6.8,5500,5
2017-12-02,10000042,220,0.16,0.16,0.16,4383,5
2017-12-02,10000042,221,1.09,1.09,1.09,652,7
2017-12-02,10000042,222,18.89,18.89,18.89,109934,34
2017-12-02,10000042,223,1.02,1.02,1.02,100,1
2017-12-02,10000042,224,39.75,39.75,39.75,14437,8
2017-12-02,10000042,225,33.73,33.73,33.73,8500,6
2017-12-02,10000042,226,69.78,69.78,69.78,6800,5
2017-12-02,10000042,227,2.22,2.22,2.22,700,4
2017-12-02,10000042,228,39.21,39.21,39.21,2640,6
2017-12-02,10000042,229,17,17,17,800,3
2017-12-02,10000042,230,87.99,87.99,87.99,77904,21
2017-12-02,10000042,231,2.04,2.04,2.04,400,3
2017-12-02,10000042,232,7.02,7.02,7.02,100,1
2017-12-02,10000042,233,26,26,26,100,1
2017-12-02,10000042,234,2.04,2.04,2.04,300,2
2017-12-02,10000042,235,43,43,43,100,1
2017-12-02,10000042,237,31.04,31.04,31.04,100,1
2017-12-02,10000042,238,156.91,156.91,156.91,12200,5
2017-12-02,10000042,239,80.26,7.01,300,8,8
2017-12-02,10000042,240,5.04,3,5.3,9,8
2017-12-02,10000042,241,1005.84,10.01,15000,18,12
2017-12-02,10000042,242,95.46,5.01,1000,11,11
2017-12-02,10000042,243,407.37,5,700,19,11
2017-12-02,10000042,244,5.01,5.01,5.01,8,7
2017-12-02,10000042,245,666.56,2.09,899,15,6
2017-12-02,10000042,246,3400.93,5,4199.97,21,8
2017-12-02,10000042,247,114524.44,27,183222.9,8,3
2017-12-02,10000042,248,31.02,31.02,31.02,2,2
2017-12-02,10000042,249,34292.86,25.01,48000,7,3
2017-12-02,10000042,250,15.07,15.07,15.07,2,1
2017-12-02,10000042,251,22.51,22.51,22.51,4,3
2017-12-02,10000042,252,22.16,22.15,22.17,2,2
2017-12-02,10000042,253,22.61,22.61,22.62,5,4
2017-12-02,10000042,254,211.58,211.58,211.58,6,3
2017-12-02,10000042,255,1777.21,1777.21,1777.21,2,2
2017-12-02,10000042,256,201,201,201,3,3
2017-12-02,10000042,257,125.03,125.02,125.03,2,2
2017-12-02,10000042,258,221.33,221.33,221.33,3,3
2017-12-02,10000042,259,103.03,103.03,103.03,1,1
2017-12-02,10000042,260,103.07,103.07,103.07,1,1
2017-12-02,10000042,261,50,50,50,1,1
2017-12-02,10000042,262,2707.48,2707.48,2707.48,1,1
2017-12-02,10000042,263,555.24,300,810.48,80,4
2017-12-02,10000042,264,500.16,500.16,500.16,4478,11
2017-12-02,10000042,266,6,6,6,4350,10
2017-12-02,10000042,269,20,20,20,3100,9
2017-12-02,10000042,377,12232.44,7007,13998.99,29,19
2017-12-02,10000042,380,553549.21,281006.43,569997.97,20,14
2017-12-02,10000042,393,71999.97,43999.93,100000,2,2
2017-12-02,10000042,394,295000,295000,295000,10,10
2017-12-02,10000042,399,26943.88,16999,30000,26,23
2017-12-02,10000042,400,463015.84,425000,691110.87,7,7
2017-12-02,10000042,434,76275.91,74999.87,97776.69,34,27
2017-12-02,10000042,438,3615833.01,3499998,3640000,24,23
2017-12-02,10000042,439,15784.65,14900,26000,57,43
2017-12-02,10000042,440,5014198.07,3800024.34,5099889.97,14,14
2017-12-02,10000042,442,6106.77,218.53,11995,6,4
2017-12-02,10000042,443,35000,35000,35000,1,1
2017-12-02,10000042,444,19830.67,8887.72,49000,11,10
2017-12-02,10000042,447,156139.75,13038.76,179989.91,7,6
2017-12-02,10000042,448,1859728.66,1700000,1876999.1,53,44
2017-12-02,10000042,451,24155.44,22799.99,34999,9,2
2017-12-02,10000042,452,30000,30000,30000,1,1
2017-12-02,10000042,457,277000,277000,277000,5,1
2017-12-02,10000042,482,1146473.62,1144999.98,1149999,38,25
2017-12-02,10000042,483,6250.6,859.06,8944,35,24
2017-12-02,10000042,484,5392.57,3189.01,6999.94,64,39
2017-12-02,10000042,485,9606.15,7889.99,11998.94,11,7
2017-12-02,10000042,486,20500,20500,20500,102,34
2017-12-02,10000042,487,26566.16,24989.98,28700,71,19
2017-12-02,10000042,488,33814.34,1777.78,34889,28,11
2017-12-02,10000042,489,31601.09,3202.17,60000,2,2
2017-12-02,10000042,490,14532.4,11999,50000,30,3
2017-12-02,10000042,493,299999.87,299999.86,299999.88,8,2
2017-12-02,10000042,499,17159.41,14000,19500,68,19
2017-12-02,10000042,519,1269816.99,1152221.03,1289998.97,73,41
2017-12-02,10000042,520,57991.98,57991.98,57991.98,152,19
2017-12-02,10000042,523,35509.57,1777.77,39899.18,16,15
2017-12-02,10000042,524,50882.89,50882.86,50883,4,3
2017-12-02,10000042,526,35114.64,9894.53,54999.99,9,8
2017-12-02,10000042,527,1067498.98,1067498.98,1067498.99,26,23
2017-12-02,10000042,529,787.77,787.77,787.77,6,2
2017-12-02,10000042,561,15640.56,9960.84,65000,9,4
2017-12-02,10000042,562,24187.4,24187.4,24187.4,3,1
2017-12-02,10000042,563,1777.32,1777.32,1777.32,2,1
2017-12-02,10000042,564,28488.42,3.05,33999.98,28,7
2017-12-02,10000042,565,295297.16,37950,699999,5,4
2017-12-02,10000042,567,42950,42950,42950,1,1
2017-12-02,10000042,570,359950,359950,359950,1,1
2017-12-02,10000042,577,49999.74,49999.74,49999.74,2,2
2017-12-02,10000042,578,78790.77,50000.15,84000.17,50,36
2017-12-02,10000042,580,1,1,1,29,1
2017-12-02,10000042,582,175000,175000,175000,1,1
2017-12-02,10000042,583,297496,195000.01,322493.99,6,6
2017-12-02,10000042,584,133646.67,26000.01,348939.99,3,3
2017-12-02,10000042,585,264346.37,180001.07,309406.98,20,16
2017-12-02,10000042,586,358908.61,300001.15,359832.86,22,19
2017-12-02,10000042,587,298639.32,297999.99,366999.99,43,28
2017-12-02,10000042,588,2201.05,1000.03,3253.88,15,9
2017-12-02,10000042,589,299966.67,295000,309900.01,3,3
2017-12-02,10000042,591,319999.99,319999.99,320000,13,2
2017-12-02,10000042,593,410185.21,404999.92,547500.56,27,18
2017-12-02,10000042,594,358367.49,325000,399999.91,13,6
2017-12-02,10000042,597,302249.75,10000.01,375000,4,4
2017-12-02,10000042,598,187166.51,20000.01,299999,6,5
2017-12-02,10000042,599,165619.81,151100,201919.61,14,11
2017-12-02,10000042,601,2920.03,600,3251.46,8,6
2017-12-02,10000042,602,287032.84,275142.65,353110,11,4
2017-12-02,10000042,603,271681.52,180000.05,363362.99,2,2
2017-12-02,10000042,605,309844.5,47000,320000,8,8
2017-12-02,10000042,606,1151.16,1000.27,5000,10,10
2017-12-02,10000042,607,397792.99,397792.99,397793,18,9
2017-12-02,10000042,608,273812.99,29000,338354.99,5,5
2017-12-02,10000042,620,8000000,8000000,8000000,4,4
2017-12-02,10000042,621,8349999.18,7700000,8999998.36,4,4
2017-12-02,10000042,622,9015369.99,8000000,9199979.99,13,12
2017-12-02,10000042,623,9848999.99,9848999.99,9848999.99,1,1
2017-12-02,10000042,624,7850002.03,7850002.03,7850002.03,1,1
2017-12-02,10000042,625,7949999.9,7949999.9,7949999.9,1,1
2017-12-02,10000042,626,8916660.78,7000001.06,9499987.85,12,10
2017-12-02,10000042,627,8000000,8000000,8000000,1,1
2017-12-02,10000042,629,9093525.46,8687051.01,9499999.92,4,4
2017-12-02,10000042,630,8099999.88,8099999.87,8099999.88,3,3
2017-12-02,10000042,631,5400000,5400000,5400000,1,1
2017-12-02,10000042,632,7584596.32,7584595.98,7584596.99,3,3
2017-12-02,10000042,634,8549999.49,8549999.49,8549999.49,1,1
2017-12-02,10000042,638,145000000,145000000,145000000,1,1
2017-12-02,10000042,639,148299999.98,148299999.98,148299999.98,1,1
2017-12-02,10000042,641,146636225.62,141009338.94,157889998.98,6,5
2017-12-02,10000042,642,130171171.67,115686686.68,134999000,4,3
2017-12-02,10000042,643,178092002.98,178092002.98,178092002.98,1,1
2017-12-02,10000042,644,100000001.05,100000001.05,100000001.05,1,1
2017-12-02,10000042,645,169999981.43,169999981.42,169999981.43,2,2
2017-12-02,10000042,648,1364999.99,1364999.99,1364999.99,1,1
2017-12-02,10000042,649,1371335.87,801000,1400999.95,6,6
2017-12-02,10000042,650,827735,601000,1054470,4,4
2017-12-02,10000042,651,938998.98,938998.98,938998.98,3,2
2017-12-02,10000042,652,1558699.52,1239000.05,1589999.63,10,10
2017-12-02,10000042,653,396903.34,337777.77,499794.97,10,10
2017-12-02,10000042,654,1105368.17,727500.01,1294000,6,6
2017-12-02,10000042,655,1013083.5,995000,1212002,12,3
2017-12-02,10000042,656,1303377.16,729820.57,1488000,7,6
2017-12-02,10000042,657,1587558.86,600034.77,1600000,9,9
2017-12-02,10000042,672,13566.48,9999.99,15000,32,19
2017-12-02,10000042,689,2100000,2100000,2100000,2,2
2017-12-02,10000042,692,82000000,82000000,82000000,2,2
2017-12-02,10000042,785,92720,92720,92720,1,1
2017-12-02,10000042,786,60000,60000,60000,1,1
2017-12-02,10000042,803,5000000,5000000,5000000,7,3
2017-12-02,10000042,804,3000000,3000000,3000000,8,4
2017-12-02,10000042,805,4000000,4000000,4000000,7,3
2017-12-02,10000042,806,2500000,2500000,2500000,7,3
2017-12-02,10000042,807,700000,700000,700000,7,2
2017-12-02,10000042,808,900000,900000,900000,6,1
2017-12-02,10000042,809,800000,800000,800000,6,1
2017-12-02,10000042,810,750000,750000,750000,6,1
2017-12-02,10000042,811,150000,150000,150000,4,4
2017-12-02,10000042,814,140000,140000,140000,3,3
2017-12-02,10000042,819,20000,20000,20000,1,1
2017-12-02,10000042,881,40000,40000,40000,4,4
2017-12-02,10000042,883,60000,60000,60000,1,1
2017-12-02,10000042,884,70000,70000,70000,2,2
2017-12-02,10000042,886,100000,100000,100000,6,3
2017-12-02,10000042,890,205000,205000,205000,7,2
2017-12-02,10000042,891,235000,235000,235000,6,6
2017-12-02,10000042,892,275000,275000,275000,22,3
2017-12-02,10000042,893,325000,325000,325000,40,10
2017-12-02,10000042,894,400000,400000,400000,54,4
2017-12-02,10000042,898,500000,500000,500000,6,1
2017-12-02,10000042,899,600000,600000,600000,6,1
2017-12-02,10000042,900,700000,700000,700000,23,3
2017-12-02,10000042,901,800000,800000,800000,54,4
2017-12-02,10000042,902,1000000,1000000,1000000,54,4
2017-12-02,10000042,945,2800000,2800000,2800000,1,1
2017-12-02,10000042,952,5000000,5000000,5000000,1,1
2017-12-02,10000042,974,83000000,83000000,83000000,2,2
2017-12-02,10000042,975,81000000,81000000,81000000,1,1
2017-12-02,10000042,976,80000000,80000000,80000000,1,1
2017-12-02,10000042,1026,87360,87360,87360,1,1
2017-12-02,10000042,1067,316360,316360,316360,2,2
2017-12-02,10000042,1072,64500,64500,64500,1,1
2017-12-02,10000042,1102,224880,224880,224880,1,1
2017-12-02,10000042,1113,60000,60000,60000,1,1
2017-12-02,10000042,1114,90000,90000,90000,1,1
2017-12-02,10000042,1115,4625000,4625000,4625000,1,1
2017-12-02,10000042,1129,750000,750000,750000,1,1
2017-12-02,10000042,1135,70000,70000,70000,1,1
2017-12-02,10000042,1143,275000,275000,275000,1,1
2017-12-02,10000042,1145,400000,400000,400000,1,1
2017-12-02,10000042,1151,700000,700000,700000,1,1
2017-12-02,10000042,1153,1000000,1000000,1000000,2,2
2017-12-02,10000042,1178,100000,100000,100000,1,1
2017-12-02,10000042,1179,250000,250000,250000,1,1
2017-12-02,10000042,1182,98111.11,45000,124999.99,9,7
2017-12-02,10000042,1183,527310.27,456002.71,539998.99,29,20
2017-12-02,10000042,1185,43798.73,1631.13,49989.99,14,10
2017-12-02,10000042,1190,1100000,1100000,1100000,4,1
2017-12-02,10000042,1195,38516.55,38499.96,39998,24,9
2017-12-02,10000042,1201,62698.53,53333,87500,21,8
2017-12-02,10000042,1202,48500,48500,48500,2,1
2017-12-02,10000042,1212,250000,250000,250000,1,1
2017-12-02,10000042,1220,45000,45000,45000,1,1
2017-12-02,10000042,1221,9000000,9000000,9000000,6,1
2017-12-02,10000042,1223,2334.35,2334.35,2334.35,52,1
2017-12-02,10000042,1224,23.02,23.02,23.02,201,4
2017-12-02,10000042,1225,1811,1811,1811,22,1
2017-12-02,10000042,1226,334.83,334.83,334.83,4472,5
2017-12-02,10000042,1227,70.04,70.04,72.13,795100,45
2017-12-02,10000042,1228,17.93,17.93,17.93,7332264,53
2017-12-02,10000042,1229,1155.23,1155.23,1155.23,4117,2
2017-12-02,10000042,1230,14,13.75,14.11,23050606,120
2017-12-02,10000042,1231,465.63,465.63,465.63,207,4
2017-12-02,10000042,1236,603944.3,344000.12,694999.98,18,11
2017-12-02,10000042,1244,1818.07,1817.77,1818.47,7,4
2017-12-02,10000042,1246,11023.64,11000,25000,14,5
2017-12-02,10000042,1248,891249.08,699999,909999,12,8
2017-12-02,10000042,1264,7999.99,7999.99,7999.99,1,1
2017-12-02,10000042,1276,250000,250000,250000,2,1
2017-12-02,10000042,1296,399999,399999,399999,1,1
2017-12-02,10000042,1304,19550.5,14101,25000,2,2
2017-12-02,10000042,1306,205232.46,1,499975.97,42,16
2017-12-02,10000042,1317,2861.18,400.4,2997.86,70,20
2017-12-02,10000042,1318,16640,16640,16640,2,2
2017-12-02,10000042,1319,569999.99,569999.99,569999.99,140,57
2017-12-02,10000042,1333,23998.57,23998,24000,7,2
2017-12-02,10000042,1335,319946.17,198654.62,324999.99,25,11
2017-12-02,10000042,1353,22500.08,20000.17,24999.99,2,2
2017-12-02,10000042,1355,574834.51,300002.36,850000,6,6
2017-12-02,10000042,1403,27301.34,19950,29896.8,35,12
2017-12-02,10000042,1405,540020.17,540020.16,579999.98,385,83
2017-12-02,10000042,1422,948940.04,939999,949990,38,15
2017-12-02,10000042,1436,1799999,1799999,1799999,1,1
2017-12-02,10000042,1445,53000,53000,53000,1,1
2017-12-02,10000042,1447,797997.1,797997.09,797997.1,30,9
2017-12-02,10000042,1539,56972.16,49999.93,77888.89,8,5
2017-12-02,10000042,1541,1402229.07,700013.51,1549999,22,20
2017-12-02,10000042,1547,1776.94,1776.94,1776.94,1,1
2017-12-02,10000042,1808,64471,48950,79992,4,3
2017-12-02,10000042,1809,187420,187420,187420,1,1
2017-12-02,10000042,1810,6.02,6.02,6.02,2050,10
2017-12-02,10000042,1814,0.02,0.02,0.02,605,9
2017-12-02,10000042,1816,3.5,3.5,3.5,500,5
2017-12-02,10000042,1818,1.01,1.01,1.01,1200,4
2017-12-02,10000042,1819,750000,750000,750000,1,1
2017-12-02,10000042,1820,16.01,16.01,16.01,500,2
2017-12-02,10000042,1822,5.17,5.16,5.17,600,3
2017-12-02,10000042,1824,21.01,21.01,21.01,600,6
2017-12-02,10000042,1826,106.14,89.57,106.15,300,3
2017-12-02,10000042,1828,399.99,399.99,399.99,80000,1
2017-12-02,10000042,1830,349.99,349.99,349.99,55200,3
2017-12-02,10000042,1832,399.99,399.99,399.99,91071,2
2017-12-02,10000042,1855,1139995.99,1139995.99,1139995.99,1,1
2017-12-02,10000042,1876,90000,90000,90000,1,1
2017-12-02,10000042,1877,1896824.43,1888888,1899999,14,3
2017-12-02,10000042,1944,1365000,1295000,1400000,3,3
2017-12-02,10000042,1948,20000,20000,20000,1,1
2017-12-02,10000042,1952,1204317.31,1199999,1204998.99,22,15
2017-12-02,10000042,1955,49999.99,49999.99,49999.99,1,1
2017-12-02,10000042,1957,19611,19611,19611,2,2
2017-12-02,10000042,1963,233980,233980,233980,6,2
2017-12-02,10000042,1964,1499999,1499999,1499999,2,2
2017-12-02,10000042,1969,1799999,1799999,1799999,3,1
2017-12-02,10000042,1973,47762.62,18638.89,75000,11,7
2017-12-02,10000042,1977,31641.96,28962.99,31700,28,27
2017-12-02,10000042,1978,1649998.99,1649998.99,1649999,8,6
2017-12-02,10000042,1986,38999.98,38999.98,38999.98,2,2
2017-12-02,10000042,1987,972512.6,250252.14,999999.99,20,8
2017-12-02,10000042,1998,31999,31999,31999,3,1
2017-12-02,10000042,1999,1221443.34,900220.25,1249998.95,42,29
2017-12-02,10000042,2006,9939998.61,9939998.61,9939998.61,1,1
2017-12-02,10000042,2018,55000,55000,55000,4,2
2017-12-02,10000042,2019,250000,250000,250000,1,1
2017-12-02,10000042,2020,299999.47,299999,299999.63,4,3
2017-12-02,10000042,2024,2199999,2199999,2199999,4,3
2017-12-02,10000042,2032,885308.26,375303.89,999898,44,25
2017-12-02,10000042,2038,1599999,1599999,1599999,3,2
2017-12-02,10000042,2046,11882.31,7000,12742.5,57,51
2017-12-02,10000042,2047,50000,50000,50000,1,1
2017-12-02,10000042,2048,574999.98,574999.96,574999.99,187,142
2017-12-02,10000042,2050,266969969.9,266969969.9,266969969.9,1,1
2017-12-02,10000042,2082,165246121.8,163000000,165807400.51,5,4
2017-12-02,10000042,2103,36999.99,36999.99,36999.99,2,2
2017-12-02,10000042,2117,2300000,2300000,2300000,1,1
2017-12-02,10000042,2161,329999.85,329999.85,329999.85,1,1
2017-12-02,10000042,2173,15880.13,13600.16,25000,15,7
2017-12-02,10000042,2174,1700000,1700000,1700000,1,1
2017-12-02,10000042,2175,1166999.89,1166999.89,1166999.89,37,8
2017-12-02,10000042,2183,27000,19344.58,30000,104,22
2017-12-02,10000042,2185,969998.59,969998.57,969998.75,245,46
2017-12-02,10000042,2193,43000.02,43000.02,43000.02,6,3
2017-12-02,10000042,2195,2367745.81,2367745.77,2367745.9,35,7
2017-12-02,10000042,2203,2902.8,2598.99,3995,67,18
2017-12-02,10000042,2204,200000,200000,200000,1,1
2017-12-02,10000042,2205,443397.71,440000,449999.24,87,16
2017-12-02,10000042,2254,81000,81000,81000,45,4
2017-12-02,10000042,2268,0.83,0.83,0.83,200000,1
2017-12-02,10000042,2272,3,3,3,2500000,1
2017-12-02,10000042,2281,2988999.99,2988999.88,2990000,105,84
2017-12-02,10000042,2287,7,7,7,1622399,1
2017-12-02,10000042,2289,90332.91,90000,90499.37,3,3
2017-12-02,10000042,2290,750000,750000,750000,1,1
2017-12-02,10000042,2292,750000,750000,750000,1,1
2017-12-02,10000042,2297,1913461.34,300000.1,2200000,13,8
2017-12-02,10000042,2299,2376879.72,1253103.02,2449998.99,15,11
2017-12-02,10000042,2301,3082419.25,1812103.38,3399998,10,7
2017-12-02,10000042,2303,2583333.77,1500007.63,2799999,12,8
2017-12-02,10000042,2310,2,2,2,1375694,1
2017-12-02,10000042,2319,5506.69,5506.69,5506.69,3805,5
2017-12-02,10000042,2329,8001.11,8001.11,8001.11,1555,1
2017-12-02,10000042,2331,118999.98,118999.98,118999.98,10,6
2017-12-02,10000042,2333,1617165.52,1441149.24,2500001.1,21,16
2017-12-02,10000042,2351,134946,134946,134946,6,2
2017-12-02,10000042,2352,283050.07,283050.07,283050.07,2,2
2017-12-02,10000042,2363,34502.67,33510.01,34999,3,2
2017-12-02,10000042,2364,1118348.98,1000200.28,1129998.97,36,21
2017-12-02,10000042,2390,375.02,375.02,375.02,8980,1
2017-12-02,10000042,2392,450.01,450.01,450.01,6318,2
2017-12-02,10000042,2393,270.01,270.01,270.01,139348,1
2017-12-02,10000042,2395,1200,1200,1200,32125,2
2017-12-02,10000042,2396,270,270,270,11556,1
2017-12-02,10000042,2398,400,400,400,4000,2
2017-12-02,10000042,2399,589.84,589.84,589.84,69120,2
2017-12-02,10000042,2400,430,400,435,186290,4
2017-12-02,10000042,2401,999.98,999.98,999.98,5640,2
2017-12-02,10000042,2403,8214285.71,7500000,10000000,7,7
2017-12-02,10000042,2404,1119912.4,721006.88,1199999,34,15
2017-12-02,10000042,2406,1696000,1000000,2740000,5,5
2017-12-02,10000042,2410,1621776.69,1002404.41,1800000,50,12
2017-12-02,10000042,2420,4899999.57,4899999,4900000,14,5
2017-12-02,10000042,2436,2169978.83,2169978.81,2169978.85,23,5
2017-12-02,10000042,2444,74226,26202.9,83984.97,43,10
2017-12-02,10000042,2446,1846961.24,1798000,1909499.88,52,16
2017-12-02,10000042,2454,5249,4020,5980,688,98
2017-12-02,10000042,2455,250000,250000,250000,1,1
2017-12-02,10000042,2456,399999.92,399999.91,409997.29,698,92
2017-12-02,10000042,2464,4700,4700,4700,515,20
2017-12-02,10000042,2465,300000,300000,300000,1,1
2017-12-02,10000042,2466,461885.51,305616.72,499999.76,51,11
2017-12-02,10000042,2476,60110.51,25019.27,64749,93,11
2017-12-02,10000042,2477,4000000,4000000,4000000,1,1
2017-12-02,10000042,2478,1811482.39,1590052.28,1819998.92,27,8
2017-12-02,10000042,2486,5800,5800,5800,1540,49
2017-12-02,10000042,2487,400000,400000,400000,2,2
2017-12-02,10000042,2488,403222.68,402500,403222.69,338,69
2017-12-02,10000042,2495,500000,500000,500000,6,6
2017-12-02,10000042,2505,500000,500000,500000,7,7
2017-12-02,10000042,2506,95.03,95.03,95.03,300,2
2017-12-02,10000042,2507,7000000,7000000,7000000,6,1
2017-12-02,10000042,2508,100.25,100.25,100.25,300,1
2017-12-02,10000042,2509,10000000,10000000,10000000,6,1
2017-12-02,10000042,2510,17.05,17.05,17.05,400,1
2017-12-02,10000042,2511,8000000,8000000,8000000,6,1
2017-12-02,10000042,2512,0.25,0.25,0.25,1201,10
2017-12-02,10000042,2513,35000,35000,35000,1,1
2017-12-02,10000042,2514,6.96,6.96,6.96,5512,10
2017-12-02,10000042,2516,10,10,10,11500,5
2017-12-02,10000042,2524,126980.39,81000,550000,51,8
2017-12-02,10000042,2525,81000,81000,81000,45,4
2017-12-02,10000042,2531,641504.79,560007.5,788000,8,6
2017-12-02,10000042,2533,81000,81000,81000,44,3
2017-12-02,10000042,2534,215078.43,81000,3500000,51,7
2017-12-02,10000042,2537,21260,3780.01,30000,3,3
2017-12-02,10000042,2539,1353799.58,769001.91,1499999,10,10
2017-12-02,10000042,2547,776119.27,700000,849999,23,9
2017-12-02,10000042,2549,84760,81000,175000,50,7
2017-12-02,10000042,2550,87000,81000,175000,47,5
2017-12-02,10000042,2551,85981.48,81000,350000,54,8
2017-12-02,10000042,2553,1195518.5,1149999,1200000,27,23
2017-12-02,10000042,2559,2299999,2299999,2299999,6,2
2017-12-02,10000042,2563,2333332.67,2200000,2399999,15,2
2017-12-02,10000042,2567,2499999,2499999,2499999,7,3
2017-12-02,10000042,2571,1788000,1788000,1788000,3,1
2017-12-02,10000042,2589,152919689.53,152919379.06,152920000,2,2
2017-12-02,10000042,2603,7760.78,6494.91,9498.94,19,9
2017-12-02,10000042,2604,16640,16640,16640,1,1
2017-12-02,10000042,2605,418999.73,418999.7,418999.75,103,67
2017-12-02,10000042,2613,247.99,247.99,247.99,19941,7
2017-12-02,10000042,2621,998.79,998.78,998.79,79000,7
2017-12-02,10000042,2629,516.2,516.2,516.2,91200,7
2017-12-02,10000042,2637,545.97,545.97,545.97,5000,1
2017-12-02,10000042,2647,96.49,96.49,96.49,14040,5
2017-12-02,10000042,2679,226.72,226.72,226.72,29932,5
2017-12-02,10000042,2801,2173.45,2173.45,2173.45,3000,1
2017-12-02,10000042,2817,30.03,30.03,30.03,485,2
2017-12-02,10000042,2863,19500000,19500000,19500000,1,1
2017-12-02,10000042,2865,3900000,3900000,3900000,7,1
2017-12-02,10000042,2867,2120000,2120000,2120000,244,8
2017-12-02,10000042,2868,2431000,2431000,2431000,50,1
2017-12-02,10000042,2869,1233333.33,1100000,1500000,75,3
2017-12-02,10000042,2870,1111000,1050000,1111000,106,6
2017-12-02,10000042,2871,1566972.42,1500000,1801000.61,72,4
2017-12-02,10000042,2872,2539574.1,2300000.07,2699999.97,54,5
2017-12-02,10000042,2873,725404.72,725404.72,725404.72,2,1
2017-12-02,10000042,2875,1684142.86,1400000,2394500,70,3
2017-12-02,10000042,2876,2185106.38,2100000,2500000,94,6
2017-12-02,10000042,2881,797775.53,797775.53,797775.54,14,8
2017-12-02,10000042,2889,931998.99,929998.98,939998.99,45,14
2017-12-02,10000042,2897,1930862.93,1800000,2148967.99,16,4
2017-12-02,10000042,2905,1049999,1049999,1049999,8,2
2017-12-02,10000042,2913,1465499.9,12002,2088999,20,7
2017-12-02,10000042,2921,1267366.78,410000.92,2299993.57,19,5
2017-12-02,10000042,2929,4778870.09,4115817.96,4999887,20,5
2017-12-02,10000042,2937,2439999,2439999,2439999,5,2
2017-12-02,10000042,2953,4400164,4400164,4400164,6,1
2017-12-02,10000042,2961,5139999,5139999,5139999,7,2
2017-12-02,10000042,2969,2119897.83,2119897,2119897.99,12,4
2017-12-02,10000042,2977,942992.53,1,979989,30,7
2017-12-02,10000042,2993,584998,584998,584998,2,1
2017-12-02,10000042,2998,67438830.48,60000000,71999914.12,10,10
2017-12-02,10000042,3001,903554.36,829999,919899.99,22,5
2017-12-02,10000042,3009,2299999,2299999,2299999,6,1
2017-12-02,10000042,3025,2199996.99,2199996.99,2199996.99,6,2
2017-12-02,10000042,3033,980997.33,980997.33,980997.33,4,2
2017-12-02,10000042,3041,719712.55,700000,722997.98,7,2
2017-12-02,10000042,3074,932690.38,929998,934998,39,7
2017-12-02,10000042,3082,2297999.96,2297999.96,2297999.96,6,2
2017-12-02,10000042,3098,160079.63,1,879998.95,11,3
2017-12-02,10000042,3117,15000000,15000000,15000000,1,1
2017-12-02,10000042,3122,3969998.99,3969998.99,3969998.99,7,1
2017-12-02,10000042,3125,10200000,10200000,10200000,1,1
2017-12-02,10000042,3130,2012854.59,1989999,2019996.96,21,7
2017-12-02,10000042,3136,11200000,11200000,11200000,1,1
2017-12-02,10000042,3138,3624999,2999999,4999998.99,16,5
2017-12-02,10000042,3146,4401180.91,2999999,8999999,21,7
2017-12-02,10000042,3154,2140157.32,2140157.32,2140157.32,2,1
2017-12-02,10000042,3162,689999,689999,689999,6,3
2017-12-02,10000042,3170,949879.99,949879.99,949879.99,4,3
2017-12-02,10000042,3178,2727343.4,1499999,7499999.94,32,13
2017-12-02,10000042,3184,2099428.57,1600000,3348000,7,7
2017-12-02,10000042,3186,4639998.99,4639998.99,4639998.99,7,2
2017-12-02,10000042,3190,10200000,10200000,10200000,1,1
2017-12-02,10000042,3242,119240.98,42000,144987,4,4
2017-12-02,10000042,3243,394240,394240,394240,1,1
2017-12-02,10000042,3244,1642223.31,1627989.47,1700000,43,32
2017-12-02,10000042,3256,10198897.91,10198897.9,10198897.91,2,2
2017-12-02,10000042,3257,89000000,89000000,89000000,1,1
2017-12-02,10000042,3265,11999529.98,11999529.98,11999529.98,1,1
2017-12-02,10000042,3293,132552.32,200.01,149999.79,10,5
2017-12-02,10000042,3296,365832.13,338998.56,500000,6,2
2017-12-02,10000042,3297,9199.83,401,10000,12,5
2017-12-02,10000042,3301,20000,19999.99,20000,3,3
2017-12-02,10000042,3302,24559.94,20000,54945.73,14,14
2017-12-02,10000042,3303,28797.25,20000,64986.24,5,5
2017-12-02,10000042,3304,100000,100000,100000,6,6
2017-12-02,10000042,3305,553333.19,100000,2499998.94,15,15
2017-12-02,10000042,3306,1557142.79,100000,3499999.84,7,7
2017-12-02,10000042,3307,2000000,2000000,2000000,2,2
2017-12-02,10000042,3308,2597600,2000000,4987999.99,10,9
2017-12-02,10000042,3309,2557000,2000000,3670999.99,3,3
2017-12-02,10000042,3310,40000,40000,40000,2,2
2017-12-02,10000042,3311,50666.67,2000,75000,3,3
2017-12-02,10000042,3312,59399.37,58999.98,60000,5,5
2017-12-02,10000042,3315,1000000,1000000,1000000,3,3
2017-12-02,10000042,3316,70000,70000,70000,7,7
2017-12-02,10000042,3317,100000,100000,100000,4,4
2017-12-02,10000042,3318,79999.99,79999.99,79999.99,2,2
2017-12-02,10000042,3319,20000,20000,20000,4,4
2017-12-02,10000042,3320,18750,10000,150000,16,16
2017-12-02,10000042,3321,43750,20000,399999.97,16,16
2017-12-02,10000042,3322,25000,25000,25000,2,2
2017-12-02,10000042,3323,30000,30000,30000,6,6
2017-12-02,10000042,3324,175081.82,100000,850818.18,10,10
2017-12-02,10000042,3325,719999.99,400000,1999999.96,5,5
2017-12-02,10000042,3326,350000,350000,350000,2,2
2017-12-02,10000042,3327,20000,20000,20000,1,1
2017-12-02,10000042,3328,34300,100,40000,7,7
2017-12-02,10000042,3329,52999.93,40000,299998.59,17,17
2017-12-02,10000042,3330,77750.18,500.36,499999.99,8,5
2017-12-02,10000042,3331,224444.44,40000,1699999.99,9,9
2017-12-02,10000042,3332,727181.82,500000,2998999.99,11,11
2017-12-02,10000042,3333,500000,500000,500000,15,15
2017-12-02,10000042,3334,800000,500000,1999999.99,5,5
2017-12-02,10000042,3335,813749.87,500000,3009998.93,8,8
2017-12-02,10000042,3336,4437497.5,4000000,7499979.98,8,8
2017-12-02,10000042,3337,4000000,4000000,4000000,6,6
2017-12-02,10000042,3338,4428570,4000000,6999989.98,7,7
2017-12-02,10000042,3339,4999987.98,4000000,6499969.94,5,5
2017-12-02,10000042,3340,300000,300000,300000,4,4
2017-12-02,10000042,3341,300000,300000,300000,34,5
2017-12-02,10000042,3342,608356.9,300000,916713.79,2,2
2017-12-02,10000042,3343,385427.36,300000,641709.45,4,4
2017-12-02,10000042,3348,190666.65,20000,1299999.84,30,16
2017-12-02,10000042,3349,75000,75000,75000,9,4
2017-12-02,10000042,3350,100000,100000,100000,67,8
2017-12-02,10000042,3351,400000,400000,400000,1,1
2017-12-02,10000042,3354,2500000,2500000,2500000,1,1
2017-12-02,10000042,3355,195999.97,20000,899999.83,20,20
2017-12-02,10000042,3356,95238.09,60000,799999.99,21,21
2017-12-02,10000042,3357,180000,180000,180000,10,10
2017-12-02,10000042,3358,124999.75,100000,199998.99,4,4
2017-12-02,10000042,3359,242948.58,200000,777998.99,14,14
2017-12-02,10000042,3361,200000,200000,200000,6,6
2017-12-02,10000042,3363,52499.95,20000,149999.79,4,4
2017-12-02,10000042,3368,40000,40000,40000,1,1
2017-12-02,10000042,3373,1000000,1000000,1000000,1,1
2017-12-02,10000042,3380,8577.74,11.05,19999.99,7,6
2017-12-02,10000042,3385,36802.69,510.11,50000,15,14
2017-12-02,10000042,3386,20000,20000,20000,2,2
2017-12-02,10000042,3387,134445.02,10005.39,150000,9,9
2017-12-02,10000042,3388,137566.11,4000.33,204349,3,3
2017-12-02,10000042,3389,280000,280000,280000,2,2
2017-12-02,10000042,3392,20000,20000,20000,4,4
2017-12-02,10000042,3393,29999.86,29998.66,29999.99,20,20
2017-12-02,10000042,3394,60000,60000,60000,2,2
2017-12-02,10000042,3395,80000,80000,80000,3,3
2017-12-02,10000042,3396,2000000,2000000,2000000,1,1
2017-12-02,10000042,3398,25000000,25000000,25000000,1,1
2017-12-02,10000042,3400,100000000,100000000,100000000,1,1
2017-12-02,10000042,3403,300000,300000,300000,4,4
2017-12-02,10000042,3405,25000,25000,25000,11,11
2017-12-02,10000042,3406,300000,300000,300000,4,4
2017-12-02,10000042,3408,15000000,15000000,15000000,1,1
2017-12-02,10000042,3409,350000,350000,350000,3,3
2017-12-02,10000042,3410,757500.87,450000,1899999.99,8,8
2017-12-02,10000042,3411,77971.65,75000,80943.3,2,2
2017-12-02,10000042,3412,450000,450000,450000,4,4
2017-12-02,10000042,3413,20000,20000,20000,1,1
2017-12-02,10000042,3416,30026.84,200,35000,7,7
2017-12-02,10000042,3417,40000,40000,40000,4,4
2017-12-02,10000042,3418,170000,170000,170000,4,4
2017-12-02,10000042,3419,127749.94,1000,170000,4,4
2017-12-02,10000042,3420,210000,210000,210000,2,2
2017-12-02,10000042,3421,130000,130000,130000,7,7
2017-12-02,10000042,3422,64200.02,1000.11,80000,10,10
2017-12-02,10000042,3423,75000,75000,75000,13,13
2017-12-02,10000042,3424,79000,79000,79000,4,4
2017-12-02,10000042,3425,84000,84000,84000,2,2
2017-12-02,10000042,3426,20000,20000,20000,2,2
2017-12-02,10000042,3427,120000,120000,120000,2,2
2017-12-02,10000042,3428,88000,88000,88000,4,4
2017-12-02,10000042,3429,100000,100000,100000,4,4
2017-12-02,10000042,3430,500000,500000,500000,4,4
2017-12-02,10000042,3431,75000,75000,75000,4,4
2017-12-02,10000042,3432,100000,100000,100000,2,2
2017-12-02,10000042,3433,100000,100000,100000,6,6
2017-12-02,10000042,3434,80000,80000,80000,11,11
2017-12-02,10000042,3435,75082.4,164.8,150000,2,2
2017-12-02,10000042,3436,20000,20000,20000,6,6
2017-12-02,10000042,3437,36666.67,30000,40000,3,3
2017-12-02,10000042,3438,42623.39,40000,57898.65,17,17
2017-12-02,10000042,3439,200000,200000,200000,6,6
2017-12-02,10000042,3440,221868.8,220000,333996.99,61,12
2017-12-02,10000042,3441,403999.95,380000,699999.52,10,10
2017-12-02,10000042,3442,531979.3,500000,723855.13,14,14
2017-12-02,10000042,3444,100000,100000,100000,5,5
2017-12-02,10000042,3446,92916.66,14999.97,100000,12,12
2017-12-02,10000042,3447,7500000,7500000,7500000,12,3
2017-12-02,10000042,3449,20000,20000,20000,1,1
2017-12-02,10000042,3450,27298.14,50.74,81792.95,3,3
2017-12-02,10000042,3451,43571.43,30000,220000,14,14
2017-12-02,10000042,3452,87757.75,40000,197294.25,17,16
2017-12-02,10000042,3453,25000,25000,25000,3,3
2017-12-02,10000042,3454,340000,340000,340000,3,3
2017-12-02,10000042,3455,30000,30000,30000,4,2
2017-12-02,10000042,3456,10000000,10000000,10000000,1,1
2017-12-02,10000042,3465,199747.94,199747.94,199747.94,4,1
2017-12-02,10000042,3466,348100,348000,348200,4,4
2017-12-02,10000042,3467,23066.71,2000.17,33599.98,6,4
2017-12-02,10000042,3488,1015383.61,999999,1049998.99,13,9
2017-12-02,10000042,3496,2370372.84,2000000,5111118.51,6,4
2017-12-02,10000042,3504,2823999.3,2490000,2849999,10,8
2017-12-02,10000042,3512,2199999,2199998.99,2199999,6,2
2017-12-02,10000042,3520,1814421.77,900574.62,2099999,21,8
2017-12-02,10000042,3528,223488.61,222222.22,224755,2,2
2017-12-02,10000042,3530,1632043.78,1499710,1995000,18,12
2017-12-02,10000042,3538,189999.93,189999.93,189999.93,1,1
2017-12-02,10000042,3540,2039199.2,200000.03,2498998.99,5,5
2017-12-02,10000042,3551,36000,36000,36000,4,4
2017-12-02,10000042,3554,3100,3100,3100,130,3
2017-12-02,10000042,3555,1000000,1000000,1000000,1,1
2017-12-02,10000042,3566,31343.73,8475,99949.91,4,4
2017-12-02,10000042,3568,1158540.47,105000.03,1199999,17,17
2017-12-02,10000042,3578,2138800,2138000,2140000,5,4
2017-12-02,10000042,3598,1999999,1999999,1999999,6,2
2017-12-02,10000042,3643,55,55,55,18584,5
2017-12-02,10000042,3645,499,499,499,207255,30
2017-12-02,10000042,3647,236.06,236.05,236.06,405880,22
2017-12-02,10000042,3651,722.41,0.03,4000,18,15
2017-12-02,10000042,3653,40000,40000,40000,1,1
2017-12-02,10000042,3673,0.81,0.8,0.81,50,5
2017-12-02,10000042,3683,397.29,397.29,397.29,39155,14
2017-12-02,10000042,3685,596.25,596.25,596.25,70354,2
2017-12-02,10000042,3687,815.56,778.46,879.81,250517,40
2017-12-02,10000042,3689,9014.77,9014.76,9014.78,48997,8
2017-12-02,10000042,3691,10999.99,7000.02,11000,2060,4
2017-12-02,10000042,3693,13998.89,13998.89,13998.89,960,1
2017-12-02,10000042,3699,58.85,58.85,58.85,173170,10
2017-12-02,10000042,3703,100,100,100,20,2
2017-12-02,10000042,3705,150,150,150,10,1
2017-12-02,10000042,3707,100,100,100,10,1
2017-12-02,10000042,3709,110,110,110,30,2
2017-12-02,10000042,3713,10144.94,10144.94,10144.94,120,3
2017-12-02,10000042,3715,55.2,55.2,55.2,89,6
2017-12-02,10000042,3717,101.15,101.15,101.15,120,11
2017-12-02,10000042,3719,200.1,200.1,200.1,70,4
2017-12-02,10000042,3725,10000,10000,10000,375,1
2017-12-02,10000042,3756,57620372.47,49232000.03,58499999.95,8,8
2017-12-02,10000042,3766,383492.97,383492.96,383492.97,2,2
2017-12-02,10000042,3771,1177.2,1177.2,1177.2,259,4
2017-12-02,10000042,3777,600.19,600.18,600.19,90,7
2017-12-02,10000042,3779,999.99,999.99,999.99,39000,2
2017-12-02,10000042,3810,1355,1355,1355,30,3
2017-12-02,10000042,3812,100,100,100,10,1
2017-12-02,10000042,3814,29995,29995,29995,101,2
2017-12-02,10000042,3822,100,100,100,20,2
2017-12-02,10000042,3826,100,100,100,10,1
2017-12-02,10000042,3828,10485.95,10485.95,10485.95,4040,5
2017-12-02,10000042,3829,33564.39,23778,39988.98,65,34
2017-12-02,10000042,3830,124740,124740,124740,2,2
2017-12-02,10000042,3831,937089.8,621113.18,989996.99,56,36
2017-12-02,10000042,3839,67782.3,29450.5,74951.97,16,9
2017-12-02,10000042,3841,1574953.62,1008860.67,1579993.93,77,48
2017-12-02,10000042,3887,39959.9,34950,47000,23,13
2017-12-02,10000042,3888,1439937.24,1429993.48,1999999,20,17
2017-12-02,10000042,3895,32451019.36,30101375.9,39499959.72,4,4
2017-12-02,10000042,3898,17684995,17684989.99,17685000,2,2
2017-12-02,10000042,3962,145200030.02,139200030.02,148200030.02,6,3
2017-12-02,10000042,3989,1969128.96,1949999,1989998,23,2
2017-12-02,10000042,4025,69102.68,44999.94,497777.77,60,48
2017-12-02,10000042,4027,56813.72,36100.73,79999.96,52,41
2017-12-02,10000042,4051,26101,26101,26101,961,3
2017-12-02,10000042,4242,1999998,1999998,1999998,1,1
2017-12-02,10000042,4246,20487.88,20487.84,20487.89,133286,25
2017-12-02,10000042,4247,24396,24396,24396,7001,4
2017-12-02,10000042,4250,2340624.62,2200000,3999999.99,16,8
2017-12-02,10000042,4254,835333.33,12000.03,999999.99,6,6
2017-12-02,10000042,4258,494971.5,1,1979882.99,20,7
2017-12-02,10000042,4260,1449999,1449999,1449999,2,2
2017-12-02,10000042,4310,66099976.98,66099976.98,66099976.98,1,1
2017-12-02,10000042,4312,23999.76,23999.76,23999.76,1,1
2017-12-02,10000042,4313,10000000,10000000,10000000,7,3
2017-12-02,10000042,4314,10000000,10000000,10000000,7,3
2017-12-02,10000042,4315,10000000,10000000,10000000,8,4
2017-12-02,10000042,4316,10000000,10000000,10000000,7,3
2017-12-02,10000042,4345,377999904.89,377999899.88,377999909.89,2,2
2017-12-02,10000042,4383,2435555.25,460001.11,2999999,9,9
2017-12-02,10000042,4385,5250000,4500000,7500000,8,8
2017-12-02,10000042,4391,309555.55,120001,369000,9,7
2017-12-02,10000042,4393,61560.03,1,199993,43,12
2017-12-02,10000042,4395,647857.48,550390,740389.92,24,17
2017-12-02,10000042,4397,1490137,1490137,1490137,1,1
2017-12-02,10000042,4399,11830493.62,11686005,11999979.5,8,7
2017-12-02,10000042,4403,540672.25,57778,567999.97,19,18
2017-12-02,10000042,4405,1599999.7,1599999.67,1599999.81,115,54
2017-12-02,10000042,4409,50000,50000,50000,1,1
2017-12-02,10000042,4411,600000,600000,600000,3,3
2017-12-02,10000042,4435,85376.64,3303.43,94899.89,38,21
2017-12-02,10000042,4471,131010.27,5111.38,445111.32,11,10
2017-12-02,10000042,4477,15087.51,5100.01,85000,8,7
2017-12-02,10000042,4529,9642.86,500,10000,7,5
2017-12-02,10000042,4531,79995.45,40000,119990.89,2,2
2017-12-02,10000042,4533,216899.99,216899.99,216899.99,1,1
2017-12-02,10000042,4535,65525.46,1060.01,129990.9,2,2
2017-12-02,10000042,4569,25.01,25.01,25.01,3,3
2017-12-02,10000042,4571,805.07,805.07,805.07,2,2
2017-12-02,10000042,4573,312152.34,70000.71,796455.62,3,3
2017-12-02,10000042,4609,1777,1777,1777,2,2
2017-12-02,10000042,4611,1777,1777,1777,3,3
2017-12-02,10000042,4613,79999.99,79999.99,79999.99,2,1
2017-12-02,10000042,4615,1500.12,1500.12,1500.12,2,1
2017-12-02,10000042,4787,108504.58,1777.77,138997.95,9,8
2017-12-02,10000042,4831,3100.01,3100,3100.01,15,5
2017-12-02,10000042,4833,427177.77,100000.89,471893.55,17,15
2017-12-02,10000042,4835,25601.6,803.13,99996.99,4,3
2017-12-02,10000042,4871,49808.32,16347.2,100000,10,9
2017-12-02,10000042,5007,5.13,5.13,5.13,2,2
2017-12-02,10000042,5009,1000.08,1000.08,1000.08,7,4
2017-12-02,10000042,5011,615257.58,153679.87,799888.68,7,7
2017-12-02,10000042,5013,1015.68,1015.68,1015.68,2,2
2017-12-02,10000042,5047,51250.01,50000.02,54999.99,4,3
2017-12-02,10000042,5049,53000.06,53000.06,53000.06,4,2
2017-12-02,10000042,5051,130005,50025,177993,8,7
2017-12-02,10000042,5053,50000.03,50000.03,50000.03,2,2
2017-12-02,10000042,5087,777.14,777.14,777.14,1,1
2017-12-02,10000042,5089,778.11,778.11,778.11,17,11
2017-12-02,10000042,5091,777.32,777.32,777.32,1,1
2017-12-02,10000042,5093,201.15,182.42,482.28,32,19
2017-12-02,10000042,5137,57770.17,779.14,185999.99,13,7
2017-12-02,10000042,5141,127058.18,4305.5,278997.98,14,9
2017-12-02,10000042,5175,1,1,1,2,2
2017-12-02,10000042,5179,80000,80000,80000,2,2
2017-12-02,10000042,5215,778,778,778,1,1
2017-12-02,10000042,5217,777,777,777,2,2
2017-12-02,10000042,5219,472361.27,27778.06,489000,54,15
2017-12-02,10000042,5239,41695.1,1000.02,59900,44,22
2017-12-02,10000042,5245,33503.52,601,63746.99,23,15
2017-12-02,10000042,5279,250.01,250.01,250.01,5,2
2017-12-02,10000042,5281,500.46,500.46,500.46,4,2
2017-12-02,10000042,5282,500.39,500.39,500.39,6,4
2017-12-02,10000042,5299,2005,2005,2005,12,3
2017-12-02,10000042,5301,5653.17,5250.05,11699.99,16,9
2017-12-02,10000042,5302,2750.01,2750.01,2750.01,3,3
2017-12-02,10000042,5319,6721.52,3500,17996.86,9,8
2017-12-02,10000042,5320,48818.68,5000,194880.98,13,9
2017-12-02,10000042,5321,1512.28,1512.28,1512.28,7,4
2017-12-02,10000042,5322,4000.01,4000,4000.01,11,10
2017-12-02,10000042,5339,2,2,2,2,2
2017-12-02,10000042,5340,1,1,1,2,2
2017-12-02,10000042,5342,250.03,250.03,250.03,3,3
2017-12-02,10000042,5361,1777,1777,1777,4,2
2017-12-02,10000042,5363,42395.05,40745.05,44045.05,2,2
2017-12-02,10000042,5365,289999.98,289999.98,289999.98,1,1
2017-12-02,10000042,5399,10346.2,2750.12,22499.96,13,9
2017-12-02,10000042,5403,38610.79,5500.61,59896,23,14
2017-12-02,10000042,5405,8528.57,2600,19000,14,13
2017-12-02,10000042,5439,22134.6,7100.17,47100.1,21,20
2017-12-02,10000042,5443,77876.72,43098.32,99949.98,32,29
2017-12-02,10000042,5445,33871.94,11111.41,42979.84,35,26
2017-12-02,10000042,5493,178724.17,30000,194978,12,6
2017-12-02,10000042,5533,66479.84,22100,90125.14,21,12
2017-12-02,10000042,5599,65251.26,5204.05,89000,16,8
2017-12-02,10000042,5631,70935.65,3630.71,72050,62,9
2017-12-02,10000042,5647,105,105,105,1,1
2017-12-02,10000042,5683,30000,30000,30000,1,1
2017-12-02,10000042,5693,779.11,779.11,779.11,4,4
2017-12-02,10000042,5697,114561.66,91085.55,184989.99,4,4
2017-12-02,10000042,5719,1809.99,1809.99,1809.99,1,1
2017-12-02,10000042,5721,101469.5,101469.5,101469.5,5,4
2017-12-02,10000042,5723,77103.09,77103.09,77103.09,4,4
2017-12-02,10000042,5743,451.02,451.02,451.02,1,1
2017-12-02,10000042,5745,11636.06,2000.07,108000,11,10
2017-12-02,10000042,5747,312.47,312.47,312.47,1,1
2017-12-02,10000042,5755,92460.09,92460.09,92460.09,4,4
2017-12-02,10000042,5757,96100.59,96100.59,96100.59,6,6
2017-12-02,10000042,5759,71098.4,71098.4,71098.4,4,4
2017-12-02,10000042,5839,2679360.08,1113116.34,2994861.99,24,22
2017-12-02,10000042,5849,94999.99,79999.87,95000,139,12
2017-12-02,10000042,5867,95.01,95,95.01,7,6
2017-12-02,10000042,5869,170,170,170,6,2
2017-12-02,10000042,5871,1,1,1,3,3
2017-12-02,10000042,5933,116192.6,100892.8,177777.66,28,19
2017-12-02,10000042,5945,342333.33,336000,350000,60,18
2017-12-02,10000042,5955,101455.53,87599.12,187999.99,16,9
2017-12-02,10000042,5971,41979.04,7600.01,59986,52,42
2017-12-02,10000042,5973,399999.99,257449.34,449869.63,117,86
2017-12-02,10000042,5975,83451.62,6500.01,166500.01,31,24
2017-12-02,10000042,6001,60576.37,4100.62,100000,56,47
2017-12-02,10000042,6003,39098.61,2002.5,79999.89,41,25
2017-12-02,10000042,6005,39346.04,2509,60000,25,19
2017-12-02,10000042,6073,51913.76,665.06,68999.98,4,3
2017-12-02,10000042,6131,24.01,24.01,24.01,183,7
2017-12-02,10000042,6135,40125,250,80000,2,2
2017-12-02,10000042,6159,67667.33,787.77,103986.01,20,14
2017-12-02,10000042,6160,69824.64,4202.43,208999.89,26,20
2017-12-02,10000042,6173,37504.99,10,74999.97,10,8
2017-12-02,10000042,6176,27302.22,25321,27785.96,5,5
2017-12-02,10000042,6296,14164.21,101.04,49999,11,7
2017-12-02,10000042,6325,45026.66,1123,59991.81,4,3
2017-12-02,10000042,6437,133333.33,100000,150000,3,3
2017-12-02,10000042,6439,900.08,900.08,900.08,4,3
2017-12-02,10000042,6441,39514.29,1779.44,114984,3,3
2017-12-02,10000042,6443,8142.71,500.95,34888.88,9,8
2017-12-02,10000042,6485,2946.62,2150,12164.47,21,14
2017-12-02,10000042,6527,500.28,500.28,500.28,7,6
2017-12-02,10000042,6569,82961.73,1787.78,153888.89,13,13
2017-12-02,10000042,6633,1794.02,1794,1794.04,2,2
2017-12-02,10000042,6635,147962.97,83888.9,180000.01,6,5
2017-12-02,10000042,6673,1777,1777,1777,2,1
2017-12-02,10000042,6675,887986.48,500000,1469966.21,10,4
2017-12-02,10000042,6719,361035.11,361035.11,361035.11,1,1
2017-12-02,10000042,6761,1000000,1000000,1000000,2,1
2017-12-02,10000042,6865,30009,30009,30009,1,1
2017-12-02,10000042,6921,1777,1777,1777,1,1
2017-12-02,10000042,6923,397504.65,60014.08,599998.99,8,5
2017-12-02,10000042,6925,1250,1250,1250,1,1
2017-12-02,10000042,6961,19000.01,19000.01,19000.01,5,3
2017-12-02,10000042,6963,250308.25,50616.51,449999.99,2,2
2017-12-02,10000042,6965,7128.6,7128.6,7128.6,1,1
2017-12-02,10000042,6999,2024.06,2024.06,2024.06,1,1
2017-12-02,10000042,7001,10016.07,10016.07,10016.07,4,4
2017-12-02,10000042,7003,21999.08,21999.08,21999.08,1,1
2017-12-02,10000042,7043,106089.45,106089.45,106089.45,10,7
2017-12-02,10000042,7045,154741.1,154741.1,154741.1,3,3
2017-12-02,10000042,7047,180198.03,180198.03,180198.03,3,1
2017-12-02,10000042,7049,161954.78,161954.78,161954.78,5,2
2017-12-02,10000042,7085,100165.97,100165.77,100166,9,3
2017-12-02,10000042,7087,227833.61,227833.61,227833.61,14,3
2017-12-02,10000042,7123,226640.73,226640.73,226640.73,10,2
2017-12-02,10000042,7125,278594.69,278594.69,278594.69,25,4
2017-12-02,10000042,7127,246863.52,246863.52,246863.52,14,4
2017-12-02,10000042,7131,226238.53,226238.53,226238.53,20,7
2017-12-02,10000042,7167,328014.26,328014.26,328014.26,6,3
2017-12-02,10000042,7169,322467,322467,322467,6,2
2017-12-02,10000042,7171,331972.44,331972.44,331972.44,16,3
2017-12-02,10000042,7173,328000,328000,328000,5,3
2017-12-02,10000042,7247,600000,600000,600000,1,1
2017-12-02,10000042,7249,1001,1001,1001,3,3
2017-12-02,10000042,7251,10,10,10,1,1
2017-12-02,10000042,7253,59500,59000,60000,2,2
2017-12-02,10000042,7287,457023.3,135533.48,797769.69,12,6
2017-12-02,10000042,7289,2557.83,1898,2777.77,4,3
2017-12-02,10000042,7291,2348.04,50,9242.15,8,6
2017-12-02,10000042,7293,5000,5000,5000,5,2
2017-12-02,10000042,7327,75002,75002,75002,1,1
2017-12-02,10000042,7367,1104264.64,566759.56,1348999.77,21,8
2017-12-02,10000042,7369,63214.85,63214.76,63215.56,9,6
2017-12-02,10000042,7371,37712.2,37712,37713.15,17,8
2017-12-02,10000042,7373,48768.75,31555,51637.71,7,6
2017-12-02,10000042,7407,95010.1,95010.1,95010.1,1,1
2017-12-02,10000042,7409,98972,98972,98972,1,1
2017-12-02,10000042,7447,401104.01,401104.01,401104.01,3,1
2017-12-02,10000042,7449,116101.61,116101.5,116101.64,5,2
2017-12-02,10000042,7451,133012.01,133012.01,133012.01,2,2
2017-12-02,10000042,7453,113005.21,113005.21,113005.21,2,2
2017-12-02,10000042,7487,1097280.84,50211.06,1499999.99,18,5
2017-12-02,10000042,7489,19722.23,2777.78,36666.68,2,2
2017-12-02,10000042,7535,445927.89,101351.11,488999.99,9,3
2017-12-02,10000042,7541,3007.77,3007.77,3007.77,1,1
2017-12-02,10000042,7579,520000.11,520000.11,520000.11,2,2
2017-12-02,10000042,7581,41922.1,41922.1,41922.1,1,1
2017-12-02,10000042,7583,497500,190000,600000,4,2
2017-12-02,10000042,7585,801111.11,600000,1250000,7,4
2017-12-02,10000042,7619,2000000,2000000,2000000,4,2
2017-12-02,10000042,7663,969969.69,969969.69,969969.69,10,2
2017-12-02,10000042,7667,20000.08,20000.08,20000.08,2,2
2017-12-02,10000042,7703,885700,840000,1337000,10,4
2017-12-02,10000042,7705,30000.16,30000.16,30000.16,1,1
2017-12-02,10000042,7709,5002.29,5002.29,5002.29,1,1
2017-12-02,10000042,7743,100,100,100,2,1
2017-12-02,10000042,7745,91013,91013,91013,2,1
2017-12-02,10000042,7749,26002.26,26002.26,26002.26,1,1
2017-12-02,10000042,7783,80003.05,80003.05,80003.05,2,2
2017-12-02,10000042,7785,273089.38,272000,273270.94,7,4
2017-12-02,10000042,7787,298446.63,298446.63,298446.63,10,4
2017-12-02,10000042,7789,57029.05,57029.05,57029.05,1,1
2017-12-02,10000042,7827,27043.24,27043.24,27043.24,5,3
2017-12-02,10000042,7829,33023.05,33023.05,33023.05,1,1
2017-12-02,10000042,7831,19563.05,19563.05,19563.05,5,2
2017-12-02,10000042,7997,225306.04,24002.22,619999.95,23,7
2017-12-02,10000042,8001,6350.09,6350.09,6350.09,1,1
2017-12-02,10000042,8007,102500.27,25002.66,111111.11,10,2
2017-12-02,10000042,8023,33090.91,750.01,89850,11,6
2017-12-02,10000042,8025,1777,1777,1777,2,1
2017-12-02,10000042,8027,1277274.25,1200000,2900000,22,8
2017-12-02,10000042,8089,297880.23,176126.41,320000,78,27
2017-12-02,10000042,8091,224000,224000,224000,10,2
2017-12-02,10000042,8101,5,5,5,2,1
2017-12-02,10000042,8103,2250,2250,2250,7,2
2017-12-02,10000042,8105,1913685.51,1400000.23,2199998.58,29,15
2017-12-02,10000042,8117,224047.13,69003.36,249887.76,7,4
2017-12-02,10000042,8133,87625.24,1002.07,99999.98,8,5
2017-12-02,10000042,8135,286.08,286.08,286.08,3,2
2017-12-02,10000042,8175,101.26,101.24,101.26,8,5
2017-12-02,10000042,8177,189296.68,503.01,319999.99,22,10
2017-12-02,10000042,8225,114250.63,1506.03,124949.9,12,9
2017-12-02,10000042,8263,87626.82,2005,138999.92,8,7
2017-12-02,10000042,8295,250.01,250.01,250.01,2,2
2017-12-02,10000042,8297,66518.07,777.11,198000,3,3
2017-12-02,10000042,8335,33453.07,12000,41497.97,11,6
2017-12-02,10000042,8337,506.14,506.14,506.14,1,1
2017-12-02,10000042,8419,56819.42,16101,111110.97,7,6
2017-12-02,10000042,8427,316100.28,6301,470999.93,3,3
2017-12-02,10000042,8433,1066799.99,267000.03,1599999.95,20,15
2017-12-02,10000042,8517,3305647.1,2400819.33,3594999.55,46,34
2017-12-02,10000042,8521,386874.8,130023.22,398998.94,22,13
2017-12-02,10000042,8529,104714.86,44600.03,118981.98,21,15
2017-12-02,10000042,8531,2017.89,2017.77,2017.92,5,5
2017-12-02,10000042,8535,5142.52,5018.01,6263.38,10,9
2017-12-02,10000042,8537,6000.48,6000.48,6000.48,5,2
2017-12-02,10000042,8579,4050.03,4050,4050.05,3,3
2017-12-02,10000042,8583,14963.64,3600.01,16100,22,4
2017-12-02,10000042,8585,5100.34,5100.34,5100.34,7,5
2017-12-02,10000042,8635,176761.32,150423.5,220000,14,6
2017-12-02,10000042,8639,147609.6,147609.59,147609.6,12,5
2017-12-02,10000042,8641,141658.06,141658.05,141658.06,23,4
2017-12-02,10000042,8748,325567.54,2806.08,830000,14,10
2017-12-02,10000042,8759,5499999.98,5499999.88,5500000,6,3
2017-12-02,10000042,8785,87437.12,25000,125000,8,7
2017-12-02,10000042,8787,230680.67,25050.02,367767.77,5,4
2017-12-02,10000042,8789,610627.02,575000,646254.04,4,3
2017-12-02,10000042,8815,204884.18,90000.11,249989.98,18,8
2017-12-02,10000042,8817,12241.63,2000,16000,19,7
2017-12-02,10000042,8819,81180,49900,89000,5,3
2017-12-02,10000042,8821,40000.12,40000.12,40000.12,3,3
2017-12-02,10000042,8863,697783.6,600002.57,699999,12,8
2017-12-02,10000042,8865,86575.69,20010,197777.77,8,6
2017-12-02,10000042,8867,142653.9,30016.01,154016.01,27,9
2017-12-02,10000042,8869,407355.61,345392.58,449999.88,21,8
2017-12-02,10000042,8903,454497.68,449000,459995.35,6,5
2017-12-02,10000042,8905,25225,300,100000,4,3
2017-12-02,10000042,8907,10000,10000,10000,2,1
2017-12-02,10000042,8909,77334.59,37779.45,196000,4,3
2017-12-02,10000042,9091,149999.99,149999.99,149999.99,1,1
2017-12-02,10000042,9127,2152025.15,2152025.15,2152025.15,1,1
2017-12-02,10000042,9129,135019.78,99999.99,374499.94,5,4
2017-12-02,10000042,9135,580254.97,304000.42,599987.44,15,7
2017-12-02,10000042,9137,10000.01,10000.01,10000.01,2,2
2017-12-02,10000042,9141,369969.69,369969.69,369969.69,8,2
2017-12-02,10000042,9207,213614.39,101006.17,264799.94,32,7
2017-12-02,10000042,9211,74138.86,3277.81,144999.9,2,2
2017-12-02,10000042,9213,744925,744925,744925,5,3
2017-12-02,10000042,9251,19000.01,19000.01,19000.01,1,1
2017-12-02,10000042,9253,12002.08,12002.08,12002.08,2,1
2017-12-02,10000042,9287,120001.06,120001.06,120001.06,3,2
2017-12-02,10000042,9289,50017.17,50017.17,50017.17,5,2
2017-12-02,10000042,9291,72600.15,72600.15,72600.15,1,1
2017-12-02,10000042,9293,120015.69,120015.69,120015.69,2,2
2017-12-02,10000042,9327,636491.08,401090,889999.88,27,9
2017-12-02,10000042,9329,206108.9,206108.9,206108.9,9,3
2017-12-02,10000042,9331,207433.03,207433.03,207433.03,7,2
2017-12-02,10000042,9333,116003.17,116003.17,116003.17,5,1
2017-12-02,10000042,9367,807158.04,227900.12,1096787,6,4
2017-12-02,10000042,9369,201168.82,201168.82,201168.82,9,3
2017-12-02,10000042,9371,150503.57,150503.57,150503.57,6,2
2017-12-02,10000042,9377,216500,216500,216500,4,2
2017-12-02,10000042,9411,2367791.52,878200.45,3484984.85,7,5
2017-12-02,10000042,9413,142499.89,35000.77,249999,2,2
2017-12-02,10000042,9415,219374.92,75000.2,239999.88,8,3
2017-12-02,10000042,9417,501159.99,150002.1,934984.85,13,12
2017-12-02,10000042,9451,2271761.7,1721010.34,3097888.88,5,4
2017-12-02,10000042,9453,97505.19,2517.58,144999,3,2
2017-12-02,10000042,9455,40500.11,40500.11,40500.11,1,1
2017-12-02,10000042,9457,348123.16,348123.16,348123.16,3,3
2017-12-02,10000042,9491,3235651.85,3235000.15,3236582.84,17,5
2017-12-02,10000042,9493,203000.01,203000.01,203000.01,4,2
2017-12-02,10000042,9495,203000.01,203000.01,203000.01,10,3
2017-12-02,10000042,9497,312020,312020,312020,3,3
2017-12-02,10000042,9521,1000.02,1000.02,1000.02,2,2
2017-12-02,10000042,9556,29153,6229.5,75000,3,3
2017-12-02,10000042,9568,66972.19,1000,78999.93,8,7
2017-12-02,10000042,9580,96318.75,10275,125000,12,10
2017-12-02,10000042,9582,124498,2000,245995,8,8
2017-12-02,10000042,9608,7332.46,3502.02,10297.68,15,11
2017-12-02,10000042,9622,17281.37,5.02,17880.99,18,14
2017-12-02,10000042,9632,286479.59,115016,304899.99,47,41
2017-12-02,10000042,9646,20064.37,18654.02,24999.55,9,7
2017-12-02,10000042,9660,15634.24,5.02,16678.31,8,6
2017-12-02,10000042,9668,225702.72,205339.07,289339.06,33,10
2017-12-02,10000042,9670,34670.05,2010.07,99990.01,3,3
2017-12-02,10000042,9678,190896.78,190896.78,190896.78,10,5
2017-12-02,10000042,9680,5053.13,5053.13,5053.13,1,1
2017-12-02,10000042,9728,224932.11,223157.66,248000,14,9
2017-12-02,10000042,9734,249000,249000,249000,1,1
2017-12-02,10000042,9744,9602.37,1606.02,17598.71,2,2
2017-12-02,10000042,9762,222423.51,222423.51,222423.51,2,2
2017-12-02,10000042,9772,210031.89,210031.89,210031.89,25,7
2017-12-02,10000042,9784,2201.76,2201.76,2201.76,4,3
2017-12-02,10000042,9800,227516.92,223643.41,273999,13,6
2017-12-02,10000042,9808,218265.98,10000.05,239092.57,11,6
2017-12-02,10000042,9826,332.5,332.5,332.5,13751,29
2017-12-02,10000042,9828,900.21,900.21,900.21,12156,1
2017-12-02,10000042,9832,11098.99,11098.99,11098.99,59489,6
2017-12-02,10000042,9834,94999.9,94999.9,94999.9,107,3
2017-12-02,10000042,9838,11950,11950,11950,470,1
2017-12-02,10000042,9840,13146.8,13146.8,13146.8,8636,2
2017-12-02,10000042,9842,17499.99,17499.99,17499.99,478,2
2017-12-02,10000042,9848,89998.98,89989.99,90000,6980,11
2017-12-02,10000042,9850,441.98,441.97,442.68,919552,29
2017-12-02,10000042,9852,47.6,47.6,47.6,1361991,31
2017-12-02,10000042,9899,10011222.22,10000000,10500000,9,9
2017-12-02,10000042,9941,11444362.96,9194499,11999899.46,11,10
2017-12-02,10000042,9942,13703718.47,9845000,14989954.63,8,8
2017-12-02,10000042,9943,10999969.82,10999969,10999969.94,8,8
2017-12-02,10000042,9944,47794.75,46226.71,48999,34,5
2017-12-02,10000042,9945,249940,249940,249940,1,1
2017-12-02,10000042,9950,3333202.83,3000000,4999218,6,5
2017-12-02,10000042,9956,8821998.3,6050007.95,9500000.01,10,10
2017-12-02,10000042,9957,20000000,20000000,20000000,1,1
2017-12-02,10000042,10039,4240.07,3500,5420.93,20,18
2017-12-02,10000042,10040,3360,3360,3360,3,3
2017-12-02,10000042,10155,10999927.99,10999927.99,10999927.99,1,1
2017-12-02,10000042,10190,1401101.42,889110,1539997.9,43,27
2017-12-02,10000042,10208,21472360.39,18239999.68,22749999.5,11,7
2017-12-02,10000042,10212,20295206.04,18990099.1,21999984.98,14,10
2017-12-02,10000042,10216,22058756.66,21999989.99,22999999.99,8,8
2017-12-02,10000042,10217,100200490.22,100200490.22,100200490.22,1,1
2017-12-02,10000042,10221,25273330.56,23099332.74,32949999,8,7
2017-12-02,10000042,10222,110801000.07,110801000.06,110801000.07,2,2
2017-12-02,10000042,10225,24331663.14,24000000,25000000,6,5
2017-12-02,10000042,10228,23999876,23999876,23999876,1,1
2017-12-02,10000042,10246,4850,4850,4850,2701,20
2017-12-02,10000042,10247,19986000,19986000,19986000,2,2
2017-12-02,10000042,10250,1073390,1073389.99,1074393.99,130,19
2017-12-02,10000042,10629,22003.05,2010.86,29999.92,14,7
2017-12-02,10000042,10631,484998.96,484998.95,484999,31,10
2017-12-02,10000042,10678,26649.98,19949.94,30000,6,4
2017-12-02,10000042,10680,929333.33,830000,979000,6,2
2017-12-02,10000042,10688,30854.01,1281.01,90000,3,2
2017-12-02,10000042,10690,1777,1777,1777,11,8
2017-12-02,10000042,10692,200.02,200.02,200.02,6,5
2017-12-02,10000042,10694,257436.87,145541,499000,16,8
2017-12-02,10000042,10836,148638.73,129899,175000,8,8
2017-12-02,10000042,10837,364640,364640,364640,2,2
2017-12-02,10000042,10838,189953.99,189953.99,189953.99,1,1
2017-12-02,10000042,10840,1999999.99,1999999.99,1999999.99,1,1
2017-12-02,10000042,10850,739165.83,280000.02,829999,12,11
2017-12-02,10000042,10858,2033332.5,800000,2199999,6,6
2017-12-02,10000042,10866,10094.59,1777.02,60000,7,4
2017-12-02,10000042,10870,2166.87,2000.24,3000,6,4
2017-12-02,10000042,10872,103285.8,12000.33,224999.77,7,5
2017-12-02,10000042,10874,15005.01,15005.01,15005.01,3,2
2017-12-02,10000042,10876,100.01,100.01,100.01,1,1
2017-12-02,10000042,10878,7501.01,7501.01,7501.01,1,1
2017-12-02,10000042,10880,77200.15,12508.08,141892.21,6,5
2017-12-02,10000042,10882,6002.14,6002.14,6002.14,3,3
2017-12-02,10000042,10886,7500.3,7500.3,7500.3,1,1
2017-12-02,10000042,10888,89627.14,4254.27,175000,4,3
2017-12-02,10000042,10998,30000.98,30000,30883.94,145,44
2017-12-02,10000042,11082,2000000,2000000,2000000,1,1
2017-12-02,10000042,11083,1200000,1200000,1200000,1,1
2017-12-02,10000042,11084,1000000,1000000,1000000,34,5
2017-12-02,10000042,11105,62933.22,62933.22,62933.22,1,1
2017-12-02,10000042,11129,28474,14500,90000,33,24
2017-12-02,10000042,11130,50000,50000,50000,3,2
2017-12-02,10000042,11132,48451.67,11000,1000000,58,35
2017-12-02,10000042,11133,50000,50000,50000,5,3
2017-12-02,10000042,11134,15611.83,2502,20499.95,13,13
2017-12-02,10000042,11172,38500000,38500000,38500000,1,1
2017-12-02,10000042,11174,45000000,45000000,45000000,1,1
2017-12-02,10000042,11182,38499999.9,38499999.9,38499999.92,5,5
2017-12-02,10000042,11186,38499999.92,38499999.92,38499999.93,3,3
2017-12-02,10000042,11188,38499999.97,38499999.97,38499999.97,1,1
2017-12-02,10000042,11192,38033333.37,35100000.11,39500000,3,3
2017-12-02,10000042,11196,32889984.98,27280000,38499969.96,2,2
2017-12-02,10000042,11198,39399989.98,38499989.98,43000000,5,5
2017-12-02,10000042,11200,32937224.11,10686686.68,38499858.49,5,4
2017-12-02,10000042,11202,38000000,38000000,38000000,3,3
2017-12-02,10000042,11207,709999.99,500000,2599999.9,20,20
2017-12-02,10000042,11227,23800.8,1,119000,15,4
2017-12-02,10000042,11229,295008.33,1,877498.5,6,4
2017-12-02,10000042,11239,574999.99,574999.99,574999.99,1,1
2017-12-02,10000042,11257,1,1,1,15,1
2017-12-02,10000042,11259,1,1,1,8,2
2017-12-02,10000042,11267,277441.26,26010.04,300299.98,12,11
2017-12-02,10000042,11269,884599.63,536012.2,899979.98,71,44
2017-12-02,10000042,11283,81,81,81,517,3
2017-12-02,10000042,11284,1750000,1750000,1750000,1,1
2017-12-02,10000042,11285,6499.87,6499.87,6499.87,304,9
2017-12-02,10000042,11287,7950,7950,7950,19303,8
2017-12-02,10000042,11289,7349.98,7349.98,7349.99,159,11
2017-12-02,10000042,11295,88999.93,88999.93,88999.93,2,2
2017-12-02,10000042,11297,63261.5,11012.03,220009.89,4,2
2017-12-02,10000042,11301,1,1,1,20,1
2017-12-02,10000042,11303,119999.5,119999,120000,2,2
2017-12-02,10000042,11309,278131.7,122257.33,369998.76,27,23
2017-12-02,10000042,11311,107500.02,105000.02,135000,12,9
2017-12-02,10000042,11317,293035.49,281047.57,379947.89,33,10
2017-12-02,10000042,11319,295011.4,295000,295012.28,28,9
2017-12-02,10000042,11325,517018.81,461676.85,659988.99,24,13
2017-12-02,10000042,11327,416724.64,408509.81,450000,46,10
2017-12-02,10000042,11341,4128,504.01,14999.99,4,3
2017-12-02,10000042,11343,2500.02,2500.02,2500.02,3,2
2017-12-02,10000042,11349,70883.15,37957.76,113955,11,10
2017-12-02,10000042,11351,41795.46,40009.75,45009.75,14,9
2017-12-02,10000042,11370,1770570.02,1700000,1792000,38,28
2017-12-02,10000042,11371,37999999.96,36999999.96,38999999.95,4,4
2017-12-02,10000042,11377,38500000,38500000,38500000,1,1
2017-12-02,10000042,11379,41995996.66,41993994.99,42000000,3,3
2017-12-02,10000042,11381,38809000,38809000,38809000,1,1
2017-12-02,10000042,11393,27834428.57,26901000,27990000,7,2
2017-12-02,10000042,11395,500000,500000,500000,6,6
2017-12-02,10000042,11399,9100.15,9100.15,9100.15,28538,7
2017-12-02,10000042,11400,35000000,35000000,35000000,1,1
2017-12-02,10000042,11433,9999999.67,9999999,10000000,3,3
2017-12-02,10000042,11441,9750000,9500000,10000000,2,2
2017-12-02,10000042,11442,10000000,10000000,10000000,2,2
2017-12-02,10000042,11443,9950000,9900000,10000000,2,2
2017-12-02,10000042,11444,10000000,10000000,10000000,1,1
2017-12-02,10000042,11445,10000000,10000000,10000000,2,2
2017-12-02,10000042,11446,10000000,10000000,10000000,3,3
2017-12-02,10000042,11447,9224999.75,8999999,10000000,4,4
2017-12-02,10000042,11448,10000000,10000000,10000000,1,1
2017-12-02,10000042,11449,11649959.96,10000000,14949879.88,3,3
2017-12-02,10000042,11450,9000000,8000000,10000000,4,4
2017-12-02,10000042,11451,10000000,10000000,10000000,2,2
2017-12-02,10000042,11452,10000000,10000000,10000000,2,2
2017-12-02,10000042,11453,10000000,10000000,10000000,3,3
2017-12-02,10000042,11454,10000000,10000000,10000000,1,1
2017-12-02,10000042,11481,153.17,153.17,153.17,102,2
2017-12-02,10000042,11482,299.99,299.99,299.99,10,1
2017-12-02,10000042,11483,27.69,27.69,27.69,100,1
2017-12-02,10000042,11486,100.69,100.69,100.69,200,1
2017-12-02,10000042,11489,296727.27,290000,327000,11,5
2017-12-02,10000042,11496,44600,44600,44600,1,1
2017-12-02,10000042,11529,10000000,10000000,10000000,2,2
2017-12-02,10000042,11530,70999.56,70999.56,70999.56,144,2
2017-12-02,10000042,11531,59950,59950,59950,49,1
2017-12-02,10000042,11535,35950,35950,35950,187,2
2017-12-02,10000042,11536,43999.94,43999.94,43999.94,30,1
2017-12-02,10000042,11538,57950,57950,57950,797,3
2017-12-02,10000042,11541,74950,74950,74950,2589,2
2017-12-02,10000042,11542,16999.9,16999.9,16999.9,438,2
2017-12-02,10000042,11543,29959.92,29959.92,29959.92,300,1
2017-12-02,10000042,11545,15950,15950,15950,2426,2
2017-12-02,10000042,11547,200000,200000,200000,3,1
2017-12-02,10000042,11548,180000,180000,180000,5,1
2017-12-02,10000042,11551,72997.98,72997.98,72997.98,73,1
2017-12-02,10000042,11553,67950,67950,67950,485,1
2017-12-02,10000042,11554,75000,74950,78000,61,2
2017-12-02,10000042,11555,110000.54,110000.54,110000.54,23,1
2017-12-02,10000042,11556,58950,58950,58950,184,2
2017-12-02,10000042,11561,341000,341000,341000,2,1
2017-12-02,10000042,11563,190092.93,114389.54,197991.83,18,17
2017-12-02,10000042,11566,120000,120000,120000,14,14
2017-12-02,10000042,11569,400000,400000,400000,2,2
2017-12-02,10000042,11572,400000,400000,400000,1,1
2017-12-02,10000042,11574,2000000,2000000,2000000,3,3
2017-12-02,10000042,11577,4003881.53,3500301.21,4119968.63,31,28
2017-12-02,10000042,11578,7780423.63,6999999.8,7999999.99,51,49
2017-12-02,10000042,11579,3628214.24,3500000,5294999.3,14,13
2017-12-02,10000042,11584,166250,75000,1899999.99,20,11
2017-12-02,10000042,11621,99000,99000,99000,111,1
2017-12-02,10000042,11640,767661.23,740000,971160.72,36,18
2017-12-02,10000042,11642,1749998.74,1749998.74,1749998.74,1,1
2017-12-02,10000042,11644,2239895,2239890,2239899.99,2,2
2017-12-02,10000042,11646,2324992.37,2249990,2549999.5,8,8
2017-12-02,10000042,11648,1747929.99,1747929.99,1747929.99,1,1
2017-12-02,10000042,11688,36950,36950,36950,1200,3
2017-12-02,10000042,11691,32950,32950,32950,100,1
2017-12-02,10000042,11738,114,114,114,1,1
2017-12-02,10000042,11859,282640,282640,282640,2,2
2017-12-02,10000042,11870,282640,282640,282640,2,2
2017-12-02,10000042,11872,364560,364560,364560,1,1
2017-12-02,10000042,11873,364560,364560,364560,1,1
2017-12-02,10000042,11887,282640,282640,282640,2,2
2017-12-02,10000042,11889,282640,282640,282640,1,1
2017-12-02,10000042,11890,282640,282640,282640,3,3
2017-12-02,10000042,11891,282640,282640,282640,1,1
2017-12-02,10000042,11987,279980000,279980000,279980000,1,1
2017-12-02,10000042,11989,239000000,239000000,239000000,1,1
2017-12-02,10000042,11993,279965956.98,279965956.98,279965956.98,1,1
2017-12-02,10000042,12005,279834406.81,255968901.82,303699911.79,2,2
2017-12-02,10000042,12019,350000000.01,350000000.01,350000000.01,1,1
2017-12-02,10000042,12032,38499999.92,38499999.91,38499999.92,2,2
2017-12-02,10000042,12034,38499999.78,38499999.76,38499999.79,2,2
2017-12-02,10000042,12038,39599399.98,38498999.98,43000000,5,4
2017-12-02,10000042,12044,38994999.55,38990000,38999999.09,2,2
2017-12-02,10000042,12052,96607.05,1,259995.99,29,12
2017-12-02,10000042,12053,1581880,1581880,1581880,3,3
2017-12-02,10000042,12055,7909400,7909400,7909400,1,1
2017-12-02,10000042,12056,63900.16,60999.9,148000,11,11
2017-12-02,10000042,12057,322560,322560,322560,2,2
2017-12-02,10000042,12058,3302736.07,2102002.46,3339999,19,18
2017-12-02,10000042,12066,345450,340899.99,350000,2,2
2017-12-02,10000042,12067,1612800,1612800,1612800,1,1
2017-12-02,10000042,12068,4749999,4749999,4749999,1,1
2017-12-02,10000042,12076,6806665.8,6699999,7249999.99,15,13
2017-12-02,10000042,12084,10399999,10399999,10399999,6,4
2017-12-02,10000042,12092,923333.33,310000,1000000,9,9
2017-12-02,10000042,12093,4000000,4000000,4000000,2,2
2017-12-02,10000042,12095,4000000,4000000,4000000,4,4
2017-12-02,10000042,12096,28000000,28000000,28000000,1,1
2017-12-02,10000042,12098,20000000,20000000,20000000,1,1
2017-12-02,10000042,12102,4260248.84,4194000,4299998.15,16,5
2017-12-02,10000042,12179,40000000,40000000,40000000,5,5
2017-12-02,10000042,12180,375000,375000,375000,1,1
2017-12-02,10000042,12181,350000,350000,350000,1,1
2017-12-02,10000042,12182,325000,325000,325000,1,1
2017-12-02,10000042,12183,275000,275000,275000,1,1
2017-12-02,10000042,12184,250000,250000,250000,5,2
2017-12-02,10000042,12185,225000,225000,225000,1,1
2017-12-02,10000042,12186,200000,200000,200000,4,4
2017-12-02,10000042,12187,175000,175000,175000,3,3
2017-12-02,10000042,12188,150000,150000,150000,3,3
2017-12-02,10000042,12189,400000,400000,400000,1,1
2017-12-02,10000042,12190,125000,125000,125000,3,3
2017-12-02,10000042,12191,75000,75000,75000,6,5
2017-12-02,10000042,12192,100000,100000,100000,2,2
2017-12-02,10000042,12193,50000,50000,50000,1,1
2017-12-02,10000042,12194,300000,300000,300000,7,3
2017-12-02,10000042,12195,25000,25000,25000,3,3
2017-12-02,10000042,12196,300000,300000,300000,1,1
2017-12-02,10000042,12199,5500000,5500000,5500000,1,1
2017-12-02,10000042,12201,799774,799774,799774,141,7
2017-12-02,10000042,12202,2103000,1306000,2900000,2,2
2017-12-02,10000042,12203,9000000,9000000,9000000,3,3
2017-12-02,10000042,12204,7498899.33,7498899.33,7498899.33,1,1
2017-12-02,10000042,12205,19996761.11,19996761.11,19996761.11,1,1
2017-12-02,10000042,12206,3500000,3500000,3500000,2,2
2017-12-02,10000042,12207,6993818.23,6900000,12998185.22,65,3
2017-12-02,10000042,12208,3000000,3000000,3000000,1,1
2017-12-02,10000042,12209,6049285.71,4410000,9000000,14,6
2017-12-02,10000042,12214,59973969.97,59973969.97,59973969.97,1,1
2017-12-02,10000042,12215,9999988.9,9999988.9,9999988.9,1,1
2017-12-02,10000042,12243,100800.01,100800.01,100800.01,40,1
2017-12-02,10000042,12257,199999.98,199999.98,199999.98,1,1
2017-12-02,10000042,12259,4643710,4643710,4643710,1,1
2017-12-02,10000042,12266,998400,998400,998400,1,1
2017-12-02,10000042,12267,4099999,4099998.99,4099999,11,9
2017-12-02,10000042,12271,6599999,6599999,6599999,5,4
2017-12-02,10000042,12274,147272.64,146999.88,150000,11,7
2017-12-02,10000042,12275,499200,499200,499200,1,1
2017-12-02,10000042,12304,882367.67,16103,1700000,12,7
2017-12-02,10000042,12305,100000,100000,100000,11,11
2017-12-02,10000042,12346,1869997.88,1799999.99,1899996.97,10,4
2017-12-02,10000042,12365,110778.54,121.04,120000,13,13
2017-12-02,10000042,12366,113333.34,0.1,120000,18,18
2017-12-02,10000042,12367,113340.27,124.89,120000,18,18
2017-12-02,10000042,12441,80000,80000,80000,12,12
2017-12-02,10000042,12442,254319.33,100000,1499999.99,17,17
2017-12-02,10000042,12478,9944.55,9899.37,10004.75,399984,24
2017-12-02,10000042,12484,4793974,4793974,4793974,1,1
2017-12-02,10000042,12485,3979166.78,3342200.33,9000000,6,6
2017-12-02,10000042,12486,3862500,3800000,3900000,8,8
2017-12-02,10000042,12487,4992250,4990000,4999000,4,4
2017-12-02,10000042,12530,250000,250000,250000,4,1
2017-12-02,10000042,12537,783166.67,749500,800000,6,3
2017-12-02,10000042,12538,21.1,21.1,21.1,1,1
2017-12-02,10000042,12557,242754.21,242754.21,242754.22,64,6
2017-12-02,10000042,12559,441134.28,139950,479999.99,70,7
2017-12-02,10000042,12563,198973.29,198973.29,198973.29,124,4
2017-12-02,10000042,12565,133985.85,133985.84,133985.85,54,2
2017-12-02,10000042,12608,63,63,64.99,30054,14
2017-12-02,10000042,12612,77.9,77.89,77.9,30621,17
2017-12-02,10000042,12614,446.5,446.5,446.5,13858,9
2017-12-02,10000042,12618,35,35,35,315246,4
2017-12-02,10000042,12620,62.95,62.95,62.95,3320,4
2017-12-02,10000042,12625,73.96,73.96,73.96,53504,11
2017-12-02,10000042,12631,107.92,107.92,107.92,6140,3
2017-12-02,10000042,12633,65,65,65,18000,4
2017-12-02,10000042,12735,213793693.42,213787267,213800119.84,2,2
2017-12-02,10000042,12743,155013000.04,155013000.04,155013000.04,1,1
2017-12-02,10000042,12745,319422471.99,319422466.98,319422476.99,2,2
2017-12-02,10000042,12761,636.03,636.03,636.03,8000,1
2017-12-02,10000042,12767,300,300,300,6968,3
2017-12-02,10000042,12771,281.98,281.98,281.98,7000,2
2017-12-02,10000042,12773,191.79,191.79,191.79,28989,5
2017-12-02,10000042,12775,579.97,579.97,579.97,81680,9
2017-12-02,10000042,12777,183.04,183.04,183.04,18892,5
2017-12-02,10000042,12779,641.99,641.99,641.99,70280,8
2017-12-02,10000042,12785,329.9,329.9,329.9,20860,7
2017-12-02,10000042,12787,369.97,369.97,369.97,37500,9
2017-12-02,10000042,12789,139.95,139.95,139.95,1459281,15
2017-12-02,10000042,12791,268.93,268.93,268.93,33135,5
2017-12-02,10000042,12801,349.72,349.72,349.72,41000,4
2017-12-02,10000042,12805,189.78,189.77,200,17000,5
2017-12-02,10000042,12814,1249998.59,1249998.59,1249998.59,272,12
2017-12-02,10000042,12816,799999.93,799999.92,799999.95,84,4
2017-12-02,10000042,12818,379963.43,379963.43,379963.43,229,11
2017-12-02,10000042,12820,418333.22,10000,499999.86,24,2
2017-12-02,10000042,12822,227900,227900,227900,120,2
2017-12-02,10000042,12826,399992.84,399992.84,399992.84,3,1
2017-12-02,10000042,13001,3181817.17,2999999,4999999.83,11,9
2017-12-02,10000042,13003,3639999.6,2349999,4500000,5,5
2017-12-02,10000042,13119,539.98,539.98,539.98,12000,2
2017-12-02,10000042,13216,27499959.99,27499959.99,27499959.99,1,1
2017-12-02,10000042,13229,26500000,26500000,26500000,1,1
2017-12-02,10000042,13240,39849774.78,39849769.77,39849779.78,2,2
2017-12-02,10000042,13245,19399799.98,19399799.98,19399799.98,1,1
2017-12-02,10000042,13249,27000000,27000000,27000000,1,1
2017-12-02,10000042,13256,19989979.2,19989979.2,19989979.2,1,1
2017-12-02,10000042,13258,4082998.99,4082998.99,4082998.99,1,1
2017-12-02,10000042,13259,31799979.98,31799979.98,31799979.98,1,1
2017-12-02,10000042,13261,29294995.7,29294990.69,29295000.7,2,2
2017-12-02,10000042,13262,1097000.47,1097000.47,1097000.47,1,1
2017-12-02,10000042,13263,20808345.57,20808345.57,20808345.57,1,1
2017-12-02,10000042,13267,1150.27,700.09,1600.44,40,4
2017-12-02,10000042,13278,99999.6,99999,100000,5,5
2017-12-02,10000042,13279,518750,250000,2400000,8,8
2017-12-02,10000042,13283,160000,80000,240000,2,2
2017-12-02,10000042,13284,1829997,1829997,1829997,1,1
2017-12-02,10000042,13285,202000.5,202000.5,202000.5,1,1
2017-12-02,10000042,13286,127000.65,1003.8,252997.5,4,4
2017-12-02,10000042,13287,770000,770000,770000,1,1
2017-12-02,10000042,13773,20000000,20000000,20000000,1,1
2017-12-02,10000042,13830,7000000,7000000,7000000,1,1
2017-12-02,10000042,13856,153.59,153.59,153.59,19500,2
2017-12-02,10000042,13939,99999999.99,99999999.99,99999999.99,2,2
2017-12-02,10000042,13949,29999999.98,29999999.98,29999999.98,1,1
2017-12-02,10000042,13952,9500000,9500000,9500000,1,1
2017-12-02,10000042,13953,11999398,11999397.99,11999398,2,2
2017-12-02,10000042,13969,274999999,274999999,274999999,1,1
2017-12-02,10000042,13982,5888889.96,5888889.96,5888889.96,2,2
2017-12-02,10000042,13988,500000,500000,500000,1,1
2017-12-02,10000042,13994,7500000,7500000,7500000,1,1
2017-12-02,10000042,13998,36998000,36998000,36998000,1,1
2017-12-02,10000042,14001,13999979.98,13999979.98,13999979.98,2,2
2017-12-02,10000042,14043,63044.88,63044.88,63044.88,1,1
2017-12-02,10000042,14047,29048288.09,29048288.09,29048288.09,1,1
2017-12-02,10000042,14063,16999997.99,16999997.99,16999997.99,2,2
2017-12-02,10000042,14070,18417610.25,18417610.25,18417610.25,2,1
2017-12-02,10000042,14072,49999539.25,49999539.25,49999539.25,1,1
2017-12-02,10000042,14102,44499999.82,44499999.82,44499999.82,1,1
2017-12-02,10000042,14108,20000136.45,20000136.45,20000136.45,1,1
2017-12-02,10000042,14110,32000000,30000000,33999999.99,2,2
2017-12-02,10000042,14112,45111109.98,45111109.98,45111109.98,1,1
2017-12-02,10000042,14120,250000000,250000000,250000000,1,1
2017-12-02,10000042,14230,84900000,84900000,84900000,1,1
2017-12-02,10000042,14244,159999990,159999990,159999990,1,1
2017-12-02,10000042,14256,57110970.85,57110970.85,57110970.85,1,1
2017-12-02,10000042,14272,70000,59999.99,80000,2,2
2017-12-02,10000042,14278,1113290.37,1000000,1778871.68,55,6
2017-12-02,10000042,14280,93003.1,93003.1,93003.1,2,1
2017-12-02,10000042,14284,66034.15,66034.15,66034.15,2,1
2017-12-02,10000042,14292,1,1,1,1,1
2017-12-02,10000042,14296,4650519.5,3301040.53,5999998.48,4,3
2017-12-02,10000042,14297,5684333.33,3703000,6675000,3,3
2017-12-02,10000042,14298,5999983.42,5999969.95,5999996.89,2,2
2017-12-02,10000042,14299,4986499.74,2899002.04,4999999.62,26,12
2017-12-02,10000042,15331,1369.95,1369.95,1369.95,25349,196
2017-12-02,10000042,15466,4759000,4759000,4759000,1,1
2017-12-02,10000042,15478,23890000,23890000,23890000,1,1
2017-12-02,10000042,15479,5200067.9,5200062.9,5200072.9,6,4
2017-12-02,10000042,15480,21989975.6,21989969,21989980,5,5
2017-12-02,10000042,15508,41921.17,35000,44949.98,41,10
2017-12-02,10000042,15510,27000,27000,27000,518,4
2017-12-02,10000042,15511,1500000,1500000,1500000,1,1
2017-12-02,10000042,15587,2050.01,2050.01,2050.01,4,2
2017-12-02,10000042,15588,2811.06,2811.06,2811.06,11,4
2017-12-02,10000042,15591,12500,12500,12500,3,1
2017-12-02,10000042,15592,942577.6,900000,1000000,33,4
2017-12-02,10000042,15596,2300.01,2300,2300.01,7,3
2017-12-02,10000042,15597,4525.01,4525,4525.01,10,4
2017-12-02,10000042,15598,6060.01,6060.01,6060.01,3,1
2017-12-02,10000042,15599,13600.01,13600.01,13600.01,15,4
2017-12-02,10000042,15600,329896.77,251005,353100.22,22,3
2017-12-02,10000042,15601,551100,551100,551100,6,1
2017-12-02,10000042,15602,83032.01,83032.01,83032.01,20,2
2017-12-02,10000042,15604,1882001.01,1882001.01,1882001.01,171,9
2017-12-02,10000042,15605,1632092,1632092,1632092,126,7
2017-12-02,10000042,15607,2551.02,2551.01,2551.02,82,15
2017-12-02,10000042,15608,3715.02,3715.02,3715.02,66,5
2017-12-02,10000042,15609,6500.04,6500.03,6500.05,55,7
2017-12-02,10000042,15610,207896.12,150002,250001.02,19,4
2017-12-02,10000042,15611,13171.62,12852,30000,53,8
2017-12-02,10000042,15612,30401.54,25020,60000,13,4
2017-12-02,10000042,15613,381682.64,357800,383009.45,57,6
2017-12-02,10000042,15614,121007,121007,121007,848,9
2017-12-02,10000042,15615,1980004,1980004,1981001,739,17
2017-12-02,10000042,15620,20000,20000,20000,6,1
2017-12-02,10000042,15621,30000,30000,30000,4,1
2017-12-02,10000042,15625,2055.01,2055.01,2055.01,18,2
2017-12-02,10000042,15626,2555.01,2555,2555.01,24,8
2017-12-02,10000042,15627,4000,4000,4000,6,1
2017-12-02,10000042,15628,2601.01,2601.01,2601.01,13,3
2017-12-02,10000042,15630,176501,176501,176501,2,1
2017-12-02,10000042,15646,10015,10015,10015,2,1
2017-12-02,10000042,15656,71627.05,71627.05,71627.05,179,3
2017-12-02,10000042,15660,1605.11,1605.11,1605.11,3,1
2017-12-02,10000042,15669,2311005.99,2311004.3,2311005.99,530,10
2017-12-02,10000042,15671,750000,750000,750000,8,2
2017-12-02,10000042,15672,100000,100000,100000,10,2
2017-12-02,10000042,15673,950000,950000,950000,11,1
2017-12-02,10000042,15675,79000000,79000000,79000000,2,2
2017-12-02,10000042,15681,110624723.37,110000000,119995656,16,9
2017-12-02,10000042,15729,36149994.99,36149989.99,36149999.99,4,3
2017-12-02,10000042,15739,37999574.58,37999574.58,37999574.58,1,1
2017-12-02,10000042,15753,25601614.29,25601614.29,25601614.29,1,1
2017-12-02,10000042,15766,34999689.05,34999689.04,34999689.05,2,2
2017-12-02,10000042,15790,20999103.12,20999103.12,20999103.12,2,2
2017-12-02,10000042,15800,75000000,75000000,75000000,2,1
2017-12-02,10000042,15806,93053963.76,78145867.87,101998825.3,8,3
2017-12-02,10000042,15887,55998999.98,55998999.98,55998999.98,1,1
2017-12-02,10000042,15891,101123221,101123221,101123221,2,1
2017-12-02,10000042,15895,99102685.67,99102682.34,99102692.32,3,2
2017-12-02,10000042,15965,94000000,93999999.99,94000000,2,2
2017-12-02,10000042,15992,23750.76,17000,26001.01,92,4
2017-12-02,10000042,15993,25000,25000,25000,6,2
2017-12-02,10000042,15999,22660.01,22660.01,22660.01,1,1
2017-12-02,10000042,16000,25818.2,16000,40000.05,44,5
2017-12-02,10000042,16001,30000,30000,30000,6,2
2017-12-02,10000042,16062,43100001.4,43100001.4,43100001.4,5,5
2017-12-02,10000042,16069,85000,85000,85000,6,6
2017-12-02,10000042,16118,2006,2006,2006,3,1
2017-12-02,10000042,16119,512.01,512.01,512.01,4,1
2017-12-02,10000042,16227,46995928.98,46995928.97,46995928.98,2,2
2017-12-02,10000042,16231,39999998.89,39999998.89,39999998.89,1,1
2017-12-02,10000042,16236,961445.91,710844.5,999999.97,15,8
2017-12-02,10000042,16238,743962.27,681003.2,748999,27,3
2017-12-02,10000042,16240,943749.24,675000,989998.98,8,8
2017-12-02,10000042,16241,12499998.94,12499998.94,12499998.94,1,1
2017-12-02,10000042,16242,892582.3,500100.05,948000,44,37
2017-12-02,10000042,16243,7500000,7500000,7500000,7,3
2017-12-02,10000042,16263,192000.07,188000,200008.06,11875,85
2017-12-02,10000042,16272,526.88,526.88,526.88,746131,17
2017-12-02,10000042,16273,199.77,199.77,199.77,292832,32
2017-12-02,10000042,16274,755.04,755.04,755.04,11148936,12
2017-12-02,10000042,16275,3990,3990,3990,38176,23
2017-12-02,10000042,16278,2096175.19,1780000.12,2725000,17,8
2017-12-02,10000042,16281,385416.67,375000,400000,12,8
2017-12-02,10000042,16297,2029.08,2029.08,2029.08,2,1
2017-12-02,10000042,16299,161145.97,2156.85,236000,9,6
2017-12-02,10000042,16303,415783.94,208017.89,581996.73,18,9
2017-12-02,10000042,16305,2777.77,2777.77,2777.77,2,2
2017-12-02,10000042,16307,290990.01,290990.01,290990.01,1,1
2017-12-02,10000042,16311,258000.5,116001,400000,2,2
2017-12-02,10000042,16315,0.02,0.02,0.02,2,1
2017-12-02,10000042,16321,100.89,100.89,100.89,1,1
2017-12-02,10000042,16323,169965.01,169965.01,169965.01,1,1
2017-12-02,10000042,16327,100,100,100,1,1
2017-12-02,10000042,16339,888.15,888.15,888.15,2,2
2017-12-02,10000042,16343,1780.11,1780.11,1780.11,1,1
2017-12-02,10000042,16351,20710.81,1100,99999,5,4
2017-12-02,10000042,16353,72576.75,72576.75,72576.75,2,2
2017-12-02,10000042,16355,85687.2,85687.2,85687.2,4,2
2017-12-02,10000042,16357,92297.65,92297.65,92297.65,1,1
2017-12-02,10000042,16359,53021.43,53021.43,53021.43,2,2
2017-12-02,10000042,16361,68383.45,68383.45,68383.45,19,5
2017-12-02,10000042,16363,131014.66,131014.66,131014.66,9,5
2017-12-02,10000042,16365,126358.24,126358.24,126358.24,12,4
2017-12-02,10000042,16367,104305.2,104305.2,104305.2,5,2
2017-12-02,10000042,16369,132606.29,132606.29,132606.29,4,4
2017-12-02,10000042,16371,103556.87,95096.34,137399,5,3
2017-12-02,10000042,16373,93701.88,93701.88,93701.88,12,5
2017-12-02,10000042,16375,121289.93,121289.93,121289.93,9,3
2017-12-02,10000042,16377,113106.78,113106.61,113107.46,5,4
2017-12-02,10000042,16379,79000.01,79000.01,79000.01,3,3
2017-12-02,10000042,16381,97093.34,97093.34,97093.34,6,4
2017-12-02,10000042,16383,97002.61,97002.61,97002.61,7,4
2017-12-02,10000042,16387,3271.01,5,6537.01,4,2
2017-12-02,10000042,16389,58060.56,36121.09,80000.02,2,2
2017-12-02,10000042,16391,555020.43,324072.7,999999.97,40,8
2017-12-02,10000042,16393,20500,20500,20500,1,1
2017-12-02,10000042,16395,100,100,100,1,1
2017-12-02,10000042,16399,1777,1777,1777,1,1
2017-12-02,10000042,16401,5,5,5,1,1
2017-12-02,10000042,16407,5.02,5.02,5.02,2,1
2017-12-02,10000042,16411,52.51,5.01,100,2,2
2017-12-02,10000042,16415,202.01,202.01,202.01,1,1
2017-12-02,10000042,16421,2000.12,2000.12,2000.12,2,2
2017-12-02,10000042,16423,299999.99,299999.99,299999.99,1,1
2017-12-02,10000042,16425,101,101,101,1,1
2017-12-02,10000042,16433,6500,6000,6999.99,2,2
2017-12-02,10000042,16435,515,515,515,3,3
2017-12-02,10000042,16439,50120,160,199999.99,4,4
2017-12-02,10000042,16441,70000,70000,70000,1,1
2017-12-02,10000042,16443,499600,499600,499600,1,1
2017-12-02,10000042,16447,162866.66,3650,219749.99,9,6
2017-12-02,10000042,16449,3500,3500,3500,1,1
2017-12-02,10000042,16455,101766.66,5100,150099.99,3,3
2017-12-02,10000042,16457,4976401.18,1749496.33,9500000,26,13
2017-12-02,10000042,16467,101605,63224.45,139985.55,4,4
2017-12-02,10000042,16469,322661.83,26000.01,381994.01,6,5
2017-12-02,10000042,16475,105000,105000,105000,3,2
2017-12-02,10000042,16477,353998.99,353998.99,353998.99,5,1
2017-12-02,10000042,16481,9500.01,9500.01,9500.01,2,1
2017-12-02,10000042,16483,5700.01,5700.01,5700.01,1,1
2017-12-02,10000042,16485,3200.01,3200.01,3200.01,2,2
2017-12-02,10000042,16487,712880.87,712880.87,712880.87,4,1
2017-12-02,10000042,16489,3200.01,3200.01,3200.01,2,2
2017-12-02,10000042,16491,1781.43,1781.43,1781.43,1,1
2017-12-02,10000042,16493,4899.01,4899.01,4899.01,2,1
2017-12-02,10000042,16495,14999,14999,14999,1,1
2017-12-02,10000042,16497,179999.43,179999.43,179999.43,3,2
2017-12-02,10000042,16499,177449,177449,177449,6,1
2017-12-02,10000042,16505,75998,5001,146995,2,2
2017-12-02,10000042,16507,212211.88,212211.88,212211.88,2,1
2017-12-02,10000042,16513,3505,3505,3505,2,1
2017-12-02,10000042,16515,3000,3000,3000,2,1
2017-12-02,10000042,16519,205979.71,15125,269597.95,24,4
2017-12-02,10000042,16521,3984.16,803.07,20950,19,12
2017-12-02,10000042,16523,10084.05,2501.44,17500,6,5
2017-12-02,10000042,16527,660789.26,200050.67,799989.93,23,14
2017-12-02,10000042,16529,296622.8,95000.92,699866.55,3,3
2017-12-02,10000042,16535,18999981.48,18999973.98,18999988.99,4,4
2017-12-02,10000042,16537,17948995,17899989.99,17998000,2,2
2017-12-02,10000042,16591,32000000,32000000,32000000,1,1
2017-12-02,10000042,16594,2000000,1500000,2999999.99,3,3
2017-12-02,10000042,16597,20000000,20000000,20000000,1,1
2017-12-02,10000042,16598,3830261.6,3500000,5481569.57,6,6
2017-12-02,10000042,16622,5000000,5000000,5000000,2,2
2017-12-02,10000042,16642,5900,5900,5900,43799,4
2017-12-02,10000042,16661,7399,7399,7399,98052,1
2017-12-02,10000042,16664,12999,12999,12999,1,1
2017-12-02,10000042,16670,293,293,293,6373054,4
2017-12-02,10000042,16671,310,310,310,756034,4
2017-12-02,10000042,16678,458,458,458,1708216,2
2017-12-02,10000042,16679,1189.43,1189.43,1189.43,40307,1
2017-12-02,10000042,16680,4999.9,4999.9,4999.9,12012,4
2017-12-02,10000042,16681,19999.85,19999.85,19999.85,14710,7
2017-12-02,10000042,16682,16000,16000,16000,52423,6
2017-12-02,10000042,17136,115000,115000,115000,6,2
2017-12-02,10000042,17190,10005.48,10005.48,10005.48,11,3
2017-12-02,10000042,17192,300000,300000,300000,1,1
2017-12-02,10000042,17194,12458.31,12458.31,12458.31,1,1
2017-12-02,10000042,17202,154.11,154.11,154.11,1,1
2017-12-02,10000042,17217,6283333.33,5550000,6600000,6,6
2017-12-02,10000042,17220,200.15,200.15,200.15,4,1
2017-12-02,10000042,17222,10,10,10,3,2
2017-12-02,10000042,17223,914467.91,914467.91,914467.91,3,2
2017-12-02,10000042,17264,250,250,250,1,1
2017-12-02,10000042,17317,149897.91,149897.91,149897.91,3508,2
2017-12-02,10000042,17323,5000000,5000000,5000000,2,2
2017-12-02,10000042,17324,5000000,5000000,5000000,1,1
2017-12-02,10000042,17325,5000000,5000000,5000000,1,1
2017-12-02,10000042,17329,5000000,5000000,5000000,1,1
2017-12-02,10000042,17331,5000000,5000000,5000000,2,2
2017-12-02,10000042,17333,5000000,5000000,5000000,1,1
2017-12-02,10000042,17337,5000000,5000000,5000000,1,1
2017-12-02,10000042,17341,5000000,5000000,5000000,1,1
2017-12-02,10000042,17342,5000000,5000000,5000000,1,1
2017-12-02,10000042,17345,5000000,5000000,5000000,1,1
2017-12-02,10000042,17347,5000000,5000000,5000000,1,1
2017-12-02,10000042,17357,5000000,5000000,5000000,1,1
2017-12-02,10000042,17363,490000,490000,490000,1,1
2017-12-02,10000042,17366,53947.53,28882,99999.99,45,16
2017-12-02,10000042,17367,239714.27,230000,297999.87,35,6
2017-12-02,10000042,17368,3111375,2522749.99,3700000,2,2
2017-12-02,10000042,17392,85236.98,85236.98,85236.98,198,1
2017-12-02,10000042,17440,450.01,450.01,450.01,65,2
2017-12-02,10000042,17441,452.66,452.01,453,26,2
2017-12-02,10000042,17444,453.01,453.01,453.01,1743,3
2017-12-02,10000042,17445,450.01,450.01,450.01,603,3
2017-12-02,10000042,17448,354.01,354.01,354.01,1914,7
2017-12-02,10000042,17449,359.87,359.87,359.87,4286,6
2017-12-02,10000042,17452,133.55,133.55,133.55,5481,7
2017-12-02,10000042,17453,130.09,130.09,130.09,9235,8
2017-12-02,10000042,17455,56.99,56.99,58,11875559,224
2017-12-02,10000042,17456,59.24,59.24,62,8121314,202
2017-12-02,10000042,17459,25.24,25.24,25.24,71,1
2017-12-02,10000042,17460,25.01,25.01,25.02,75,2
2017-12-02,10000042,17463,19.11,19.11,19.11,3933957,54
2017-12-02,10000042,17464,20.95,20.95,20.95,1747979,42
2017-12-02,10000042,17467,1901,1901,1901,296,1
2017-12-02,10000042,17470,13.96,13.96,13.96,13155717,75
2017-12-02,10000042,17471,15.1,15.1,15.1,6342111,74
2017-12-02,10000042,17476,23692110.33,21080000.02,24997998.97,9,9
2017-12-02,10000042,17478,19399999.58,16800000.12,20000000,9,9
2017-12-02,10000042,17480,17001454.51,16002000.08,17940000,11,10
2017-12-02,10000042,17482,1943360.02,1775000,2000000,56,28
2017-12-02,10000042,17500,65999947.94,65999947.94,65999947.94,2,2
2017-12-02,10000042,17526,22488999.97,22488999.96,22488999.97,5,3
2017-12-02,10000042,17559,71843906.26,71843902.92,71843912.93,3,2
2017-12-02,10000042,17619,18276864.89,18000000,18511000,13,6
2017-12-02,10000042,17621,11000000,11000000,11000000,1,1
2017-12-02,10000042,17634,97996008.97,97996008.97,97996008.97,1,1
2017-12-02,10000042,17703,33499964.93,32000000,34999929.85,2,2
2017-12-02,10000042,17713,62950928.92,62950928.92,62950928.92,2,2
2017-12-02,10000042,17715,216714678.52,202919404.01,219869664.27,6,6
2017-12-02,10000042,17718,116999970,116999941,116999998.99,2,2
2017-12-02,10000042,17720,145122833.52,126037002.23,148999998.97,6,6
2017-12-02,10000042,17732,399999998.98,399999998.98,399999998.98,1,1
2017-12-02,10000042,17738,546590848.52,493545104.14,556000000.02,6,6
2017-12-02,10000042,17765,66793.51,36380.52,82000,30,3
2017-12-02,10000042,17812,12549998.14,12500000,12799988.86,6,6
2017-12-02,10000042,17816,6600000,5000000,9000000,5,3
2017-12-02,10000042,17841,15088999.89,15088999.89,15088999.89,1,1
2017-12-02,10000042,17843,70172230.1,59119111.24,73999924.62,4,4
2017-12-02,10000042,17867,73.01,73.01,73.01,1361349,35
2017-12-02,10000042,17868,65.5,65.5,65.5,635746,46
2017-12-02,10000042,17871,500000,500000,500000,1,1
2017-12-02,10000042,17887,1200,1200,1200,249997,4
2017-12-02,10000042,17888,1500,1500,1500,21097,3
2017-12-02,10000042,17889,760,759.83,760.02,4729644,20
2017-12-02,10000042,17893,141000.36,141000.36,141000.36,712,13
2017-12-02,10000042,17894,349999.48,349998.48,349999.49,226,16
2017-12-02,10000042,17895,724999.98,724999.98,724999.98,161,13
2017-12-02,10000042,17897,12.12,12.12,12.12,30,2
2017-12-02,10000042,17912,4005762,3800000,4140000,42,22
2017-12-02,10000042,17918,457889416.65,457888888.85,457889944.44,2,2
2017-12-02,10000042,17922,99998799.94,99998799.94,99998799.94,1,1
2017-12-02,10000042,17928,66915912.98,51765681.97,68999000,4,4
2017-12-02,10000042,17930,70964864.47,68999949.93,72929779,2,2
2017-12-02,10000042,17932,303345204.98,58349749.94,401343387,14,11
2017-12-02,10000042,17938,10000,10000,10000,103,70
2017-12-02,10000042,17939,60000,60000,60000,1,1
2017-12-02,10000042,17940,774999.99,500000,1599999.95,8,8
2017-12-02,10000042,17959,12999,12999,12999,1,1
2017-12-02,10000042,17999,500000,500000,500000,9,2
2017-12-02,10000042,18025,395000,390000,400000,2,2
2017-12-02,10000042,18036,419999.55,419999.54,419999.55,23,4
2017-12-02,10000042,18038,139999.99,139999.99,139999.99,21,4
2017-12-02,10000042,18040,374999.95,374999.94,374999.96,14,2
2017-12-02,10000042,18042,349999.75,349999.75,349999.75,18,3
2017-12-02,10000042,18044,259999.06,259999.06,259999.06,14,2
2017-12-02,10000042,18046,355032.73,355029.99,355033.82,14,3
2017-12-02,10000042,18048,189598.42,169749.97,281353.99,22,5
2017-12-02,10000042,18050,298995,298995,298995,6,2
2017-12-02,10000042,18052,83999.95,83999.94,83999.97,14,4
2017-12-02,10000042,18056,50672.65,43000,60000,62,11
2017-12-02,10000042,18058,41168.29,36250,45000,41,6
2017-12-02,10000042,18060,92166.64,82499.94,99900,9,2
2017-12-02,10000042,18062,31032.78,30000,32999.99,61,7
2017-12-02,10000042,18064,419439.49,395000,449988.85,18,3
2017-12-02,10000042,18066,23606.31,16998,34999.95,79,7
2017-12-02,10000042,18068,1700000,1700000,1700000,1,1
2017-12-02,10000042,18594,719999,719999,719999,4,1
2017-12-02,10000042,18600,524963.53,524963.15,524970.81,58,4
2017-12-02,10000042,18602,498887,498887,498887,22,3
2017-12-02,10000042,18604,225000,225000,225000,34,2
2017-12-02,10000042,18606,458888.78,458888.78,458888.78,14,1
2017-12-02,10000042,18610,1200000,1200000,1200000,36,2
2017-12-02,10000042,18612,360999.96,360999.96,360999.96,351,11
2017-12-02,10000042,18614,318000,318000,318000,32,2
2017-12-02,10000042,18616,144436.67,144433.9,144450,86,6
2017-12-02,10000042,18618,199840.09,198000,199985.36,82,6
2017-12-02,10000042,18635,73432.19,1,358997.91,88,5
2017-12-02,10000042,18637,1,1,1,70,3
2017-12-02,10000042,18639,61496.35,41249.87,124000,26,19
2017-12-02,10000042,18680,90947669.24,90947669.23,90947669.24,2,2
2017-12-02,10000042,18686,39111111,39111111,39111111,1,1
2017-12-02,10000042,18708,94984000,94984000,94984000,1,1
2017-12-02,10000042,18710,64166666.67,63750000,65000000,3,3
2017-12-02,10000042,18758,1900000,1900000,1900000,1,1
2017-12-02,10000042,18793,3896000,3896000,3896000,2,2
2017-12-02,10000042,18797,10500,10500,10500,1,1
2017-12-02,10000042,18847,17000000,17000000,17000000,1,1
2017-12-02,10000042,18933,80000000,80000000,80000000,1,1
2017-12-02,10000042,18945,198499799,198499799,198499799,1,1
2017-12-02,10000042,18985,7187999.84,12000,9579999.78,4,2
2017-12-02,10000042,19003,129999699.48,129999699.48,129999699.48,1,1
2017-12-02,10000042,19009,73998949.9,73998949.89,73998949.9,2,2
2017-12-02,10000042,19017,139999959.42,139999959.41,139999959.42,2,2
2017-12-02,10000042,19029,109499803.04,109499803.04,109499803.04,1,1
2017-12-02,10000042,19031,249110998,249110998,249110998,1,1
2017-12-02,10000042,19040,109998999,109998999,109998999,1,1
2017-12-02,10000042,19045,122999873.18,122999873.18,122999873.18,1,1
2017-12-02,10000042,19107,29999997.97,29999997.97,29999997.97,2,2
2017-12-02,10000042,19141,21550000,21550000,21550000,4,4
2017-12-02,10000042,19147,1006744.66,1006744.66,1006744.66,1,1
2017-12-02,10000042,19173,58875018.51,46251111.08,61000000,6,5
2017-12-02,10000042,19175,67666666.66,67000000,68999999.97,3,2
2017-12-02,10000042,19181,46999999.5,46999999,47000000,2,2
2017-12-02,10000042,19187,25081782.72,10164275.5,39999289.94,2,2
2017-12-02,10000042,19202,88989979.9,88989979.9,88989979.9,1,1
2017-12-02,10000042,19206,136999998.5,136999997,137000000,2,2
2017-12-02,10000042,19207,169999989.99,169999989.99,169999989.99,1,1
2017-12-02,10000042,19225,4893547.24,4499999,7999788.96,6,4
2017-12-02,10000042,19233,1024500,849000,1200000,2,2
2017-12-02,10000042,19237,1252000,1252000,1252000,1,1
2017-12-02,10000042,19241,4500000,4500000,4500000,1,1
2017-12-02,10000042,19245,14999000,14999000,14999000,1,1
2017-12-02,10000042,19247,27400274.95,27400274.95,27400274.95,1,1
2017-12-02,10000042,19258,64998858.12,64998858.12,64998858.12,1,1
2017-12-02,10000042,19260,35000000,35000000,35000000,1,1
2017-12-02,10000042,19286,6939880,700000,8499850,5,4
2017-12-02,10000042,19288,4999000,4999000,4999000,1,1
2017-12-02,10000042,19303,179999992.38,179999992.38,179999992.38,1,1
2017-12-02,10000042,19325,53999759.87,53999739.87,53999779.87,2,2
2017-12-02,10000042,19337,144999999.98,144999999.98,144999999.98,1,1
2017-12-02,10000042,19339,88888888,88888888,88888888,1,1
2017-12-02,10000042,19345,114999999.97,110000000,119999999.94,2,2
2017-12-02,10000042,19359,245000000,245000000,245000000,1,1
2017-12-02,10000042,19400,7337.03,11.1,11000,24,4
2017-12-02,10000042,19401,20000,20000,20000,1,1
2017-12-02,10000042,19404,168472.05,62500.25,180000,32,9
2017-12-02,10000042,19405,360000,360000,360000,3,2
2017-12-02,10000042,19406,575261.7,510942.12,600000,18,14
2017-12-02,10000042,19407,1136853.06,600104.03,1200000,19,9
2017-12-02,10000042,19408,1883333.34,800000.01,2100000,6,5
2017-12-02,10000042,19416,43200000,43200000,43200000,119,22
2017-12-02,10000042,19417,51680000,51680000,51680000,10,1
2017-12-02,10000042,19418,61200000,61200000,61200000,5,1
2017-12-02,10000042,19419,80000000,80000000,80000000,18,6
2017-12-02,10000042,19420,101640000,101640000,101640000,1,1
2017-12-02,10000042,19421,133837000,133837000,133837000,24,5
2017-12-02,10000042,19500,5501.01,5501.01,5501.01,1,1
2017-12-02,10000042,19660,1000.94,1000.78,1001.02,6,4
2017-12-02,10000042,19684,36889998.99,36889998.99,36889998.99,1,1
2017-12-02,10000042,19687,164997353.25,164997353.25,164997353.25,2,2
2017-12-02,10000042,19688,220999999.99,220999999.99,220999999.99,1,1
2017-12-02,10000042,19719,30000000,30000000,30000000,8,5
2017-12-02,10000042,19723,1850000000,1850000000,1850000000,1,1
2017-12-02,10000042,19739,3322188.93,2512870.48,3999999,17,5
2017-12-02,10000042,19744,903199.2,421000,999999,5,5
2017-12-02,10000042,19759,579995.99,579995.99,579995.99,1,1
2017-12-02,10000042,19761,3778000,3778000,3778000,1,1
2017-12-02,10000042,19766,800000,800000,800000,3,3
2017-12-02,10000042,19767,400000,400000,400000,1,1
2017-12-02,10000042,19806,1179997.97,1179997.97,1179997.97,4,3
2017-12-02,10000042,19810,7239.63,113.07,49999,7,6
2017-12-02,10000042,19812,4.99,4.99,4.99,4,4
2017-12-02,10000042,19814,273684.16,1262.01,559974.72,21,15
2017-12-02,10000042,19921,153671.41,90000,211111,23,16
2017-12-02,10000042,19922,600000,600000,600000,6,6
2017-12-02,10000042,19923,2903.09,2903.09,2903.09,1,1
2017-12-02,10000042,19925,148750.66,2503.32,294997.99,2,2
2017-12-02,10000042,19927,134841.6,12104,217000,5,4
2017-12-02,10000042,19929,5001.33,5001.33,5001.33,4,4
2017-12-02,10000042,19931,3001.01,3001.01,3001.01,1,1
2017-12-02,10000042,19935,43505.35,516.06,65000,3,3
2017-12-02,10000042,19937,99998.98,99998.98,99998.99,3,2
2017-12-02,10000042,19939,75003.75,5,300000,4,4
2017-12-02,10000042,19942,5,5,5,2,1
2017-12-02,10000042,19944,52000.67,51002.36,52998.98,2,2
2017-12-02,10000042,19946,15749.99,1300,87999.95,6,4
2017-12-02,10000042,19948,876.02,876.02,876.02,5,5
2017-12-02,10000042,19950,2540.93,1001.16,8700,5,5
2017-12-02,10000042,19952,9473.1,462.34,24999.99,7,4
2017-12-02,10000042,19964,532.54,532.54,532.54,300,2
2017-12-02,10000042,19970,5.56,5.56,5.56,1000,1
2017-12-02,10000042,19972,6.01,6.01,6.01,6650,5
2017-12-02,10000042,19974,20,20,20,1000,1
2017-12-02,10000042,19976,19.99,19.99,19.99,2000,2
2017-12-02,10000042,19992,8.01,8.01,8.01,1000,1
2017-12-02,10000042,19996,20,20,20,2000,1
2017-12-02,10000042,19998,6.49,6.49,6.49,1000,1
2017-12-02,10000042,20000,525.98,525.98,525.98,1000,1
2017-12-02,10000042,20110,1145999.5,501000.01,1790999,8,5
2017-12-02,10000042,20114,250000,250000,250000,1,1
2017-12-02,10000042,20115,10000,10000,10000,1,1
2017-12-02,10000042,20125,269999969.89,269999969.89,269999969.89,1,1
2017-12-02,10000042,20171,34714.09,12000.02,99000.02,63,5
2017-12-02,10000042,20172,38500.01,38500.01,38500.01,115,8
2017-12-02,10000042,20185,1219999999.99,1219999999.99,1219999999.99,1,1
2017-12-02,10000042,20187,1300000000,1300000000,1300000000,1,1
2017-12-02,10000042,20189,1190888687.69,1190888687.69,1190888687.69,1,1
2017-12-02,10000042,20209,1540624.13,950000,1799998.73,16,4
2017-12-02,10000042,20210,1801799.6,1000000,3499999,5,5
2017-12-02,10000042,20211,2749999,2499998,3000000,2,2
2017-12-02,10000042,20212,9000000,9000000,9000000,2,2
2017-12-02,10000042,20213,10166666.67,9000000,12500000,3,3
2017-12-02,10000042,20307,140.98,140.98,140.98,8280,2
2017-12-02,10000042,20308,268.9,268.9,268.9,4960,2
2017-12-02,10000042,20312,624999.24,500000,1492996.96,4,4
2017-12-02,10000042,20314,89333.33,60000,499999.98,15,15
2017-12-02,10000042,20315,1132600,1000000,2737000,15,15
2017-12-02,10000042,20342,52749929.97,50000000,60999719.86,4,4
2017-12-02,10000042,20345,339970,339970,339970,4,2
2017-12-02,10000042,20347,524440.71,413338.13,579989.99,6,5
2017-12-02,10000042,20349,929960,929959.99,929960,3,2
2017-12-02,10000042,20351,1512484.75,1400000,1549980,4,4
2017-12-02,10000042,20353,3423073.84,3399999,3499989.99,13,10
2017-12-02,10000042,20410,80828.57,61000.02,104999.99,91,5
2017-12-02,10000042,20411,259999.99,151000,259999.99,324,8
2017-12-02,10000042,20412,108000,108000,108000,105,6
2017-12-02,10000042,20413,148353.47,142002.55,150000,34,3
2017-12-02,10000042,20414,126315.82,120000.03,130000,57,5
2017-12-02,10000042,20415,83352.22,38038.03,85000.01,57,5
2017-12-02,10000042,20416,181526.23,180000,450000,52,6
2017-12-02,10000042,20417,67500.04,67500.04,67500.04,166,7
2017-12-02,10000042,20418,127000,127000,127000,195,8
2017-12-02,10000042,20419,299989.99,299989.99,299989.99,142,7
2017-12-02,10000042,20420,90235.59,90000,91000,17,4
2017-12-02,10000042,20421,33490.29,21501.01,45000,49,2
2017-12-02,10000042,20423,68079.23,62255.01,77500,34,4
2017-12-02,10000042,20424,11501.02,11501.02,11501.02,511,17
2017-12-02,10000042,20453,32694870,32694870,32694870,1,1
2017-12-02,10000042,20455,37692954,37692954,37692954,1,1
2017-12-02,10000042,20494,100000,100000,100000,10,6
2017-12-02,10000042,20495,100000,100000,100000,2,2
2017-12-02,10000042,20499,89999999.99,89999999.99,89999999.99,1,1
2017-12-02,10000042,20501,132999998.98,132999998.98,132999998.98,1,1
2017-12-02,10000042,20503,499999998.98,499999998.98,499999998.98,1,1
2017-12-02,10000042,20505,499999983.98,499999983.98,499999983.98,1,1
2017-12-02,10000042,20507,149999993.44,149999992.98,149999993.9,2,2
2017-12-02,10000042,20527,86698882.94,86698882.16,86698883.16,6,5
2017-12-02,10000042,20528,75000000,75000000,75000000,22,3
2017-12-02,10000042,20532,100000000,100000000,100000000,15,3
2017-12-02,10000042,20533,400000000,400000000,400000000,1,1
2017-12-02,10000042,20595,20000000,20000000,20000000,3,3
2017-12-02,10000042,20755,49,49,49,1000,1
2017-12-02,10000042,21010,1253962000,1253962000,1253962000,1,1
2017-12-02,10000042,21059,120078.59,120000,142026.09,26,26
2017-12-02,10000042,21071,40000,40000,40000,13,13
2017-12-02,10000042,21076,2000,2000,2000,1,1
2017-12-02,10000042,21089,1023.01,1023.01,1023.01,1,1
2017-12-02,10000042,21096,2404328.86,1982999.58,2500000,55,14
2017-12-02,10000042,21222,4999698.91,4999698.91,4999698.91,3,1
2017-12-02,10000042,21570,2125000,1900000,2200000,4,2
2017-12-02,10000042,21571,9600,9600,9600,1,1
2017-12-02,10000042,21585,50000,50000,50000,3,1
2017-12-02,10000042,21587,0.3,0.3,0.3,312,2
2017-12-02,10000042,21588,1.01,1.01,1.01,577,4
2017-12-02,10000042,21589,0.22,0.22,0.22,502,3
2017-12-02,10000042,21590,10,10,10,218,2
2017-12-02,10000042,21591,1.41,1.41,1.41,147,3
2017-12-02,10000042,21592,52.01,52.01,52.01,2748,19
2017-12-02,10000042,21593,51,51,51,700,11
2017-12-02,10000042,21594,51.01,51.01,51.01,426,5
2017-12-02,10000042,21595,25.02,25.02,25.02,135,1
2017-12-02,10000042,21596,176.03,176.03,176.03,104,1
2017-12-02,10000042,21603,10000000,10000000,10000000,1,1
2017-12-02,10000042,21610,19666666.67,19000000,20000000,3,3
2017-12-02,10000042,21611,30000000,30000000,30000000,2,2
2017-12-02,10000042,21638,910920.01,700006.76,976883.95,48,11
2017-12-02,10000042,21640,935167.65,929992.01,1199998.64,60,17
2017-12-02,10000042,21667,15000000,15000000,15000000,2,2
2017-12-02,10000042,21718,73752.5,10.01,100000,4,4
2017-12-02,10000042,21719,1000000,1000000,1000000,1,1
2017-12-02,10000042,21721,272714.32,200000,538999.99,7,6
2017-12-02,10000042,21722,1995999,1995999,1995999,1,1
2017-12-02,10000042,21727,100.02,100.02,100.02,1,1
2017-12-02,10000042,21729,100.02,100.02,100.02,1,1
2017-12-02,10000042,21731,16894.82,16733.87,17002.12,5,5
2017-12-02,10000042,21740,1272.2,1272.2,1272.2,5260,3
2017-12-02,10000042,21789,8,8,8,149,4
2017-12-02,10000042,21791,1000,1000,1000,4,2
2017-12-02,10000042,21802,25000000,25000000,25000000,2,2
2017-12-02,10000042,21803,17500000,17500000,17500000,3,3
2017-12-02,10000042,21815,7201012.79,7201000,7201040,40,8
2017-12-02,10000042,21853,10000,10000,10000,115,9
2017-12-02,10000042,21857,30639.58,17000,49000,24,17
2017-12-02,10000042,21867,422.99,422.99,422.99,3960,1
2017-12-02,10000042,21868,600000,600000,600000,7,2
2017-12-02,10000042,21888,53999999.92,53999999.92,53999999.92,1,1
2017-12-02,10000042,21894,1194.96,1194.94,1298.9,13908,6
2017-12-02,10000042,21896,747.78,747.77,747.95,42307,17
2017-12-02,10000042,21898,598.47,598.47,598.47,79736,42
2017-12-02,10000042,21902,1109.99,1109.99,1109.99,8540,4
2017-12-02,10000042,21904,888.51,888.51,888.51,50500,8
2017-12-02,10000042,21906,597.89,597.89,597.89,62545,12
2017-12-02,10000042,21914,778.73,778.73,778.73,500,1
2017-12-02,10000042,21918,1337.7,1337.7,1337.7,53500,6
2017-12-02,10000042,21922,881.95,881.95,881.95,12762,9
2017-12-02,10000042,21924,592.95,592.95,592.95,19902,17
2017-12-02,10000042,21935,955.58,955.58,955.58,2150,1
2017-12-02,10000042,21939,739.91,739.91,739.91,400,1
2017-12-02,10000042,22043,25000000,25000000,25000000,3,3
2017-12-02,10000042,22114,10000000,10000000,10000000,1,1
2017-12-02,10000042,22115,27999999.5,27999999,28000000,2,2
2017-12-02,10000042,22117,12100000,12100000,12100000,3,2
2017-12-02,10000042,22125,29999999.99,29999999.99,29999999.99,1,1
2017-12-02,10000042,22126,94999998.99,94999998.99,94999998.99,1,1
2017-12-02,10000042,22127,249999999.95,249999999.95,249999999.95,1,1
2017-12-02,10000042,22128,368999989.98,368999989.98,368999989.98,1,1
2017-12-02,10000042,22129,96999999.99,96999999.99,96999999.99,1,1
2017-12-02,10000042,22175,54130.49,51437.99,71403.89,59,51
2017-12-02,10000042,22176,332640,332640,332640,3,3
2017-12-02,10000042,22177,67323.8,62500,75150.11,60,52
2017-12-02,10000042,22178,332640,332640,332640,2,2
2017-12-02,10000042,22229,4407306.16,4249999,4439998,25,11
2017-12-02,10000042,22242,75000000,75000000,75000000,2,2
2017-12-02,10000042,22291,1971353.5,925231.35,2218948.55,57,38
2017-12-02,10000042,22456,80431983.99,80431978.98,80431988.99,2,2
2017-12-02,10000042,22534,26358672.78,26358657.64,26358687.92,2,2
2017-12-02,10000042,22535,161785073.38,158000000,172140403.64,4,4
2017-12-02,10000042,22536,369887.91,369887.9,369887.91,6,6
2017-12-02,10000042,22541,9000000,9000000,9000000,5,5
2017-12-02,10000042,22542,46367.1,27000,58998.99,57,30
2017-12-02,10000042,22543,250000,250000,250000,1,1
2017-12-02,10000042,22544,419999308.89,419998963.85,419999998.99,3,3
2017-12-02,10000042,22546,328870159.55,250000000,339814523.94,10,10
2017-12-02,10000042,22548,325206074.62,263945843.35,346699989.98,15,15
2017-12-02,10000042,22551,27833330,27499989.99,28000000,6,6
2017-12-02,10000042,22552,2399999.73,2399999.72,2399999.73,6,6
2017-12-02,10000042,22559,69999969.9,69999969.9,69999969.9,2,2
2017-12-02,10000042,22576,12582.92,1777.22,45000,8,2
2017-12-02,10000042,22577,250000,250000,250000,1,1
2017-12-02,10000042,22578,79468.46,400.03,80000,37,37
2017-12-02,10000042,22611,28499747.94,28499747.94,28499747.94,1,1
2017-12-02,10000042,22615,416666026.67,250000080.01,499999000,3,3
2017-12-02,10000042,22761,37930659.99,32000000,49791979.98,3,3
2017-12-02,10000042,22778,183919,183915,200000,181,7
2017-12-02,10000042,22782,2499999.99,2499999.99,2499999.99,2,2
2017-12-02,10000042,22806,120000,120000,120000,15,15
2017-12-02,10000042,22807,120000,120000,120000,13,13
2017-12-02,10000042,22808,120000,120000,120000,12,12
2017-12-02,10000042,22809,120000,120000,120000,13,13
2017-12-02,10000042,22889,69999999.99,69999999.99,69999999.99,1,1
2017-12-02,10000042,22961,484.51,484.51,484.51,4176,5
2017-12-02,10000042,22977,801.79,801.79,801.79,5731,3
2017-12-02,10000042,22979,997.85,997.85,997.85,10000,2
2017-12-02,10000042,22993,776.59,776.59,776.59,12644,3
2017-12-02,10000042,23009,609.25,609.25,609.25,37493,18
2017-12-02,10000042,23025,773.8,773.78,773.81,31626,18
2017-12-02,10000042,23031,998.85,998.85,998.85,2000,1
2017-12-02,10000042,23039,46,46,46,2000,1
2017-12-02,10000042,23047,1216.55,1216.55,1216.55,6000,1
2017-12-02,10000042,23055,1200001.27,1200001.27,1200001.27,7,1
2017-12-02,10000042,23059,3094567.06,703022.4,3199819.74,65,9
2017-12-02,10000042,23061,801009.51,801009.51,801009.51,5,1
2017-12-02,10000042,23069,50000000,50000000,50000000,3,3
2017-12-02,10000042,23071,420620.88,420620.88,420620.88,150,13
2017-12-02,10000042,23073,2999656.91,2999656.91,2999656.91,12,2
2017-12-02,10000042,23075,758900,758900,758900,3,1
2017-12-02,10000042,23077,569999.41,569999.41,569999.41,11,2
2017-12-02,10000042,23079,699989.99,699989.99,699989.99,14,3
2017-12-02,10000042,23087,1000.02,1000.02,1000.02,6,1
2017-12-02,10000042,23089,710350.68,356000.07,739879.9,65,5
2017-12-02,10000042,23091,898980.47,898980.47,898980.47,6,2
2017-12-02,10000042,23103,939999.99,939999.99,939999.99,3,1
2017-12-02,10000042,23105,1199998.69,1199998.69,1199998.69,8,1
2017-12-02,10000042,23121,399999.96,399999.96,399999.96,1,1
2017-12-02,10000042,23134,3600240,3600240,3600240,2,2
2017-12-02,10000042,23138,107,107,107,1,1
2017-12-02,10000042,23140,104.98,104.98,104.98,1,1
2017-12-02,10000042,23142,9456,9456,9456,2,1
2017-12-02,10000042,23144,100,100,100,1,1
2017-12-02,10000042,23145,11.01,11.01,11.01,1,1
2017-12-02,10000042,23146,100,100,100,2,1
2017-12-02,10000042,23158,2.11,2.11,2.11,322,2
2017-12-02,10000042,23159,42.01,42.01,42.01,668,5
2017-12-02,10000042,23160,1.41,1.41,1.41,106,3
2017-12-02,10000042,23161,52.01,52.01,52.01,198,5
2017-12-02,10000042,23162,22.02,22.01,22.02,90,2
2017-12-02,10000042,23163,29.02,29.02,29.02,164,2
2017-12-02,10000042,23164,1.5,1.5,1.5,760,4
2017-12-02,10000042,23165,1.5,1.5,1.5,311,4
2017-12-02,10000042,23166,27.01,27.01,27.01,134,2
2017-12-02,10000042,23167,1.61,1.61,1.61,99,1
2017-12-02,10000042,23170,100,100,100,1,1
2017-12-02,10000042,23418,123999998.95,123999998.95,123999998.95,1,1
2017-12-02,10000042,23473,449907.63,199998.97,499889.36,12,2
2017-12-02,10000042,23525,1,1,1,4,1
2017-12-02,10000042,23526,14000000,14000000,14000000,2,1
2017-12-02,10000042,23527,378736.44,102336.68,399997.94,14,9
2017-12-02,10000042,23533,194058.93,194058.92,194058.94,3,3
2017-12-02,10000042,23559,33333.01,33333.01,33333.01,10,1
2017-12-02,10000042,23560,14000000,14000000,14000000,2,1
2017-12-02,10000042,23561,159374.99,149999.99,159999.99,16,2
2017-12-02,10000042,23562,14000000,14000000,14000000,2,1
2017-12-02,10000042,23566,607659.57,599999.99,2359999.99,47,9
2017-12-02,10000042,23594,450000,450000,450000,4,4
2017-12-02,10000042,23606,155587.29,150000,501998.96,63,14
2017-12-02,10000042,23618,50000,50000,50000,8,8
2017-12-02,10000042,23705,69995.26,69994.99,69995.98,40,6
2017-12-02,10000042,23707,8974.8,8974.8,8974.8,316,46
2017-12-02,10000042,23709,274999.92,274999.92,274999.92,10,2
2017-12-02,10000042,23711,6800,6800,6800,4,2
2017-12-02,10000042,23719,49998.97,49998.97,49998.97,10,2
2017-12-02,10000042,23731,9998.34,9998.34,9998.34,3,1
2017-12-02,10000042,23803,99999998.95,99999998.95,99999998.95,1,1
2017-12-02,10000042,23950,64000000,64000000,64000000,1,1
2017-12-02,10000042,24241,58600.02,50000,98999.94,30,30
2017-12-02,10000042,24242,1000000,1000000,1000000,27,24
2017-12-02,10000042,24268,7500000,7500000,7500000,1,1
2017-12-02,10000042,24270,7500000,7500000,7500000,2,2
2017-12-02,10000042,24283,49999990,49999990,49999990,1,1
2017-12-02,10000042,24311,500000000,500000000,500000000,1,1
2017-12-02,10000042,24348,1616844.05,1500000,1699887.78,45,17
2017-12-02,10000042,24395,40334.29,1,375499.99,19,5
2017-12-02,10000042,24417,1421436.48,764999.48,1749654.99,3,3
2017-12-02,10000042,24427,1750030.78,1100113.13,1999987.95,16,13
2017-12-02,10000042,24438,1949998.88,1949998.88,1949998.88,5,3
2017-12-02,10000042,24443,895999.82,434002.31,1049998.99,4,4
2017-12-02,10000042,24445,297544.78,295000,298998.94,11,3
2017-12-02,10000042,24471,124.73,124.73,124.73,5974,3
2017-12-02,10000042,24473,66.54,66.54,66.54,11000,3
2017-12-02,10000042,24477,249.46,249.46,249.46,4200,2
2017-12-02,10000042,24478,198,198,198,10000,1
2017-12-02,10000042,24483,944686686.68,944686686.68,944686686.68,1,1
2017-12-02,10000042,24486,50.11,50.11,50.11,22522,4
2017-12-02,10000042,24488,399.99,399.99,399.99,52074,4
2017-12-02,10000042,24490,229.97,229.93,230,227700,5
2017-12-02,10000042,24492,159.52,159.52,159.52,1000,1
2017-12-02,10000042,24493,198,198,198,119230,2
2017-12-02,10000042,24495,549.01,549.01,549.01,54661,4
2017-12-02,10000042,24497,126.37,126.37,126.37,6001,5
2017-12-02,10000042,24499,199.85,199.85,199.85,27100,6
2017-12-02,10000042,24501,499.86,499.86,499.86,31500,3
2017-12-02,10000042,24507,1299.9,1299.9,1299.9,750,1
2017-12-02,10000042,24509,699,699,699,625,1
2017-12-02,10000042,24513,898.74,898.74,898.74,20000,3
2017-12-02,10000042,24519,1899.96,1899.96,1899.96,12920,5
2017-12-02,10000042,24521,2499.98,2499.98,2499.98,24218,5
2017-12-02,10000042,24523,2999.99,2999.99,2999.99,12932,3
2017-12-02,10000042,24525,300.05,300.05,300.05,916,1
2017-12-02,10000042,24527,2499.98,2499.98,2499.98,7180,2
2017-12-02,10000042,24529,2399.61,2399.61,2399.61,19105,3
2017-12-02,10000042,24531,1099.98,1099.98,1099.98,67000,5
2017-12-02,10000042,24533,792.51,792.51,792.51,56000,8
2017-12-02,10000042,24535,799.98,799.98,799.98,58849,4
2017-12-02,10000042,24537,719.98,719.98,719.98,5000,1
2017-12-02,10000042,24541,545.66,545.66,545.66,5000,1
2017-12-02,10000042,24562,50000000,50000000,50000000,1,1
2017-12-02,10000042,24568,10000000,10000000,10000000,3,3
2017-12-02,10000042,24571,10000000,10000000,10000000,3,3
2017-12-02,10000042,24572,10000000,10000000,10000000,3,3
2017-12-02,10000042,24595,200.01,200.01,200.01,100,1
2017-12-02,10000042,24613,16311408.24,15000000,22868449.44,6,6
2017-12-02,10000042,24624,20000000,20000000,20000000,4,4
2017-12-02,10000042,24625,20000000,20000000,20000000,2,2
2017-12-02,10000042,24637,196499999.99,196499999.99,196499999.99,1,1
2017-12-02,10000042,24663,59900000,59900000,59900000,1,1
2017-12-02,10000042,24698,43099946.1,30700001.84,46199928.71,5,5
2017-12-02,10000042,24700,49136797.74,48699098,50449994.94,4,4
2017-12-02,10000042,24702,38962332.89,35887000,40000000,9,9
2017-12-02,10000042,24764,20000000,20000000,20000000,3,3
2017-12-02,10000042,25233,150000,150000,150000,2,2
2017-12-02,10000042,25235,149875,149000,150000,8,8
2017-12-02,10000042,25266,2198999.89,1995000,2299999.99,20,9
2017-12-02,10000042,25349,34989997.99,34989997.99,34989998,3,3
2017-12-02,10000042,25544,24000000,24000000,24000000,206,13
2017-12-02,10000042,25563,2099999,2099999,2099999,2,1
2017-12-02,10000042,25565,38847.45,2701.93,74992.96,2,2
2017-12-02,10000042,25569,1777,1777,1777,3,3
2017-12-02,10000042,25571,1777,1777,1777,3,2
2017-12-02,10000042,25588,8000.01,8000,11999,670,37
2017-12-02,10000042,25589,4000,4000,4000,984,68
2017-12-02,10000042,25590,101001.02,101001.02,101001.02,4404,85
2017-12-02,10000042,25591,230000.01,230000.01,230000.01,2037,55
2017-12-02,10000042,25592,13300.01,13300,14899.95,1288,40
2017-12-02,10000042,25593,8100,8100,8100,2727,91
2017-12-02,10000042,25594,55700,55700,56002.28,7336,47
2017-12-02,10000042,25595,18950,18500,18950.01,2289,92
2017-12-02,10000042,25596,34200,34200,34200,1740,66
2017-12-02,10000042,25597,3000,3000,3000,2699,45
2017-12-02,10000042,25598,10602.91,10602.91,10602.91,5932,120
2017-12-02,10000042,25599,908.01,908.01,908.01,5605,103
2017-12-02,10000042,25600,25100.01,25100.01,25102,8723,129
2017-12-02,10000042,25601,3100.03,3100.03,3100.03,5000,95
2017-12-02,10000042,25602,10000,10000,10000,1719,24
2017-12-02,10000042,25603,43207.02,43207.02,43207.02,194,21
2017-12-02,10000042,25604,11800.01,11800.01,11800.01,648,39
2017-12-02,10000042,25605,37400.01,37400.01,37400.01,990,67
2017-12-02,10000042,25606,66000.03,66000.03,66000.03,1437,17
2017-12-02,10000042,25608,568421.51,550000.03,575391.8,51,5
2017-12-02,10000042,25609,332000,332000,332000,132,5
2017-12-02,10000042,25611,17638.09,17637.33,17638.24,88,3
2017-12-02,10000042,25612,900042.94,900042.94,900042.94,185,12
2017-12-02,10000042,25613,819950.18,819950.17,819950.18,9,2
2017-12-02,10000042,25614,584001.44,584001.44,584001.44,212,7
2017-12-02,10000042,25615,2896015.21,2000000.25,3140000,64,4
2017-12-02,10000042,25616,5656,5656,5656,412,20
2017-12-02,10000042,25617,431869,431869,431869,1981,27
2017-12-02,10000042,25618,11250,11250,11250,369,14
2017-12-02,10000042,25619,700000,700000,700000,368,21
2017-12-02,10000042,25620,41011.44,41011.44,41011.44,167,17
2017-12-02,10000042,25621,901866.7,901866.7,901866.7,232,12
2017-12-02,10000042,25622,200006.44,200006.44,200006.44,7,2
2017-12-02,10000042,25623,30009.13,30008.68,30009.28,43,5
2017-12-02,10000042,25624,4310999.97,4310999.92,4311000.11,71,7
2017-12-02,10000042,25625,2919372.57,2901000.04,3000000,67,6
2017-12-02,10000042,25707,180429.03,121009.77,224993.5,42,10
2017-12-02,10000042,25709,1800.95,1800.95,1800.95,3,2
2017-12-02,10000042,25711,1777,1777,1777,1,1
2017-12-02,10000042,25713,2500.08,2500.08,2500.08,2,2
2017-12-02,10000042,25715,2039271.84,1999998.95,2388000,44,6
2017-12-02,10000042,25719,100000,100000,100000,7,7
2017-12-02,10000042,25739,887356.16,450000,1980746.57,7,7
2017-12-02,10000042,25810,414999.6,100000,450000,10,10
2017-12-02,10000042,25811,676147.96,450000,1580739.81,5,5
2017-12-02,10000042,25812,4699362.64,4698999,4699999,22,6
2017-12-02,10000042,25861,54890,54881.96,54891.97,173,72
2017-12-02,10000042,25862,332640,332640,332640,2,2
2017-12-02,10000042,25863,1000000,1000000,1000000,2,2
2017-12-02,10000042,25887,99999.99,99999.99,99999.99,142,10
2017-12-02,10000042,25888,13980915.97,13980910.96,13980920.97,2,2
2017-12-02,10000042,25894,12442848.55,12400000,12499979.95,7,3
2017-12-02,10000042,25896,17890127.88,17890123.59,17890133.6,7,5
2017-12-02,10000042,25898,16990133.6,16990133.6,16990133.6,2,2
2017-12-02,10000042,25914,9990628,9990628,9990628,2,2
2017-12-02,10000042,25920,12600000,12600000,12600000,1,1
2017-12-02,10000042,25948,5280438,5280438,5280438,10,6
2017-12-02,10000042,25950,6730384,6730384,6730384,2,2
2017-12-02,10000042,25954,8999000,8999000,8999000,3,1
2017-12-02,10000042,25956,17780000,17780000,17780000,1,1
2017-12-02,10000042,26020,6900000,6900000,6900000,5,2
2017-12-02,10000042,26028,9890520,9890520,9890520,2,1
2017-12-02,10000042,26068,7780482,7780475.99,7780486,5,3
2017-12-02,10000042,26070,3730000,3730000,3730000,2,1
2017-12-02,10000042,26073,1250000,1250000,1250000,2,2
2017-12-02,10000042,26076,1542553.5,1295000,1790107,2,2
2017-12-02,10000042,26078,719956,719956,719956,1,1
2017-12-02,10000042,26082,1990111,1990111,1990111,3,1
2017-12-02,10000042,26086,8890714,8890714,8890714,3,2
2017-12-02,10000042,26088,8714815.29,8450749,9375000,7,4
2017-12-02,10000042,26224,42000000,42000000,42000000,1,1
2017-12-02,10000042,26252,43177.43,1121,60000,14,13
2017-12-02,10000042,26253,67000.03,1000.1,100000,6,5
2017-12-02,10000042,26254,16742.72,10925,20000,14,14
2017-12-02,10000042,26255,100000,100000,100000,9,9
2017-12-02,10000042,26256,90918.63,54.01,100000,11,10
2017-12-02,10000042,26257,67700,19250,100000,5,5
2017-12-02,10000042,26258,66670,10,100000,3,3
2017-12-02,10000042,26259,107999.99,100000,123999.98,3,3
2017-12-02,10000042,26260,105141.43,100000,234989.99,7,7
2017-12-02,10000042,26261,260000,100000,1699999.99,10,10
2017-12-02,10000042,26302,140996964.94,140996957.96,140996968.43,3,3
2017-12-02,10000042,26310,44000000.01,44000000.01,44000000.01,1,1
2017-12-02,10000042,26324,150000000,150000000,150000000,1,1
2017-12-02,10000042,26368,66230806.49,66230801.98,66230811,2,2
2017-12-02,10000042,26374,39999620.88,39999000,39999927.98,9,8
2017-12-02,10000042,26394,39999996.95,39999996,39999997.9,2,2
2017-12-02,10000042,26436,17098979.98,17098979.98,17098979.98,1,1
2017-12-02,10000042,26440,39999995.97,39999995.97,39999995.97,1,1
2017-12-02,10000042,26448,81999937.99,81999937.99,81999937.99,1,1
2017-12-02,10000042,26450,94989954.96,94989949.95,94989959.96,2,2
2017-12-02,10000042,26760,600000,600000,600000,6,1
2017-12-02,10000042,26761,600000,600000,600000,6,1
2017-12-02,10000042,26762,600000,600000,600000,6,1
2017-12-02,10000042,26888,40000000,40000000,40000000,2,1
2017-12-02,10000042,26902,3014000.06,3014000.06,3014000.06,1,1
2017-12-02,10000042,26913,2642856.14,2599999,2699998.99,7,3
2017-12-02,10000042,26914,2999999,2999999,2999999,12,1
2017-12-02,10000042,26929,105580.64,101999.99,106999.98,31,28
2017-12-02,10000042,26931,3998988.92,3998988.91,3998988.92,2,2
2017-12-02,10000042,27015,20005.07,20000,20022.64,67,67
2017-12-02,10000042,27109,26499898.37,26499898.37,26499898.37,1,1
2017-12-02,10000042,27115,980951.06,899999,999998.24,21,3
2017-12-02,10000042,27127,1499999.99,1499999.99,1499999.99,9,3
2017-12-02,10000042,27143,1025998,1025998,1025998,1,1
2017-12-02,10000042,27169,29998481.06,29998481.06,29998481.06,1,1
2017-12-02,10000042,27174,203143142.3,97004745.63,219999449,7,7
2017-12-02,10000042,27175,899999.97,899999.97,899999.97,1,1
2017-12-02,10000042,27186,44400909,44400909,44400909,4,2
2017-12-02,10000042,27188,34669890,34669890,34669890,1,1
2017-12-02,10000042,27193,4000000,4000000,4000000,1,1
2017-12-02,10000042,27195,4000000,4000000,4000000,1,1
2017-12-02,10000042,27196,45000000,45000000,45000000,1,1
2017-12-02,10000042,27258,204999999.98,204999999.98,204999999.98,1,1
2017-12-02,10000042,27260,39999275.93,39999270.92,39999280.93,2,2
2017-12-02,10000042,27309,10000000,10000000,10000000,1,1
2017-12-02,10000042,27315,1048.05,1000,1048.07,4545,5
2017-12-02,10000042,27319,199.99,199.99,199.99,13120,3
2017-12-02,10000042,27321,1499.96,1499.96,1499.96,225,5
2017-12-02,10000042,27325,299.98,299.98,299.98,8000,2
2017-12-02,10000042,27327,1762.11,1762.11,1762.11,10632,6
2017-12-02,10000042,27331,240.59,240.59,240.59,1000,1
2017-12-02,10000042,27333,1958.38,1958.38,1958.38,16100,8
2017-12-02,10000042,27339,2591.99,2591.99,2591.99,656,4
2017-12-02,10000042,27351,2820,2820,2820,1272,3
2017-12-02,10000042,27353,557.01,557.01,557.01,3559,2
2017-12-02,10000042,27361,1153.2,1153.2,1153.2,22312,10
2017-12-02,10000042,27367,1048.98,1048.98,1048.98,500,1
2017-12-02,10000042,27371,1319.94,1319.94,1319.94,19555,6
2017-12-02,10000042,27373,975.05,975.05,975.05,3000,1
2017-12-02,10000042,27377,1999.05,1999.05,1999.05,5000,2
2017-12-02,10000042,27379,899.99,899.99,899.99,10200,2
2017-12-02,10000042,27381,1699.99,1699.99,1699.99,3036,2
2017-12-02,10000042,27387,1110.94,1110.94,1110.94,16300,5
2017-12-02,10000042,27391,1692.7,1692.7,1692.7,1500,1
2017-12-02,10000042,27395,1798.91,1798.91,1798.91,72345,12
2017-12-02,10000042,27401,728.86,728.86,728.86,1030,2
2017-12-02,10000042,27405,1547.97,1547.97,1547.97,2930,2
2017-12-02,10000042,27413,1992.73,1992.73,1992.73,19500,4
2017-12-02,10000042,27419,725.87,725.87,725.87,38,1
2017-12-02,10000042,27427,1994.56,1994.56,1994.56,3000,1
2017-12-02,10000042,27429,2288,2288,2288,13500,5
2017-12-02,10000042,27435,1500,1500,1500,6057,4
2017-12-02,10000042,27441,1419.09,1419.09,1419.09,70327,11
2017-12-02,10000042,27447,2183.99,2183.99,2183.99,19602,4
2017-12-02,10000042,27453,1498.97,1498.97,1498.97,17350,4
2017-12-02,10000042,27902,100000,100000,100000,8,8
2017-12-02,10000042,27906,25000000,25000000,25000000,2,2
2017-12-02,10000042,27911,12000000,12000000,12000000,2,2
2017-12-02,10000042,27912,950000,950000,950000,2,1
2017-12-02,10000042,27914,2093016.96,1500000,2448865.43,8,4
2017-12-02,10000042,27916,1800000,1800000,1800000,22,2
2017-12-02,10000042,27918,1798888.89,1740000,1800000,54,4
2017-12-02,10000042,27920,1749949.09,1749949,1749949.99,22,2
2017-12-02,10000042,27930,1650000,1650000,1650000,3,1
2017-12-02,10000042,27936,10000000,10000000,10000000,1,1
2017-12-02,10000042,28073,8000000,8000000,8000000,4,4
2017-12-02,10000042,28164,4500000,4500000,4500000,1,1
2017-12-02,10000042,28209,2348703.38,2050000.33,2749999.76,27,10
2017-12-02,10000042,28211,919998.7,780000,999997.94,22,5
2017-12-02,10000042,28213,1576188.09,1460000,1699994.99,21,5
2017-12-02,10000042,28215,1361012.83,1030000,1929881.23,21,8
2017-12-02,10000042,28272,62999986.65,62999979.98,63000000,6,3
2017-12-02,10000042,28274,854747.74,390000.2,999970,21,8
2017-12-02,10000042,28282,849999.66,849999.66,849999.66,4,1
2017-12-02,10000042,28290,3224999.93,3224999.93,3224999.93,2,1
2017-12-02,10000042,28294,1099599.19,1098998,1099999.99,5,3
2017-12-02,10000042,28302,1163635.51,999999.83,1199999,11,2
2017-12-02,10000042,28304,23799622,23799622,23799622,14,6
2017-12-02,10000042,28334,884.49,884.49,884.49,2300,2
2017-12-02,10000042,28336,684.99,684.99,684.99,7660,5
2017-12-02,10000042,28361,3002.16,3002.16,3002.16,1291,9
2017-12-02,10000042,28362,148008.34,148007.59,170008.36,1004,17
2017-12-02,10000042,28363,199998,127057.12,199999,101,3
2017-12-02,10000042,28364,22255.04,18105.91,27999.99,62,3
2017-12-02,10000042,28365,20014.24,20014.24,20014.24,19,1
2017-12-02,10000042,28366,1700055.94,1700055.94,1700055.94,22,1
2017-12-02,10000042,28374,500000000,500000000,500000000,1,1
2017-12-02,10000042,28388,340000,340000,340000,30,1
2017-12-02,10000042,28408,35000.11,35000.11,35000.11,8,1
2017-12-02,10000042,28409,9001,9001,9001,58,1
2017-12-02,10000042,28410,17000,17000,17000,1565,1
2017-12-02,10000042,28411,9201,9201,9201,17,1
2017-12-02,10000042,28415,5800.08,5800.08,5800.08,1736,3
2017-12-02,10000042,28416,7777.77,7777.77,7777.77,5343,3
2017-12-02,10000042,28421,5000.13,5000.13,5000.13,861,3
2017-12-02,10000042,28422,5733,5733,5733,2432,4
2017-12-02,10000042,28423,6201,6201,6201,12185,6
2017-12-02,10000042,28427,1782,1782,1782,1906,2
2017-12-02,10000042,28428,1600.06,1600.06,1600.06,2620,3
2017-12-02,10000042,28429,1782,1782,1782,5162,2
2017-12-02,10000042,28430,1386,1386,1386,2081,2
2017-12-02,10000042,28431,1485,1485,1509.07,6336,4
2017-12-02,10000042,28432,1377,1377,1377,3587,4
2017-12-02,10000042,28434,223955,223955,223955,4027,2
2017-12-02,10000042,28438,200002,200001.16,225001.16,9937,17
2017-12-02,10000042,28440,730000,730000,730000,221,1
2017-12-02,10000042,28576,1186585.99,1125000,1198664.07,82,34
2017-12-02,10000042,28578,1143060.92,1119998.99,1399999.99,34,17
2017-12-02,10000042,28585,10000000,10000000,10000000,1,1
2017-12-02,10000042,28606,770458443.89,740687666.02,829999999.63,3,3
2017-12-02,10000042,28609,32000000,32000000,32000000,1,1
2017-12-02,10000042,28652,32000000,32000000,32000000,1,1
2017-12-02,10000042,28656,64000000,64000000,64000000,1,1
2017-12-02,10000042,28667,64000000,64000000,64000000,2,2
2017-12-02,10000042,28668,26000,26000,26849.94,27092,70
2017-12-02,10000042,28670,349999,349999,349999,30,1
2017-12-02,10000042,28676,1098996.22,1098996.22,1098996.22,20,3
2017-12-02,10000042,28754,399999999.99,399999999.99,399999999.99,4,2
2017-12-02,10000042,28756,32861083.75,27800000.01,33997879.16,11,9
2017-12-02,10000042,28758,30723721.07,27000000.02,32497869.8,31,25
2017-12-02,10000042,28844,10100000001,10100000001,10100000001,1,1
2017-12-02,10000042,28879,1000000,1000000,1000000,2,2
2017-12-02,10000042,28999,36928.28,8995,89999.91,29,13
2017-12-02,10000042,29001,26388.88,25000,49999.89,18,15
2017-12-02,10000042,29005,9998.99,9998.99,9998.99,3,3
2017-12-02,10000042,29007,14995.98,14995.98,14995.98,4,3
2017-12-02,10000042,29009,45038.36,33982.75,100000,40,17
2017-12-02,10000042,29011,22166.61,12499.92,120000,33,23
2017-12-02,10000042,29013,8431,8431,8431,3,1
2017-12-02,10000042,29015,8444,8444,8444,3,1
2017-12-02,10000042,29029,100000000,100000000,100000000,2,2
2017-12-02,10000042,29248,373076.92,350000,375000,13,4
2017-12-02,10000042,29266,1030000.57,1030000.57,1030000.57,1,1
2017-12-02,10000042,29337,79999999.92,79999999.91,79999999.92,2,2
2017-12-02,10000042,29344,74894696,74894695.99,74894696,2,2
2017-12-02,10000042,29637,59999783.16,50000000,64999674.75,3,3
2017-12-02,10000042,29984,158332962.15,157499500,159999886.45,3,3
2017-12-02,10000042,29986,247999659.98,247999659.98,247999659.98,1,1
2017-12-02,10000042,29988,152007872.9,152007867.89,152007877.9,2,2
2017-12-02,10000042,29990,250448679.64,245897359.27,255000000,2,2
2017-12-02,10000042,30013,6498.75,6498.7,6498.77,1181,76
2017-12-02,10000042,30014,5000000,5000000,5000000,13,4
2017-12-02,10000042,30018,3562,3562,3562,152,3
2017-12-02,10000042,30019,464,464,464,1016,4
2017-12-02,10000042,30021,3590.73,3590.02,3591,58,3
2017-12-02,10000042,30022,21000.99,21000.6,21001,70,4
2017-12-02,10000042,30024,250,250,250,313,2
2017-12-02,10000042,30028,83864.64,74999.99,89959.1,54,6
2017-12-02,10000042,30029,5000000,5000000,5000000,11,2
2017-12-02,10000042,30222,1,1,1,600,1
2017-12-02,10000042,30248,3122,3122,3122,43,2
2017-12-02,10000042,30251,2001,2001,2001,1894,4
2017-12-02,10000042,30252,6021,6021,6021,86,1
2017-12-02,10000042,30254,1999.99,1999.99,1999.99,21703,6
2017-12-02,10000042,30258,2947.2,1020,3000,75,2
2017-12-02,10000042,30259,127177.6,127177.6,127177.6,108,7
2017-12-02,10000042,30268,28022.12,28022.12,28022.12,44,1
2017-12-02,10000042,30269,23019.65,23019.65,23019.65,35,1
2017-12-02,10000042,30270,26000.78,26000.78,26000.78,85,1
2017-12-02,10000042,30271,30013.07,30013.07,30013.07,100,1
2017-12-02,10000042,30324,10000000,10000000,10000000,4,4
2017-12-02,10000042,30325,10000000,10000000,10000000,3,3
2017-12-02,10000042,30327,10000000,10000000,10000000,3,3
2017-12-02,10000042,30328,49000,49000,49000,1,1
2017-12-02,10000042,30370,2000,2000,2000,6642,3
2017-12-02,10000042,30371,2500,2500,2500,2977,3
2017-12-02,10000042,30372,1566.21,1566.21,1566.21,6760,2
2017-12-02,10000042,30373,22000,22000,22000,2954,3
2017-12-02,10000042,30374,3557.02,3557.02,3557.02,8371,6
2017-12-02,10000042,30375,19900,19900,19900,1268,2
2017-12-02,10000042,30376,19990,19990,19990,1268,1
2017-12-02,10000042,30377,59999,59999,59999,904,1
2017-12-02,10000042,30420,74000,74000,74000,1,1
2017-12-02,10000042,30486,400000,400000,400000,525,15
2017-12-02,10000042,30488,424998.97,424998.97,424998.97,742,73
2017-12-02,10000042,30497,5011.03,5011.03,5011.03,218,6
2017-12-02,10000042,30539,5000000,5000000,5000000,1,1
2017-12-02,10000042,30544,5000000,5000000,5000000,2,2
2017-12-02,10000042,30545,5000000,5000000,5000000,5,5
2017-12-02,10000042,30546,5000000,5000000,5000000,1,1
2017-12-02,10000042,30547,5000000,5000000,5000000,6,6
2017-12-02,10000042,30548,5000000,5000000,5000000,2,2
2017-12-02,10000042,30549,5000000,5000000,5000000,2,2
2017-12-02,10000042,30551,5000000,5000000,5000000,5,5
2017-12-02,10000042,30552,5000000,5000000,5000000,1,1
2017-12-02,10000042,30554,5000000,5000000,5000000,5,5
2017-12-02,10000042,30650,1500000,1500000,1500000,1,1
2017-12-02,10000042,30651,1500000,1500000,1500000,2,2
2017-12-02,10000042,30652,1500000,1500000,1500000,1,1
2017-12-02,10000042,30653,1500000,1500000,1500000,7,7
2017-12-02,10000042,30744,200000,200000,200000,22949,32
2017-12-02,10000042,30745,500000,500000,500000,20457,33
2017-12-02,10000042,30746,1500000,1500000,1500000,9914,22
2017-12-02,10000042,30747,5000000,5000000,5000000,7252,20
2017-12-02,10000042,30752,250001.29,250001.29,250001.29,2,1
2017-12-02,10000042,30754,151000.05,151000.05,151000.05,4,1
2017-12-02,10000042,30788,10000000,10000000,10000000,3,3
2017-12-02,10000042,30832,1697775.98,1679998.99,1999984.81,18,14
2017-12-02,10000042,30834,1708860.16,1708860.15,1708860.16,20,16
2017-12-02,10000042,30836,1514374.99,1290000,1999999.99,16,8
2017-12-02,10000042,30842,700000000.04,700000000.04,700000000.04,1,1
2017-12-02,10000042,30987,518249.01,450000,519998.99,40,22
2017-12-02,10000042,30997,479999.81,479999.81,479999.81,2,1
2017-12-02,10000042,30999,1961548.32,1961548.32,1961548.32,1,1
2017-12-02,10000042,31003,14959949.95,14959949.95,14959949.95,1,1
2017-12-02,10000042,31005,23887989.99,23887989.99,23887989.99,2,2
2017-12-02,10000042,31009,519997.85,519996,519997.93,22,20
2017-12-02,10000042,31011,2782402.24,2780202.99,2789000,4,4
2017-12-02,10000042,31015,9935000,9935000,9935000,3,3
2017-12-02,10000042,31017,39992993,39992989,39993000,6,6
2017-12-02,10000042,31021,550529.96,550529.94,550529.97,4,4
2017-12-02,10000042,31023,2949999.95,2949999.95,2949999.95,2,2
2017-12-02,10000042,31029,39791959.96,39791959.96,39791959.96,1,1
2017-12-02,10000042,31033,439999.55,439999.55,439999.55,2,2
2017-12-02,10000042,31035,2995100.5,2000000,3990201,2,2
2017-12-02,10000042,31041,12000000,12000000,12000000,2,2
2017-12-02,10000042,31045,777913.64,770000,780739.94,19,15
2017-12-02,10000042,31047,3464262.23,3390280.97,4500000,15,11
2017-12-02,10000042,31051,9998889.85,9998872.98,9998900,7,6
2017-12-02,10000042,31053,37194734.72,37118999.99,37219979,4,4
2017-12-02,10000042,31055,2194454.55,2149000,2249000,11,6
2017-12-02,10000042,31057,10869534.6,10862840.97,10882926.86,6,5
2017-12-02,10000042,31059,20051978.44,20051940.44,20051980.44,16,11
2017-12-02,10000042,31063,890719.98,890719.96,890719.98,4,4
2017-12-02,10000042,31065,4990280,4990279.99,4990280,3,3
2017-12-02,10000042,31071,37096458.42,37096000,37096916.85,4,4
2017-12-02,10000042,31073,4990273,4990273,4990273,2,1
2017-12-02,10000042,31083,855787.36,750000,1777777.77,29,8
2017-12-02,10000042,31085,3234765.36,1900000,3390272.99,12,6
2017-12-02,10000042,31091,36997959.96,36997959.96,36997959.96,2,1
2017-12-02,10000042,31105,159875.63,159875.62,159875.63,15,6
2017-12-02,10000042,31106,125000,125000,125000,1,1
2017-12-02,10000042,31107,1450890,1450890,1450890,8,4
2017-12-02,10000042,31111,7996680.95,7996680.95,7996680.95,4,3
2017-12-02,10000042,31117,197181.25,187777.73,209990,16,9
2017-12-02,10000042,31118,125000,125000,125000,3,3
2017-12-02,10000042,31119,1451507.48,1280103.86,1999999,21,9
2017-12-02,10000042,31120,750000,750000,750000,2,2
2017-12-02,10000042,31123,5948430.94,5948430.44,5948431.43,4,3
2017-12-02,10000042,31125,10510130.86,6801001.16,10798850.44,14,10
2017-12-02,10000042,31143,400000,400000,400000,1,1
2017-12-02,10000042,31153,278086.99,270229.81,490229.95,28,17
2017-12-02,10000042,31154,125000,125000,125000,1,1
2017-12-02,10000042,31155,1750888.87,1750888,1750888.99,16,9
2017-12-02,10000042,31156,750000,750000,750000,1,1
2017-12-02,10000042,31159,480269.99,480269.99,480269.99,10,5
2017-12-02,10000042,31160,125000,125000,125000,1,1
2017-12-02,10000042,31161,1490111,1490111,1490111,7,4
2017-12-02,10000042,31162,750000,750000,750000,1,1
2017-12-02,10000042,31165,4526299.04,4499969.97,4598714,15,11
2017-12-02,10000042,31167,14099798.33,14099789.99,14099800,6,5
2017-12-02,10000042,31171,6995906.41,6995886,6995938.99,12,7
2017-12-02,10000042,31173,12499982.47,12499979.97,12499999.99,4,4
2017-12-02,10000042,31177,229994.4,229950,229999.96,9,7
2017-12-02,10000042,31178,125000,125000,125000,1,1
2017-12-02,10000042,31179,1790939.97,1790939.97,1790939.97,6,4
2017-12-02,10000042,31180,750000,750000,750000,2,2
2017-12-02,10000042,31183,4460933.87,4460933.75,4460933.99,4,4
2017-12-02,10000042,31185,11692466,11692400,11692499,3,3
2017-12-02,10000042,31201,211039.05,210096.99,228000,19,16
2017-12-02,10000042,31207,3719997,3719798.99,3720195,2,2
2017-12-02,10000042,31213,96467.76,88883.5,96999.99,61,34
2017-12-02,10000042,31214,125000,125000,125000,2,2
2017-12-02,10000042,31216,750000,750000,750000,1,1
2017-12-02,10000042,31220,4779999.99,4779999.99,4780000,9,7
2017-12-02,10000042,31222,8000000.01,8000000.01,8000000.01,1,1
2017-12-02,10000042,31226,109999.99,109999.99,109999.99,1,1
2017-12-02,10000042,31238,81111.12,80000.01,100000,18,12
2017-12-02,10000042,31239,125000,125000,125000,1,1
2017-12-02,10000042,31251,125000,125000,125000,1,1
2017-12-02,10000042,31276,990940,990940,990940,1,1
2017-12-02,10000042,31280,11992717.22,10999949.95,14970978.99,4,4
2017-12-02,10000042,31282,15236064,15236064,15236064,1,1
2017-12-02,10000042,31286,239150,239150,239150,6,3
2017-12-02,10000042,31288,749999.99,749999.99,749999.99,4,4
2017-12-02,10000042,31304,9893667,9893667,9893667,2,1
2017-12-02,10000042,31310,200149.99,200149.99,200149.99,1,1
2017-12-02,10000042,31316,16936871.91,16936871.91,16936871.91,1,1
2017-12-02,10000042,31322,238992.63,238992.63,238992.64,5,3
2017-12-02,10000042,31328,4500000,4500000,4500000,3,2
2017-12-02,10000042,31358,560749.99,101001.33,591000,16,15
2017-12-02,10000042,31359,125000,125000,125000,1,1
2017-12-02,10000042,31360,3761916.04,3147500,3790250,31,23
2017-12-02,10000042,31364,9810988.56,9810981.97,9810991,7,6
2017-12-02,10000042,31366,22098723.18,22069000,22300000,17,11
2017-12-02,10000042,31370,274048.93,259999.9,323220.55,27,19
2017-12-02,10000042,31372,1264865.43,147000,1279474.07,41,22
2017-12-02,10000042,31376,5972521.98,5969303,5978959.96,3,3
2017-12-02,10000042,31378,12609036.58,12399975.21,12699970.44,11,8
2017-12-02,10000042,31382,149999.48,149999.48,149999.48,1,1
2017-12-02,10000042,31394,159999.91,159999.91,159999.91,1,1
2017-12-02,10000042,31406,798359.06,730489.99,984998.99,15,8
2017-12-02,10000042,31414,23999924.94,23999919.93,23999929.94,2,2
2017-12-02,10000042,31442,154999.39,154999.39,154999.39,9,9
2017-12-02,10000042,31444,400000,400000,400000,1,1
2017-12-02,10000042,31454,390170,390170,390170,8,8
2017-12-02,10000042,31478,290129.99,290129.99,290129.99,1,1
2017-12-02,10000042,31480,1990500,1990500,1990500,2,1
2017-12-02,10000042,31484,4495097.95,4495097.95,4495097.95,4,2
2017-12-02,10000042,31486,9987761.98,9987761.98,9987761.98,2,2
2017-12-02,10000042,31526,987500,980000,990000,4,3
2017-12-02,10000042,31534,1000.01,1000.01,1000.01,1,1
2017-12-02,10000042,31538,979999.99,979999.99,979999.99,2,2
2017-12-02,10000042,31562,619999.99,619999.98,620000,13,3
2017-12-02,10000042,31564,3150000,3150000,3150000,1,1
2017-12-02,10000042,31572,34999999,34999999,34999999,19,1
2017-12-02,10000042,31586,303823.59,303657.18,303990,2,2
2017-12-02,10000042,31588,764947.5,199999,1329896,2,2
2017-12-02,10000042,31592,4449898.83,4449898.8,4449898.85,4,4
2017-12-02,10000042,31598,790309.98,790309.98,790309.98,4,3
2017-12-02,10000042,31604,4815879.65,4815879.65,4815879.65,1,1
2017-12-02,10000042,31608,390299.99,390299.99,390299.99,1,1
2017-12-02,10000042,31610,1750128,1750128,1750128,1,1
2017-12-02,10000042,31614,7799999.99,7799999.99,7799999.99,4,3
2017-12-02,10000042,31620,369797.94,369797.94,369797.94,4,4
2017-12-02,10000042,31622,2690114.99,2690114.99,2690114.99,3,3
2017-12-02,10000042,31626,6092842.69,6092842.69,6092842.69,5,4
2017-12-02,10000042,31628,15810228.76,15620457.52,15999999.99,2,2
2017-12-02,10000042,31632,220989.99,220989.99,220989.99,1,1
2017-12-02,10000042,31640,13699999.99,13699999.99,13699999.99,1,1
2017-12-02,10000042,31650,9476880.99,8954762.98,9998999,4,3
2017-12-02,10000042,31656,146999.91,146999.91,146999.91,2,2
2017-12-02,10000042,31664,17298940,17298940,17298940,2,2
2017-12-02,10000042,31668,109444.78,98897.95,188000,17,15
2017-12-02,10000042,31669,125000,125000,125000,1,1
2017-12-02,10000042,31674,5987332.63,5985999.97,5989997.95,3,3
2017-12-02,10000042,31680,178975.44,178975.41,178975.5,9,8
2017-12-02,10000042,31681,125000,125000,125000,1,1
2017-12-02,10000042,31682,399999.99,399999.99,399999.99,2,2
2017-12-02,10000042,31686,5099984.52,5099984.52,5099984.53,3,3
2017-12-02,10000042,31688,15998453.99,15998453.99,15998453.99,1,1
2017-12-02,10000042,31692,129999.89,129999.88,129999.89,2,2
2017-12-02,10000042,31694,690470,690470,690470,1,1
2017-12-02,10000042,31700,17170613.76,17170613.76,17170613.76,1,1
2017-12-02,10000042,31704,64999.97,64999.97,64999.97,2,1
2017-12-02,10000042,31705,125000,125000,125000,1,1
2017-12-02,10000042,31710,9484516.61,9484516.61,9484516.61,1,1
2017-12-02,10000042,31716,98769.66,89000,177777.77,31,27
2017-12-02,10000042,31718,308888.88,250000,320000,36,26
2017-12-02,10000042,31722,3198999.23,3198998.96,3198999.99,8,7
2017-12-02,10000042,31724,4482427.5,4400000,6000000,16,16
2017-12-02,10000042,31728,214666.15,119998.73,277777.77,5,5
2017-12-02,10000042,31730,325000,325000,325000,1,1
2017-12-02,10000042,31734,2499984.95,2499984.95,2499984.95,4,4
2017-12-02,10000042,31736,4399999.98,4399999.98,4399999.98,2,2
2017-12-02,10000042,31740,117999.5,117999,117999.99,6,6
2017-12-02,10000042,31742,470320,470320,470320,2,2
2017-12-02,10000042,31746,3999000,3999000,3999000,2,2
2017-12-02,10000042,31748,4399998.95,4399998.95,4399998.95,3,3
2017-12-02,10000042,31752,137986.01,129999.88,193888.89,16,12
2017-12-02,10000042,31754,490319.99,490319.99,490319.99,17,15
2017-12-02,10000042,31755,750000,750000,750000,1,1
2017-12-02,10000042,31758,3996687.9,3996687.9,3996687.9,4,4
2017-12-02,10000042,31760,4287973.64,4269302.58,4400000,7,7
2017-12-02,10000042,31764,118999.99,118999.99,118999.99,3,1
2017-12-02,10000042,31766,250000,250000,250000,2,2
2017-12-02,10000042,31772,9990856.64,9990809.93,9990880,3,3
2017-12-02,10000042,31776,246999.99,246999.99,246999.99,3,2
2017-12-02,10000042,31788,399739.99,389999.99,570189.99,37,20
2017-12-02,10000042,31790,2345864.58,2290100,3250000,66,37
2017-12-02,10000042,31794,9915200.52,9899978,9998936.97,13,9
2017-12-02,10000042,31796,20691363.76,20689800,20692784.98,45,25
2017-12-02,10000042,31800,281178.54,12071.21,335000,6,4
2017-12-02,10000042,31802,2384706.17,2379000,2390100,41,19
2017-12-02,10000042,31810,10899803,10899803,10899803,5,4
2017-12-02,10000042,31812,21699993.99,21600000,21799989.99,10,6
2017-12-02,10000042,31816,289999.98,289999.98,289999.98,7,2
2017-12-02,10000042,31824,24619999.99,24619999.99,24619999.99,2,2
2017-12-02,10000042,31864,2141666.67,2100000,2150000,12,6
2017-12-02,10000042,31870,9499927.3,9499927.3,9499927.3,2,1
2017-12-02,10000042,31872,3111110.12,3000000,3249997.78,9,3
2017-12-02,10000042,31874,4899999,4899999,4899999,3,1
2017-12-02,10000042,31876,5849871.19,5849867.85,5849877.87,15,4
2017-12-02,10000042,31878,3666671.64,2000011.2,5000000,9,2
2017-12-02,10000042,31880,1550149.11,901079.02,1601079.02,47,11
2017-12-02,10000042,31882,1833857.66,224155.49,2198997.66,28,9
2017-12-02,10000042,31884,2229997.78,2229997.77,2229997.79,28,8
2017-12-02,10000042,31888,1268998.48,900000.11,1469112,40,13
2017-12-02,10000042,31890,2229999.6,2229999.59,2229999.6,26,6
2017-12-02,10000042,31892,3499938.99,3499938.99,3499938.99,5,1
2017-12-02,10000042,31894,3464763.57,3459763.59,3469763.55,2,2
2017-12-02,10000042,31900,58497242.26,57999989.99,59988999.05,4,4
2017-12-02,10000042,31922,6978595,6978589.99,6978600,2,2
2017-12-02,10000042,31924,6873217.42,2729988.06,8254293.87,4,4
2017-12-02,10000042,31926,17103703.66,17100000,17111110.99,3,2
2017-12-02,10000042,31928,12897657.75,12897648.55,12897671.15,6,6
2017-12-02,10000042,31930,25457467.64,25457467.64,25457467.64,2,1
2017-12-02,10000042,31932,43641606.95,27113556.07,56540848.99,6,5
2017-12-02,10000042,31936,8999998.99,8999998.99,8999998.99,1,1
2017-12-02,10000042,31942,36999689.3,36999688.83,36999689.53,3,3
2017-12-02,10000042,31944,15405102.64,15405102.64,15405102.64,1,1
2017-12-02,10000042,31952,20000978.49,20000978.49,20000978.49,1,1
2017-12-02,10000042,31982,26500,26500,26500,420,4
2017-12-02,10000042,31990,55488.99,55488.99,55488.99,102,2
2017-12-02,10000042,31998,67671.58,46211.11,68069,55,6
2017-12-02,10000042,32006,119999.99,119999.99,119999.99,394,25
2017-12-02,10000042,32014,199000,199000,199000,501,33
2017-12-02,10000042,32025,276416.65,267833.31,284999.98,2,2
2017-12-02,10000042,32027,2290106,2290106,2290106,2,2
2017-12-02,10000042,32035,2490182,2490182,2490182,1,1
2017-12-02,10000042,32043,2382191.47,2375000,2390182,19,8
2017-12-02,10000042,32044,750000,750000,750000,1,1
2017-12-02,10000042,32047,39999959.95,39999959.95,39999959.95,1,1
2017-12-02,10000042,32057,250000,250000,250000,3,3
2017-12-02,10000042,32059,3990137,3990137,3990137,2,2
2017-12-02,10000042,32081,459999.99,459999.99,459999.99,1,1
2017-12-02,10000042,32307,509989997.97,509989997.97,509989997.97,1,1
2017-12-02,10000042,32339,100000000,100000000,100000000,2,2
2017-12-02,10000042,32772,797000,796999.98,797000,8,6
2017-12-02,10000042,32774,107597.56,21449.01,177000,25,7
2017-12-02,10000042,32780,2750000,2750000,2750000,2,1
2017-12-02,10000042,32787,19999,19999,19999,213,39
2017-12-02,10000042,32797,500000,500000,500000,1,1
2017-12-02,10000042,32817,840989.99,840989.99,840989.99,2,1
2017-12-02,10000042,32819,953999.86,829999.9,1500000.01,20,13
2017-12-02,10000042,32839,5000000,5000000,5000000,1,1
2017-12-02,10000042,32854,3000000,3000000,3000000,1,1
2017-12-02,10000042,32855,7000000,7000000,7000000,1,1
2017-12-02,10000042,32871,1800000,1800000,1800000,1,1
2017-12-02,10000042,32872,435907.96,123000,1168805.48,15,6
2017-12-02,10000042,32874,1246607,1246607,1246607,1,1
2017-12-02,10000042,32876,1042702.34,611000.07,1100000,6,6
2017-12-02,10000042,32878,1008399.79,985000,1175000,5,5
2017-12-02,10000042,32879,7837500,7837500,7837500,4,1
2017-12-02,10000042,32880,175499.44,122000.03,205989,53,47
2017-12-02,10000042,32881,5824699.95,5824699.95,5824699.95,2,2
2017-12-02,10000042,32918,20666.97,1333.94,40000,8,6
2017-12-02,10000042,32982,29986000,29986000,29986000,1,1
2017-12-02,10000042,32999,455555.55,200000,2499999.99,9,9
2017-12-02,10000042,33000,200000,200000,200000,4,4
2017-12-02,10000042,33001,199999.8,199999,200000,5,5
2017-12-02,10000042,33002,200000,200000,200000,6,6
2017-12-02,10000042,33005,700000,700000,700000,2,1
2017-12-02,10000042,33008,16000000,16000000,16000000,1,1
2017-12-02,10000042,33009,379800.01,379800.01,379800.01,2,1
2017-12-02,10000042,33010,18999999.9,18999999.9,18999999.9,1,1
2017-12-02,10000042,33011,18999.99,18999.99,18999.99,1,1
2017-12-02,10000042,33076,292658.27,240000,350000,41,22
2017-12-02,10000042,33078,1090916.66,1000000,2090999.97,12,12
2017-12-02,10000042,33091,231250,100000,1149999.98,8,8
2017-12-02,10000042,33092,441833.49,100000,2249999.95,6,6
2017-12-02,10000042,33093,134999.8,100000,449998,10,10
2017-12-02,10000042,33094,111889.14,89500,174989.99,11,11
2017-12-02,10000042,33095,1177777.65,1000000,1888888.25,5,5
2017-12-02,10000042,33096,1374999.81,1000000,1749999.61,4,4
2017-12-02,10000042,33097,1285285.71,1000000,2997000,7,7
2017-12-02,10000042,33098,1000000,1000000,1000000,4,4
2017-12-02,10000042,33101,598998.99,598998.99,598999,9,9
2017-12-02,10000042,33103,130000,130000,130000,3,3
2017-12-02,10000042,33138,10000000,10000000,10000000,3,1
2017-12-02,10000042,33139,10295714.29,1600000,11745000,7,3
2017-12-02,10000042,33140,25582352.94,15000000.01,26999999.98,17,7
2017-12-02,10000042,33141,25675861.88,14200000.01,27999999.9,29,11
2017-12-02,10000042,33153,240399666.67,239500000,242199000,3,3
2017-12-02,10000042,33176,87857.06,79000,89000,7,7
2017-12-02,10000042,33178,241749.76,99999.99,261999.72,8,8
2017-12-02,10000042,33180,102026.86,99766,125765.89,46,26
2017-12-02,10000042,33195,15500,15500,15500,92,10
2017-12-02,10000042,33197,1399999,1399999,1399999,2,2
2017-12-02,10000042,33199,1372500,785005,1489999,6,6
2017-12-02,10000042,33201,1479999,1479999,1479999,1,1
2017-12-02,10000042,33270,173472.16,173000,174888.64,4,2
2017-12-02,10000042,33332,16938.99,16938.99,16938.99,308,7
2017-12-02,10000042,33359,23556,23556,23556,20,1
2017-12-02,10000042,33361,17912.69,17912.69,17912.69,18163,4
2017-12-02,10000042,33362,23125.18,23125.18,23125.18,4,1
2017-12-02,10000042,33393,98283889.87,98283889.87,98283889.87,1,1
2017-12-02,10000042,33394,99194689.99,99194689.99,99194689.99,1,1
2017-12-02,10000042,33399,5000000,5000000,5000000,4,4
2017-12-02,10000042,33407,36000000,36000000,36000000,1,1
2017-12-02,10000042,33440,1500.01,1500.01,1500.01,1,1
2017-12-02,10000042,33441,5,5,5,2,2
2017-12-02,10000042,33442,2400,2400,2400,2,1
2017-12-02,10000042,33449,749970,749970,749970,1,1
2017-12-02,10000042,33450,2990643.43,2900000,3950000,32,9
2017-12-02,10000042,33466,5,5,5,1,1
2017-12-02,10000042,33467,3000000,3000000,3000000,2,2
2017-12-02,10000042,33468,59055980.8,57000000,59569974.99,10,10
2017-12-02,10000042,33470,203312478.84,199500000,210999935.35,8,8
2017-12-02,10000042,33472,449999999.99,449999999.99,449999999.99,1,1
2017-12-02,10000042,33474,3175360.36,1108389.3,3496930.21,30,21
2017-12-02,10000042,33475,8906438.76,8800000,9399903.99,62,46
2017-12-02,10000042,33476,77000000,77000000,77000000,1,1
2017-12-02,10000042,33482,1000000,1000000,1000000,9,1
2017-12-02,10000042,33517,1000000,1000000,1000000,1,1
2017-12-02,10000042,33519,30000000,30000000,30000000,1,1
2017-12-02,10000042,33539,1300104.28,1300104.28,1300104.3,28,2
2017-12-02,10000042,33569,1.43,1.43,1.43,300,2
2017-12-02,10000042,33571,38.17,38.17,38.17,600,3
2017-12-02,10000042,33572,20.07,20.07,20.07,700,4
2017-12-02,10000042,33573,27.1,27.1,27.1,600,3
2017-12-02,10000042,33577,380000.01,380000.01,380000.01,14,1
2017-12-02,10000042,33600,100000,100000,100000,2,1
2017-12-02,10000042,33604,10000,10000,10000,1,1
2017-12-02,10000042,33607,10000000,10000000,10000000,113,1
2017-12-02,10000042,33618,45000001.09,45000001,45000001.18,2,2
2017-12-02,10000042,33619,130000000,130000000,130000000,1,1
2017-12-02,10000042,33681,68999272.1,55898475.23,90000000,7,4
2017-12-02,10000042,33697,29910835.88,22843343.51,31900000,8,7
2017-12-02,10000042,33699,100000,100000,100000,9,9
2017-12-02,10000042,33700,23899989.99,23899989.99,23899989.99,1,1
2017-12-02,10000042,33790,42000,42000,42000,1,1
2017-12-02,10000042,33816,68996366.71,66996349.81,69996375.17,3,3
2017-12-02,10000042,33818,241999979.98,241999979.98,241999979.98,1,1
2017-12-02,10000042,33822,90126.06,90126.06,90126.06,1,1
2017-12-02,10000042,33824,2199998,2199998,2199998,1,1
2017-12-02,10000042,33828,30101101,30101101,30101101,1,1
2017-12-02,10000042,33844,119999922.82,119999922.82,119999922.82,1,1
2017-12-02,10000042,33852,163799999.5,163799999,163800000,2,2
2017-12-02,10000042,33856,2002007.78,4015.55,4000000,4,3
2017-12-02,10000042,33890,1042358.33,800000,1090830,36,5
2017-12-02,10000042,33892,4369998.19,4369997.72,4369998.9,10,4
2017-12-02,10000042,33896,8799995,8700000,8899989.99,6,2
2017-12-02,10000042,33900,37969949.95,37969949.95,37969949.95,2,1
2017-12-02,10000042,33915,761247.5,722496,799999,4,4
2017-12-02,10000042,33964,299999999.99,299999999.99,299999999.99,1,1
2017-12-02,10000042,33981,27999924.99,27999924.99,27999924.99,1,1
2017-12-02,10000042,34133,1100244000,1100244000,1100244000,1,1
2017-12-02,10000042,34201,260569.76,184999,327449,17,12
2017-12-02,10000042,34202,2337736.34,2011070.51,2991068,3,3
2017-12-02,10000042,34203,890000,890000,890000,140,25
2017-12-02,10000042,34204,1004667.31,963500,1100000,25,16
2017-12-02,10000042,34205,169095.34,112114,289114.01,38,12
2017-12-02,10000042,34206,124719.23,51003.51,200000,46,18
2017-12-02,10000042,34207,2901000.01,2901000.01,2901000.01,2,2
2017-12-02,10000042,34208,3700001.4,3700001.4,3700001.4,2,2
2017-12-02,10000042,34268,2290910,2290910,2290910,1,1
2017-12-02,10000042,34269,750000,750000,750000,1,1
2017-12-02,10000042,34288,8718876,8718876,8718876,8,2
2017-12-02,10000042,34290,24000000,24000000,24000000,3,1
2017-12-02,10000042,34294,29999888,29999888,29999888,20,8
2017-12-02,10000042,34307,1250000,1250000,1250000,1,1
2017-12-02,10000042,34317,55688659.39,55688659.39,55688659.39,1,1
2017-12-02,10000042,34328,1121000000.03,1121000000.03,1121000000.03,1,1
2017-12-02,10000042,34390,1196800,1000000,1983999.98,5,5
2017-12-02,10000042,34414,1000001,1000001,1000001,2,1
2017-12-02,10000042,34416,350005.49,350005.49,350005.49,3,1
2017-12-02,10000042,34533,1000000,1000000,1000000,3,3
2017-12-02,10000042,34562,54942411.05,40103000.27,59888887.98,4,4
2017-12-02,10000042,34575,168000,24000,599999.99,4,4
2017-12-02,10000042,34590,117157244.06,103735866.1,144000000,3,3
2017-12-02,10000042,34625,10000000,10000000,10000000,1,1
2017-12-02,10000042,34828,60811000,60811000,60811000,1,1
2017-12-02,10000042,35656,182244.31,8003.01,344996.93,45,30
2017-12-02,10000042,35657,103000.01,103000.01,103000.01,323,17
2017-12-02,10000042,35658,51899.82,8700,98999.99,44,32
2017-12-02,10000042,35659,51161.21,21000,134999.66,31,18
2017-12-02,10000042,35660,42286.65,5602.34,50000,29,25
2017-12-02,10000042,35661,366414.18,361034.23,460000,55,12
2017-12-02,10000042,35662,362000,362000,362000,225,13
2017-12-02,10000042,35680,1000000,1000000,1000000,4,4
2017-12-02,10000042,35683,74999739.62,74999709.56,74999769.67,2,2
2017-12-02,10000042,35685,1000000,1000000,1000000,2,2
2017-12-02,10000042,35770,50000,50000,50000,1,1
2017-12-02,10000042,35771,1830059.62,28000.5,1999998,23,15
2017-12-02,10000042,35774,569969.69,569969.69,569969.69,2,1
2017-12-02,10000042,35788,14862.49,12950,15499.99,4,2
2017-12-02,10000042,35789,553749.68,127788.11,766730.46,3,2
2017-12-02,10000042,35790,2032170.47,1990000,2199999,18,14
2017-12-02,10000042,35794,47064.59,100.03,49999.88,17,10
2017-12-02,10000042,35795,76017.54,59990,84945.49,14,12
2017-12-02,10000042,35832,804000173.36,804000173.36,804000173.36,1,1
2017-12-02,10000042,35835,910192499.75,560000000,1026900000,4,4
2017-12-02,10000042,35878,189999975.46,189999975.45,189999975.46,2,2
2017-12-02,10000042,35892,1199420420,1199420420,1199420420,1,1
2017-12-02,10000042,35894,250000000.02,250000000.01,250000000.02,2,2
2017-12-02,10000042,35899,36316926.05,21000000.2,43975388.98,3,3
2017-12-02,10000042,35923,183000000,183000000,183000000,1,1
2017-12-02,10000042,35925,60000000,60000000,60000000,3,1
2017-12-02,10000042,36444,3750000,3750000,3750000,1,1
2017-12-02,10000042,36909,7895380.11,7895380.11,7895380.11,2,2
2017-12-02,10000042,36910,14995418.44,14995418.44,14995418.44,2,1
2017-12-02,10000042,36913,3200000,3200000,3200000,1,1
2017-12-02,10000042,37135,33999989.91,33999989.91,33999989.91,1,1
2017-12-02,10000042,37450,489999.96,489999.96,489999.96,4,1
2017-12-02,10000042,37451,672499.51,15000.01,1329999,2,2
2017-12-02,10000042,37453,10101199.17,10101199.17,10101199.17,1,1
2017-12-02,10000042,37459,32380000,32380000,32380000,1,1
2017-12-02,10000042,37479,1498887.01,1498887,1498887.02,3,3
2017-12-02,10000042,37482,100000000,100000000,100000000,1,1
2017-12-02,10000042,37483,94999889.88,94999889.88,94999889.88,1,1
2017-12-02,10000042,37544,3009,3009,3009,7,7
2017-12-02,10000042,37545,2011.67,1500,4999,13,11
2017-12-02,10000042,37546,1319999,1319999,1319999,1,1
2017-12-02,10000042,37599,12000000,12000000,12000000,3,1
2017-12-02,10000042,37608,1515473.33,1400008.01,1550001.18,53,27
2017-12-02,10000042,37610,1564669.27,750008.01,1600002.48,75,37
2017-12-02,10000042,37611,1569700.15,750008,1610008.37,65,40
2017-12-02,10000042,37621,12655040,12655040,12655040,1,1
2017-12-02,10000042,37796,5000000,5000000,5000000,4,4
2017-12-02,10000042,37797,5000000,5000000,5000000,2,2
2017-12-02,10000042,37798,5000000,5000000,5000000,4,4
2017-12-02,10000042,37799,5000000,5000000,5000000,4,4
2017-12-02,10000042,37843,39947,39947,39947,4000,1
2017-12-02,10000042,37846,143.97,143.97,143.97,10432,1
2017-12-02,10000042,37847,170,170,170,10490,1
2017-12-02,10000042,37849,4749999.5,3999999,5500000,20,3
2017-12-02,10000042,37851,2499999.99,2499999.99,2499999.99,20,2
2017-12-02,10000042,40328,4000000,4000000,4000000,1,1
2017-12-02,10000042,40334,46229.48,46229.48,46229.48,1,1
2017-12-02,10000042,40335,98999.96,98999.96,98999.96,2,2
2017-12-02,10000042,40346,10000000,10000000,10000000,9,1
2017-12-02,10000042,40361,4499967.86,4499967.86,4499967.86,9,1
2017-12-02,10000042,40519,377764622.25,349000000.01,384999965,51,24
2017-12-02,10000042,40520,789999999.96,789999999.86,807800000,127,87
2017-12-02,10000042,40553,8200000,8200000,8200000,15,2
2017-12-02,10000042,40572,100000000,100000000,100000000,7,7
2017-12-02,10000042,40573,100000000,100000000,100000000,6,6
2017-12-02,10000042,40730,89000000.03,89000000.03,89000000.03,1,1
2017-12-02,10000042,41032,20,20,20,2,2
2017-12-02,10000042,41034,124777.98,24711.58,199999.99,11,7
2017-12-02,10000042,41054,456303.65,455055.18,500000,36,11
2017-12-02,10000042,41055,466558.57,465074.09,520000,37,13
2017-12-02,10000042,41056,454553.65,445000,455056.47,40,15
2017-12-02,10000042,41057,4023124.37,3395000,4399999,8,6
2017-12-02,10000042,41092,34000000,34000000,34000000,1,1
2017-12-02,10000042,41155,143571.43,120000,150000,14,7
2017-12-02,10000042,41191,39999979.98,39999979.98,39999979.98,1,1
2017-12-02,10000042,41196,36999897.91,36999897.91,36999897.91,1,1
2017-12-02,10000042,41215,28898969.97,28898969.97,28898969.97,1,1
2017-12-02,10000042,41218,33679805.59,28500000,35899717.98,10,9
2017-12-02,10000042,41220,71531448.5,71531434.98,71531455.27,3,3
2017-12-02,10000042,41403,27000000,27000000,27000000,2,2
2017-12-02,10000042,41404,27000000,27000000,27000000,2,2
2017-12-02,10000042,41411,40000000,40000000,40000000,1,1
2017-12-02,10000042,41489,16800,16800,16800,1708,9
2017-12-02,10000042,41490,700009,700009,700025.1,1726,13
2017-12-02,10000042,41533,64990000,64990000,64990000,1,1
2017-12-02,10000042,42244,55033000.01,55033000.01,55033000.01,1,1
2017-12-02,10000042,42526,1289565.13,1289565.13,1289565.13,3,2
2017-12-02,10000042,42527,1188999.99,1188999.99,1188999.99,1,1
2017-12-02,10000042,42528,50051.01,50051.01,50051.01,2,1
2017-12-02,10000042,42529,2395581.84,2394749.61,2399741.89,6,6
2017-12-02,10000042,42530,2984998.98,2984998.97,2984998.98,3,2
2017-12-02,10000042,42685,23333333,20000000,29999999,3,3
2017-12-02,10000042,42694,739.81,739.81,739.81,2200,3
2017-12-02,10000042,42695,1019.92,1019.92,1019.92,4800,5
2017-12-02,10000042,42702,2850000,2850000,2850000,1,1
2017-12-02,10000042,42708,5600000,5600000,5600000,1,1
2017-12-02,10000042,42758,19500000,19500000,19500000,1,1
2017-12-02,10000042,42829,1095.99,1095.99,1095.99,36100,7
2017-12-02,10000042,42830,799.96,799.96,799.96,36100,7
2017-12-02,10000042,42831,1199.8,1199.8,1199.8,30193,5
2017-12-02,10000042,42833,1545.9,1545.9,1545.9,400,2
2017-12-02,10000042,42839,1749.99,1749.99,1749.99,600,1
2017-12-02,10000042,42885,10000000,10000000,10000000,1,1
2017-12-02,10000042,43530,4750000,4750000,4750000,1,1
2017-12-02,10000042,43551,7037811.2,5999998.98,7383748.6,4,3
2017-12-02,10000042,43552,4499920.64,4499920.2,4499921.08,2,2
2017-12-02,10000042,43555,7558909.27,7558909.27,7558909.27,1,1
2017-12-02,10000042,43556,9993854.99,9993854.99,9993854.99,1,1
2017-12-02,10000042,43691,32110000,32110000,32110000,1,1
2017-12-02,10000042,43699,67142.62,20000,69999.96,17,7
2017-12-02,10000042,43700,5392249.64,4738000.01,5499999.42,8,6
2017-12-02,10000042,43702,80000,80000,80000,9,9
2017-12-02,10000042,43703,18000000,18000000,18000000,3,3
2017-12-02,10000042,43786,100000000,100000000,100000000,1,1
2017-12-02,10000042,43797,20000001,20000001,20000001,1,1
2017-12-02,10000042,43799,80000000,80000000,80000000,1,1
2017-12-02,10000042,43894,250000,250000,250000,1,1
2017-12-02,10000042,44110,11200,11200,11200,100,1
2017-12-02,10000042,44262,188000,188000,188000,500,2
2017-12-02,10000042,44938,60000000,60000000,60000000,1,1
2017-12-02,10000042,44950,65000000,65000000,65000000,1,1
2017-12-02,10000042,44992,3355013,3200065.14,3365010.13,46547,119
2017-12-02,10000042,44995,501029710,501029710,501029710,1,1
2017-12-02,10000042,45009,224995332.65,217987000,228499498.98,3,3
2017-12-02,10000042,45482,2350000,2350000,2350000,1,1
2017-12-02,10000042,45586,69999849.81,69999849.81,69999849.81,1,1
2017-12-02,10000042,45588,53949999,53949999,53949999,1,1
2017-12-02,10000042,45589,94048885.2,93099790.44,94997979.95,2,2
2017-12-02,10000042,45591,46999989.99,46999989.99,46999989.99,1,1
2017-12-02,10000042,45592,59700000,59700000,59700000,1,1
2017-12-02,10000042,45594,45094919.92,45094919.92,45094919.92,1,1
2017-12-02,10000042,45598,12000000,12000000,12000000,2,2
2017-12-02,10000042,45599,47999979.98,47999979.98,47999979.98,1,1
2017-12-02,10000042,45601,39659682.74,38989068.24,39994989.99,3,3
2017-12-02,10000042,45603,78369108.74,78369108.74,78369108.74,1,1
2017-12-02,10000042,45604,50400774.86,50400769.85,50400779.86,2,2
2017-12-02,10000042,45611,47997415.45,47997415.45,47997415.45,1,1
2017-12-02,10000042,45613,46879650.99,46879650.99,46879650.99,1,1
2017-12-02,10000042,45615,42999189.99,42999189.99,42999189.99,1,1
2017-12-02,10000042,45617,70466110.15,70466110.15,70466110.15,1,1
2017-12-02,10000042,45618,24229954.96,24229919.92,24229989.99,2,2
2017-12-02,10000042,45622,5000000,5000000,5000000,1,1
2017-12-02,10000042,45623,35769502.2,35769502.2,35769502.2,1,1
2017-12-02,10000042,45626,47299958.71,47299958,47299959.41,2,2
2017-12-02,10000042,45629,64069944.93,64069939.92,64069949.93,2,2
2017-12-02,10000042,45633,43799496.98,43799496.98,43799496.98,1,1
2017-12-02,10000042,45635,170129114.65,168896999,174800000,26,13
2017-12-02,10000042,45660,2238.92,2238,2239,62,3
2017-12-02,10000042,45661,2301,2301,2301,174,4
2017-12-02,10000042,45662,2143,2143,2143,51,3
2017-12-02,10000042,45663,48006.55,48006.55,48006.55,135,3
2017-12-02,10000042,45746,1055333.33,1000000,1995999.99,18,18
2017-12-02,10000042,45748,5000000,5000000,5000000,6,6
2017-12-02,10000042,45749,25000000,25000000,25000000,1,1
2017-12-02,10000042,45750,15000000,15000000,15000000,1,1
2017-12-02,10000042,45751,5500,1000,10000,2,2
2017-12-02,10000042,45805,20000,20000,20000,1,1
2017-12-02,10000042,45815,131250,112500,150000,2,2
2017-12-02,10000042,45818,1000000,1000000,1000000,1,1
2017-12-02,10000042,45826,3765000,3765000,3765000,1,1
2017-12-02,10000042,45833,30000,30000,30000,1,1
2017-12-02,10000042,45873,80000,80000,80000,1,1
2017-12-02,10000042,45879,2000000,2000000,2000000,1,1
2017-12-02,10000042,45902,40000000,40000000,40000000,1,1
2017-12-02,10000042,45920,80000000,80000000,80000000,1,1
2017-12-02,10000042,45966,550000,550000,550000,1,1
2017-12-02,10000042,45979,40000000,40000000,40000000,1,1
2017-12-02,10000042,45996,400000.04,400000.04,400000.04,1,1
2017-12-02,10000042,45998,2749999.93,2749999.93,2749999.93,1,1
2017-12-02,10000042,45999,9999998.99,9999998.99,9999998.99,3,2
2017-12-02,10000042,46000,25002009,25002009,25002009,1,1
2017-12-02,10000042,46001,598999.99,598999.99,598999.99,1,1
2017-12-02,10000042,46002,3908504.35,1303902.28,4749984.98,13,6
2017-12-02,10000042,46003,18999999,18999999,18999999,1,1
2017-12-02,10000042,46004,414882.72,255400.39,640000,12,3
2017-12-02,10000042,46005,6420000,2700000,11999999.99,5,3
2017-12-02,10000042,46008,3594806.07,3594806.07,3594806.07,1,1
2017-12-02,10000042,46152,10000000,10000000,10000000,12,7
2017-12-02,10000042,46153,15000000,15000000,15000000,13,8
2017-12-02,10000042,46154,20000000,20000000,20000000,12,7
2017-12-02,10000042,46155,25000000,25000000,25000000,14,9
2017-12-02,10000042,46156,30000000,30000000,30000000,13,8
2017-12-02,10000042,46164,15000000,15000000,15000000,2,1
2017-12-02,10000042,46165,15000000,15000000,15000000,1,1
2017-12-02,10000042,46184,7500000,7500000,7500000,1,1
2017-12-02,10000042,46355,399000,399000,399000,4,1
2017-12-02,10000042,46356,2742988.99,2742988.99,2742988.99,8,2
2017-12-02,10000042,46365,749999.98,749999.98,749999.98,12,2
2017-12-02,10000042,46367,398999.99,398999.99,398999.99,4,1
2017-12-02,10000042,46368,2324989.87,2324989.87,2324989.87,8,1
2017-12-02,10000042,46369,399999,399999,399999,4,1
2017-12-02,10000042,46370,2379999.82,2379999.82,2379999.82,4,1
2017-12-02,10000042,46371,399999,399999,399999,14,2
2017-12-02,10000042,46372,3774989.9,3774989.9,3774989.9,6,1
2017-12-02,10000042,46381,4000954.63,4000954.63,4000954.63,1,1
2017-12-02,10000042,46707,3499999.5,3499999,3499999.99,2,2
2017-12-02,10000042,46708,16499996.97,16499996.97,16499996.97,1,1
2017-12-02,10000042,46712,7000000,7000000,7000000,1,1
2017-12-02,10000042,46713,17999800,17999800,17999800,2,2
2017-12-02,10000042,46717,21000000,21000000,21000000,1,1
2017-12-02,10000042,46718,32000000,32000000,32000000,1,1
2017-12-02,10000042,46722,9999999.99,9999999.99,9999999.99,1,1
2017-12-02,10000042,46723,10000000,10000000,10000000,1,1
2017-12-02,10000042,47030,405000002.04,405000002.04,405000002.04,1,1
2017-12-02,10000043,18,56.59,56.59,56.59,54137,9
2017-12-02,10000043,19,3200,3200,3200,51,2
2017-12-02,10000043,20,162.95,162,185.84,3333421,152
2017-12-02,10000043,21,456.2,456.2,456.2,700,1
2017-12-02,10000043,22,3200,3200,3200,807,7
2017-12-02,10000043,34,4.64,4.5,4.88,2422954243,703
2017-12-02,10000043,35,5.3,5.3,5.3,512701562,500
2017-12-02,10000043,36,62.99,59.25,63.4,102466146,463
2017-12-02,10000043,37,40.67,36.93,40.68,37719769,363
2017-12-02,10000043,38,317.52,313.97,317.54,8039022,334
2017-12-02,10000043,39,962.2,961.78,1037.71,8283581,318
2017-12-02,10000043,40,1112.33,1100.8,1134,4462386,303
2017-12-02,10000043,41,26.93,23.67,26.95,137662,11
2017-12-02,10000043,42,1647.56,1561.43,1698.96,480,15
2017-12-02,10000043,43,322.48,322.1,374.36,294508,37
2017-12-02,10000043,44,12198.79,11502.55,12198.8,39340,23
2017-12-02,10000043,45,2.01,2.01,2.01,296,21
2017-12-02,10000043,178,4.88,1.12,4.88,33815,33
2017-12-02,10000043,179,3.08,3.07,3.08,9800,33
2017-12-02,10000043,180,2.13,2.13,7.24,17000,27
2017-12-02,10000043,181,4.1,2.45,4.1,22588,43
2017-12-02,10000043,182,4.46,4.46,4.46,9100,34
2017-12-02,10000043,183,11.3,11.3,11.3,423226,36
2017-12-02,10000043,184,15.47,15.47,15.47,63989,36
2017-12-02,10000043,185,21,21,21,74876,53
2017-12-02,10000043,186,3.5,3.5,3.5,5200,14
2017-12-02,10000043,187,14.99,14.99,14.99,295290,14
2017-12-02,10000043,188,4.09,4.09,4.09,7600,12
2017-12-02,10000043,189,39.74,39.74,39.74,32973,14
2017-12-02,10000043,190,2.94,2.94,2.94,6100,15
2017-12-02,10000043,191,34.44,27.18,34.45,16622,15
2017-12-02,10000043,192,38.23,38.23,50.59,76084,19
2017-12-02,10000043,193,80.97,80.96,80.98,92540,27
2017-12-02,10000043,194,8.33,8.33,8.33,5000,8
2017-12-02,10000043,195,11.75,11.75,11.75,4300,9
2017-12-02,10000043,196,4.69,4.69,4.69,5300,10
2017-12-02,10000043,197,31.97,31.97,31.97,8700,16
2017-12-02,10000043,198,115.69,115.69,115.69,26300,13
2017-12-02,10000043,199,176,176,176,197666,17
2017-12-02,10000043,200,200.99,200.99,200.99,212232,21
2017-12-02,10000043,201,205,204.89,205.6,661821,36
2017-12-02,10000043,202,324.49,324.49,324.49,48445,21
2017-12-02,10000043,203,278.66,278.66,278.66,195181,33
2017-12-02,10000043,204,198.9,198.9,198.9,147861,27
2017-12-02,10000043,205,180.94,180.94,180.94,56908,19
2017-12-02,10000043,206,17.14,17.14,17.14,88600,48
2017-12-02,10000043,207,45.94,45.93,45.95,77557,64
2017-12-02,10000043,208,50.05,50.05,50.05,121099,65
2017-12-02,10000043,209,42.99,24.81,53.98,179984,59
2017-12-02,10000043,210,19.85,19,19.85,166490,90
2017-12-02,10000043,211,7.47,7.45,39.95,71941,78
2017-12-02,10000043,212,149,15.47,149.98,99702,68
2017-12-02,10000043,213,12.62,12.62,12.62,1553862,69
2017-12-02,10000043,215,3.89,3.89,3.89,90789,59
2017-12-02,10000043,216,2.14,2.14,2.14,8301,33
2017-12-02,10000043,217,5.92,5.92,5.92,46072,46
2017-12-02,10000043,218,6.94,6.94,6.94,32886,39
2017-12-02,10000043,219,2.33,2.33,2.33,16960,48
2017-12-02,10000043,220,2.18,2.18,2.18,9497,30
2017-12-02,10000043,221,2.31,2.31,2.31,6904,38
2017-12-02,10000043,222,17.4,17.4,17.4,1228454,108
2017-12-02,10000043,223,19.9,19.89,19.95,85990,41
2017-12-02,10000043,224,49.95,49.95,49.95,28716,46
2017-12-02,10000043,225,10.65,10.65,10.66,7700,34
2017-12-02,10000043,226,33.98,33.96,35.05,32978,31
2017-12-02,10000043,227,54.99,5.05,59.94,20336,39
2017-12-02,10000043,228,12,12,12,9900,23
2017-12-02,10000043,229,30.01,30.01,30.01,39212,31
2017-12-02,10000043,230,40.04,40.04,40.04,317848,70
2017-12-02,10000043,231,34.9,34.9,34.9,17103,13
2017-12-02,10000043,232,60.99,60.99,60.99,19867,14
2017-12-02,10000043,233,21.26,21.26,21.26,4200,10
2017-12-02,10000043,234,49.88,49.88,49.88,7000,13
2017-12-02,10000043,235,104.8,104.8,104.8,130788,18
2017-12-02,10000043,236,145,145,145,12300,14
2017-12-02,10000043,237,113.7,113.7,113.7,127500,19
2017-12-02,10000043,238,140,140,140,497050,38
2017-12-02,10000043,239,1889.99,1888,1890,575,110
2017-12-02,10000043,240,155.1,50.03,624.94,1148,93
2017-12-02,10000043,241,1889.99,499.95,1889.99,1017,96
2017-12-02,10000043,242,1499.98,1499.98,1499.98,810,125
2017-12-02,10000043,243,997.65,997.65,997.65,492,71
2017-12-02,10000043,244,988.08,988.08,2498.91,513,78
2017-12-02,10000043,245,1300.26,1300.26,1300.26,1178,89
2017-12-02,10000043,246,4197.81,4197.81,4197.82,1444,219
2017-12-02,10000043,247,4899.33,4899.33,4899.33,320,53
2017-12-02,10000043,248,2002.84,2002.82,4989,152,48
2017-12-02,10000043,249,1299.9,1299.9,1299.9,115,42
2017-12-02,10000043,250,3002.29,3002.29,3002.3,353,65
2017-12-02,10000043,251,563.37,563.37,563.37,139,49
2017-12-02,10000043,252,6666.8,6666.8,6666.8,138,51
2017-12-02,10000043,253,10945.22,10945.22,10945.22,868,41
2017-12-02,10000043,254,15766.79,7600.43,15766.8,445,101
2017-12-02,10000043,255,26779.01,26779.01,26779.01,235,20
2017-12-02,10000043,256,15678.11,15678.11,15678.11,312,25
2017-12-02,10000043,257,3049.86,977.84,16000,87,17
2017-12-02,10000043,258,20780,20780,20780.07,1221,32
2017-12-02,10000043,259,15000,15000,15000,232,27
2017-12-02,10000043,260,9208.48,9208.48,9208.48,164,27
2017-12-02,10000043,261,18779.96,18779.96,18779.96,127,20
2017-12-02,10000043,262,103996.97,103996.97,103998,2594,55
2017-12-02,10000043,263,117.41,117.41,117.41,485,18
2017-12-02,10000043,264,2954.94,2954.94,2954.94,1953,13
2017-12-02,10000043,266,18,18,18,37176,32
2017-12-02,10000043,267,100.7,100.7,100.7,13354,20
2017-12-02,10000043,269,48.24,11.76,49,16771,29
2017-12-02,10000043,377,21835.09,17040.06,65000,41,32
2017-12-02,10000043,380,476796.49,466788.9,480000,89,69
2017-12-02,10000043,393,1716.69,1299.01,4997.91,62,5
2017-12-02,10000043,394,224679.78,219989.99,630999.89,45,24
2017-12-02,10000043,399,12808.77,11495,14999.99,18,18
2017-12-02,10000043,400,565392.82,307788.03,623424.32,25,22
2017-12-02,10000043,421,5250104.94,500209.88,9999999.99,2,2
2017-12-02,10000043,434,85649.86,85649.83,85649.87,152,123
2017-12-02,10000043,438,3999998.71,3098999.98,3999998.97,179,115
2017-12-02,10000043,439,8139.8,8139.8,8139.8,383,117
2017-12-02,10000043,440,4899998.87,4899998.86,4899998.89,121,107
2017-12-02,10000043,442,7175.72,146,10197.86,30,24
2017-12-02,10000043,443,5997.97,5997.97,5997.97,2,1
2017-12-02,10000043,444,9530.69,3001.26,13984.99,50,22
2017-12-02,10000043,447,88097.63,88097.62,88097.65,146,30
2017-12-02,10000043,448,1937050.58,1937050.44,1938999.88,428,329
2017-12-02,10000043,450,6277.57,800,6497.99,19,13
2017-12-02,10000043,451,19398.09,19398.09,19398.09,324,36
2017-12-02,10000043,452,26435.75,26435.75,26435.75,402,79
2017-12-02,10000043,453,46999.86,46999.86,46999.86,159,42
2017-12-02,10000043,454,24889.98,16799.17,35000,122,34
2017-12-02,10000043,455,26173.23,0.03,41998.99,14,9
2017-12-02,10000043,456,89074.76,22601,119000,51,18
2017-12-02,10000043,457,155134.7,112599,170000,20,13
2017-12-02,10000043,458,157333.78,82001.01,250000.01,18,5
2017-12-02,10000043,459,293657.54,9036,298984.86,33,13
2017-12-02,10000043,460,74255.36,0.01,86631.25,14,3
2017-12-02,10000043,461,433333,400000,499999,3,3
2017-12-02,10000043,462,650000,650000,650000,8,1
2017-12-02,10000043,464,1849999.99,1849999.99,1849999.99,3,1
2017-12-02,10000043,482,1111000,1099985.98,1200000,158,78
2017-12-02,10000043,483,10000,8500,12378.99,314,65
2017-12-02,10000043,484,5201.35,1682.03,5396.81,38,12
2017-12-02,10000043,485,5895.29,978.79,7300,9,4
2017-12-02,10000043,486,64334.23,64334.23,64334.23,127,6
2017-12-02,10000043,487,24131.33,19000,35000,7,6
2017-12-02,10000043,488,67120.35,67120.35,67120.35,117,4
2017-12-02,10000043,490,200000,200000,200000,4,1
2017-12-02,10000043,492,139999.99,139999.99,139999.99,4,1
2017-12-02,10000043,499,9538.52,4000.21,9999.98,44,26
2017-12-02,10000043,501,22176.41,3006.06,29844.56,14,7
2017-12-02,10000043,503,82888.94,82888.93,82888.94,6,2
2017-12-02,10000043,509,77749043.81,77749043.81,77749043.81,1,1
2017-12-02,10000043,519,1119998.97,1100194.25,1119998.98,556,179
2017-12-02,10000043,520,44975.2,36002,44998.9,21,9
2017-12-02,10000043,521,1200222,1200222,1200222,1,1
2017-12-02,10000043,522,5500000,5500000,5500000,3,3
2017-12-02,10000043,523,15997.99,15997.99,15997.99,244,76
2017-12-02,10000043,524,33757.68,2515.36,110000,8,8
2017-12-02,10000043,526,42999.92,42999.92,42999.92,135,59
2017-12-02,10000043,527,959997.99,885336.11,979997.92,301,204
2017-12-02,10000043,529,13350,800,25900,2,2
2017-12-02,10000043,530,41131.34,8138.78,69999.83,15,9
2017-12-02,10000043,533,52999.03,1001.15,100000,6,6
2017-12-02,10000043,561,12432.27,1698.78,14476.73,25,7
2017-12-02,10000043,562,10580.91,6688.79,13500,7,5
2017-12-02,10000043,563,27639.88,16668.81,27999,21,4
2017-12-02,10000043,564,48336.77,22889.89,100000,22,8
2017-12-02,10000043,565,28074.11,150,29999.91,31,5
2017-12-02,10000043,566,1007.65,1007.62,1007.81,7,7
2017-12-02,10000043,567,68999.98,68999.98,68999.98,3,1
2017-12-02,10000043,568,357991.98,357991.98,357991.98,108,8
2017-12-02,10000043,569,227964,227964,227964,5,1
2017-12-02,10000043,570,461332.47,434444,497997.89,10,4
2017-12-02,10000043,573,1645052.19,1624292.99,1668777,15,4
2017-12-02,10000043,574,2299999,2299999,2299999,1,1
2017-12-02,10000043,577,51254.61,19500.21,57007.93,6,6
2017-12-02,10000043,578,85000,85000,85000,149,101
2017-12-02,10000043,580,159502.99,15005.23,164485.98,30,10
2017-12-02,10000043,581,71471.64,39996.99,102946.28,2,2
2017-12-02,10000043,582,161000,155000,187500,15,12
2017-12-02,10000043,583,315052.49,250156.32,319999.89,25,23
2017-12-02,10000043,584,302119.09,295200.15,335000,53,19
2017-12-02,10000043,585,347619.92,325347.27,379999.99,24,18
2017-12-02,10000043,586,452306.99,190001.06,499998.98,13,13
2017-12-02,10000043,587,299831.12,296996.81,459000,24,22
2017-12-02,10000043,588,4500.04,4500.04,4500.04,2,2
2017-12-02,10000043,589,288631.77,169000,329999.96,88,57
2017-12-02,10000043,590,328075.48,270170.6,373998.97,9,6
2017-12-02,10000043,591,652301.64,400008.02,998978.99,60,31
2017-12-02,10000043,592,218001.97,162519.66,225000,20,10
2017-12-02,10000043,593,409745.54,365000.21,434999.16,59,31
2017-12-02,10000043,594,359445.14,270004.18,400999.99,18,17
2017-12-02,10000043,596,5218.72,2500,25000,74,68
2017-12-02,10000043,597,399898.97,399897.99,399898.98,122,85
2017-12-02,10000043,598,399999.28,399998.99,399999.99,14,13
2017-12-02,10000043,599,239998.72,239998.44,239998.99,6,5
2017-12-02,10000043,601,11678.32,6025,48865.25,23,21
2017-12-02,10000043,602,308806.62,100,331999.97,30,18
2017-12-02,10000043,603,289433.26,161000.02,424997.89,32,20
2017-12-02,10000043,605,472802.69,350900.08,494999.87,37,34
2017-12-02,10000043,606,17801.04,3001.09,30001,27,15
2017-12-02,10000043,607,415594.73,251000.75,448999.99,37,36
2017-12-02,10000043,608,425618.86,270385.39,439979.83,59,26
2017-12-02,10000043,609,305155.9,221800,325999.84,5,5
2017-12-02,10000043,620,7315483.38,6899151.5,7499997.99,13,10
2017-12-02,10000043,621,8485575.84,8302000.2,8499999.99,73,31
2017-12-02,10000043,622,9958024.93,8113000.07,10099993.23,28,20
2017-12-02,10000043,623,9237206.55,8083500.24,9499982.97,11,9
2017-12-02,10000043,624,8764217.28,8645000,8899999.91,32,32
2017-12-02,10000043,625,7681246.45,6500000.92,7849994.93,8,5
2017-12-02,10000043,626,9323094.35,9200000,9500000,29,28
2017-12-02,10000043,627,8810511.85,7605000,8899799,29,20
2017-12-02,10000043,628,8270092.78,6010011.55,8709998,43,33
2017-12-02,10000043,629,8860966.33,7756600.01,8955000,12,11
2017-12-02,10000043,630,8024996.22,7999994.96,8100000,4,4
2017-12-02,10000043,631,6871927.04,6500003.03,6900221.98,76,18
2017-12-02,10000043,632,7435935.75,6209126.13,8339999.98,7,6
2017-12-02,10000043,633,6904599.98,5809200,7999999.96,2,2
2017-12-02,10000043,634,7611195.49,7125013.06,7712432.92,6,6
2017-12-02,10000043,638,147773490.9,141564606.56,159990000,35,22
2017-12-02,10000043,639,164624993.29,164599997.99,164749969.99,6,6
2017-12-02,10000043,640,153764982.73,138240580.77,159968679.9,7,7
2017-12-02,10000043,641,159387540.12,121105455.72,164999973.83,16,16
2017-12-02,10000043,642,153852646.38,143001000.25,158997998.49,17,17
2017-12-02,10000043,643,175700910.22,155009111.47,177999998.93,10,10
2017-12-02,10000043,644,153999887.68,129999889.73,159999884.69,5,5
2017-12-02,10000043,645,155580088.22,155035585.54,159998897.96,27,23
2017-12-02,10000043,648,715555.13,661085.47,824494.44,6,5
2017-12-02,10000043,649,1146334.63,900000,1298989.94,21,19
2017-12-02,10000043,650,943685.89,500010.81,1028000,19,18
2017-12-02,10000043,651,1005555.44,1000000,1050000,9,8
2017-12-02,10000043,652,1318832.65,776003.74,1499775.94,12,11
2017-12-02,10000043,653,1179579.25,1100000,1298948.12,10,9
2017-12-02,10000043,654,1156995.96,692007.08,1249993.93,12,12
2017-12-02,10000043,655,1421233.64,1015062.5,1449951.93,29,25
2017-12-02,10000043,656,2052785.99,1395750.15,2749999.98,28,19
2017-12-02,10000043,657,1467630.89,1429995.97,1950450.08,41,39
2017-12-02,10000043,672,14083.11,10000,19499.5,82,59
2017-12-02,10000043,684,3100000,3100000,3100000,1,1
2017-12-02,10000043,689,2100000,2100000,2100000,1,1
2017-12-02,10000043,692,99999000,99999000,99999000,1,1
2017-12-02,10000043,786,60000,60000,60000,3,3
2017-12-02,10000043,803,6833333.33,5000000,10499999.98,3,3
2017-12-02,10000043,804,5500000,3000000,7999999.99,4,4
2017-12-02,10000043,805,6399499.48,4000000,8798998.95,2,2
2017-12-02,10000043,806,4833333.29,2500000,5999999.93,3,3
2017-12-02,10000043,807,1499999.07,1499999.07,1499999.07,1,1
2017-12-02,10000043,808,2499999.96,2499999.92,2500000,2,2
2017-12-02,10000043,809,1499993.6,1499993.6,1499993.6,1,1
2017-12-02,10000043,810,1798996.46,1798996.46,1798996.46,2,2
2017-12-02,10000043,811,150000,150000,150000,3,3
2017-12-02,10000043,812,160000,160000,160000,1,1
2017-12-02,10000043,813,393333.31,180000,499999.97,6,4
2017-12-02,10000043,814,132500,125000,140000,2,2
2017-12-02,10000043,821,90000,90000,90000,1,1
2017-12-02,10000043,828,3000000,3000000,3000000,1,1
2017-12-02,10000043,834,20000,20000,20000,1,1
2017-12-02,10000043,835,60000,60000,60000,2,2
2017-12-02,10000043,836,90000,90000,90000,1,1
2017-12-02,10000043,837,120000,120000,120000,2,2
2017-12-02,10000043,838,241500,150000,333000,2,2
2017-12-02,10000043,842,1550000,1550000,1550000,1,1
2017-12-02,10000043,843,1700000,1700000,1700000,1,1
2017-12-02,10000043,847,12000000,12000000,12000000,1,1
2017-12-02,10000043,879,20000,20000,20000,1,1
2017-12-02,10000043,880,30000,30000,30000,1,1
2017-12-02,10000043,881,40000,40000,40000,1,1
2017-12-02,10000043,882,50000,50000,50000,1,1
2017-12-02,10000043,883,60000,60000,60000,1,1
2017-12-02,10000043,884,120000,120000,120000,1,1
2017-12-02,10000043,885,80000,80000,80000,1,1
2017-12-02,10000043,886,100000,100000,100000,1,1
2017-12-02,10000043,887,8000000,8000000,8000000,1,1
2017-12-02,10000043,888,749990.9,749990.9,749990.9,1,1
2017-12-02,10000043,889,165000,165000,165000,1,1
2017-12-02,10000043,890,205000,205000,205000,1,1
2017-12-02,10000043,891,235000,235000,235000,1,1
2017-12-02,10000043,892,275000,275000,275000,1,1
2017-12-02,10000043,893,325000,325000,325000,1,1
2017-12-02,10000043,899,790000,790000,790000,1,1
2017-12-02,10000043,900,900000,900000,900000,1,1
2017-12-02,10000043,936,2278571.42,1587500,2554999.99,7,6
2017-12-02,10000043,937,500000,500000,500000,1,1
2017-12-02,10000043,938,2875000,2875000,2875000,1,1
2017-12-02,10000043,941,3175000,3175000,3175000,1,1
2017-12-02,10000043,944,3328333.33,2875000,3555000,3,3
2017-12-02,10000043,946,2780000,2780000,2780000,1,1
2017-12-02,10000043,949,3400000,3400000,3400000,1,1
2017-12-02,10000043,950,3150000,3150000,3150000,2,2
2017-12-02,10000043,952,2895000,2895000,2895000,1,1
2017-12-02,10000043,954,2950000,2950000,2950000,1,1
2017-12-02,10000043,955,2750000,2750000,2750000,2,2
2017-12-02,10000043,967,50000,50000,50000,3,2
2017-12-02,10000043,969,84996170,83750000,87488510,3,3
2017-12-02,10000043,970,81136191.82,80750000,84998110,11,2
2017-12-02,10000043,971,88999991.33,88999991,88999992,3,3
2017-12-02,10000043,973,82362499.83,81750000,89099998,12,3
2017-12-02,10000043,983,4600000,4600000,4600000,1,1
2017-12-02,10000043,984,8200000,8200000,8200000,1,1
2017-12-02,10000043,989,3999998,3999998,3999998,2,2
2017-12-02,10000043,990,6899999.5,6899999,6900000,2,2
2017-12-02,10000043,991,5800000,5800000,5800000,1,1
2017-12-02,10000043,992,12677000,12677000,12677000,2,2
2017-12-02,10000043,1010,49920,49920,49920,1,1
2017-12-02,10000043,1026,87360,87360,87360,4,4
2017-12-02,10000043,1032,91160,91160,91160,2,2
2017-12-02,10000043,1067,355240,316360,433000,6,3
2017-12-02,10000043,1072,103000,64500,180000,6,6
2017-12-02,10000043,1074,15000,15000,15000,1,1
2017-12-02,10000043,1076,20000,20000,20000,1,1
2017-12-02,10000043,1079,999999.75,999999.75,999999.75,1,1
2017-12-02,10000043,1096,243200,243200,243200,2,2
2017-12-02,10000043,1099,209428.57,200000,222000,7,7
2017-12-02,10000043,1100,499980,499980,499980,2,2
2017-12-02,10000043,1105,125000,125000,125000,1,1
2017-12-02,10000043,1106,395040,395040,395040,1,1
2017-12-02,10000043,1109,199680,199680,199680,2,2
2017-12-02,10000043,1112,20000,20000,20000,1,1
2017-12-02,10000043,1113,60000,60000,60000,1,1
2017-12-02,10000043,1114,90000,90000,90000,1,1
2017-12-02,10000043,1115,540000,189999.99,890000,2,2
2017-12-02,10000043,1116,500000,500000,500000,3,3
2017-12-02,10000043,1117,699999.99,699999.99,699999.99,1,1
2017-12-02,10000043,1118,888000,888000,888000,1,1
2017-12-02,10000043,1119,1400000,1400000,1400000,1,1
2017-12-02,10000043,1120,1300000,1300000,1300000,2,2
2017-12-02,10000043,1121,1788999.99,1788999.99,1788999.99,2,2
2017-12-02,10000043,1129,999000,999000,999000,1,1
2017-12-02,10000043,1130,20000,20000,20000,2,2
2017-12-02,10000043,1131,30000,30000,30000,2,2
2017-12-02,10000043,1132,40000,40000,40000,3,3
2017-12-02,10000043,1133,50000,50000,50000,3,3
2017-12-02,10000043,1134,60000,60000,60000,3,3
2017-12-02,10000043,1135,70000,70000,70000,4,4
2017-12-02,10000043,1136,80000,80000,80000,4,4
2017-12-02,10000043,1137,100000,100000,100000,6,6
2017-12-02,10000043,1138,80000,80000,80000,1,1
2017-12-02,10000043,1139,110000,110000,110000,2,2
2017-12-02,10000043,1140,150000,150000,150000,1,1
2017-12-02,10000043,1141,175000,175000,175000,1,1
2017-12-02,10000043,1142,225000,225000,225000,1,1
2017-12-02,10000043,1143,275000,275000,275000,1,1
2017-12-02,10000043,1144,325000,325000,325000,1,1
2017-12-02,10000043,1145,400000,400000,400000,5,4
2017-12-02,10000043,1146,200000,200000,200000,1,1
2017-12-02,10000043,1147,300000,300000,300000,1,1
2017-12-02,10000043,1148,400000,400000,400000,1,1
2017-12-02,10000043,1149,500000,500000,500000,1,1
2017-12-02,10000043,1150,600000,600000,600000,2,2
2017-12-02,10000043,1151,700000,700000,700000,1,1
2017-12-02,10000043,1152,800000,800000,800000,1,1
2017-12-02,10000043,1153,700000,100000,1000000,3,3
2017-12-02,10000043,1154,30000,30000,30000,3,3
2017-12-02,10000043,1155,20000,20000,20000,4,4
2017-12-02,10000043,1156,10000,10000,10000,3,3
2017-12-02,10000043,1157,12500,12500,12500,4,4
2017-12-02,10000043,1158,15000,15000,15000,3,3
2017-12-02,10000043,1159,25000,25000,25000,3,3
2017-12-02,10000043,1160,35000,35000,35000,3,3
2017-12-02,10000043,1161,40000,40000,40000,7,5
2017-12-02,10000043,1162,300000,300000,300000,2,2
2017-12-02,10000043,1163,200000,200000,200000,2,2
2017-12-02,10000043,1164,100000,100000,100000,3,3
2017-12-02,10000043,1165,125000,125000,125000,3,3
2017-12-02,10000043,1166,150000,150000,150000,4,4
2017-12-02,10000043,1167,250000,250000,250000,1,1
2017-12-02,10000043,1168,350000,350000,350000,2,2
2017-12-02,10000043,1169,400000,400000,400000,2,2
2017-12-02,10000043,1170,3000000,3000000,3000000,2,2
2017-12-02,10000043,1171,2000000,2000000,2000000,2,2
2017-12-02,10000043,1172,1000000,1000000,1000000,3,3
2017-12-02,10000043,1173,1250000,1250000,1250000,2,2
2017-12-02,10000043,1174,1500000,1500000,1500000,2,2
2017-12-02,10000043,1175,2500000,2500000,2500000,2,2
2017-12-02,10000043,1176,3500000,3500000,3500000,2,2
2017-12-02,10000043,1177,4000000,4000000,4000000,4,4
2017-12-02,10000043,1178,100000,100000,100000,3,3
2017-12-02,10000043,1179,250000,250000,250000,1,1
2017-12-02,10000043,1182,40076.55,5908.43,47499.97,32,29
2017-12-02,10000043,1183,594242.44,594242.44,594242.44,121,98
2017-12-02,10000043,1185,18470.09,6006.24,24999.89,15,13
2017-12-02,10000043,1192,26000,26000,26000,2,1
2017-12-02,10000043,1195,38936.24,15555.01,40549.99,47,30
2017-12-02,10000043,1196,237500,237500,237500,3,3
2017-12-02,10000043,1198,639997.98,639997.98,639997.98,1,1
2017-12-02,10000043,1201,35876.91,35876.91,35876.91,207,24
2017-12-02,10000043,1214,5000000,5000000,5000000,1,1
2017-12-02,10000043,1216,180000,180000,180000,1,1
2017-12-02,10000043,1220,45000,45000,45000,2,2
2017-12-02,10000043,1221,5250000,1500000,9000000,2,2
2017-12-02,10000043,1223,4801.01,4801.01,4801.01,490,4
2017-12-02,10000043,1224,43.38,40.14,43.39,6339976,141
2017-12-02,10000043,1225,3260.04,3260.04,3260.04,577,3
2017-12-02,10000043,1226,385.06,385.06,385.06,67475,13
2017-12-02,10000043,1227,77.27,77.27,77.27,380684,23
2017-12-02,10000043,1228,16.07,16.06,16.08,7561454,162
2017-12-02,10000043,1229,550.15,550.15,550.15,83,1
2017-12-02,10000043,1230,11.4,11.38,13.98,30850251,239
2017-12-02,10000043,1231,590.89,590.89,590.89,26277,7
2017-12-02,10000043,1232,911.04,911.04,911.04,97,3
2017-12-02,10000043,1236,611555.02,610000.06,769997.98,411,141
2017-12-02,10000043,1244,6732.89,4047.58,11888.5,55,30
2017-12-02,10000043,1245,249980,249980,249980,1,1
2017-12-02,10000043,1246,14686.84,1994.53,16994.53,13,8
2017-12-02,10000043,1247,249999.98,249999.98,249999.98,1,1
2017-12-02,10000043,1248,814312.23,651999.63,859993.77,63,39
2017-12-02,10000043,1254,73111.11,1879.89,144342.32,2,2
2017-12-02,10000043,1256,570000,550000,590000,2,2
2017-12-02,10000043,1264,6999,6999,6999,1,1
2017-12-02,10000043,1265,49740,49740,49740,1,1
2017-12-02,10000043,1266,228390.49,99999.98,242984.65,10,9
2017-12-02,10000043,1274,24899.49,24899.49,24899.49,1,1
2017-12-02,10000043,1275,49740,49740,49740,24,1
2017-12-02,10000043,1276,426665.66,424999,429998.99,6,5
2017-12-02,10000043,1285,49740,49740,49740,24,1
2017-12-02,10000043,1286,109000,109000,109000,3,3
2017-12-02,10000043,1294,29999.87,29999.87,29999.87,1,1
2017-12-02,10000043,1295,49740,49740,49740,48,2
2017-12-02,10000043,1296,131100.3,1.21,174800,4,4
2017-12-02,10000043,1304,14594.02,4444.01,15974.93,30,18
2017-12-02,10000043,1305,74680,74680,74680,2,2
2017-12-02,10000043,1306,303996.54,303996.54,303996.54,205,144
2017-12-02,10000043,1317,1989.85,441,1995,132,49
2017-12-02,10000043,1318,16640,16640,16640,1,1
2017-12-02,10000043,1319,526424.87,526424.65,526425.82,951,314
2017-12-02,10000043,1333,20746.79,500.19,25500.14,6,3
2017-12-02,10000043,1334,125000,125000,125000,1,1
2017-12-02,10000043,1335,539989.64,534999.86,539989.98,170,67
2017-12-02,10000043,1353,4588.65,600.01,16994.89,30,11
2017-12-02,10000043,1355,921217.28,680083.3,999776,59,34
2017-12-02,10000043,1403,25949.81,25949.78,25949.85,149,69
2017-12-02,10000043,1404,54380,54380,54380,2,2
2017-12-02,10000043,1405,490997.98,490997.98,490999,1525,332
2017-12-02,10000043,1419,5000000,5000000,5000000,1,1
2017-12-02,10000043,1422,789999,789999,789999,216,52
2017-12-02,10000043,1436,948156.37,479010.05,1120999.94,26,15
2017-12-02,10000043,1445,27455.42,3000,30999,57,18
2017-12-02,10000043,1446,133000,133000,133000,1,1
2017-12-02,10000043,1447,1499998.99,1499998.98,1499998.99,159,79
2017-12-02,10000043,1537,5174999.49,5000000,5249998.97,4,3
2017-12-02,10000043,1539,16999.93,16999.92,17000,15,12
2017-12-02,10000043,1540,320000,320000,320000,1,1
2017-12-02,10000043,1541,1399997.7,1398999.96,1399997.93,164,100
2017-12-02,10000043,1549,589999,589999,589999,1,1
2017-12-02,10000043,1553,999999,999999,999999,1,1
2017-12-02,10000043,1558,600000,600000,600000,2,2
2017-12-02,10000043,1563,44899.99,44899.99,44899.99,4,1
2017-12-02,10000043,1564,650000,650000,650000,1,1
2017-12-02,10000043,1565,1399999.8,999999,1500000,5,2
2017-12-02,10000043,1808,45096.99,19000,53795.99,36,20
2017-12-02,10000043,1810,10.56,10.56,10.56,172339,24
2017-12-02,10000043,1811,150000,150000,150000,1,1
2017-12-02,10000043,1814,1.57,1.57,1.57,5500,27
2017-12-02,10000043,1815,140000,140000,140000,1,1
2017-12-02,10000043,1816,6.52,6.52,6.52,20673,33
2017-12-02,10000043,1817,160000,160000,160000,5,5
2017-12-02,10000043,1818,134.77,134.77,134.77,20947,31
2017-12-02,10000043,1819,750000,750000,750000,1,1
2017-12-02,10000043,1820,345,345,345,111599,31
2017-12-02,10000043,1821,900000,900000,900000,1,1
2017-12-02,10000043,1822,3.92,3.92,3.92,7000,26
2017-12-02,10000043,1823,700000,700000,700000,1,1
2017-12-02,10000043,1824,98.67,98.67,98.67,51766,32
2017-12-02,10000043,1825,800000,800000,800000,1,1
2017-12-02,10000043,1826,156.23,156.23,156.23,2559,16
2017-12-02,10000043,1827,3000000,3000000,3000000,2,2
2017-12-02,10000043,1828,315.91,315.91,315.91,38050,14
2017-12-02,10000043,1829,5000000,5000000,5000000,1,1
2017-12-02,10000043,1830,104.35,104.35,104.35,251900,11
2017-12-02,10000043,1831,2500000,2500000,2500000,1,1
2017-12-02,10000043,1832,150.38,150.38,150.38,5200,7
2017-12-02,10000043,1833,4000000,4000000,4000000,1,1
2017-12-02,10000043,1855,1238356.16,745213.52,1299998.99,9,9
2017-12-02,10000043,1875,45835.01,11113.36,149999.97,4,2
2017-12-02,10000043,1876,90000,90000,90000,1,1
2017-12-02,10000043,1877,1377771.35,1377771.12,1377771.98,602,99
2017-12-02,10000043,1944,1163170.51,900012.48,1210000,46,40
2017-12-02,10000043,1945,4977500,4977500,4977500,3,3
2017-12-02,10000043,1948,39999.98,39999.98,39999.98,1,1
2017-12-02,10000043,1949,171000,171000,171000,1,1
2017-12-02,10000043,1952,1467999.06,1467998.99,1467999.08,424,127
2017-12-02,10000043,1955,24600,24600,24600,1,1
2017-12-02,10000043,1957,24499.42,24499,24500,12,9
2017-12-02,10000043,1958,43297.99,43297.99,43297.99,1,1
2017-12-02,10000043,1963,501.36,501.36,501.36,1,1
2017-12-02,10000043,1964,1393123.99,1389999,1394998.98,16,8
2017-12-02,10000043,1968,51773.1,5010.52,53999.89,22,3
2017-12-02,10000043,1969,2673033.8,2499998.97,3000000,42,18
2017-12-02,10000043,1973,16677.61,1899.97,17898.98,65,13
2017-12-02,10000043,1977,19699.95,19699.95,19699.95,526,63
2017-12-02,10000043,1978,1347993.98,1347993,1347994,166,100
2017-12-02,10000043,1986,15705.48,500.06,28998.97,17,7
2017-12-02,10000043,1987,1690391.21,876300.78,1789899.76,58,34
2017-12-02,10000043,1998,82763.51,81144.3,177767.77,25,19
2017-12-02,10000043,1999,1000123.56,1000123.46,1000123.68,562,140
2017-12-02,10000043,2006,9754236,9000000.18,10089996.93,47,38
2017-12-02,10000043,2007,82750000,82750000,82750000,1,1
2017-12-02,10000043,2018,195692.53,194998.92,199853.03,7,6
2017-12-02,10000043,2019,250000,250000,250000,1,1
2017-12-02,10000043,2020,269993.59,70016.28,319987.92,5,5
2017-12-02,10000043,2024,1365955.34,1200010.85,1378998.47,68,52
2017-12-02,10000043,2026,144999999.99,144999999.99,144999999.99,1,1
2017-12-02,10000043,2027,310000000,310000000,310000000,1,1
2017-12-02,10000043,2028,450000000,450000000,450000000,1,1
2017-12-02,10000043,2032,519998.94,455551.6,524179.85,392,207
2017-12-02,10000043,2038,1282320.7,680101.03,1399998.98,26,25
2017-12-02,10000043,2040,116999940.97,116999940.97,116999940.97,2,2
2017-12-02,10000043,2041,259999999.99,259999999.99,259999999.99,1,1
2017-12-02,10000043,2046,9889.94,7778.31,9989.97,443,190
2017-12-02,10000043,2047,116666.66,50000,249999.99,6,6
2017-12-02,10000043,2048,530967.87,530967.86,530967.88,1404,995
2017-12-02,10000043,2073,1,1,1,690847,2
2017-12-02,10000043,2078,44998995.55,44998988.92,44998998.86,3,2
2017-12-02,10000043,2082,175896888.44,150093003.8,180000000,8,8
2017-12-02,10000043,2103,49050.13,100.26,97999.99,2,2
2017-12-02,10000043,2104,1099999.99,1099999.99,1100000,4,2
2017-12-02,10000043,2108,15634.31,9920.03,29920.02,7,3
2017-12-02,10000043,2109,1483669.35,1110118.36,1499910.7,24,16
2017-12-02,10000043,2117,2023154.33,1800020.03,2039998.94,53,21
2017-12-02,10000043,2161,419265.12,350000,479996,20,15
2017-12-02,10000043,2173,29994.3,21000.65,29994.39,377,69
2017-12-02,10000043,2174,1700000,1700000,1700000,165,15
2017-12-02,10000043,2175,1000999.41,1000999.38,1000999.44,512,100
2017-12-02,10000043,2183,22999.98,20875.85,23399.98,788,131
2017-12-02,10000043,2184,1800000,1800000,1800000,132,12
2017-12-02,10000043,2185,989999.87,890211.7,997209.64,1659,219
2017-12-02,10000043,2193,108979.73,76888.63,108979.75,483,38
2017-12-02,10000043,2194,6000000,6000000,6000000,5,5
2017-12-02,10000043,2195,2041999.91,2041999.91,2041999.91,457,43
2017-12-02,10000043,2203,2777.94,2598,2777.95,1129,169
2017-12-02,10000043,2204,267250,249999.99,323000,12,9
2017-12-02,10000043,2205,442926.89,441999.99,442927.02,1583,204
2017-12-02,10000043,2254,81000,81000,81000,181,30
2017-12-02,10000043,2267,2.78,2.78,2.78,5974356,8
2017-12-02,10000043,2268,1.65,1.65,1.65,12199959,7
2017-12-02,10000043,2270,4.5,4.47,5,22507582,13
2017-12-02,10000043,2272,1,1,1,19109143,4
2017-12-02,10000043,2281,2815933.65,2499999.99,2817488.56,1126,435
2017-12-02,10000043,2287,5.63,5.63,5.63,4220784,5
2017-12-02,10000043,2288,1.03,1.02,1.03,12311880,8
2017-12-02,10000043,2289,44485.77,26887.79,48885.26,5,4
2017-12-02,10000043,2290,869500,749000,990000,2,2
2017-12-02,10000043,2291,93224.31,93224.31,93224.31,2,2
2017-12-02,10000043,2292,874777.5,750000,999555,2,2
2017-12-02,10000043,2293,133082.58,131676.9,191898.86,12,12
2017-12-02,10000043,2294,874500,750000,999000,4,4
2017-12-02,10000043,2295,144324.32,144324.31,144324.32,7,7
2017-12-02,10000043,2296,750000,750000,750000,2,2
2017-12-02,10000043,2297,1631587.69,1006888.87,1801424.27,24,19
2017-12-02,10000043,2299,2028588.03,1700915.19,2349999.97,36,29
2017-12-02,10000043,2301,2376998.37,2376998,2376998.9,176,116
2017-12-02,10000043,2303,2301886.3,1898670.01,2399997.97,71,45
2017-12-02,10000043,2305,6.47,6.46,6.47,12890071,8
2017-12-02,10000043,2306,4.08,4.08,4.08,5578103,5
2017-12-02,10000043,2307,6,6,6,16868859,5
2017-12-02,10000043,2308,2.47,2.47,2.47,2936912,4
2017-12-02,10000043,2309,4.25,4.25,4.25,7445239,3
2017-12-02,10000043,2310,0.76,0.76,0.76,31849946,7
2017-12-02,10000043,2311,3.09,3.09,3.09,3197590,4
2017-12-02,10000043,2312,12899.5,12899,12899.98,52913,13
2017-12-02,10000043,2317,9501.92,9501.92,9501.92,43360,10
2017-12-02,10000043,2319,9027,7043.64,9027.64,59569,24
2017-12-02,10000043,2321,17888,17888,17999.99,10560,7
2017-12-02,10000043,2327,16936.66,16936.66,16936.66,3075,2
2017-12-02,10000043,2328,9000.47,9000.43,9940,47231,22
2017-12-02,10000043,2329,7904.01,7904,7904.02,24595,10
2017-12-02,10000043,2331,9999.89,1199.89,13999.89,16,9
2017-12-02,10000043,2333,1485658.1,800098.12,1485658.99,105,59
2017-12-02,10000043,2341,825708,110100.24,944975.96,7,6
2017-12-02,10000043,2344,65000,65000,65000,565,3
2017-12-02,10000043,2345,72001.94,72001.94,72001.94,360,1
2017-12-02,10000043,2346,91990,91990,91990,3172,8
2017-12-02,10000043,2348,126000,126000,126000,4086,10
2017-12-02,10000043,2349,101104.04,101104.04,101104.04,1772,7
2017-12-02,10000043,2351,148000,75000.76,149776,193,9
2017-12-02,10000043,2352,109999.51,109999.51,109999.6,35,7
2017-12-02,10000043,2355,1292008.31,120016.79,2463999.83,2,2
2017-12-02,10000043,2360,67500,67500,67500,81,1
2017-12-02,10000043,2361,127897.99,127897.99,127897.99,144,5
2017-12-02,10000043,2363,26522.35,20971.99,44235.99,57,32
2017-12-02,10000043,2364,1149999.95,1149999.94,1149999.99,428,186
2017-12-02,10000043,2367,130887.79,130887.79,131000,2252,6
2017-12-02,10000043,2389,421.36,421.24,495.27,568232,19
2017-12-02,10000043,2390,516.01,516.01,516.01,481076,15
2017-12-02,10000043,2392,698.67,698.67,698.67,807474,10
2017-12-02,10000043,2393,321.41,321.41,321.48,588603,16
2017-12-02,10000043,2395,871.95,871,871.96,346269,22
2017-12-02,10000043,2396,260.01,260,333.98,833587,20
2017-12-02,10000043,2397,1000,700.55,1014.76,331190,13
2017-12-02,10000043,2398,426.22,426.22,426.22,1355272,31
2017-12-02,10000043,2399,580.57,580.48,669.97,1128879,32
2017-12-02,10000043,2400,427,426.87,436.77,1268455,31
2017-12-02,10000043,2401,940.2,940.2,940.2,491434,21
2017-12-02,10000043,2403,7533903.39,7500000,8999957.89,22,22
2017-12-02,10000043,2404,1350000,1290000,1380115.96,295,70
2017-12-02,10000043,2406,1299729.77,1000000,1998999.99,30,21
2017-12-02,10000043,2410,1104334.3,1104334.3,1104334.3,185,32
2017-12-02,10000043,2420,4853972.26,4357687.62,5199999.93,92,29
2017-12-02,10000043,2436,2297056.53,2200000,2399993.88,34,9
2017-12-02,10000043,2444,35002.45,35002.45,35002.45,344,40
2017-12-02,10000043,2445,5176333.79,1529001.38,7000000,3,3
2017-12-02,10000043,2446,2000000,1999999.98,2069899.89,447,79
2017-12-02,10000043,2454,2850,2849.99,2850,2616,276
2017-12-02,10000043,2455,397158,250000,570000,7,7
2017-12-02,10000043,2456,384996.99,384996.99,384997,2969,399
2017-12-02,10000043,2463,7185,7172.05,7189,46352,20
2017-12-02,10000043,2464,2499.83,2252.61,2499.85,564,87
2017-12-02,10000043,2465,314666.25,300000,319555,4,4
2017-12-02,10000043,2466,599994.98,599994.92,599995.92,419,46
2017-12-02,10000043,2476,22224.5,22224.5,22224.5,295,26
2017-12-02,10000043,2477,4000000,4000000,4000000,1,1
2017-12-02,10000043,2478,1769998.6,1769998.6,1769998.6,289,29
2017-12-02,10000043,2486,6099.94,5378.03,6099.97,614,93
2017-12-02,10000043,2487,448750,400000,464999.99,4,4
2017-12-02,10000043,2488,438997,365257.11,438997.59,2349,296
2017-12-02,10000043,2495,504782.61,500000,510000,23,23
2017-12-02,10000043,2505,948521.29,500000,2499975.85,48,29
2017-12-02,10000043,2506,221.75,108.33,221.76,21364,19
2017-12-02,10000043,2507,3500500.53,1001.05,7000000,2,2
2017-12-02,10000043,2508,193,193,193,5800,17
2017-12-02,10000043,2509,5000500.56,1001.12,10000000,2,2
2017-12-02,10000043,2510,189.05,189.05,189.05,12508,17
2017-12-02,10000043,2511,4000501.81,1003.61,8000000,2,2
2017-12-02,10000043,2512,6.31,6.31,6.31,231724,45
2017-12-02,10000043,2513,35000,35000,35000,1,1
2017-12-02,10000043,2514,3.91,3.91,3.91,59029,47
2017-12-02,10000043,2515,40000,40000,40000,1,1
2017-12-02,10000043,2516,3.2,3.2,3.2,22335,48
2017-12-02,10000043,2517,50000,50000,50000,1,1
2017-12-02,10000043,2524,81000.01,81000.01,81000.01,434,45
2017-12-02,10000043,2525,85810.15,81000,300000,54,19
2017-12-02,10000043,2529,8414.89,2688.78,14141,2,2
2017-12-02,10000043,2531,518788.49,486987.8,590000,8,7
2017-12-02,10000043,2533,81000,81000,81000,333,20
2017-12-02,10000043,2534,81000.01,81000.01,82503.21,655,30
2017-12-02,10000043,2537,32076.99,32076.99,32076.99,118,14
2017-12-02,10000043,2539,1463610.96,889788.85,1599997.79,41,40
2017-12-02,10000043,2545,66988,66988,66988,1,1
2017-12-02,10000043,2547,925784.46,922234.3,942234.29,16,14
2017-12-02,10000043,2549,159790.45,81000.01,399899.98,98,31
2017-12-02,10000043,2550,125906.29,81000,399098.99,87,23
2017-12-02,10000043,2551,114014.03,81000,349769,45,9
2017-12-02,10000043,2553,1100000,1099999,1141332.21,147,106
2017-12-02,10000043,2559,1772058.99,1700000,1899999.89,34,17
2017-12-02,10000043,2563,3783555.48,1253999.02,3899999.98,36,18
2017-12-02,10000043,2567,2100000,2100000,2100000,161,42
2017-12-02,10000043,2571,1449999,1449998.99,1449999,120,25
2017-12-02,10000043,2575,1664285.36,1200007.01,1799997.52,56,25
2017-12-02,10000043,2589,171938365.72,155630196,177999998,12,12
2017-12-02,10000043,2603,7998.33,7998.32,7998.6,120,53
2017-12-02,10000043,2604,16640,16640,16640,3,3
2017-12-02,10000043,2605,329998.45,329998.25,329998.56,675,371
2017-12-02,10000043,2613,191.94,191.94,191.94,291775,60
2017-12-02,10000043,2621,624.98,582,624.98,348831,24
2017-12-02,10000043,2629,793.99,793.99,793.99,318822,43
2017-12-02,10000043,2637,654.2,654.2,654.2,30000,3
2017-12-02,10000043,2647,94.4,94.4,94.4,93904,15
2017-12-02,10000043,2655,512.29,512.29,512.29,6800,5
2017-12-02,10000043,2679,149.89,139,153.53,616704,49
2017-12-02,10000043,2739,50000000,50000000,50000000,2,2
2017-12-02,10000043,2801,1384.19,1384.19,1384.19,200,1
2017-12-02,10000043,2811,1714.32,1714.32,1714.32,11183,7
2017-12-02,10000043,2817,92.55,92.2,94.06,78054,31
2017-12-02,10000043,2863,4762781.14,4762781.14,4762781.15,4,3
2017-12-02,10000043,2867,2130000,2130000,2130000,425,10
2017-12-02,10000043,2868,2452008.06,2452006.63,2452010.08,761,13
2017-12-02,10000043,2869,960000.33,960000.14,960000.34,344,10
2017-12-02,10000043,2870,1020000.03,1010003.76,1129999.86,1313,29
2017-12-02,10000043,2871,1450047.77,1450047.77,1450047.77,305,8
2017-12-02,10000043,2872,2140000.89,2140000.89,2140000.89,668,12
2017-12-02,10000043,2873,609999.99,609998,609999.99,122,24
2017-12-02,10000043,2875,1380004.01,1380003.02,1380009.63,615,12
2017-12-02,10000043,2876,2120000.02,2110006.63,2334999.99,503,19
2017-12-02,10000043,2881,524632.15,468980.31,534223.21,92,24
2017-12-02,10000043,2889,800000,800000,822134,256,53
2017-12-02,10000043,2897,1931872.91,1447711.59,1942434,92,25
2017-12-02,10000043,2905,635384.57,100000.03,679999.97,26,8
2017-12-02,10000043,2913,1640001.21,1640001.17,1640001.24,335,30
2017-12-02,10000043,2921,2399000.92,2398999.98,2399009.98,32,7
2017-12-02,10000043,2929,3999649.97,3899999.99,3999650,112,29
2017-12-02,10000043,2937,1524920.43,1198888.03,1550000,84,16
2017-12-02,10000043,2953,3471864.45,2999989.97,4218532.99,24,8
2017-12-02,10000043,2961,4884070.82,4500003.11,5039988.96,54,10
2017-12-02,10000043,2969,2344112.69,2344111.9,2344113,177,30
2017-12-02,10000043,2977,1123438.99,1123438.99,1123439,154,38
2017-12-02,10000043,2985,2140076.75,2140076.75,2140076.75,6,1
2017-12-02,10000043,2993,540000,540000,542999,138,28
2017-12-02,10000043,2998,64785790.06,58000300.16,67499987.96,14,14
2017-12-02,10000043,3001,429380.61,368887.79,443442.21,57,15
2017-12-02,10000043,3009,1801102.66,1800334.32,1801102.69,152,21
2017-12-02,10000043,3017,801494.89,628987.8,839897.97,60,11
2017-12-02,10000043,3025,1683661.34,1169999.07,1772440.84,60,20
2017-12-02,10000043,3033,954334.3,954334.3,954334.3,111,31
2017-12-02,10000043,3041,678999,678999,679000,157,39
2017-12-02,10000043,3049,1879865.41,1000902,2319347.98,24,5
2017-12-02,10000043,3057,4799999,4799999,4799999,437,44
2017-12-02,10000043,3065,4661698.18,4316729.05,4776698.35,40,14
2017-12-02,10000043,3074,981180.52,979999,984422.53,67,17
2017-12-02,10000043,3082,2099999.83,1999999,2099999.84,409,36
2017-12-02,10000043,3090,5361264.65,4500000.21,5488859.66,31,6
2017-12-02,10000043,3098,590698.75,366877.79,594244.32,64,13
2017-12-02,10000043,3106,2280154.31,1069879.88,2499998.95,39,10
2017-12-02,10000043,3114,2799983.78,2799983.78,2799983.78,10,1
2017-12-02,10000043,3122,4599998.99,4599998.99,4599998.99,4,2
2017-12-02,10000043,3125,12367999.99,12367999.99,12367999.99,2,2
2017-12-02,10000043,3130,1830942.15,1600008.55,1844332.2,81,20
2017-12-02,10000043,3134,179980955,179980955,179980955,1,1
2017-12-02,10000043,3136,10299997.86,10299997.86,10299997.86,1,1
2017-12-02,10000043,3138,1959995.99,1959995.99,1959995.99,102,23
2017-12-02,10000043,3141,10299698.15,10299698.13,10299698.18,3,3
2017-12-02,10000043,3146,2214412.18,2214411.99,2214413.31,147,32
2017-12-02,10000043,3154,5906988.82,3019922,6399888.5,48,11
2017-12-02,10000043,3162,557106.34,489779.87,584324.3,55,20
2017-12-02,10000043,3168,9999799,9999799,9999799,1,1
2017-12-02,10000043,3170,714331.12,714331.12,714332,130,26
2017-12-02,10000043,3176,8000000,8000000,8000000,1,1
2017-12-02,10000043,3178,984334.3,984334.29,984334.3,431,62
2017-12-02,10000043,3184,2266254.67,1600000,4994999.97,55,29
2017-12-02,10000043,3186,5089649.99,5089606.93,5089650,203,46
2017-12-02,10000043,3193,10200000,10200000,10200000,1,1
2017-12-02,10000043,3197,128799855.28,128799855.28,128799855.28,1,1
2017-12-02,10000043,3217,8799999.99,8799999.99,8799999.99,1,1
2017-12-02,10000043,3218,468399478.68,468399478.68,468399478.68,5,3
2017-12-02,10000043,3228,12000000,12000000,12000000,1,1
2017-12-02,10000043,3237,10999926.99,10999926.99,10999926.99,1,1
2017-12-02,10000043,3242,103435.36,17790.01,109999.97,44,17
2017-12-02,10000043,3243,999995.4,999995.4,999995.4,1,1
2017-12-02,10000043,3244,2018998.91,1950663.92,2019995.96,396,298
2017-12-02,10000043,3253,12997474.48,12997474.48,12997474.48,1,1
2017-12-02,10000043,3256,6999985.21,6999977.99,6999988.89,18,16
2017-12-02,10000043,3257,94999999.88,94999999.88,94999999.88,1,1
2017-12-02,10000043,3262,5999999,5999999,5999999,1,1
2017-12-02,10000043,3265,7048473.08,7048471.38,7048473.86,16,14
2017-12-02,10000043,3266,129995490.97,129995490.97,129995490.97,1,1
2017-12-02,10000043,3285,1536409.65,1532443.32,1544342.31,15,2
2017-12-02,10000043,3293,58093.7,50000,64999.95,76,18
2017-12-02,10000043,3296,220024.22,50075.81,300000,25,12
2017-12-02,10000043,3297,10203.46,10000,20000,29,15
2017-12-02,10000043,3301,26639.61,22000,93996.06,10,10
2017-12-02,10000043,3302,20999.99,20000,21999.99,8,8
2017-12-02,10000043,3303,30630.13,20000,71999.36,23,23
2017-12-02,10000043,3304,114738.85,100000,118898.09,10,10
2017-12-02,10000043,3305,100000,100000,100000,19,10
2017-12-02,10000043,3306,215466.42,100000,4989999.89,45,37
2017-12-02,10000043,3307,4326111.1,2000000,4990999.98,9,9
2017-12-02,10000043,3308,2175126.66,2000000,2375000,15,15
2017-12-02,10000043,3309,2776222.22,2000000,3996000,18,14
2017-12-02,10000043,3310,42939.99,40000,44899.98,5,5
2017-12-02,10000043,3311,66665.98,59998.97,80000,3,3
2017-12-02,10000043,3312,60066.65,60000,60099.98,6,6
2017-12-02,10000043,3315,1001428.57,1000000,1005000,7,7
2017-12-02,10000043,3316,70000,70000,70000,5,5
2017-12-02,10000043,3317,76311.85,1500.42,104989.88,11,10
2017-12-02,10000043,3318,76939.98,74899.96,80000,5,5
2017-12-02,10000043,3319,20348.28,20000,21000,29,10
2017-12-02,10000043,3320,81113.52,10000,89733.99,37,20
2017-12-02,10000043,3321,30472.18,20000,32999.95,36,17
2017-12-02,10000043,3322,34699.24,25000,54997.72,6,6
2017-12-02,10000043,3323,29058.82,0.02,30000,17,17
2017-12-02,10000043,3324,116778.02,100000,119884.99,32,14
2017-12-02,10000043,3325,646833.61,400000,719968.32,35,17
2017-12-02,10000043,3326,379339.59,350000,398899.31,10,10
2017-12-02,10000043,3327,22000,22000,22000,1,1
2017-12-02,10000043,3328,38806.45,15000.02,42000,31,30
2017-12-02,10000043,3329,121173.91,40000,250000,23,23
2017-12-02,10000043,3330,45136.41,40000,47989.97,14,14
2017-12-02,10000043,3331,44076.52,40000,47989.97,49,49
2017-12-02,10000043,3332,511930.46,500000,544998.99,29,29
2017-12-02,10000043,3333,522866.66,500000,548999.97,15,15
2017-12-02,10000043,3334,521484.54,500000,539900,13,13
2017-12-02,10000043,3335,514982.99,500000,545799.99,35,34
2017-12-02,10000043,3336,4182997.04,4000000,4346000,20,20
2017-12-02,10000043,3337,4181574.21,4000000,4344989.99,19,19
2017-12-02,10000043,3338,4266132.15,4000000,4345840,13,13
2017-12-02,10000043,3339,4048430.84,4000000,4345990,23,23
2017-12-02,10000043,3340,335888.89,300000,339000,18,18
2017-12-02,10000043,3341,307500,300000,325000,10,7
2017-12-02,10000043,3342,287430.01,300.23,328999.98,10,10
2017-12-02,10000043,3343,319666.17,300000.51,329499,6,6
2017-12-02,10000043,3347,5500000000,5500000000,5500000000,1,1
2017-12-02,10000043,3348,26137.44,20000,33245.8,33,31
2017-12-02,10000043,3349,82999.98,75000,94999.96,5,5
2017-12-02,10000043,3350,108894.44,100000,119999.99,18,18
2017-12-02,10000043,3351,496760.91,400000,2399933,17,17
2017-12-02,10000043,3352,357500.13,50001.02,400000,8,8
2017-12-02,10000043,3354,2535714.18,2500000,2999998.5,28,9
2017-12-02,10000043,3355,70661,20000,149999.99,36,36
2017-12-02,10000043,3356,84978.18,60000,594500,22,22
2017-12-02,10000043,3357,180278.07,180000,188000,18,18
2017-12-02,10000043,3358,97431.19,12043.16,100000,11,11
2017-12-02,10000043,3359,219678.57,200000,550000,28,28
2017-12-02,10000043,3361,215625,200000,320000,8,8
2017-12-02,10000043,3363,20333.33,20000,21000,15,15
2017-12-02,10000043,3368,69499.99,40000,98999.97,2,2
2017-12-02,10000043,3373,1000000,1000000,1000000,4,4
2017-12-02,10000043,3380,18549.88,5500,19999.98,10,10
2017-12-02,10000043,3385,51042.73,50000,64999.97,28,28
2017-12-02,10000043,3386,34499.95,34000,34999.89,2,2
2017-12-02,10000043,3387,131457.14,4000,150500,35,33
2017-12-02,10000043,3388,129927,2604,257000,8,7
2017-12-02,10000043,3389,296832.34,280000,319976.81,19,19
2017-12-02,10000043,3393,25019.89,200.1,29979.7,14,14
2017-12-02,10000043,3394,66749.25,60000,68999,4,4
2017-12-02,10000043,3395,100018.31,81000,252164.81,9,8
2017-12-02,10000043,3396,2074499.5,2000000,2148999,6,6
2017-12-02,10000043,3397,1080432.41,1000000,1744000,37,13
2017-12-02,10000043,3398,25943000,25000000,26886000,2,2
2017-12-02,10000043,3400,103495000,100000000,106990000,2,2
2017-12-02,10000043,3402,23998,23998,23998,5,1
2017-12-02,10000043,3403,386186.79,300000,989494.33,16,7
2017-12-02,10000043,3405,73017.26,26000,1400000,29,24
2017-12-02,10000043,3406,281276.19,1025.02,329836.9,8,8
2017-12-02,10000043,3408,15250000,15000000,15500000,2,2
2017-12-02,10000043,3409,379946.15,350000,399900,13,13
2017-12-02,10000043,3410,563066.68,450000,649999.98,29,29
2017-12-02,10000043,3411,66439.29,75.05,78000,7,7
2017-12-02,10000043,3412,387504.03,160016.01,450000,4,4
2017-12-02,10000043,3416,47928.03,35000,389912.86,29,29
2017-12-02,10000043,3417,41666.66,40000,42999.99,9,9
2017-12-02,10000043,3418,167900,100000,177000,10,10
2017-12-02,10000043,3419,146635.34,134953.01,170000,9,9
2017-12-02,10000043,3420,212363.64,211000,220000,11,11
2017-12-02,10000043,3421,145096.77,130000,350000,31,31
2017-12-02,10000043,3422,88307.69,86000,200000,26,21
2017-12-02,10000043,3424,81518.12,81000,85000,9,9
2017-12-02,10000043,3425,84000,84000,84000,11,11
2017-12-02,10000043,3426,19999.98,19999.98,19999.98,1,1
2017-12-02,10000043,3427,128705.52,120000,139898.34,16,16
2017-12-02,10000043,3428,93950,88000,99899.99,10,10
2017-12-02,10000043,3429,102496.62,100000,114979.7,6,6
2017-12-02,10000043,3430,465500.01,500.05,500500.03,13,13
2017-12-02,10000043,3431,96818.18,77000,190000,11,11
2017-12-02,10000043,3432,102437.49,100899.98,115000,8,8
2017-12-02,10000043,3433,113266.64,100000,119899.96,9,7
2017-12-02,10000043,3434,84721.21,80000,89777,29,28
2017-12-02,10000043,3435,41439.59,117,68987.99,5,5
2017-12-02,10000043,3436,21333.33,20000,21999.99,9,9
2017-12-02,10000043,3437,143714.28,41999.98,400000,7,7
2017-12-02,10000043,3438,38876,2100.07,40000,25,24
2017-12-02,10000043,3439,165072.76,60000.17,228898.09,57,29
2017-12-02,10000043,3440,214322.64,2230.23,248999,20,20
2017-12-02,10000043,3441,472749.9,380000,759999,80,26
2017-12-02,10000043,3442,505003.68,505000,750000,46,45
2017-12-02,10000043,3443,20714.29,20000,22000,14,14
2017-12-02,10000043,3444,146074.53,119900,499968.9,13,13
2017-12-02,10000043,3446,109454.52,100000,499998.99,44,35
2017-12-02,10000043,3447,9948887.02,7500000,11987979.98,11,11
2017-12-02,10000043,3449,19999.99,19999.99,20000,3,3
2017-12-02,10000043,3450,23333.23,22499.85,25000,3,3
2017-12-02,10000043,3451,30000,30000,30000,123,15
2017-12-02,10000043,3452,41295.34,40000,42000,44,44
2017-12-02,10000043,3453,25909.09,25000,26999.99,11,11
2017-12-02,10000043,3454,375325.03,340000,398875,10,10
2017-12-02,10000043,3455,56713.43,32000,389988.03,14,14
2017-12-02,10000043,3456,11333161.24,10000000,14998989.98,24,21
2017-12-02,10000043,3465,58754.52,87.99,88087.78,6,4
2017-12-02,10000043,3466,40420.99,36999.92,50000,19,4
2017-12-02,10000043,3467,18500.64,175.01,20499.96,37,17
2017-12-02,10000043,3488,952583.98,456444.01,989988.95,32,26
2017-12-02,10000043,3496,1642976.84,1639999,1659999,49,39
2017-12-02,10000043,3504,2514974.27,1940255.79,2649998.92,58,41
2017-12-02,10000043,3512,1500000,1500000,1500000,103,19
2017-12-02,10000043,3520,2030396.98,1686893.83,2030400,260,55
2017-12-02,10000043,3528,65910.65,31052,73247.96,30,28
2017-12-02,10000043,3529,644277.5,400000,888554.99,2,2
2017-12-02,10000043,3530,1699995.95,1699995.94,1699995.98,176,120
2017-12-02,10000043,3534,644989962.86,644989962.86,644989962.86,2,1
2017-12-02,10000043,3538,88983.16,85974.99,94999.5,6,6
2017-12-02,10000043,3540,1636347.72,1536890.05,1709174.99,58,43
2017-12-02,10000043,3546,280400090.03,280400090.03,280400090.03,3,1
2017-12-02,10000043,3551,35345.93,35345.93,35345.93,5,4
2017-12-02,10000043,3552,530.75,530.75,530.75,547,6
2017-12-02,10000043,3553,500000,500000,500000,1,1
2017-12-02,10000043,3554,1987,1987,1987,2263,18
2017-12-02,10000043,3555,1000000,1000000,1000000,1,1
2017-12-02,10000043,3556,13499996.95,13499996.95,13499996.95,1,1
2017-12-02,10000043,3566,6000,6000,6000,110,11
2017-12-02,10000043,3567,112500,112500,112500,1,1
2017-12-02,10000043,3568,3099999.99,3099999.86,3198988,109,83
2017-12-02,10000043,3576,29058.53,15010.81,99297.11,6,4
2017-12-02,10000043,3578,1919255.46,1600928.83,2039999.94,40,32
2017-12-02,10000043,3581,11201768.51,11201768.51,11201768.51,1,1
2017-12-02,10000043,3586,54334.3,54334.29,54334.3,3,3
2017-12-02,10000043,3588,1077345.2,1042111,1199998.97,9,4
2017-12-02,10000043,3598,1935688.03,868443.4,2164999.48,10,6
2017-12-02,10000043,3606,87999.99,87999.99,87999.99,1,1
2017-12-02,10000043,3608,1197679.12,1192000,1198499,25,13
2017-12-02,10000043,3616,29893580.83,29893580.83,29893580.83,1,1
2017-12-02,10000043,3643,68.02,68.02,68.02,150834,21
2017-12-02,10000043,3645,402.51,400.29,412.01,972481,84
2017-12-02,10000043,3647,225.93,225.89,265.68,109200,15
2017-12-02,10000043,3651,103.01,103.01,103.01,116,59
2017-12-02,10000043,3653,93948.99,93948.99,93948.99,3,1
2017-12-02,10000043,3655,4697999.99,4697999.99,4697999.99,1,1
2017-12-02,10000043,3664,3125000,3125000,3125000,10,1
2017-12-02,10000043,3665,2086665.96,2086665.96,2086665.96,2,2
2017-12-02,10000043,3673,16.08,16.08,16.08,230,13
2017-12-02,10000043,3683,366.05,364.91,398.87,2085055,66
2017-12-02,10000043,3685,560,560,560,9341,8
2017-12-02,10000043,3687,780,780,780,817931,66
2017-12-02,10000043,3689,9200,9200,9200,276877,38
2017-12-02,10000043,3691,11699,11000,11699.83,20825,15
2017-12-02,10000043,3693,12899.95,12899.95,12943.67,25122,19
2017-12-02,10000043,3695,7650.03,7650.03,7650.03,15905,4
2017-12-02,10000043,3697,19100.34,19100.3,19100.45,32825,8
2017-12-02,10000043,3699,48.17,45.19,57.35,423334,20
2017-12-02,10000043,3703,48.01,48.01,48.01,80,6
2017-12-02,10000043,3705,250,250,250,260,15
2017-12-02,10000043,3707,131,131,131,83,8
2017-12-02,10000043,3709,64.01,64.01,64.01,200,14
2017-12-02,10000043,3711,50.01,50.01,50.01,20,2
2017-12-02,10000043,3713,8408.22,8309.45,8422.89,30080,26
2017-12-02,10000043,3715,90.18,90.18,114.73,81834,29
2017-12-02,10000043,3717,47.78,47.78,47.78,42496,58
2017-12-02,10000043,3719,1080,1080,1080,146,12
2017-12-02,10000043,3721,834.76,834.76,834.76,36574,17
2017-12-02,10000043,3723,3542.52,2999.81,3579.83,44235,25
2017-12-02,10000043,3725,14462,12700,15497,19250,13
2017-12-02,10000043,3731,400000,400000,400000,1,1
2017-12-02,10000043,3732,8000000,8000000,8000000,2,2
2017-12-02,10000043,3756,54052038.17,49000321.33,56999999.87,43,34
2017-12-02,10000043,3766,359999.99,359999.99,360000,5,4
2017-12-02,10000043,3771,21.95,2,25.94,72,5
2017-12-02,10000043,3773,602.66,602.47,610.8,156762,10
2017-12-02,10000043,3775,13998.94,13998.94,13998.94,9790,3
2017-12-02,10000043,3777,2538,2538,2538.15,660,28
2017-12-02,10000043,3779,856.08,856.07,1000,113080,6
2017-12-02,10000043,3810,8000,8000,8000,5452,14
2017-12-02,10000043,3812,141.02,141.02,141.02,49328,16
2017-12-02,10000043,3814,28.04,10.16,28.11,340,14
2017-12-02,10000043,3818,87.01,87.01,87.01,30,3
2017-12-02,10000043,3820,44.01,44.01,44.01,50,5
2017-12-02,10000043,3822,58.01,58,58.01,70,5
2017-12-02,10000043,3824,112,112,112,60,5
2017-12-02,10000043,3826,58.01,58.01,58.01,110,9
2017-12-02,10000043,3828,9555.62,9554.7,10950,38302,26
2017-12-02,10000043,3829,40494.76,40494.75,40494.76,329,73
2017-12-02,10000043,3830,1150000,1150000,1150000,1,1
2017-12-02,10000043,3831,699999,699998.97,719995.96,378,179
2017-12-02,10000043,3839,55998.94,55998.93,55998.94,242,26
2017-12-02,10000043,3840,312420,312420,312420,2,2
2017-12-02,10000043,3841,1249997.77,1249996.74,1249997.83,561,256
2017-12-02,10000043,3887,44887.85,19555.08,46998.9,26,21
2017-12-02,10000043,3888,1180634,1150000,1180634.99,152,98
2017-12-02,10000043,3893,28125664.1,22000825.42,30000815.4,8,6
2017-12-02,10000043,3894,24102141.78,22007206,24999979.95,10,9
2017-12-02,10000043,3895,24822877.42,18760811.01,24999935.98,14,14
2017-12-02,10000043,3898,16340173.59,15994798,16999998.97,59,22
2017-12-02,10000043,3943,1099999,1099999,1099999,1,1
2017-12-02,10000043,3953,901322.11,901322,901322.32,3,3
2017-12-02,10000043,3955,1521334.32,1521334.32,1521334.32,1,1
2017-12-02,10000043,3962,96048610.38,96048610.38,96048610.38,1,1
2017-12-02,10000043,3979,1804904.61,1799998,1812334.31,14,7
2017-12-02,10000043,3981,1111,1111,1111,7,1
2017-12-02,10000043,3986,3399999.71,3399999.71,3399999.71,1,1
2017-12-02,10000043,3987,178686.68,178686.68,178686.68,1,1
2017-12-02,10000043,3989,2126665.52,19997.27,2299999,12,3
2017-12-02,10000043,3995,2542421.6,300000.31,3944441,22,9
2017-12-02,10000043,4025,22345.48,22345.48,47123.1,400,187
2017-12-02,10000043,4027,80999.93,54001.87,83801.61,440,239
2017-12-02,10000043,4051,20500,20498.66,23337.69,35140,22
2017-12-02,10000043,4144,10000.01,10000.01,10000.01,1,1
2017-12-02,10000043,4171,4250000,4249999.99,4250000,2,2
2017-12-02,10000043,4195,0.03,0.03,0.03,1,1
2017-12-02,10000043,4235,0.01,0.01,0.01,1,1
2017-12-02,10000043,4238,34100.05,34100.05,34100.05,1,1
2017-12-02,10000043,4242,600001.13,26002.28,899501.12,6,5
2017-12-02,10000043,4246,21686.82,21679.5,22673.84,48273,19
2017-12-02,10000043,4247,19500,19499.81,19657.92,572556,79
2017-12-02,10000043,4248,5799999,5799999,5799999,1,1
2017-12-02,10000043,4250,2036611.1,1833281.79,2099999.07,79,34
2017-12-02,10000043,4254,1047548.71,1034219,1149997.98,69,47
2017-12-02,10000043,4256,3999999,3999999,3999999,5,3
2017-12-02,10000043,4258,1760320.19,1517888,1869997.74,44,37
2017-12-02,10000043,4260,1217884.58,1199999,1219999,34,26
2017-12-02,10000043,4292,99879367.94,99863751.45,99894984.43,4,4
2017-12-02,10000043,4296,2104976.38,2104976.38,2104976.38,1,1
2017-12-02,10000043,4299,844334.31,844334.31,844334.31,2,2
2017-12-02,10000043,4302,68864862.13,60009900.05,69988998.99,19,19
2017-12-02,10000043,4306,57997777.78,50000000.01,61989999.97,9,9
2017-12-02,10000043,4308,66498054.48,64999989.99,67996118.97,4,3
2017-12-02,10000043,4309,675200000,675200000,675200000,1,1
2017-12-02,10000043,4310,55399739.65,36999912.85,59999694,15,12
2017-12-02,10000043,4312,20989.97,19600,20991.97,129926,28
2017-12-02,10000043,4313,12899999,12899999,12899999,4,3
2017-12-02,10000043,4314,11074919,10599892,12499999.99,4,3
2017-12-02,10000043,4315,13500000,13500000,13500000,4,3
2017-12-02,10000043,4316,13085714.29,12700000,13600000,7,5
2017-12-02,10000043,4347,1144290878.77,1144290878.77,1144290878.77,3,3
2017-12-02,10000043,4348,638999908.86,638999908.86,638999908.86,1,1
2017-12-02,10000043,4349,322621389.48,302101019.81,328001000.1,15,15
2017-12-02,10000043,4358,47493.72,15505.01,145505,93,12
2017-12-02,10000043,4383,1495009.08,1495008,1805008.99,204,82
2017-12-02,10000043,4385,4785603.11,4500000,5122500,26,25
2017-12-02,10000043,4391,157801.29,111258.01,170998,31,15
2017-12-02,10000043,4393,60225.38,60189.61,95099,76,48
2017-12-02,10000043,4394,1399199.98,499200,4999199.91,5,5
2017-12-02,10000043,4395,444687.64,444687.62,444687.64,137,68
2017-12-02,10000043,4396,750000,750000,750000,1,1
2017-12-02,10000043,4397,3915025.49,3899999.99,3990152.99,12,11
2017-12-02,10000043,4398,1250000,1250000,1250000,1,1
2017-12-02,10000043,4399,6924848.38,6924841.23,6924851.25,21,14
2017-12-02,10000043,4401,21900005.39,21900005.39,21900005.39,1,1
2017-12-02,10000043,4403,784996.93,780000,785000,132,103
2017-12-02,10000043,4405,1309884.67,1309867.12,1309884.7,898,305
2017-12-02,10000043,4409,199990,199990,199990,3,3
2017-12-02,10000043,4411,619665.25,600000,658995.76,6,5
2017-12-02,10000043,4435,1001.02,1001.02,1001.02,217,82
2017-12-02,10000043,4471,120999.99,4420.73,143998.88,209,79
2017-12-02,10000043,4477,11009.04,11009.01,277998.96,169,89
2017-12-02,10000043,4529,777.8,777.8,777.8,101,64
2017-12-02,10000043,4531,6536.78,1778.02,79999,75,51
2017-12-02,10000043,4533,85715.71,57750.21,125665.99,71,62
2017-12-02,10000043,4535,7528.25,3007.77,12450,51,31
2017-12-02,10000043,4569,4959.37,3000,5001.06,48,31
2017-12-02,10000043,4571,13156.76,9801.36,29999.96,36,25
2017-12-02,10000043,4573,120076.38,45561.79,199998,55,50
2017-12-02,10000043,4575,27120.91,13003.3,93003.19,17,14
2017-12-02,10000043,4609,14611.32,14611.31,14611.32,79,20
2017-12-02,10000043,4611,25562.04,25562.04,25562.04,57,17
2017-12-02,10000043,4613,15513.48,12122.58,110000,63,26
2017-12-02,10000043,4615,11143.96,11143.96,11143.97,70,20
2017-12-02,10000043,4787,4600.01,4600.01,4600.01,133,77
2017-12-02,10000043,4829,1501.85,1250,4725,27,20
2017-12-02,10000043,4831,1410,1409.27,1410.01,70,38
2017-12-02,10000043,4833,449998.98,85312.26,784986.78,115,72
2017-12-02,10000043,4835,3467.38,1380,17997.97,55,33
2017-12-02,10000043,4871,35010.77,35010.77,35010.77,185,56
2017-12-02,10000043,5007,1007.04,740.01,12000,37,26
2017-12-02,10000043,5009,2211.01,2211.01,2211.01,103,54
2017-12-02,10000043,5011,228999.99,115078.89,228999.99,119,59
2017-12-02,10000043,5013,2264.21,50.01,2450,65,37
2017-12-02,10000043,5047,36547,36312.61,51313.39,64,16
2017-12-02,10000043,5049,51121.08,51121.08,51121.08,96,22
2017-12-02,10000043,5051,52751.37,36234,129234,96,39
2017-12-02,10000043,5053,42010.01,42010.01,42010.01,88,24
2017-12-02,10000043,5087,1520.88,1,1670.39,67,44
2017-12-02,10000043,5089,257.02,257.02,257.02,139,58
2017-12-02,10000043,5091,280.15,101,1250,41,23
2017-12-02,10000043,5093,211,211,211,196,85
2017-12-02,10000043,5137,3001.05,3001.05,3001.05,202,109
2017-12-02,10000043,5141,6000.02,6000.02,6000.02,250,118
2017-12-02,10000043,5175,38704.38,1099.99,99949,21,16
2017-12-02,10000043,5177,396.77,223,599.95,29,20
2017-12-02,10000043,5179,422994.84,422994.84,422994.84,104,26
2017-12-02,10000043,5181,172415.91,11111,254908.65,18,13
2017-12-02,10000043,5215,20355.21,5898,31999.48,50,23
2017-12-02,10000043,5217,5999.34,1470,15999,43,35
2017-12-02,10000043,5219,193809.88,132555,237555,57,33
2017-12-02,10000043,5221,48096.8,12345,147777,20,18
2017-12-02,10000043,5239,3634.91,3634.91,33634.9,304,102
2017-12-02,10000043,5245,1777.77,1777.77,1777.77,219,77
2017-12-02,10000043,5279,2300.8,1009.99,11000,80,35
2017-12-02,10000043,5281,2100.02,2100,2100.02,67,23
2017-12-02,10000043,5282,72527.03,3000.01,345999.99,74,21
2017-12-02,10000043,5299,8201.87,5190.16,14749.97,41,22
2017-12-02,10000043,5301,2158.27,1000.01,9493.28,66,29
2017-12-02,10000043,5302,47999.94,47999.94,47999.94,173,36
2017-12-02,10000043,5319,22843.37,1069.7,78999.99,81,30
2017-12-02,10000043,5320,11747.81,2517.68,32989.88,89,44
2017-12-02,10000043,5321,1017.26,1017.25,1017.26,66,26
2017-12-02,10000043,5322,5006.54,5006.54,5006.54,120,32
2017-12-02,10000043,5339,3186.76,3122,5000,29,14
2017-12-02,10000043,5340,4174.03,2806.04,13749.98,16,14
2017-12-02,10000043,5342,5125.53,5000,6442.89,39,15
2017-12-02,10000043,5361,6092.72,2010,6999.99,11,10
2017-12-02,10000043,5363,78817.63,6010.54,389996.97,21,18
2017-12-02,10000043,5365,9696.11,8020.01,17995.94,28,17
2017-12-02,10000043,5399,7000.02,7000.02,7000.02,266,126
2017-12-02,10000043,5403,19762.86,13694.32,38866.08,95,54
2017-12-02,10000043,5405,1200.21,1200.19,1200.23,183,103
2017-12-02,10000043,5439,8701.05,8701.04,18701.04,322,148
2017-12-02,10000043,5443,99985,75066.45,99986,202,128
2017-12-02,10000043,5445,12072.29,12072.27,22072.26,216,135
2017-12-02,10000043,5493,80039.44,49989.72,285000,87,42
2017-12-02,10000043,5533,69999.99,35326.54,72999.83,231,60
2017-12-02,10000043,5599,39419.94,8892.01,39419.95,142,44
2017-12-02,10000043,5631,16699.47,7008.44,62697.81,73,22
2017-12-02,10000043,5647,1882.33,1420.69,6960.35,24,15
2017-12-02,10000043,5649,2197.64,115.9,24055.88,23,19
2017-12-02,10000043,5683,102587.23,95124.24,139999.99,30,19
2017-12-02,10000043,5693,1601.9,1600,1602.14,35,25
2017-12-02,10000043,5697,79592.04,79591,114999.97,153,35
2017-12-02,10000043,5719,80286.63,78117.78,115000.98,17,14
2017-12-02,10000043,5721,50780.64,50013.28,85000,52,29
2017-12-02,10000043,5723,87603.61,50000,111859.25,88,25
2017-12-02,10000043,5743,1000.05,1000.05,1000.05,51,30
2017-12-02,10000043,5745,232.91,200.02,2700,76,45
2017-12-02,10000043,5747,890.37,801.3,2110.15,45,29
2017-12-02,10000043,5755,117045,89052.36,117046.99,261,37
2017-12-02,10000043,5757,117998,117998,117998,240,30
2017-12-02,10000043,5759,92501.65,92501.65,92501.65,63,24
2017-12-02,10000043,5839,4254345.43,1300223.7,4423156.48,260,157
2017-12-02,10000043,5849,110000,35544.55,146999.9,160,114
2017-12-02,10000043,5865,0.21,0.1,0.22,44,14
2017-12-02,10000043,5867,7643.84,333,322333,44,15
2017-12-02,10000043,5869,106,106,106,142,47
2017-12-02,10000043,5871,124.56,14.56,4414.55,40,12
2017-12-02,10000043,5933,12006.69,12006.69,12006.69,231,40
2017-12-02,10000043,5945,348002.04,348002.02,348002.05,353,73
2017-12-02,10000043,5955,50902.26,50902.26,50902.26,193,55
2017-12-02,10000043,5971,35550.4,25592.74,35551.82,397,207
2017-12-02,10000043,5973,489998.97,364210.46,490000.5,678,439
2017-12-02,10000043,5975,30000,6103.98,48997.93,398,173
2017-12-02,10000043,6001,23998,17220.04,43990,403,216
2017-12-02,10000043,6003,6000.11,6000.08,19987.56,308,155
2017-12-02,10000043,6005,4878.03,4878.02,4878.04,248,110
2017-12-02,10000043,6073,10020.99,10020.89,36020.98,106,65
2017-12-02,10000043,6131,428.97,428.97,3100,175,71
2017-12-02,10000043,6135,19930.19,600.27,49998.97,23,20
2017-12-02,10000043,6159,2814,2813.99,2814,108,41
2017-12-02,10000043,6160,2000.01,2000.01,2000.01,386,133
2017-12-02,10000043,6173,4569.03,4569.03,4569.03,105,46
2017-12-02,10000043,6176,10963.23,1000,72954.47,65,28
2017-12-02,10000043,6296,2100.12,2100.12,2100.12,221,66
2017-12-02,10000043,6325,7790.38,4799.33,18955,85,31
2017-12-02,10000043,6437,78817.63,12687.85,206998.98,24,20
2017-12-02,10000043,6439,3321.65,50.02,14499.99,30,21
2017-12-02,10000043,6441,25227.78,1000,110500,9,8
2017-12-02,10000043,6443,639.17,411,1411,76,37
2017-12-02,10000043,6485,2230.08,2230.08,2230.08,273,73
2017-12-02,10000043,6527,301.8,301.8,301.8,130,63
2017-12-02,10000043,6569,4052.15,1052.16,4052.16,243,89
2017-12-02,10000043,6631,21567.51,15601.19,49999,36,25
2017-12-02,10000043,6633,14688.35,1200,24899.99,66,40
2017-12-02,10000043,6635,762727.27,313000,993998.97,83,41
2017-12-02,10000043,6637,97417.24,15015.15,99999,66,27
2017-12-02,10000043,6671,73016,18733.06,99000,61,33
2017-12-02,10000043,6673,16485.57,11011,58899,39,26
2017-12-02,10000043,6675,670246.74,506780.03,749995.54,86,36
2017-12-02,10000043,6677,270043.57,21545.25,499997.97,42,24
2017-12-02,10000043,6715,49702.65,18600.03,69899.99,78,38
2017-12-02,10000043,6717,19328.09,4455,25994,77,36
2017-12-02,10000043,6719,1449964.61,1435554.95,1449978.25,124,47
2017-12-02,10000043,6721,166211.87,46070.88,485998.99,40,19
2017-12-02,10000043,6757,24895.18,6550.2,190000,10,8
2017-12-02,10000043,6759,42516.13,1290.34,69999.99,5,4
2017-12-02,10000043,6761,4285124.83,2088942.85,4400713,20,10
2017-12-02,10000043,6763,181578.3,181578.22,181578.33,8,7
2017-12-02,10000043,6805,854667.71,432965.2,1233999.99,19,14
2017-12-02,10000043,6807,8555.33,8554.99,8556,3,3
2017-12-02,10000043,6809,8443516.79,4888064.6,11998968.98,4,3
2017-12-02,10000043,6811,1009922.06,1009922,1009922.07,5,5
2017-12-02,10000043,6859,383949.2,42883.86,474899.95,19,11
2017-12-02,10000043,6861,47689.62,1997,199998,13,9
2017-12-02,10000043,6863,4426267.65,3055777.1,6492499.49,29,21
2017-12-02,10000043,6865,620792.14,506826,739506.88,49,21
2017-12-02,10000043,6919,41500.26,41500.24,41500.29,29,15
2017-12-02,10000043,6921,14687.37,13222,78299.98,32,22
2017-12-02,10000043,6923,371562.93,290888.01,428759.91,92,34
2017-12-02,10000043,6925,57460.95,57460.63,57461,15,9
2017-12-02,10000043,6959,35281.58,35000.36,77999.99,32,22
2017-12-02,10000043,6961,51732.04,50980.41,61000,48,32
2017-12-02,10000043,6963,389999.99,270555,390000,116,40
2017-12-02,10000043,6965,52566.79,30008.44,118000,19,15
2017-12-02,10000043,6999,69493.7,68000,69653.74,31,10
2017-12-02,10000043,7001,58800.04,58800.04,58800.04,24,7
2017-12-02,10000043,7003,35006.51,35006.15,35007,49,12
2017-12-02,10000043,7005,56272.06,56272.04,56272.06,37,14
2017-12-02,10000043,7043,100001.94,100000.85,100002.56,14,11
2017-12-02,10000043,7045,87846.08,80026.36,140000,23,15
2017-12-02,10000043,7047,78969.39,50000,80115,27,13
2017-12-02,10000043,7049,153341.03,153341.02,153341.04,27,15
2017-12-02,10000043,7085,50005.87,50005,50006.52,54,18
2017-12-02,10000043,7087,273222,273022.05,1000000,153,31
2017-12-02,10000043,7123,335877.11,335877.11,335877.11,23,16
2017-12-02,10000043,7125,274066.02,274000.1,280000,91,21
2017-12-02,10000043,7127,589278.92,299167.72,799997,58,20
2017-12-02,10000043,7131,95801.36,89001.27,224999.99,80,17
2017-12-02,10000043,7167,363710.21,363710.21,363710.21,101,16
2017-12-02,10000043,7169,151000,150000,151000,172,22
2017-12-02,10000043,7171,150003.26,150002.13,460000,190,29
2017-12-02,10000043,7173,201003.07,201003.04,201003.21,52,13
2017-12-02,10000043,7247,734289.74,637700.16,1240000,10,10
2017-12-02,10000043,7249,52000,49000,55000,2,2
2017-12-02,10000043,7251,843.11,12,4999,18,15
2017-12-02,10000043,7253,67000.04,1000.12,100000,3,2
2017-12-02,10000043,7287,1242609.17,452555,1898999,60,34
2017-12-02,10000043,7289,12424,31.13,58999.98,35,26
2017-12-02,10000043,7291,4814.61,105.04,44999.99,36,22
2017-12-02,10000043,7293,76629.9,3445.15,132999.96,36,16
2017-12-02,10000043,7327,375555,375555,375555,133,13
2017-12-02,10000043,7329,500,500,500,6,6
2017-12-02,10000043,7331,28726.47,180.88,200000,7,6
2017-12-02,10000043,7333,90678.56,8000,239499.98,14,7
2017-12-02,10000043,7367,1298979.97,1298979.97,1298979.97,150,47
2017-12-02,10000043,7369,122999.35,122999.35,122999.35,103,27
2017-12-02,10000043,7371,26191.03,25000,69000,67,33
2017-12-02,10000043,7373,35763.8,16094.52,80072.99,40,26
2017-12-02,10000043,7407,857930.19,47861.37,1667999,12,6
2017-12-02,10000043,7409,23209.06,23206,23213,5,5
2017-12-02,10000043,7411,29809.27,29808.54,29811.17,11,7
2017-12-02,10000043,7413,49014.02,49014.02,49014.02,4,4
2017-12-02,10000043,7447,1500000,1500000,1500000,135,31
2017-12-02,10000043,7449,486401.7,303004,647000,15,11
2017-12-02,10000043,7451,347011.02,347011.01,347011.02,7,5
2017-12-02,10000043,7453,298013.12,298013,298013.37,15,9
2017-12-02,10000043,7487,605610.96,438904.56,848994.67,17,12
2017-12-02,10000043,7489,6743.64,380,70380,11,7
2017-12-02,10000043,7491,0.01,0.01,0.01,10,8
2017-12-02,10000043,7493,10009.97,10009.86,10010.03,12,10
2017-12-02,10000043,7535,353507.39,329999,699999.99,26,13
2017-12-02,10000043,7537,10615.98,100.19,100000.18,19,13
2017-12-02,10000043,7539,13185.19,500,57500,27,18
2017-12-02,10000043,7541,104117.68,30000.08,150000,34,14
2017-12-02,10000043,7579,1660254.56,1337556.01,1743443.98,44,17
2017-12-02,10000043,7581,100857.49,70000.42,249999.98,35,16
2017-12-02,10000043,7583,97058.82,25000,200000,34,17
2017-12-02,10000043,7585,278000,40000.01,759999.98,18,9
2017-12-02,10000043,7619,1934416.61,1556922,2248995.95,22,11
2017-12-02,10000043,7621,28105.08,2511.61,50000,15,12
2017-12-02,10000043,7623,24627.43,12322.74,79998.52,22,13
2017-12-02,10000043,7625,170001.08,40004.22,299998.85,20,10
2017-12-02,10000043,7663,888169.98,314555.02,999665.99,43,11
2017-12-02,10000043,7665,32909.79,18903.42,228999,15,13
2017-12-02,10000043,7667,13036.36,13036.3,13036.43,12,8
2017-12-02,10000043,7669,15000,15000,15000,6,6
2017-12-02,10000043,7703,850935.3,813000,1750555,83,27
2017-12-02,10000043,7705,11342.47,11340.24,11342.62,16,11
2017-12-02,10000043,7707,15002.08,15002.03,15002.1,15,9
2017-12-02,10000043,7709,33447.15,33447.15,33447.15,9,7
2017-12-02,10000043,7743,171305.06,104601.14,296000,23,12
2017-12-02,10000043,7745,108002.57,108002.49,108003.25,17,12
2017-12-02,10000043,7747,107047.95,107046.13,107049.19,14,8
2017-12-02,10000043,7749,107900.94,107900.42,107901.04,13,7
2017-12-02,10000043,7783,685365.72,387555,1688989,48,16
2017-12-02,10000043,7785,204003.16,204001.88,204005.55,16,10
2017-12-02,10000043,7787,290553.43,281609,335595,30,14
2017-12-02,10000043,7789,151113.89,151110,151121,18,6
2017-12-02,10000043,7827,205789.51,205000.04,206000.07,19,8
2017-12-02,10000043,7829,113032.81,113031.69,113034.05,11,8
2017-12-02,10000043,7831,178000.11,178000.11,178000.13,22,10
2017-12-02,10000043,7997,54250.76,7500.81,428250.41,18,10
2017-12-02,10000043,8001,3100.24,3100,3101,30,9
2017-12-02,10000043,8007,326555,326555,326555,104,34
2017-12-02,10000043,8023,10229.48,10000,14000,61,20
2017-12-02,10000043,8025,2181.09,1502.05,18500,48,15
2017-12-02,10000043,8027,1322222,973666.03,1329554.5,154,56
2017-12-02,10000043,8089,490000,416779.93,524999,266,102
2017-12-02,10000043,8091,116699.69,80003.88,116699.72,122,41
2017-12-02,10000043,8101,1009.54,1009.54,1009.54,160,22
2017-12-02,10000043,8103,535.16,535.01,535.53,48,17
2017-12-02,10000043,8105,1560040.3,1339092.01,1695999,88,35
2017-12-02,10000043,8113,14412.53,2350.5,63999.95,46,12
2017-12-02,10000043,8115,2100.73,2100,2101,56,6
2017-12-02,10000043,8117,145993.96,145993.96,145993.96,189,59
2017-12-02,10000043,8133,3543.18,3000,14950,44,23
2017-12-02,10000043,8135,5759.8,5500.01,39950,48,26
2017-12-02,10000043,8175,1500,1500,1500,181,73
2017-12-02,10000043,8177,2000.01,2000.01,2000.01,139,59
2017-12-02,10000043,8225,23511.78,1000.08,104990,85,53
2017-12-02,10000043,8263,5000.22,5000.21,29999,136,74
2017-12-02,10000043,8295,3259.11,124.99,3500.2,14,12
2017-12-02,10000043,8297,2571.22,1760.01,23999.99,28,19
2017-12-02,10000043,8335,51491.28,10002.3,97795.99,23,18
2017-12-02,10000043,8337,17824.56,4008.02,79998.98,22,11
2017-12-02,10000043,8419,22838.37,13781.48,46989.97,55,26
2017-12-02,10000043,8427,54935.31,12919.01,69798.94,59,36
2017-12-02,10000043,8433,599949.91,458555,599949.93,160,84
2017-12-02,10000043,8517,3499990,3099002.92,3499993,172,109
2017-12-02,10000043,8521,187695.85,84799.79,243999.69,69,42
2017-12-02,10000043,8529,190777.99,78869.11,190778.66,144,80
2017-12-02,10000043,8531,11790.79,11790.79,11790.79,53,20
2017-12-02,10000043,8535,3489.16,3450,28896.96,51,34
2017-12-02,10000043,8537,1720.38,1720.38,1720.38,105,48
2017-12-02,10000043,8579,6018.06,6018.05,6018.06,101,40
2017-12-02,10000043,8583,2483.66,2200.43,8998,96,32
2017-12-02,10000043,8585,5170.01,5170.01,94998.99,129,37
2017-12-02,10000043,8635,130523.82,130036.31,170036.31,82,16
2017-12-02,10000043,8639,114021.86,114021,114022.33,87,16
2017-12-02,10000043,8641,136555.03,136555.03,136555.03,106,18
2017-12-02,10000043,8748,12124.52,3000.27,24994.69,56,29
2017-12-02,10000043,8759,4296898.04,4296898.04,4296898.04,3,3
2017-12-02,10000043,8785,156574.77,99999.99,480000,17,5
2017-12-02,10000043,8787,75402.74,18604.61,188999,6,5
2017-12-02,10000043,8789,2480035.96,2480033,2480040.56,23,4
2017-12-02,10000043,8815,154890,108889.99,399999.99,19,9
2017-12-02,10000043,8817,1000,1000,1000,27,11
2017-12-02,10000043,8819,1000,1000,1000,20,8
2017-12-02,10000043,8821,14818.19,8000.01,58000,22,8
2017-12-02,10000043,8863,684981.13,522555,1386444,18,14
2017-12-02,10000043,8865,12589.33,5100.05,74999.99,28,16
2017-12-02,10000043,8867,24281.68,1778.13,49999.99,45,12
2017-12-02,10000043,8869,40410.85,40409,40413.32,21,14
2017-12-02,10000043,8903,293903.48,170420.69,678997.81,11,9
2017-12-02,10000043,8905,2200,2200,2200,6,6
2017-12-02,10000043,8907,3001.3,3001.3,3001.3,11,10
2017-12-02,10000043,8909,5000,5000,5000,4,3
2017-12-02,10000043,9071,421340.93,355557.11,620554,16,6
2017-12-02,10000043,9073,1010.5,1010.34,1010.51,16,2
2017-12-02,10000043,9091,1010.02,1010.01,1010.06,18,4
2017-12-02,10000043,9093,1800,1800,1800,13,5
2017-12-02,10000043,9127,2995584.16,2666788.93,3488777,10,7
2017-12-02,10000043,9129,2200,2200,2200,21,6
2017-12-02,10000043,9131,114.83,114.83,114.87,10,4
2017-12-02,10000043,9133,185625,60000,250000,48,15
2017-12-02,10000043,9135,610279.35,400035.9,975000,39,12
2017-12-02,10000043,9137,11350,11349.91,11350.99,29,7
2017-12-02,10000043,9139,17043.07,17043.01,17043.31,28,6
2017-12-02,10000043,9141,9009.92,9009.92,9009.92,20,8
2017-12-02,10000043,9207,122267.3,89901,223411.98,33,9
2017-12-02,10000043,9209,12007.76,12007.71,12007.98,44,11
2017-12-02,10000043,9211,23108.29,12232.26,208000,36,10
2017-12-02,10000043,9213,29071.71,700.81,99999,28,11
2017-12-02,10000043,9247,66378.5,66378.5,66378.5,14,5
2017-12-02,10000043,9249,15018.41,15018.28,15018.52,79,8
2017-12-02,10000043,9251,21918.36,21918.35,21918.41,19,6
2017-12-02,10000043,9253,30000.11,30000,30002.01,18,5
2017-12-02,10000043,9287,157675.62,128971.01,234221.23,22,9
2017-12-02,10000043,9289,100252.17,98502.2,144000,26,8
2017-12-02,10000043,9291,85000.3,85000,85002.85,19,5
2017-12-02,10000043,9293,100050.82,100049,100058.55,20,5
2017-12-02,10000043,9327,541424.37,385000.11,665955,41,16
2017-12-02,10000043,9329,122744.83,122112,123000,80,12
2017-12-02,10000043,9331,170007,170007,170007,71,7
2017-12-02,10000043,9333,100000.29,100000,100001,23,9
2017-12-02,10000043,9367,329138.04,329033.81,329555,20,7
2017-12-02,10000043,9369,277700.22,277700.22,277700.22,23,9
2017-12-02,10000043,9371,308300.08,285101.36,345998,21,9
2017-12-02,10000043,9377,217113.64,217011.14,217555,17,8
2017-12-02,10000043,9411,1644098.65,1286879.79,2298999.92,17,13
2017-12-02,10000043,9413,171797.08,75000,246999,34,13
2017-12-02,10000043,9415,90444.46,1777.77,120000.02,12,10
2017-12-02,10000043,9417,1163820.4,6666.66,1459882.98,54,17
2017-12-02,10000043,9451,1340302.17,1065666,1785222,29,11
2017-12-02,10000043,9453,30020.9,30020.9,30020.9,39,8
2017-12-02,10000043,9455,101934.89,29253.78,428999.89,22,10
2017-12-02,10000043,9457,430607.22,201555,605554.51,51,13
2017-12-02,10000043,9491,4696129.68,4304666,4802551.82,82,19
2017-12-02,10000043,9493,350483.05,350483.05,350483.05,24,6
2017-12-02,10000043,9495,383876.3,354001.43,414995.98,49,15
2017-12-02,10000043,9497,1207085.35,447666.09,1490055,66,15
2017-12-02,10000043,9521,7854.94,1027.4,100026.99,29,19
2017-12-02,10000043,9556,333.28,50,750,36,25
2017-12-02,10000043,9568,33303.67,6000.26,59997.94,23,22
2017-12-02,10000043,9580,34522.25,18607.72,41195.15,62,45
2017-12-02,10000043,9582,6416.07,1777.77,64332.21,51,23
2017-12-02,10000043,9608,2725.76,2529.21,9999.99,76,27
2017-12-02,10000043,9622,8256.56,8256.56,8256.56,157,76
2017-12-02,10000043,9632,239999,189104.16,240000,195,116
2017-12-02,10000043,9646,15543.65,15495.85,17694.5,92,28
2017-12-02,10000043,9660,12021.77,12021.77,12021.77,108,36
2017-12-02,10000043,9668,227000,135004.42,228999,758,45
2017-12-02,10000043,9670,2662.39,2600.43,7000,71,39
2017-12-02,10000043,9678,268893.57,268893.57,268893.57,129,30
2017-12-02,10000043,9680,17709.2,8827.75,114207.76,48,31
2017-12-02,10000043,9728,143473.34,142005.52,199999.98,79,43
2017-12-02,10000043,9734,218851.17,208003.07,266003.07,55,30
2017-12-02,10000043,9744,6842.12,2114.5,32012.51,64,33
2017-12-02,10000043,9762,116118.75,99915.6,175000,48,27
2017-12-02,10000043,9772,191000.03,191000.03,191000.03,450,45
2017-12-02,10000043,9784,7109,1861,31500,58,38
2017-12-02,10000043,9800,120474.27,70020.32,218999,73,33
2017-12-02,10000043,9808,168700.45,168700.41,229700.43,362,43
2017-12-02,10000043,9826,202.02,202.02,202.02,2452,257
2017-12-02,10000043,9828,930.12,930.12,930.12,712411,18
2017-12-02,10000043,9830,13000.01,13000.01,13000.01,34093,27
2017-12-02,10000043,9832,9496.97,9496.97,9496.97,148466,37
2017-12-02,10000043,9834,92500,91000,93099,12185,29
2017-12-02,10000043,9836,11597,10520.01,11597.98,77492,30
2017-12-02,10000043,9838,11299.95,11299.95,11299.95,29989,17
2017-12-02,10000043,9840,12670.03,12670,12744.21,30349,36
2017-12-02,10000043,9842,17297.96,17297.96,17297.96,12998,26
2017-12-02,10000043,9846,120003,120003,120003,2868,1
2017-12-02,10000043,9848,85003.77,85000,89999.93,40358,69
2017-12-02,10000043,9850,427.83,427.83,427.83,1466,17
2017-12-02,10000043,9852,2.06,2.06,2.06,1067,3
2017-12-02,10000043,9899,10604534.17,8000177.04,10699988,50,26
2017-12-02,10000043,9941,10466391.61,10389988,10499852.94,23,23
2017-12-02,10000043,9942,10490984.72,8633666.05,10749407.99,25,25
2017-12-02,10000043,9943,10571242.63,10300999.15,10799999.99,62,33
2017-12-02,10000043,9944,52886.53,12002,53895.96,83,22
2017-12-02,10000043,9947,3139390.94,3139390.94,3139390.94,4,2
2017-12-02,10000043,9950,3001443.98,3001111,3001554.98,32,12
2017-12-02,10000043,9956,9231230.35,7814014.78,9500000,33,21
2017-12-02,10000043,9957,18748989.99,18748989.99,18748989.99,1,1
2017-12-02,10000043,10039,2418.07,2.4,5999.99,12,10
2017-12-02,10000043,10040,3360,3360,3360,2,2
2017-12-02,10000043,10151,8191377.87,4582131.82,9996000.9,3,2
2017-12-02,10000043,10152,2800000.04,2800000.04,2800000.04,1,1
2017-12-02,10000043,10155,7979738.66,7614526.7,7999999.98,43,10
2017-12-02,10000043,10156,25024851.48,24987738.95,25989777.16,27,13
2017-12-02,10000043,10164,1999378.28,1398989.97,3999999.97,13,3
2017-12-02,10000043,10165,6879999.82,6879999.82,6879999.82,1,1
2017-12-02,10000043,10190,2015101.08,1299987.62,2099998.82,729,234
2017-12-02,10000043,10204,1560100.29,560100.29,2560100.28,4,3
2017-12-02,10000043,10208,21555819.16,20284985.23,23799884.76,29,26
2017-12-02,10000043,10209,127489558.86,127489423.96,127489729.82,15,14
2017-12-02,10000043,10212,22139763.36,19000438.74,22697969.94,39,35
2017-12-02,10000043,10213,127620136.26,108304000.23,128999994.97,15,15
2017-12-02,10000043,10216,22728053.5,20000020.15,23699999.95,41,31
2017-12-02,10000043,10217,126251950.07,125999998,127998198.94,16,16
2017-12-02,10000043,10221,20966575.84,19999989.94,21999882.71,36,32
2017-12-02,10000043,10222,124802075.66,107235000.19,128993876.81,17,17
2017-12-02,10000043,10225,23260963.06,18300308.57,24405286.91,22,18
2017-12-02,10000043,10226,128399487.49,125999999,128999359.98,10,10
2017-12-02,10000043,10228,16076976.61,14163957.53,17989995.68,2,2
2017-12-02,10000043,10244,36290943.94,35699988.99,38003804,4,4
2017-12-02,10000043,10246,6998.86,6998.86,6998.9,874,102
2017-12-02,10000043,10247,19986000,19986000,19986000,2,2
2017-12-02,10000043,10250,944897.95,929000,944897.98,408,55
2017-12-02,10000043,10629,43880.69,5125.09,50000,44,14
2017-12-02,10000043,10630,30000,30000,30000,1,1
2017-12-02,10000043,10631,500342,500341.98,500342.32,310,69
2017-12-02,10000043,10678,16872.12,16666,21406.74,69,6
2017-12-02,10000043,10680,650783.16,619999,704134,100,26
2017-12-02,10000043,10688,5109.34,5000,12999,32,17
2017-12-02,10000043,10690,2791.43,100,3000.21,41,27
2017-12-02,10000043,10692,7828.97,50.03,73949.92,19,15
2017-12-02,10000043,10694,252189.15,128055.07,417969.94,33,25
2017-12-02,10000043,10836,32228.07,27994.99,41000,13,13
2017-12-02,10000043,10837,364640,364640,364640,1,1
2017-12-02,10000043,10838,84773.83,84773,84773.99,6,2
2017-12-02,10000043,10840,374874.48,374874.48,374874.48,1,1
2017-12-02,10000043,10842,2164033.6,1300222.01,2379986.5,5,5
2017-12-02,10000043,10850,670593.63,600878.76,694334.24,28,21
2017-12-02,10000043,10858,1456131.32,1128669.07,1499419.98,26,19
2017-12-02,10000043,10866,3294.43,3188,3296.07,66,20
2017-12-02,10000043,10870,4571.35,4571.34,4571.35,63,18
2017-12-02,10000043,10872,13568.6,4571,179799,54,28
2017-12-02,10000043,10874,14580.23,14580.21,14580.23,75,11
2017-12-02,10000043,10876,22373.13,22373.13,22373.13,80,12
2017-12-02,10000043,10878,12075.03,12075.03,12075.03,33,11
2017-12-02,10000043,10880,21375.91,20020.43,64749.5,66,12
2017-12-02,10000043,10882,19002.94,19002.84,19003,64,14
2017-12-02,10000043,10884,24648.9,24648.64,24650.05,57,14
2017-12-02,10000043,10886,36001.19,36001.19,36001.19,81,12
2017-12-02,10000043,10888,56363.68,53392.39,197500,97,13
2017-12-02,10000043,10998,17999.98,17999.98,17999.98,435,161
2017-12-02,10000043,11082,3069294.17,2999484.91,4000000,8,8
2017-12-02,10000043,11083,956280.62,600017.16,1000000,80,15
2017-12-02,10000043,11084,1005924.79,1000000,1069912.54,59,11
2017-12-02,10000043,11105,285131.53,174500,398499,85,46
2017-12-02,10000043,11129,12750,12749.99,12999.9,163,46
2017-12-02,10000043,11130,50000,50000,50000,3,3
2017-12-02,10000043,11132,16030.94,16030.94,16030.94,940,36
2017-12-02,10000043,11133,50000,50000,50000,3,3
2017-12-02,10000043,11134,15000,15000,15000,232,123
2017-12-02,10000043,11135,50000,50000,50000,8,7
2017-12-02,10000043,11172,41224666.75,34011000.18,43999969.91,18,18
2017-12-02,10000043,11174,44666993.53,44334222.12,44999764.95,4,4
2017-12-02,10000043,11176,35203756.89,26011429.22,38999999.89,15,14
2017-12-02,10000043,11178,39444375.42,32000105.78,39999924.5,18,15
2017-12-02,10000043,11182,31428717,25000809.58,33999899.99,7,6
2017-12-02,10000043,11184,34076597.72,27118000.1,34849762.92,20,20
2017-12-02,10000043,11186,39464842.96,35001908.69,39999889.78,33,29
2017-12-02,10000043,11188,38545240.37,32000000.19,41999969.93,20,16
2017-12-02,10000043,11190,23087468.02,22999897,28699899.92,32,16
2017-12-02,10000043,11192,36773189.69,34462372.78,37999720.08,12,12
2017-12-02,10000043,11194,39608217.26,39483373.2,39982749.45,4,3
2017-12-02,10000043,11196,37312911.9,30000006.16,38998999.95,22,20
2017-12-02,10000043,11198,39203832.09,32000837.31,42222156,18,18
2017-12-02,10000043,11200,33284270.28,29000114.83,34997932.47,7,6
2017-12-02,10000043,11202,36542821.71,31006000.56,37999909.29,24,22
2017-12-02,10000043,11207,555576.9,500000,750000,83,50
2017-12-02,10000043,11217,67000,67000,67000,1,1
2017-12-02,10000043,11218,750000,750000,750000,1,1
2017-12-02,10000043,11219,754349.34,748798.99,759899.69,2,2
2017-12-02,10000043,11227,99999.85,99999.85,99999.85,1,1
2017-12-02,10000043,11229,1237104.09,665610.52,1348996.95,21,21
2017-12-02,10000043,11235,2998999.92,2998999.92,2998999.92,1,1
2017-12-02,10000043,11239,618484.98,311132.33,649220,22,8
2017-12-02,10000043,11249,919998.66,919998,919999,3,3
2017-12-02,10000043,11257,48333.22,10000.03,67499.81,3,3
2017-12-02,10000043,11258,750000,750000,750000,1,1
2017-12-02,10000043,11259,739373.75,729997.99,744999,8,8
2017-12-02,10000043,11267,149176.86,110000.03,174999,79,36
2017-12-02,10000043,11268,1000000,1000000,1000000,4,4
2017-12-02,10000043,11269,849995.99,849994.96,849996,587,306
2017-12-02,10000043,11277,106340.63,17556,113554.98,14,12
2017-12-02,10000043,11278,2500000,2500000,2500000,1,1
2017-12-02,10000043,11279,1162259.41,786555.09,1248883.91,16,15
2017-12-02,10000043,11280,7000000,7000000,7000000,4,3
2017-12-02,10000043,11283,2140,2140,2140,280,13
2017-12-02,10000043,11284,1750000,1750000,1750000,2,2
2017-12-02,10000043,11285,3100,3100,3100,3016,30
2017-12-02,10000043,11286,2500000,2500000,2500000,4,3
2017-12-02,10000043,11287,5069.99,3935.17,5069.99,149,13
2017-12-02,10000043,11288,3750000,3750000,3750000,5,3
2017-12-02,10000043,11289,4997.95,4997.94,4997.99,1689,48
2017-12-02,10000043,11290,5000000,5000000,5000000,1,1
2017-12-02,10000043,11293,15390.06,105.02,34496.38,9,6
2017-12-02,10000043,11294,200000,200000,200000,1,1
2017-12-02,10000043,11295,200000,200000,200000,8,4
2017-12-02,10000043,11296,800000,800000,800000,1,1
2017-12-02,10000043,11297,214750.51,50420.69,282998.93,11,9
2017-12-02,10000043,11298,1600000,1600000,1600000,1,1
2017-12-02,10000043,11299,439999.8,439999,440000,5,5
2017-12-02,10000043,11300,4000000,4000000,4000000,2,1
2017-12-02,10000043,11301,51631.31,15503.79,66633.96,10,10
2017-12-02,10000043,11302,2000000,2000000,2000000,1,1
2017-12-02,10000043,11303,109869.09,29000,124228.84,12,11
2017-12-02,10000043,11304,3500000,3500000,3500000,1,1
2017-12-02,10000043,11305,113428.57,35000.01,125000,7,6
2017-12-02,10000043,11306,3000000,3000000,3000000,1,1
2017-12-02,10000043,11309,101666.16,101666.16,120833.08,148,94
2017-12-02,10000043,11311,58102.22,58101.53,116998.99,157,59
2017-12-02,10000043,11317,172555,170556.87,190556,146,49
2017-12-02,10000043,11319,268667.48,268667.48,268667.48,186,39
2017-12-02,10000043,11325,469999.99,344100.06,484100.01,355,102
2017-12-02,10000043,11327,236000.06,236000.02,236002.04,197,34
2017-12-02,10000043,11341,114.26,114.02,114.34,185,86
2017-12-02,10000043,11343,7030,7030,7030,176,76
2017-12-02,10000043,11349,51111.01,51111.01,51111.01,108,61
2017-12-02,10000043,11351,37722.51,34000.32,70999.98,90,51
2017-12-02,10000043,11355,8992.99,8992.99,8992.99,15,7
2017-12-02,10000043,11356,49960,49960,49960,32,4
2017-12-02,10000043,11358,124700,124700,124700,24,3
2017-12-02,10000043,11359,78000,78000,78000,1,1
2017-12-02,10000043,11360,312440,312440,312440,24,3
2017-12-02,10000043,11365,35567062.11,26250026.13,37119901.46,7,7
2017-12-02,10000043,11370,1548522,1539584,1548526,234,171
2017-12-02,10000043,11371,33499821.06,28000120.21,38999521.9,4,4
2017-12-02,10000043,11377,43667852.59,30082085.42,44799999.86,13,10
2017-12-02,10000043,11379,39592345.49,38912989.99,39999967.99,8,8
2017-12-02,10000043,11381,41164998.32,41000000,41989989.97,6,6
2017-12-02,10000043,11393,29000001.49,27000002.04,31000000.93,2,2
2017-12-02,10000043,11395,566486.81,500000,999000,45,17
2017-12-02,10000043,11399,8506,8503.5,9000,208381,73
2017-12-02,10000043,11400,35829196.66,33857798.32,37800595,2,2
2017-12-02,10000043,11433,9504436.83,6001122.02,10000000,12,12
2017-12-02,10000043,11441,7249997.59,3500010.39,8499989.98,4,4
2017-12-02,10000043,11442,10181750,10000000,10727000,4,4
2017-12-02,10000043,11443,10062474.75,10000000,10249898.99,4,4
2017-12-02,10000043,11444,6985564,5898950,7000000,7,7
2017-12-02,10000043,11445,3811249.58,3809998.96,5499999.5,8,8
2017-12-02,10000043,11446,10838148.45,10000000,12998979.96,13,13
2017-12-02,10000043,11447,9594132.76,3500000.41,10487000,10,10
2017-12-02,10000043,11448,9596999.5,8499999.99,10693999,2,2
2017-12-02,10000043,11449,9875000.78,9325002.35,10150000,3,3
2017-12-02,10000043,11450,6526668,6010004,6784999.99,6,6
2017-12-02,10000043,11451,7655556.32,2000005.01,9699999.9,9,9
2017-12-02,10000043,11452,10122833.33,10000000,10737000,6,6
2017-12-02,10000043,11453,10231000,10000000,10693000,3,3
2017-12-02,10000043,11454,6799936.34,2300059.45,7399959.89,9,9
2017-12-02,10000043,11455,9833517.4,9000368.22,10000000,6,6
2017-12-02,10000043,11457,222,222,222,100,1
2017-12-02,10000043,11459,221.72,221.72,221.72,100,1
2017-12-02,10000043,11460,250.04,250.04,250.04,100,1
2017-12-02,10000043,11462,220.03,220.03,220.03,100,1
2017-12-02,10000043,11475,296.99,296.99,296.99,1300,14
2017-12-02,10000043,11476,165,165,165,426,8
2017-12-02,10000043,11478,55.4,55.4,55.4,245,5
2017-12-02,10000043,11481,442.97,442.97,442.97,6615,6
2017-12-02,10000043,11482,100,100,100,105,5
2017-12-02,10000043,11483,369.99,369.99,369.99,5941,20
2017-12-02,10000043,11484,428.98,428.98,428.98,331,6
2017-12-02,10000043,11486,385.45,385.45,385.45,315,19
2017-12-02,10000043,11489,232192.31,200000.54,236999.85,78,17
2017-12-02,10000043,11496,4515.63,4000.01,20499.99,96,7
2017-12-02,10000043,11529,10156571.43,10000000,10548000,7,7
2017-12-02,10000043,11530,63912.83,63912.83,63912.83,767,7
2017-12-02,10000043,11531,84990.8,84990.8,84990.8,1816,13
2017-12-02,10000043,11534,69793.55,69793,69793.56,424,6
2017-12-02,10000043,11535,54999.8,54999.8,54999.8,590,4
2017-12-02,10000043,11536,9000.16,9000.16,9000.16,1,1
2017-12-02,10000043,11537,30200.03,30200.03,30200.03,1,1
2017-12-02,10000043,11538,65002.56,65002.56,65002.56,7,1
2017-12-02,10000043,11539,94491.79,94491.79,94491.79,347,4
2017-12-02,10000043,11540,88794.94,88794.94,88794.94,675,8
2017-12-02,10000043,11541,65605.01,65605,65605.01,66019,31
2017-12-02,10000043,11542,9659.32,7101.54,13496,25,2
2017-12-02,10000043,11543,19999.93,19999.93,19999.93,685,4
2017-12-02,10000043,11544,13222.23,11000.02,15000,18,2
2017-12-02,10000043,11545,16988.99,16988.99,16988.99,16621,10
2017-12-02,10000043,11547,222015.98,222015.98,222015.98,193,6
2017-12-02,10000043,11549,140000.1,140000.1,140000.1,4,1
2017-12-02,10000043,11551,72984.91,72984.91,72984.91,10,1
2017-12-02,10000043,11553,94999.99,94999.99,94999.99,945,5
2017-12-02,10000043,11554,94999,94999,94999,420,6
2017-12-02,10000043,11556,63334.2,63324.32,64334,1512,13
2017-12-02,10000043,11557,77141.29,77141.29,77141.29,54,2
2017-12-02,10000043,11558,80424.23,80424.23,80424.23,308,8
2017-12-02,10000043,11561,119576.44,39009.53,226999,7,4
2017-12-02,10000043,11562,3500000,3500000,3500000,1,1
2017-12-02,10000043,11563,181128.12,151131,181130.5,306,85
2017-12-02,10000043,11564,1500000,1500000,1500000,1,1
2017-12-02,10000043,11566,127128.21,122000,240000,39,39
2017-12-02,10000043,11569,400000,400000,400000,16,7
2017-12-02,10000043,11572,431500,400000,500000,10,10
2017-12-02,10000043,11574,2378941.55,2000000,3999000,37,14
2017-12-02,10000043,11577,4149999.15,4144999.57,4150000,163,124
2017-12-02,10000043,11578,6700000,6699967.5,6799888.94,315,265
2017-12-02,10000043,11579,4119288.61,3500000,5249835.62,48,38
2017-12-02,10000043,11584,75856.71,75000,76999,28,25
2017-12-02,10000043,11585,265.77,215.57,3328,62,3
2017-12-02,10000043,11612,249600,249600,249600,2,2
2017-12-02,10000043,11613,99940,99940,99940,1,1
2017-12-02,10000043,11619,149960,149960,149960,4,3
2017-12-02,10000043,11620,98700,98700,98700,1,1
2017-12-02,10000043,11621,99000,99000,99000,2,2
2017-12-02,10000043,11629,296960,296960,296960,1,1
2017-12-02,10000043,11632,200000,200000,200000,2,2
2017-12-02,10000043,11634,122000,122000,122000,1,1
2017-12-02,10000043,11640,768998.59,750000,768999.54,215,83
2017-12-02,10000043,11642,1261521.24,502335.11,1364331.97,53,39
2017-12-02,10000043,11644,2199998,2199998,2199998,184,30
2017-12-02,10000043,11646,1874062.92,1699118.82,1900000,55,35
2017-12-02,10000043,11648,2121590.22,1683733.93,2399996.97,61,51
2017-12-02,10000043,11688,39994.99,39994.99,39994.99,955,9
2017-12-02,10000043,11689,54497.96,54497.96,54497.96,5297,10
2017-12-02,10000043,11690,63906.98,63906.98,63906.98,2037,4
2017-12-02,10000043,11691,44999.89,44999.89,44999.89,4403,7
2017-12-02,10000043,11692,46999.97,46999.97,46999.97,1380,1
2017-12-02,10000043,11693,22991.04,22991.04,22991.04,155,3
2017-12-02,10000043,11694,52999.46,52999.46,52999.46,314,2
2017-12-02,10000043,11724,227377.01,14754.02,440000,2,2
2017-12-02,10000043,11725,15676,13514.02,19999.97,3,3
2017-12-02,10000043,11732,1472.56,1472.56,1472.56,3,1
2017-12-02,10000043,11733,1811.4,717.1,4000,3,3
2017-12-02,10000043,11735,2720.06,1360.75,6798,4,4
2017-12-02,10000043,11736,8108.27,6811.02,12000,4,3
2017-12-02,10000043,11737,146.7,146.69,146.85,12,2
2017-12-02,10000043,11738,11430.33,832.37,85616.02,8,6
2017-12-02,10000043,11739,818.33,818.33,818.33,11,1
2017-12-02,10000043,11740,1438.61,1001.29,4499.99,8,5
2017-12-02,10000043,11741,1121.06,622.16,1619.96,2,2
2017-12-02,10000043,11855,240,240,240,247752,8
2017-12-02,10000043,11859,282640,282640,282640,1,1
2017-12-02,10000043,11870,282640,282640,282640,3,3
2017-12-02,10000043,11872,364560,364560,364560,1,1
2017-12-02,10000043,11873,364560,364560,364560,1,1
2017-12-02,10000043,11880,586240,586240,586240,1,1
2017-12-02,10000043,11887,282640,282640,282640,2,2
2017-12-02,10000043,11889,282640,282640,282640,1,1
2017-12-02,10000043,11890,282640,282640,282640,5,4
2017-12-02,10000043,11891,282640,282640,282640,1,1
2017-12-02,10000043,11944,27765.38,222.78,395000,43,6
2017-12-02,10000043,11957,287507932.33,250033062.09,299999519.78,4,4
2017-12-02,10000043,11959,273424994.86,273399999.99,273499979.49,4,4
2017-12-02,10000043,11961,280250495.95,242003474.2,292999479.96,4,4
2017-12-02,10000043,11963,289999561.07,289999558.5,289999578.76,4,4
2017-12-02,10000043,11965,272000000,272000000,272000000,1,1
2017-12-02,10000043,11969,200220011.4,200220011.4,200220011.4,1,1
2017-12-02,10000043,11971,278999961.31,278999946.98,278999989.96,6,5
2017-12-02,10000043,11978,288419974.6,187397568.13,294742237.47,15,13
2017-12-02,10000043,11985,250514210.12,237056880.57,254999989.97,4,4
2017-12-02,10000043,11987,259999787.79,259999769.58,259999815.11,5,5
2017-12-02,10000043,11993,261715590.9,230009150.89,266999997.55,7,7
2017-12-02,10000043,11999,279989888.99,279989888.99,279989888.99,1,1
2017-12-02,10000043,12003,170019990.28,155051505.76,179998979.96,5,5
2017-12-02,10000043,12005,282037846.44,250114012.7,297999763.31,3,3
2017-12-02,10000043,12011,227999662.35,227999662,227999662.71,4,4
2017-12-02,10000043,12015,162405951.5,162405903,162406000,2,2
2017-12-02,10000043,12017,389999999.99,389999999.99,389999999.99,3,3
2017-12-02,10000043,12019,257158445.91,220109110.46,264000005.48,7,7
2017-12-02,10000043,12023,274831872.79,224698810.09,299898404.14,3,3
2017-12-02,10000043,12032,41722328.96,32000655.34,44000000.01,36,25
2017-12-02,10000043,12034,41354880.19,23000117.28,41431211.18,36,18
2017-12-02,10000043,12038,38493579.61,29605002.25,41997349.4,17,16
2017-12-02,10000043,12042,29895482.87,29843224.32,29999999.99,3,3
2017-12-02,10000043,12044,44977991.35,38009484.91,49963706.98,13,12
2017-12-02,10000043,12049,3117.18,2030,76000,68,12
2017-12-02,10000043,12052,182854.47,67016.36,192999.7,41,30
2017-12-02,10000043,12053,1790470,1581880,1860000,16,4
2017-12-02,10000043,12054,990735.03,637077.72,1499998.5,10,9
2017-12-02,10000043,12056,47071.51,8001.48,70999.88,78,51
2017-12-02,10000043,12057,341280,322560,360000,4,4
2017-12-02,10000043,12058,3050000.01,3050000.01,3050000.01,150,113
2017-12-02,10000043,12066,204856.31,137150.11,249993.93,10,10
2017-12-02,10000043,12068,4667189.56,4250113.8,4799879.72,54,36
2017-12-02,10000043,12076,5937488.92,5749998.99,6119998,96,77
2017-12-02,10000043,12084,9244467.76,7419147.01,9914893.98,20,20
2017-12-02,10000043,12092,2725309.37,1000000,6999989.98,16,16
2017-12-02,10000043,12093,3888517.89,2950020.23,4000000,37,22
2017-12-02,10000043,12095,6271962.7,4000000,7998989.98,11,8
2017-12-02,10000043,12096,28414333.33,28000000,30486000,6,6
2017-12-02,10000043,12098,20530995.09,20000000,21238988.65,14,14
2017-12-02,10000043,12102,3832968.47,3099002.03,4394000,30,16
2017-12-02,10000043,12108,789583.62,789583.62,789583.62,277,5
2017-12-02,10000043,12109,3500000,3500000,3500000,1,1
2017-12-02,10000043,12110,5005,5004,5006,20,2
2017-12-02,10000043,12180,378214.28,375000,380000,14,14
2017-12-02,10000043,12181,352812.5,350000,355000,16,16
2017-12-02,10000043,12182,333999.99,325000,339999.99,15,15
2017-12-02,10000043,12183,277307.69,275000,280000,13,13
2017-12-02,10000043,12184,264257.14,250000,299899.99,14,11
2017-12-02,10000043,12185,214453.59,12500,225000,13,13
2017-12-02,10000043,12186,171274.64,511,239900,25,15
2017-12-02,10000043,12187,182781.25,175000,199899.99,16,16
2017-12-02,10000043,12188,161538.46,150000,300000,13,12
2017-12-02,10000043,12189,419950,400000,439900,12,12
2017-12-02,10000043,12190,118095.31,525,125000,16,16
2017-12-02,10000043,12191,89193.79,75000,99839.14,14,14
2017-12-02,10000043,12192,110346.49,100000,119899.1,22,22
2017-12-02,10000043,12193,51058.82,50000,52000,17,16
2017-12-02,10000043,12194,334615.08,300000,450000,13,12
2017-12-02,10000043,12195,27362.91,25000,27999,33,21
2017-12-02,10000043,12196,297744.09,280000,299999,13,13
2017-12-02,10000043,12198,973000,973000,973000,140,14
2017-12-02,10000043,12199,3371428.57,3299999.98,3400000,14,5
2017-12-02,10000043,12200,8528395.62,8528395.61,8528395.62,6,3
2017-12-02,10000043,12201,4571388.16,3789000.98,4747332,6,6
2017-12-02,10000043,12202,4059831.55,3993900.11,4092943.96,9,9
2017-12-02,10000043,12203,7954000.06,6000000.09,8000000.08,10,10
2017-12-02,10000043,12204,3054891.88,3000000,3959000,83,15
2017-12-02,10000043,12205,9014983.33,9000000,9898999.98,60,13
2017-12-02,10000043,12206,5698419.82,5497997.04,5999054,5,5
2017-12-02,10000043,12207,7347380.71,6499999.98,7686333,7,7
2017-12-02,10000043,12208,3799514.37,3799000,3799661.33,9,9
2017-12-02,10000043,12209,8686825.9,5022009.38,9021988,12,12
2017-12-02,10000043,12210,3714461.73,403001.03,3999946.99,14,14
2017-12-02,10000043,12211,4149470.03,4000099.42,4298843.98,6,6
2017-12-02,10000043,12212,15000000,15000000,15000000,1,1
2017-12-02,10000043,12213,940618.84,600011.36,1000000,81,15
2017-12-02,10000043,12214,2987058.82,2850000,3000000,85,12
2017-12-02,10000043,12215,9069879.49,9000000,9800000,83,17
2017-12-02,10000043,12219,18998923.48,13000145.02,24997701.93,2,2
2017-12-02,10000043,12221,3299999,3299999,3299999,6,2
2017-12-02,10000043,12235,309999107.93,309999107.93,309999107.93,1,1
2017-12-02,10000043,12237,8000000.53,6000001.06,10000000,2,2
2017-12-02,10000043,12238,8333407.47,7500111.21,10000000,3,3
2017-12-02,10000043,12239,20000000,20000000,20000000,1,1
2017-12-02,10000043,12257,154250.86,11131.07,198998.89,9,8
2017-12-02,10000043,12258,1975200,1975200,1975200,3,3
2017-12-02,10000043,12259,4278782.24,3425861.25,4499884.97,27,15
2017-12-02,10000043,12263,6499788.08,6499788.08,6499788.08,9,7
2017-12-02,10000043,12265,89349.78,89349.78,89349.78,3,2
2017-12-02,10000043,12266,998400,998400,998400,2,2
2017-12-02,10000043,12267,3924073.39,3245059.12,4000000,75,45
2017-12-02,10000043,12269,206579.35,100003.03,419732,6,2
2017-12-02,10000043,12271,6628481.19,5634006.49,6799999.94,27,20
2017-12-02,10000043,12274,56425.58,4900.19,59000,36,19
2017-12-02,10000043,12275,499200,499200,499200,1,1
2017-12-02,10000043,12301,147999699,147999699,147999699,1,1
2017-12-02,10000043,12304,170000,170000,170000,1,1
2017-12-02,10000043,12305,104288.58,100000,119887.99,95,46
2017-12-02,10000043,12344,1002.07,1002.07,1002.07,4,1
2017-12-02,10000043,12345,1000000,1000000,1000000,1,1
2017-12-02,10000043,12346,1814976.23,1468784.15,1864432.24,24,4
2017-12-02,10000043,12356,3201115.14,3201115.14,3201115.14,9,2
2017-12-02,10000043,12365,129950,120000,139900,38,38
2017-12-02,10000043,12366,129950,120000,139900,32,32
2017-12-02,10000043,12367,126029.41,125000,240000,34,34
2017-12-02,10000043,12441,569385.02,250000,599317,35,16
2017-12-02,10000043,12442,589911.75,300000,599908.02,30,11
2017-12-02,10000043,12484,3917311.03,2000000,4948858.98,58,32
2017-12-02,10000043,12485,4026424.2,2000000.29,4362599.88,21,21
2017-12-02,10000043,12486,3713311.14,3000000,3893989.58,17,16
2017-12-02,10000043,12487,4494101.7,2125000.74,4757766.55,20,20
2017-12-02,10000043,12528,5700.07,5700.07,5700.07,4,4
2017-12-02,10000043,12530,30900.38,1800,39993,21,8
2017-12-02,10000043,12531,2499.99,2499.99,2499.99,4,3
2017-12-02,10000043,12532,4000016.12,4000016.11,4000016.12,6,4
2017-12-02,10000043,12533,257014.55,125016.83,290013.99,50,14
2017-12-02,10000043,12535,5000.82,5000.82,5000.82,7,3
2017-12-02,10000043,12536,151002.83,151002.83,151002.83,4,2
2017-12-02,10000043,12537,300000,300000,300000,5,1
2017-12-02,10000043,12538,3201.79,3201.79,3201.79,1,1
2017-12-02,10000043,12540,127.79,127.79,127.79,1,1
2017-12-02,10000043,12542,1000000.79,1000000.79,1000000.79,1,1
2017-12-02,10000043,12545,10010,10010,10010,1,1
2017-12-02,10000043,12546,10511.79,10511.79,10511.79,1,1
2017-12-02,10000043,12547,5020124.87,5020120.24,5020125.73,9,7
2017-12-02,10000043,12548,154044.07,25011.83,225011.81,31,12
2017-12-02,10000043,12549,351432.91,265015.18,470000,7,4
2017-12-02,10000043,12550,7003.8,7003.8,7003.8,13,2
2017-12-02,10000043,12551,100002.84,100002.84,100002.84,6,5
2017-12-02,10000043,12557,179999.99,179999.99,179999.99,153,33
2017-12-02,10000043,12559,193997.97,193997.97,193998,217,41
2017-12-02,10000043,12563,86998,86998,86998,443,53
2017-12-02,10000043,12565,124333.93,124332.97,124333.95,343,42
2017-12-02,10000043,12608,62.44,62.44,62.44,287978,58
2017-12-02,10000043,12612,82.68,82.65,82.69,384519,91
2017-12-02,10000043,12614,64.3,64.3,64.3,296767,62
2017-12-02,10000043,12618,46.88,46.88,46.88,138556,40
2017-12-02,10000043,12620,144.36,144.36,144.36,97448,30
2017-12-02,10000043,12625,75.75,75.75,75.75,1203283,58
2017-12-02,10000043,12631,45.13,45.13,45.13,75578,22
2017-12-02,10000043,12633,39.01,39.01,39.01,50950,29
2017-12-02,10000043,12709,84998.9,84998.88,84998.9,15,10
2017-12-02,10000043,12729,199506629.26,188000000.09,203999641.78,8,8
2017-12-02,10000043,12731,308766928.13,260116000.17,324983888.95,8,8
2017-12-02,10000043,12733,185709848.56,180000000.01,194999989.99,7,7
2017-12-02,10000043,12735,198999999.22,198999998.96,198999999.99,4,4
2017-12-02,10000043,12743,205014959,185030010.47,229999859.77,6,6
2017-12-02,10000043,12745,344499922.65,344499872.2,344499952.95,5,5
2017-12-02,10000043,12747,285999963.93,285999949.91,285999979.97,5,5
2017-12-02,10000043,12753,319099927.98,319099927.98,319099927.98,1,1
2017-12-02,10000043,12761,688.96,688.96,688.96,258234,15
2017-12-02,10000043,12765,599.19,526.87,599.2,40812,6
2017-12-02,10000043,12767,251.24,251.2,253.81,30160,13
2017-12-02,10000043,12771,264.01,264.01,264.01,86416,13
2017-12-02,10000043,12773,199.96,199.96,199.96,232960,41
2017-12-02,10000043,12775,763.32,763.32,763.32,166705,20
2017-12-02,10000043,12777,208.98,208.98,208.99,253444,38
2017-12-02,10000043,12779,489.82,489.82,489.82,299363,28
2017-12-02,10000043,12785,84.8,84.8,84.8,185517,44
2017-12-02,10000043,12787,304.33,304.33,314.19,610715,55
2017-12-02,10000043,12789,121.31,121.31,121.31,364818,61
2017-12-02,10000043,12791,264.99,264.98,269.84,1165696,67
2017-12-02,10000043,12801,196.96,196.96,196.96,85930,24
2017-12-02,10000043,12803,236.92,236.92,236.92,75360,6
2017-12-02,10000043,12805,193.81,193.81,193.82,64348,22
2017-12-02,10000043,12807,304.3,304.3,304.3,73000,5
2017-12-02,10000043,12814,284329.99,284300,284332.18,522,45
2017-12-02,10000043,12816,398474,398474,398474,1026,45
2017-12-02,10000043,12818,288737.99,274332.32,288738,514,56
2017-12-02,10000043,12820,363222.99,363222.96,363223,990,56
2017-12-02,10000043,12822,414231.3,414231.3,414231.3,186,25
2017-12-02,10000043,12824,452819.85,79000.13,464332.2,68,10
2017-12-02,10000043,12826,264332.2,264332.2,264332.2,168,25
2017-12-02,10000043,12828,423881.95,423881.95,423881.95,124,14
2017-12-02,10000043,12836,75000,75000,75000,2022,8
2017-12-02,10000043,13001,2300000,2300000,3199999,143,61
2017-12-02,10000043,13003,2229998.99,2229998.99,2229998.99,114,51
2017-12-02,10000043,13119,102.99,102.99,102.99,542298,12
2017-12-02,10000043,13209,56999878.87,56999878.87,56999878.87,1,1
2017-12-02,10000043,13216,23113611.7,22499979.89,27000000,22,20
2017-12-02,10000043,13217,39999949.91,39999949.91,39999949.91,1,1
2017-12-02,10000043,13223,561700.88,522001,839600,8,4
2017-12-02,10000043,13224,900790.65,601186,1499999.95,6,6
2017-12-02,10000043,13225,1371428.57,1300000,1400000,7,4
2017-12-02,10000043,13229,23280690.11,20711380.21,25850000,2,2
2017-12-02,10000043,13231,25500000,25500000,25500000,1,1
2017-12-02,10000043,13237,16268453.17,14502623.03,19799824.97,6,5
2017-12-02,10000043,13238,28100,28100,28100,1,1
2017-12-02,10000043,13240,19999211.95,19999211.95,19999211.95,1,1
2017-12-02,10000043,13243,2049918.6,1783199,2449998.01,5,4
2017-12-02,10000043,13244,21363596.15,17146992.66,23471897.89,3,3
2017-12-02,10000043,13248,23482666.67,23450000,23499000,3,3
2017-12-02,10000043,13249,24216920.85,23997231.86,26997232,11,11
2017-12-02,10000043,13250,20946228.41,9016035.55,23998000,5,5
2017-12-02,10000043,13252,3000000.01,3000000.01,3000000.01,2,2
2017-12-02,10000043,13253,200,200,200,1,1
2017-12-02,10000043,13255,31999999.99,31999999.99,31999999.99,1,1
2017-12-02,10000043,13256,23993734.99,23987489.99,23999979.98,2,2
2017-12-02,10000043,13257,4199995.6,4199995.6,4199995.6,1,1
2017-12-02,10000043,13258,1556598.08,261003.02,3499990.69,5,5
2017-12-02,10000043,13259,23743734.98,23725000,23749979.97,4,4
2017-12-02,10000043,13260,35999142.54,35999126.74,35999188.32,4,4
2017-12-02,10000043,13261,22251504.87,18052638.86,22485424.89,30,25
2017-12-02,10000043,13262,6000.03,6000.03,6000.03,3,3
2017-12-02,10000043,13263,22499999.5,22000000,22999998.99,2,2
2017-12-02,10000043,13265,47999999.98,47999999.98,47999999.98,2,2
2017-12-02,10000043,13267,14989.99,14989.99,14989.99,479,19
2017-12-02,10000043,13278,98715.83,0.56,117888.39,9,9
2017-12-02,10000043,13279,273434,250000,298997.99,23,23
2017-12-02,10000043,13283,68680.96,25001.09,98887.99,15,10
2017-12-02,10000043,13284,1015562.53,650000.15,1099999.98,16,12
2017-12-02,10000043,13285,787691.99,310000.02,999999.98,13,7
2017-12-02,10000043,13286,147863.66,12500.01,237994.97,15,11
2017-12-02,10000043,13287,847058.91,500000.32,999999.98,17,11
2017-12-02,10000043,13320,56998.98,56998.9,56999,25,3
2017-12-02,10000043,13321,749970,749970,749970,1,1
2017-12-02,10000043,13786,14500000,14500000,14500000,1,1
2017-12-02,10000043,13801,19750000,19750000,19750000,1,1
2017-12-02,10000043,13819,6666701.57,833403.13,12500000,2,2
2017-12-02,10000043,13822,1775059.58,1775059.58,1775059.58,1,1
2017-12-02,10000043,13823,2231039.08,2231039.08,2231039.08,1,1
2017-12-02,10000043,13825,26000000,26000000,26000000,1,1
2017-12-02,10000043,13827,65999996.33,50000000,73999992.04,9,6
2017-12-02,10000043,13828,82000000,82000000,82000000,1,1
2017-12-02,10000043,13832,38253326.66,21000000.01,46879989.98,6,4
2017-12-02,10000043,13834,65489225.12,40137403.11,70098478.48,13,10
2017-12-02,10000043,13856,82.34,82.34,82.34,203340,17
2017-12-02,10000043,13865,13999999.88,13999999.88,13999999.88,2,1
2017-12-02,10000043,13891,45360167.99,45360167.99,45360167.99,2,1
2017-12-02,10000043,13894,260000.08,260000.08,260000.08,1,1
2017-12-02,10000043,13924,14999983.98,14999959.96,15000000,5,3
2017-12-02,10000043,13929,62999989.99,62999989.99,62999989.99,5,1
2017-12-02,10000043,13935,108999599.96,108999599.96,108999599.96,3,1
2017-12-02,10000043,13937,104225036.47,89900210.02,108999975.28,4,3
2017-12-02,10000043,13939,85499385.11,66000009.91,104998760.31,4,2
2017-12-02,10000043,13941,67118364,61900074.91,74995797.64,5,5
2017-12-02,10000043,13943,65431148.08,64899999.99,67000000,23,18
2017-12-02,10000043,13947,15499557,1500693.03,22498988.98,3,3
2017-12-02,10000043,13949,54999999.94,54999999.94,54999999.94,1,1
2017-12-02,10000043,13951,11999363.9,11999363.9,11999363.9,1,1
2017-12-02,10000043,13953,9000000,9000000,9000000,2,2
2017-12-02,10000043,13955,9499958.9,9499958.9,9499958.9,1,1
2017-12-02,10000043,13956,29999993.99,29999993.99,29999993.99,5,4
2017-12-02,10000043,13957,24999987.97,24999979.96,24999989.97,5,4
2017-12-02,10000043,13959,99499995,99000000,99999989.99,2,2
2017-12-02,10000043,13960,99353469.82,99353469.82,99353469.82,2,2
2017-12-02,10000043,13963,14899989.99,14899969.97,14900000,3,3
2017-12-02,10000043,13964,14900000,14900000,14900000,2,2
2017-12-02,10000043,13965,31006887.74,31006887.55,31006887.92,2,2
2017-12-02,10000043,13966,12385000,12385000,12385000,1,1
2017-12-02,10000043,13968,2239040.85,2239040.85,2239040.85,1,1
2017-12-02,10000043,13969,248011339.14,213039773.82,261999989.39,7,6
2017-12-02,10000043,13970,2041261.37,2000013.42,2494988.81,12,7
2017-12-02,10000043,13972,2412833.01,1525666.01,3300000,2,2
2017-12-02,10000043,13974,3374963.16,2000000.05,7499852.49,8,5
2017-12-02,10000043,13976,5099999.99,5099999.99,5099999.99,1,1
2017-12-02,10000043,13978,2329963.81,1375666,2999995,11,6
2017-12-02,10000043,13980,4999974.09,4999974.09,4999974.09,1,1
2017-12-02,10000043,13982,1720006.45,1350008.32,3199998.98,5,3
2017-12-02,10000043,13984,1150666.01,1150666.01,1150666.01,1,1
2017-12-02,10000043,13986,7998000,7998000,7998000,1,1
2017-12-02,10000043,13992,519999.09,519999.09,519999.09,2,1
2017-12-02,10000043,13994,5750856.89,2151728.8,6949989.99,4,4
2017-12-02,10000043,13995,8999999.93,8999999.93,8999999.93,1,1
2017-12-02,10000043,13996,300000.09,300000.09,300000.09,1,1
2017-12-02,10000043,13998,43999772.1,43999772.1,43999772.1,1,1
2017-12-02,10000043,14003,4689814.34,3507555.02,5807555.02,6,6
2017-12-02,10000043,14007,29622.62,1,47433.42,6,6
2017-12-02,10000043,14009,50200.5,50200.5,50200.5,2,1
2017-12-02,10000043,14013,5000.37,5000.37,5000.37,5,4
2017-12-02,10000043,14015,50000,50000,50000,7,2
2017-12-02,10000043,14019,17333.33,1000,50000,3,3
2017-12-02,10000043,14021,10100.3,10100.3,10100.3,1,1
2017-12-02,10000043,14025,5002.44,5002.44,5002.44,3,2
2017-12-02,10000043,14033,17501000.08,3002002,31999998.15,2,2
2017-12-02,10000043,14035,3400344.24,203082.77,4998974.98,3,3
2017-12-02,10000043,14039,3565001.51,130003.01,7000000,2,2
2017-12-02,10000043,14043,16866190.7,10599766.97,19999402.57,3,3
2017-12-02,10000043,14045,29164004.26,29164004.26,29164004.26,1,1
2017-12-02,10000043,14047,38524499.82,38024502.58,40024491.55,4,4
2017-12-02,10000043,14049,777777.77,777777.77,777777.77,1,1
2017-12-02,10000043,14059,4972020,3540100,5330000,5,4
2017-12-02,10000043,14061,4389947.31,4389946.92,4389950.17,8,6
2017-12-02,10000043,14063,5999998.99,5999998.99,5999998.99,1,1
2017-12-02,10000043,14065,5894998.76,10000.06,6890000,8,6
2017-12-02,10000043,14068,28201000.01,28201000.01,28201000.01,1,1
2017-12-02,10000043,14070,29888970.9,25545009.04,34844987.91,11,8
2017-12-02,10000043,14072,45769921.77,36077888.39,69999999.5,14,13
2017-12-02,10000043,14074,17564672.4,10388136.13,18999988.46,6,5
2017-12-02,10000043,14076,1649999.95,1500000,1799999.9,2,2
2017-12-02,10000043,14080,350000.38,350000.38,350000.38,1,1
2017-12-02,10000043,14082,1433332.84,500000.08,1699998.98,6,6
2017-12-02,10000043,14084,2095198.11,900002.04,2393999.5,5,5
2017-12-02,10000043,14088,1117520.22,1100000,1170080.87,4,2
2017-12-02,10000043,14090,502098.4,237501,898994.5,5,5
2017-12-02,10000043,14094,1199499.76,400000.52,1998998.99,2,2
2017-12-02,10000043,14096,836777.5,373555,1300000,4,3
2017-12-02,10000043,14098,906659.99,906659.99,906659.99,1,1
2017-12-02,10000043,14100,74999109.99,74999109.98,74999109.99,2,2
2017-12-02,10000043,14102,18500000,17500000,19499999.99,2,2
2017-12-02,10000043,14104,46835666.66,32508000,53999500,3,3
2017-12-02,10000043,14108,43999653.43,43999639.74,43999667.11,2,2
2017-12-02,10000043,14112,18189624.55,10699269.1,25679979.99,2,2
2017-12-02,10000043,14114,78333331.61,69999999.99,79999999.99,6,6
2017-12-02,10000043,14116,95087999.77,80014503.05,103499499.49,6,6
2017-12-02,10000043,14118,149499858.98,148999999,149999718.95,2,2
2017-12-02,10000043,14120,109999999.96,109999999.92,109999999.99,2,2
2017-12-02,10000043,14124,17205325.01,17205325.01,17205325.01,1,1
2017-12-02,10000043,14126,17249999.49,16999998.97,17500000,6,5
2017-12-02,10000043,14127,39539723.31,34999974.98,48619219.99,3,3
2017-12-02,10000043,14128,7426653.35,4880000.08,8699979.98,3,3
2017-12-02,10000043,14130,5048114.87,5048114.84,5048115,5,5
2017-12-02,10000043,14134,45333330,39999989.99,48000000,3,3
2017-12-02,10000043,14136,46022293.89,39017112.2,52999839.19,6,6
2017-12-02,10000043,14138,95523392,95523392,95523392,1,1
2017-12-02,10000043,14140,20786549.74,17168684,23499978.37,7,4
2017-12-02,10000043,14142,16372475.63,13249993.66,17094999.98,8,8
2017-12-02,10000043,14144,38489900.45,37999974.94,38979825.97,4,4
2017-12-02,10000043,14146,31926812.7,25317031.76,35000000,5,5
2017-12-02,10000043,14150,24999899.97,24999899.97,24999899.97,1,1
2017-12-02,10000043,14152,8800879.85,8800874.84,8800884.85,4,3
2017-12-02,10000043,14154,4509500.77,2061010.95,4999997.9,6,4
2017-12-02,10000043,14156,48488513.79,48488465.38,48488538,3,3
2017-12-02,10000043,14158,16899999.99,16899999.99,16899999.99,1,1
2017-12-02,10000043,14160,23000000,23000000,23000000,2,1
2017-12-02,10000043,14162,26799999.94,26799999.94,26799999.94,1,1
2017-12-02,10000043,14164,75999999.99,75999999.99,75999999.99,2,1
2017-12-02,10000043,14168,42482052.43,39999989.99,44964114.87,2,2
2017-12-02,10000043,14170,44992528.65,30851436.29,48799999.98,13,11
2017-12-02,10000043,14172,15999953.49,15999953.49,15999953.49,1,1
2017-12-02,10000043,14174,11321585.08,9909009.03,12999881.21,13,11
2017-12-02,10000043,14176,23993580.2,22999999.96,25000000,7,6
2017-12-02,10000043,14186,3511000,3511000,3511000,1,1
2017-12-02,10000043,14190,127933276.05,127899929.45,127999969.24,3,3
2017-12-02,10000043,14192,29012000,29012000,29012000,1,1
2017-12-02,10000043,14194,29000000,29000000,29000000,1,1
2017-12-02,10000043,14200,8700000.01,8700000,8700000.01,2,2
2017-12-02,10000043,14202,10752259,8456777,11900000,3,3
2017-12-02,10000043,14204,31304598.47,31304598.47,31304598.47,1,1
2017-12-02,10000043,14206,69199990.98,68999988.48,69999989.99,5,4
2017-12-02,10000043,14220,1000000.02,1000000.02,1000000.02,1,1
2017-12-02,10000043,14230,48951311.52,48951311.52,48951311.52,1,1
2017-12-02,10000043,14234,19745228.5,15664141.99,27907401.54,3,3
2017-12-02,10000043,14236,41034173.41,35724149.3,41999637.88,13,9
2017-12-02,10000043,14238,174181385.4,145018000.01,177998935.05,10,9
2017-12-02,10000043,14240,12975946.9,12975939.68,12975949.8,7,6
2017-12-02,10000043,14242,111000002.48,111000002.48,111000002.48,1,1
2017-12-02,10000043,14244,113986949.81,113986929.74,113986969.88,2,2
2017-12-02,10000043,14246,61908747.07,61908747.07,61908747.07,1,1
2017-12-02,10000043,14248,114576619.42,107500000.19,116345773.99,5,5
2017-12-02,10000043,14250,94974122.11,89999999.95,99948244.26,2,2
2017-12-02,10000043,14252,104791490.08,99098979.97,114311996.91,8,8
2017-12-02,10000043,14254,94728353.38,86456778,102999928.76,2,2
2017-12-02,10000043,14256,55249995,54999989.99,56000000,4,4
2017-12-02,10000043,14258,100857424.22,82002000.89,103999994.92,7,7
2017-12-02,10000043,14260,59582135.75,53930941.59,65233329.9,4,3
2017-12-02,10000043,14262,231017647.47,66005046.54,396030248.4,2,2
2017-12-02,10000043,14264,60019105.51,60019102.02,60019109,2,2
2017-12-02,10000043,14266,50148997,49610000.01,52000000,7,7
2017-12-02,10000043,14268,96163993.33,86998007.17,97999979,6,6
2017-12-02,10000043,14270,79856867.08,79856838.11,79856925.04,3,3
2017-12-02,10000043,14272,37752.33,5000,42791.15,15,11
2017-12-02,10000043,14274,263952.29,180001.89,489999.99,41,20
2017-12-02,10000043,14276,78655.73,32652.09,250000,12,11
2017-12-02,10000043,14278,1079999.97,1079999.92,1089999.5,151,30
2017-12-02,10000043,14280,431003.2,431003.17,431003.21,5,5
2017-12-02,10000043,14282,194778.26,93028.01,500000,4,4
2017-12-02,10000043,14284,120007.6,120007.13,120008.07,2,2
2017-12-02,10000043,14286,373302.1,160119.81,800000,9,4
2017-12-02,10000043,14292,0.01,0.01,0.01,31,18
2017-12-02,10000043,14295,5512481.83,3750007.79,6099969.95,12,11
2017-12-02,10000043,14296,4530727.38,3900011.78,4799926,13,10
2017-12-02,10000043,14297,5108137.43,4000003.79,5688944.96,13,13
2017-12-02,10000043,14298,4721354.46,3700015.8,4999908.72,14,12
2017-12-02,10000043,14299,4999565.33,4848969.93,6249927.96,10,9
2017-12-02,10000043,14358,22.02,22.02,22.02,50,2
2017-12-02,10000043,14770,416000000,416000000,416000000,1,1
2017-12-02,10000043,15114,900000000,900000000,900000000,1,1
2017-12-02,10000043,15316,11.24,11.24,11.24,75,3
2017-12-02,10000043,15317,14282.39,14282.39,14282.4,5035,5
2017-12-02,10000043,15331,1261.21,1261.21,1261.22,22652,849
2017-12-02,10000043,15457,2899998.99,2899998.99,2899998.99,2,2
2017-12-02,10000043,15458,11700000,11700000,11700000,1,1
2017-12-02,10000043,15460,1699988.79,1699988.79,1699988.79,34,4
2017-12-02,10000043,15463,2267784.93,2199999,2298999,28,8
2017-12-02,10000043,15464,9856683.2,9000000,9999463.73,7,3
2017-12-02,10000043,15465,29485474.99,29485474.99,29485474.99,2,1
2017-12-02,10000043,15466,3706466.57,3250000,3989458.72,72,10
2017-12-02,10000043,15477,9699982.86,9699978,9700000,21,4
2017-12-02,10000043,15479,4247483.79,3162018.02,4324999.92,54,27
2017-12-02,10000043,15480,17054516.43,16999989.88,17099829,11,8
2017-12-02,10000043,15508,31239.99,31239.99,31239.99,259,34
2017-12-02,10000043,15509,1605925.93,1600000,1720000,81,24
2017-12-02,10000043,15510,28262.8,20000,29443.2,96,18
2017-12-02,10000043,15511,1620000,1619999.99,1620000,4,4
2017-12-02,10000043,15587,2000,2000,2000,555,45
2017-12-02,10000043,15588,3000.21,3000.21,3000.21,187,37
2017-12-02,10000043,15589,6256,6256,6256,332,37
2017-12-02,10000043,15590,15023.16,15023.16,15023.16,562,72
2017-12-02,10000043,15591,21935.18,20006.64,30000,57,18
2017-12-02,10000043,15592,839901.58,839901.58,839901.58,503,42
2017-12-02,10000043,15593,90103.76,90103.76,90103.76,792,40
2017-12-02,10000043,15594,1103229.99,1103225.96,1103230.01,167,24
2017-12-02,10000043,15596,1160,1100,1250,40,5
2017-12-02,10000043,15597,2589.59,2501.06,2600.01,19,7
2017-12-02,10000043,15598,6400,6400,6400.02,5,3
2017-12-02,10000043,15599,5137.01,5137.01,5137.01,9,3
2017-12-02,10000043,15600,259581.23,259581.23,259581.23,3,1
2017-12-02,10000043,15601,366650.3,366300.36,367000.23,2,2
2017-12-02,10000043,15602,143671.84,101052.03,235000,44,4
2017-12-02,10000043,15604,2727058.18,2700000,2755777,33,3
2017-12-02,10000043,15605,2050011.57,2050011.57,2050011.57,21,2
2017-12-02,10000043,15607,1800.79,1512.01,2832.42,116,11
2017-12-02,10000043,15608,2069.86,2010,2700,85,31
2017-12-02,10000043,15610,95049.99,95049.99,95050,17,3
2017-12-02,10000043,15611,10010.01,10010,10010.03,5,3
2017-12-02,10000043,15612,42506.77,12600.01,44999,13,2
2017-12-02,10000043,15613,326700,326700,326700,11,4
2017-12-02,10000043,15614,106000,106000,106000,109,15
2017-12-02,10000043,15615,1919094.25,1900006.12,1970000,11,4
2017-12-02,10000043,15625,1510.04,1510.04,1510.04,826,60
2017-12-02,10000043,15626,3000,3000,3000,460,49
2017-12-02,10000043,15627,7907.72,7500,15000,37,12
2017-12-02,10000043,15628,15000.29,15000.29,15000.29,213,35
2017-12-02,10000043,15629,21231.23,5011,21245.54,85,20
2017-12-02,10000043,15630,420411.1,420411.09,420411.11,109,22
2017-12-02,10000043,15631,337860.05,337860.05,337860.05,206,22
2017-12-02,10000043,15632,2199999.98,2100000,2199999.98,240,12
2017-12-02,10000043,15646,40042.44,40042.44,40042.44,181,42
2017-12-02,10000043,15656,71090.53,71090.53,71090.53,32,2
2017-12-02,10000043,15660,3004.29,3004.29,3004.29,123,14
2017-12-02,10000043,15661,1600000,1339082.99,1999999,414,18
2017-12-02,10000043,15669,2260000,2260000,2260000,36,2
2017-12-02,10000043,15673,800000,702478.99,900000,928,32
2017-12-02,10000043,15674,15041.25,15041.25,15041.25,147,24
2017-12-02,10000043,15677,8010218.46,8010218.46,8010218.46,1,1
2017-12-02,10000043,15681,100169268.6,87038413.26,104996994.98,31,20
2017-12-02,10000043,15693,14252760.46,5513184.59,16749785,9,6
2017-12-02,10000043,15727,15499896.91,15499896.91,15499896.91,1,1
2017-12-02,10000043,15729,34125511.59,28813121.01,34998860.82,90,63
2017-12-02,10000043,15739,13960962.85,13960962.85,13960962.85,1,1
2017-12-02,10000043,15753,43749987.94,43749984.93,43750000,5,5
2017-12-02,10000043,15764,119871124.77,119866762.86,119879848.6,3,3
2017-12-02,10000043,15766,28744705.3,24200001.19,29249669.1,10,10
2017-12-02,10000043,15770,74999698.97,74999698.97,74999698.97,1,1
2017-12-02,10000043,15780,13175129.25,13175128.55,13175129.95,2,2
2017-12-02,10000043,15786,60679374.06,60679374.06,60679374.06,1,1
2017-12-02,10000043,15790,24099976.63,24099959.93,24099984.98,3,3
2017-12-02,10000043,15792,161691090.65,115155204.47,181234901.84,9,8
2017-12-02,10000043,15804,87499999.45,87499999.45,87499999.45,1,1
2017-12-02,10000043,15806,91004284.63,90153840.03,99666825.31,24,15
2017-12-02,10000043,15810,71704162.85,70999989.97,76889492.5,41,22
2017-12-02,10000043,15855,74999979.1,74999978.65,74999979.99,3,2
2017-12-02,10000043,15887,50224757.49,46001001.1,53026847.76,18,16
2017-12-02,10000043,15889,51485189,45319132.99,51999444.53,13,12
2017-12-02,10000043,15891,122480951.12,120400002,124299889.35,16,15
2017-12-02,10000043,15893,117398737.73,117000949.91,118989889,5,4
2017-12-02,10000043,15895,86060505.41,84999999.85,87003177.02,17,14
2017-12-02,10000043,15900,199999999,199999999,199999999,1,1
2017-12-02,10000043,15905,70881024.2,51381026,90381022.4,2,2
2017-12-02,10000043,15909,28409984.7,28409956.1,28409999,3,3
2017-12-02,10000043,15911,4060052.13,4060052.12,4060052.13,2,2
2017-12-02,10000043,15915,6000132.29,6000132.29,6000132.29,1,1
2017-12-02,10000043,15917,79999.99,79999.99,79999.99,2,1
2017-12-02,10000043,15931,40545751.11,40545751.11,40545751.11,1,1
2017-12-02,10000043,15939,50813877.76,50813877.76,50813877.76,2,1
2017-12-02,10000043,15963,130933316,129900000,132999948,3,3
2017-12-02,10000043,15965,72407414.86,58148441.17,74999951.91,13,10
2017-12-02,10000043,15981,110028.82,110028.82,110028.82,2,1
2017-12-02,10000043,15992,1010.01,1010.01,1010.01,9,1
2017-12-02,10000043,15994,5011,5010.01,5011,427,59
2017-12-02,10000043,15996,8000,8000,8000.01,13,2
2017-12-02,10000043,15997,24831.32,22005,30000,38,16
2017-12-02,10000043,15998,34631.08,30330.86,50000,49,13
2017-12-02,10000043,15999,13010.01,13010.01,13010.01,1,1
2017-12-02,10000043,16000,32000.03,32000.03,32000.04,9,3
2017-12-02,10000043,16002,56001.9,56001.9,56001.9,142,25
2017-12-02,10000043,16004,173333253.05,169999995,179999769.15,3,3
2017-12-02,10000043,16008,8119999.98,5500000.07,9999999.89,5,5
2017-12-02,10000043,16062,45309156.43,33113001.28,49999999.86,18,8
2017-12-02,10000043,16065,49998998,49998998,49998998,2,1
2017-12-02,10000043,16069,146844.72,85000,198997.91,13,13
2017-12-02,10000043,16118,4000.26,1000,10000.78,9,3
2017-12-02,10000043,16119,627.33,502.15,999.94,16,4
2017-12-02,10000043,16126,799500000,500000000,1099000000,2,2
2017-12-02,10000043,16179,1509.51,1509.51,1509.51,14,2
2017-12-02,10000043,16180,7000,7000,7000,5,1
2017-12-02,10000043,16181,15000,15000,15000,3,1
2017-12-02,10000043,16182,1500.67,1500.67,1500.67,9,1
2017-12-02,10000043,16184,11000,11000,11000,8,1
2017-12-02,10000043,16186,8000,8000,8000,6,1
2017-12-02,10000043,16187,22000,22000,22000,7,1
2017-12-02,10000043,16227,49749239.4,49749239.4,49749239.4,1,1
2017-12-02,10000043,16229,49719916.49,48999999.7,51499769.92,20,16
2017-12-02,10000043,16231,39999975.95,39999975.95,39999975.95,3,3
2017-12-02,10000043,16233,42565058.01,31111100.83,45101000,19,15
2017-12-02,10000043,16236,882249.7,150000.05,1049999.94,91,71
2017-12-02,10000043,16237,9478413.33,8635240,9900000,3,3
2017-12-02,10000043,16238,1268633.14,755011,1422911.1,13,13
2017-12-02,10000043,16240,979791.91,900500.01,994996.55,51,31
2017-12-02,10000043,16242,1212620.75,735151.51,1296878.96,40,30
2017-12-02,10000043,16243,9500000,9500000,9500000,2,2
2017-12-02,10000043,16247,26300038.75,26300038.75,26300038.75,1,1
2017-12-02,10000043,16248,144999999.98,144999999.98,144999999.98,1,1
2017-12-02,10000043,16262,200000,199001,200001,11342,31
2017-12-02,10000043,16266,152000,152000,152000,30,1
2017-12-02,10000043,16269,500000.02,500000.02,500000.02,30,1
2017-12-02,10000043,16272,525,524.96,525.22,10587603,71
2017-12-02,10000043,16273,129,109,129.98,5743233,135
2017-12-02,10000043,16274,681.95,672,689,18240988,76
2017-12-02,10000043,16275,4017.01,4007.02,4017.09,1802561,82
2017-12-02,10000043,16278,1570929.08,1077555.02,1906152.04,78,32
2017-12-02,10000043,16281,479321.74,375000,649581.49,28,25
2017-12-02,10000043,16297,28686.12,11799.7,106449.97,22,15
2017-12-02,10000043,16299,41965.5,6699.86,99443.44,42,21
2017-12-02,10000043,16301,90840.87,19197.99,123989.99,93,26
2017-12-02,10000043,16303,293484,220074.51,336907.12,94,56
2017-12-02,10000043,16305,7237.82,1777.8,39997.97,28,22
2017-12-02,10000043,16307,36107.48,9930.36,94465.18,32,20
2017-12-02,10000043,16309,27412.52,6005.03,84999.99,22,15
2017-12-02,10000043,16311,299763.35,208020.06,438997.88,61,43
2017-12-02,10000043,16313,524.33,100,541.3,26,15
2017-12-02,10000043,16315,100,100,100,23,16
2017-12-02,10000043,16317,912.73,40,1000,11,8
2017-12-02,10000043,16321,426.97,2.04,3400,16,11
2017-12-02,10000043,16323,750.16,750.16,750.16,22,14
2017-12-02,10000043,16325,50.24,50.23,50.25,17,12
2017-12-02,10000043,16327,100.22,100.21,100.23,15,11
2017-12-02,10000043,16329,10,10,10,15,8
2017-12-02,10000043,16331,208.08,208.07,208.08,19,15
2017-12-02,10000043,16333,500.65,500.65,500.65,12,9
2017-12-02,10000043,16335,1042.62,401.05,6495.99,19,12
2017-12-02,10000043,16337,161.35,50.04,2498.99,22,16
2017-12-02,10000043,16339,1000,1000,1000,15,11
2017-12-02,10000043,16341,8000.12,1000.12,140999.99,20,14
2017-12-02,10000043,16343,6561.18,40,23950.99,22,11
2017-12-02,10000043,16345,342.31,100,1000,26,14
2017-12-02,10000043,16347,1004.09,1004.09,1004.09,18,14
2017-12-02,10000043,16349,266.67,130.01,3000,21,18
2017-12-02,10000043,16351,1653.34,105.25,44999.99,29,19
2017-12-02,10000043,16353,92603.38,1909.8,93607.74,70,29
2017-12-02,10000043,16355,89999.96,40003.77,99999,197,27
2017-12-02,10000043,16357,92515.79,91884.1,149999.99,92,26
2017-12-02,10000043,16359,95803.8,95803.8,95803.8,121,39
2017-12-02,10000043,16361,69603.13,65000.01,187749.95,80,25
2017-12-02,10000043,16363,70002.53,70001.04,70002.53,121,30
2017-12-02,10000043,16365,163800.1,163800.1,163800.1,129,26
2017-12-02,10000043,16367,91253.84,85004.08,179997.99,88,30
2017-12-02,10000043,16369,58481.19,55404.01,159999.99,68,26
2017-12-02,10000043,16371,45000.4,45000.24,45000.55,80,21
2017-12-02,10000043,16373,148012.63,95000,148701.11,78,24
2017-12-02,10000043,16375,68265.66,59002.04,153999.97,91,35
2017-12-02,10000043,16377,51208.37,50001.12,155000,87,31
2017-12-02,10000043,16379,59002.93,59002.06,59003.97,77,19
2017-12-02,10000043,16381,50000.25,50000.19,50000.35,84,23
2017-12-02,10000043,16383,68652.27,59003.08,147003.08,94,40
2017-12-02,10000043,16385,91809,38824.85,168824.8,39,30
2017-12-02,10000043,16387,39448.83,25001,60000,29,20
2017-12-02,10000043,16389,120240.4,87971,217992.99,32,19
2017-12-02,10000043,16391,844679.6,251000.12,1287997.97,98,66
2017-12-02,10000043,16393,22016.91,22016.91,22016.91,17,11
2017-12-02,10000043,16395,16321.76,10607.55,30607.55,21,12
2017-12-02,10000043,16397,33936.31,33134.29,57997,31,17
2017-12-02,10000043,16399,15141.3,10553,44988,20,15
2017-12-02,10000043,16401,14079.56,14079.55,14079.57,14,12
2017-12-02,10000043,16403,17729.74,9899.99,30899.99,27,16
2017-12-02,10000043,16405,102,102,102,16,12
2017-12-02,10000043,16407,37624.67,26376,76995,18,15
2017-12-02,10000043,16409,33985.02,33985.02,33985.02,20,16
2017-12-02,10000043,16411,5085.71,103,30000,24,14
2017-12-02,10000043,16413,15060.71,10394.04,30394.04,30,18
2017-12-02,10000043,16415,17380.79,17359.03,34999.95,13,12
2017-12-02,10000043,16417,37717.84,33717.84,73717.83,20,17
2017-12-02,10000043,16419,34515.82,34357.04,46899.98,79,15
2017-12-02,10000043,16421,8654.55,2400,22400,22,12
2017-12-02,10000043,16423,24372.37,20777.09,55000,28,17
2017-12-02,10000043,16425,10058,10058,10058,16,13
2017-12-02,10000043,16427,10918.64,9897.89,39499.98,29,13
2017-12-02,10000043,16429,28346.46,28002.89,38997,32,13
2017-12-02,10000043,16431,9803,9803,9803,15,11
2017-12-02,10000043,16433,21675.74,2570.2,51900,54,33
2017-12-02,10000043,16435,1097.82,559.03,7543.44,59,33
2017-12-02,10000043,16439,63472.28,121.68,100000,69,45
2017-12-02,10000043,16441,22088.78,1001.44,84224.3,33,30
2017-12-02,10000043,16443,25134.37,22242.46,108999.85,30,19
2017-12-02,10000043,16447,301076.11,5300.02,898999.99,39,21
2017-12-02,10000043,16449,21000,20999.99,21000,2,2
2017-12-02,10000043,16451,469297.03,12001.88,698277.77,9,6
2017-12-02,10000043,16455,371597.05,23003.03,999666.3,14,4
2017-12-02,10000043,16457,2986685.37,2500096.09,3148881.8,32,22
2017-12-02,10000043,16467,36277.87,36277.83,74996.98,114,67
2017-12-02,10000043,16469,79940.93,33000,114999.96,72,38
2017-12-02,10000043,16475,84002.16,84002.15,84002.17,215,38
2017-12-02,10000043,16477,81025.8,81025.8,81025.8,146,39
2017-12-02,10000043,16481,25100.03,25100.03,25100.04,90,17
2017-12-02,10000043,16483,15903.06,15903.06,15903.06,65,18
2017-12-02,10000043,16485,51550.05,30035.05,697000,62,15
2017-12-02,10000043,16487,101307.28,25100.04,399999.9,67,23
2017-12-02,10000043,16489,3369.23,100.01,3500,26,17
2017-12-02,10000043,16491,16003,16003,16003,24,19
2017-12-02,10000043,16493,14011.01,14011.01,14011.01,23,15
2017-12-02,10000043,16495,46309.37,1120,99999.99,70,41
2017-12-02,10000043,16497,143000.27,143000.27,143000.27,185,37
2017-12-02,10000043,16499,82000.21,82000.21,82000.21,165,32
2017-12-02,10000043,16505,31762.98,6005.85,74997.99,50,33
2017-12-02,10000043,16507,137598.63,4001.47,1099498.29,41,28
2017-12-02,10000043,16513,4001.14,4001.05,4002,33,9
2017-12-02,10000043,16515,5003,5003,5003,85,13
2017-12-02,10000043,16517,22675.15,8009.03,250000.06,33,9
2017-12-02,10000043,16519,41720.03,23459.33,59980.73,150,16
2017-12-02,10000043,16521,2977.67,1000,8939.98,95,36
2017-12-02,10000043,16523,100,100,100,14,7
2017-12-02,10000043,16525,47238.16,7200.41,91998.91,21,11
2017-12-02,10000043,16527,462997.7,462997.7,462997.7,113,44
2017-12-02,10000043,16531,575001.9,150003.79,1000000,2,2
2017-12-02,10000043,16533,2799998.77,2799998.77,2799998.77,3,3
2017-12-02,10000043,16535,9947128.43,6157477,14999997,7,6
2017-12-02,10000043,16537,10057239.28,8600002.11,12000000,14,13
2017-12-02,10000043,16591,34467710.75,32000000,34878995.88,7,7
2017-12-02,10000043,16594,1610883.12,950006.52,1699000,17,16
2017-12-02,10000043,16595,13156250,12500000,13250000,8,8
2017-12-02,10000043,16596,37298540,35000000,38447810,6,6
2017-12-02,10000043,16597,20639935.86,20000000,23999358.58,10,10
2017-12-02,10000043,16598,3789130.82,3500000,3999000,39,37
2017-12-02,10000043,16622,4425555.45,1750001.01,5000000,27,18
2017-12-02,10000043,16631,700000.13,700000.13,700000.13,8,1
2017-12-02,10000043,16633,2999.99,2999.99,2999.99,31414,2
2017-12-02,10000043,16634,3140,3140,3140,45892,3
2017-12-02,10000043,16635,6795,6795,6795,72170,8
2017-12-02,10000043,16636,3742.03,3742.03,3742.03,14473,4
2017-12-02,10000043,16637,4890,4890,4890,2603,1
2017-12-02,10000043,16638,4150,4150,4150,430165,14
2017-12-02,10000043,16639,4199.84,4199.84,4199.84,242,1
2017-12-02,10000043,16640,4267.1,4267.1,4267.1,270,1
2017-12-02,10000043,16642,7647.56,7647.56,7647.56,8500,3
2017-12-02,10000043,16643,12099,12099,12099,5198,2
2017-12-02,10000043,16644,6034.88,6034.88,6034.88,12056,4
2017-12-02,10000043,16646,14998,14998,14998,4214,4
2017-12-02,10000043,16648,10999.99,10999.99,10999.99,11200,3
2017-12-02,10000043,16651,48477.81,48477.81,48477.81,1200,4
2017-12-02,10000043,16653,48999.71,48999.71,48999.71,2500,1
2017-12-02,10000043,16655,12512,12512,12512,25000,2
2017-12-02,10000043,16656,8800,8800,8800,10000,1
2017-12-02,10000043,16659,8000,8000,8000,716,2
2017-12-02,10000043,16662,14444,14444,14444,700,1
2017-12-02,10000043,16667,37999.98,37999.98,37999.98,1000,1
2017-12-02,10000043,16670,300,300,300,13108338,20
2017-12-02,10000043,16671,300,300,300,7129280,12
2017-12-02,10000043,16672,270.47,270.47,270.47,2622646,16
2017-12-02,10000043,16673,207.72,207.72,207.72,2590498,16
2017-12-02,10000043,16678,416.77,416.76,416.77,1590789,16
2017-12-02,10000043,16679,1107.5,1106.79,1292.38,663225,25
2017-12-02,10000043,16680,2343.34,2343.2,2343.35,119102,24
2017-12-02,10000043,16681,4328.06,4327.75,4328.08,420617,32
2017-12-02,10000043,16682,11798.99,11698.99,12499.96,97036,47
2017-12-02,10000043,16683,43998.86,42000.11,43998.96,16089,9
2017-12-02,10000043,16688,1500000,1500000,1500000,4,1
2017-12-02,10000043,16694,11500000,11500000,11500000,2,1
2017-12-02,10000043,17136,73999.99,73999.99,73999.99,624,7
2017-12-02,10000043,17167,4500000,4499999.99,4500000,9,3
2017-12-02,10000043,17178,1300000,1300000,1300000,2,1
2017-12-02,10000043,17180,1545000,1200000.02,1889999.98,2,2
2017-12-02,10000043,17181,3334996.93,3334996.93,3334996.94,5,2
2017-12-02,10000043,17182,700000,700000,700000,4,1
2017-12-02,10000043,17184,1500000,1500000,1500000,2,1
2017-12-02,10000043,17185,1400000,1400000,1400000,6,1
2017-12-02,10000043,17186,1300000.01,1300000,1300000.02,2,2
2017-12-02,10000043,17187,1200000.04,1200000.04,1200000.04,1,1
2017-12-02,10000043,17192,27406.67,2951,32297.8,6,3
2017-12-02,10000043,17194,255.79,255.79,255.79,2,2
2017-12-02,10000043,17199,2403.73,20.09,2520,43,11
2017-12-02,10000043,17200,100232.02,100231.04,100233,4,4
2017-12-02,10000043,17201,4006.96,4006.95,4006.98,59,6
2017-12-02,10000043,17202,86900.38,5001.12,238999,40,9
2017-12-02,10000043,17203,267826.11,20002.14,399998.89,23,9
2017-12-02,10000043,17204,200012.1,200012.1,200012.1,3,2
2017-12-02,10000043,17205,25006,25006,25006,4,3
2017-12-02,10000043,17207,2000000.79,2000000.79,2000000.79,1,1
2017-12-02,10000043,17208,5070.03,5070.03,5070.03,1,1
2017-12-02,10000043,17209,1021.47,1021.47,1021.47,1,1
2017-12-02,10000043,17210,398962.93,250210.52,600000,19,9
2017-12-02,10000043,17211,5071.15,4001.46,26999.81,43,7
2017-12-02,10000043,17212,5022041.37,5022041.37,5022041.37,4,2
2017-12-02,10000043,17213,10833.79,5000.56,39999.96,24,9
2017-12-02,10000043,17214,13152.91,4007.35,29999.99,54,22
2017-12-02,10000043,17216,21203.07,5.79,52998.99,5,2
2017-12-02,10000043,17218,125,125,125,2,2
2017-12-02,10000043,17222,125,125,125,3,2
2017-12-02,10000043,17223,51001.22,51001.22,51001.22,1,1
2017-12-02,10000043,17231,5010.21,5010.21,5010.21,10,6
2017-12-02,10000043,17233,3500,3500,3500,27,16
2017-12-02,10000043,17234,13981.8,6000,45908.99,5,3
2017-12-02,10000043,17235,49998.99,49998.99,49998.99,1,1
2017-12-02,10000043,17239,1201.34,1201.34,1201.34,8,8
2017-12-02,10000043,17243,2407.99,2407.99,2407.99,1,1
2017-12-02,10000043,17252,5400,2500.25,16999,15,11
2017-12-02,10000043,17254,2779.2,1000,2787.57,45,24
2017-12-02,10000043,17255,50000.99,50000.99,50000.99,4,3
2017-12-02,10000043,17256,1000.01,1000.01,1000.01,2,1
2017-12-02,10000043,17258,382436.72,161155.09,824999.99,3,2
2017-12-02,10000043,17261,125,125,125,13,8
2017-12-02,10000043,17262,133.01,133.01,133.01,1,1
2017-12-02,10000043,17264,125.13,125.13,125.13,1,1
2017-12-02,10000043,17272,501.14,501.14,501.14,1,1
2017-12-02,10000043,17317,89977.77,89969.99,89996.78,2722,8
2017-12-02,10000043,17325,5000000,5000000,5000000,1,1
2017-12-02,10000043,17327,5000000,5000000,5000000,1,1
2017-12-02,10000043,17329,5000000,5000000,5000000,1,1
2017-12-02,10000043,17330,5000000,5000000,5000000,8,8
2017-12-02,10000043,17331,5000000,5000000,5000000,1,1
2017-12-02,10000043,17332,5000000,5000000,5000000,2,2
2017-12-02,10000043,17334,5000000,5000000,5000000,8,8
2017-12-02,10000043,17335,5000000,5000000,5000000,6,5
2017-12-02,10000043,17336,5000000,5000000,5000000,6,6
2017-12-02,10000043,17337,5000000,5000000,5000000,1,1
2017-12-02,10000043,17338,5000000,5000000,5000000,7,7
2017-12-02,10000043,17339,5000000,5000000,5000000,1,1
2017-12-02,10000043,17340,5000000,5000000,5000000,1,1
2017-12-02,10000043,17345,5000000,5000000,5000000,1,1
2017-12-02,10000043,17347,5000000,5000000,5000000,1,1
2017-12-02,10000043,17348,5000000,5000000,5000000,10,7
2017-12-02,10000043,17349,5000000,5000000,5000000,9,9
2017-12-02,10000043,17350,5000000,5000000,5000000,8,7
2017-12-02,10000043,17353,5000000,5000000,5000000,2,2
2017-12-02,10000043,17356,5000000,5000000,5000000,1,1
2017-12-02,10000043,17359,5000000,5000000,5000000,7,7
2017-12-02,10000043,17363,173000.41,173000,173000.61,3,3
2017-12-02,10000043,17364,300049.85,300049.85,300049.85,1,1
2017-12-02,10000043,17366,33332,33332,33333,257,69
2017-12-02,10000043,17367,467397.77,449995,611874.41,6,6
2017-12-02,10000043,17368,1739998.56,1000000.01,2494996.85,26,8
2017-12-02,10000043,17392,124989,124989,124989,4835,10
2017-12-02,10000043,17407,1100000.27,1100000.27,1100000.27,6,1
2017-12-02,10000043,17408,700000.02,700000.02,700000.02,4,1
2017-12-02,10000043,17426,4300,4300,4300,376,2
2017-12-02,10000043,17429,4999.99,4999.99,4999.99,32,1
2017-12-02,10000043,17440,307.24,307.24,307.24,4678,3
2017-12-02,10000043,17441,455.13,455.13,455.13,6757,2
2017-12-02,10000043,17444,423.3,423.3,423.3,7607,4
2017-12-02,10000043,17445,315,315,315,20974,4
2017-12-02,10000043,17448,391.44,391.44,391.44,61217,10
2017-12-02,10000043,17449,252.19,252.15,252.2,25430,11
2017-12-02,10000043,17452,160.64,160.63,160.67,1209266,91
2017-12-02,10000043,17453,165.41,165.38,175.01,531951,82
2017-12-02,10000043,17455,23,23,23,13446,6
2017-12-02,10000043,17456,24,24,24,15549,4
2017-12-02,10000043,17459,43.5,41.17,44.07,5620569,123
2017-12-02,10000043,17460,40.25,40.24,46.07,2317199,81
2017-12-02,10000043,17463,15.93,15.92,18,4695629,137
2017-12-02,10000043,17464,20.5,19,20.5,2733695,99
2017-12-02,10000043,17470,13.56,12.7,16.69,19390041,181
2017-12-02,10000043,17471,14,10.96,16.79,8299410,113
2017-12-02,10000043,17476,22268133.54,20983001.4,22999999.89,60,38
2017-12-02,10000043,17477,2349399963.81,2349399963.81,2349399963.81,1,1
2017-12-02,10000043,17478,20983887.04,18900000,21199996,36,29
2017-12-02,10000043,17480,18073840.68,16000111.02,18302004.14,41,29
2017-12-02,10000043,17482,1799999.87,1701002.99,1989949.9,298,100
2017-12-02,10000043,17483,16130080,16130080,16130080,1,1
2017-12-02,10000043,17497,30000000,30000000,30000000,1,1
2017-12-02,10000043,17498,518930009.46,518930009.46,518930009.46,1,1
2017-12-02,10000043,17499,37999619.17,37999593.32,37999645.02,2,2
2017-12-02,10000043,17500,57250915.56,38080001.48,59989621.77,8,7
2017-12-02,10000043,17526,15883310.2,13000307,17033999,23,16
2017-12-02,10000043,17528,40740009.93,16200054.1,46000000.64,10,8
2017-12-02,10000043,17559,66622910.99,64999978.93,66786749.64,32,28
2017-12-02,10000043,17619,26899977.89,22249951.84,29999998.99,15,11
2017-12-02,10000043,17621,1647498.39,100000.12,4242495,6,5
2017-12-02,10000043,17624,1928.63,905.01,9999,8,8
2017-12-02,10000043,17636,510050561.5,480101123,539999999.99,2,2
2017-12-02,10000043,17646,500000,500000,500000,2,1
2017-12-02,10000043,17649,10000000,10000000,10000000,1,1
2017-12-02,10000043,17651,4000000,4000000,4000000,1,1
2017-12-02,10000043,17653,2000000,2000000,2000000,1,1
2017-12-02,10000043,17655,5000000,5000000,5000000,1,1
2017-12-02,10000043,17657,8000000,8000000,8000000,1,1
2017-12-02,10000043,17659,6000000,6000000,6000000,1,1
2017-12-02,10000043,17660,900,900,900,200,1
2017-12-02,10000043,17661,3000000,3000000,3000000,1,1
2017-12-02,10000043,17663,7000000,7000000,7000000,1,1
2017-12-02,10000043,17664,799.99,799.99,799.99,1500,1
2017-12-02,10000043,17667,12000000,12000000,12000000,2,2
2017-12-02,10000043,17668,1200,1200,1200,2281,2
2017-12-02,10000043,17669,20000000,20000000,20000000,1,1
2017-12-02,10000043,17671,11999999.98,11999999.98,11999999.98,1,1
2017-12-02,10000043,17672,997.75,997.75,997.75,4500,3
2017-12-02,10000043,17673,6000000,6000000,6000000,1,1
2017-12-02,10000043,17674,2947.99,2947.99,2947.99,1500,1
2017-12-02,10000043,17675,12999999.99,12999999.99,12999999.99,1,1
2017-12-02,10000043,17676,999.99,999.99,999.99,1500,1
2017-12-02,10000043,17677,9000000,9000000,9000000,1,1
2017-12-02,10000043,17678,1650,1650,1650,1500,1
2017-12-02,10000043,17679,15000000,15000000,15000000,1,1
2017-12-02,10000043,17681,35000000,35000000,35000000,1,1
2017-12-02,10000043,17683,10000000,10000000,10000000,1,1
2017-12-02,10000043,17685,20000000,20000000,20000000,1,1
2017-12-02,10000043,17686,530000,530000,530000,4,1
2017-12-02,10000043,17687,40000000,40000000,40000000,1,1
2017-12-02,10000043,17689,30000000,30000000,30000000,1,1
2017-12-02,10000043,17691,12500000,12500000,12500000,1,1
2017-12-02,10000043,17693,15000000,15000000,15000000,1,1
2017-12-02,10000043,17695,25000000,25000000,25000000,1,1
2017-12-02,10000043,17703,24724641.85,24701001.62,25000000.4,79,23
2017-12-02,10000043,17709,103279660.44,99080843.58,109999999.99,21,20
2017-12-02,10000043,17713,58256888.86,57999999.92,58703000,9,8
2017-12-02,10000043,17715,207680901.55,204999989.79,208999929.81,20,20
2017-12-02,10000043,17718,110500639.48,93005152.54,112999993.5,8,8
2017-12-02,10000043,17720,176481734.61,172007008.82,188999960.76,19,16
2017-12-02,10000043,17722,237988968.85,237988947.98,237988989.71,2,2
2017-12-02,10000043,17726,385248438.82,350500005.2,419996872.43,2,2
2017-12-02,10000043,17728,336010100,336010100,336010100,1,1
2017-12-02,10000043,17736,404626861.36,382803000,407000000,15,15
2017-12-02,10000043,17738,566540493.66,511011009.84,608499989.99,8,8
2017-12-02,10000043,17740,470757000.02,432514001.07,483999998.94,4,4
2017-12-02,10000043,17743,1,1,1,1,1
2017-12-02,10000043,17765,117777.77,117777.77,117777.77,641,15
2017-12-02,10000043,17767,200000,200000,200000,5,2
2017-12-02,10000043,17771,1300000,1300000,1300000.01,4,2
2017-12-02,10000043,17772,700000.11,700000.11,700000.11,8,1
2017-12-02,10000043,17791,1000,1000,1000,1215,5
2017-12-02,10000043,17794,5555555.33,5500000,5999998,9,3
2017-12-02,10000043,17795,539698.52,400002.79,743898.99,47,6
2017-12-02,10000043,17796,50004.05,50004.05,50004.05,10,1
2017-12-02,10000043,17812,14016661.33,11500014.01,15274984.99,3,3
2017-12-02,10000043,17840,493.61,1.01,603.08,11,10
2017-12-02,10000043,17841,16899705.35,16899639.6,16899719.29,32,22
2017-12-02,10000043,17843,72159552.81,60605504.8,74905976.91,31,29
2017-12-02,10000043,17850,1010000.1,1010000.1,1010000.1,1,1
2017-12-02,10000043,17859,101.3,101.3,101.3,6903,3
2017-12-02,10000043,17866,800,800,800,76,1
2017-12-02,10000043,17867,66.43,66.43,66.43,24397,8
2017-12-02,10000043,17868,65.02,65.02,65.02,122587,11
2017-12-02,10000043,17871,101011.04,101011.04,101011.04,1,1
2017-12-02,10000043,17887,1096,1095.99,1098,2448679,46
2017-12-02,10000043,17888,709.92,709.92,709.92,2433517,25
2017-12-02,10000043,17889,826.81,728.79,827.09,5570519,50
2017-12-02,10000043,17893,314999.98,314999.98,314999.98,183,60
2017-12-02,10000043,17894,236778.89,236778.89,479998.99,235,56
2017-12-02,10000043,17895,542879.87,541393.12,649999,245,61
2017-12-02,10000043,17897,2403.13,610,14955,8,2
2017-12-02,10000043,17898,100000.29,100000.29,100000.29,480,10
2017-12-02,10000043,17912,4099997,4037500,4099999.99,212,73
2017-12-02,10000043,17918,495339162.64,435000000.92,511999979.9,23,23
2017-12-02,10000043,17920,295026555.42,265106227.76,304999997.98,4,4
2017-12-02,10000043,17922,83552798.94,82874997.21,84007000.13,5,5
2017-12-02,10000043,17924,46740365.41,43450914.02,48900000,5,5
2017-12-02,10000043,17926,42000018.01,42000018.01,42000018.02,3,3
2017-12-02,10000043,17928,59607632.94,58000047.57,61999999.99,12,9
2017-12-02,10000043,17930,60000359.8,60000358.9,60000368.92,9,7
2017-12-02,10000043,17932,50222154.37,43000100,52999897.99,18,15
2017-12-02,10000043,17938,14006.34,14006.34,14006.35,445,307
2017-12-02,10000043,17939,60000,60000,60000,1,1
2017-12-02,10000043,17940,608166.04,500000,688999.99,24,24
2017-12-02,10000043,18025,415842.66,400000,436966.2,14,14
2017-12-02,10000043,18029,2500.93,2500.93,2500.93,1530,12
2017-12-02,10000043,18036,641975.48,641959.53,641979.94,64,5
2017-12-02,10000043,18037,800000,800000,800000,3,3
2017-12-02,10000043,18039,750000,750000,750000,3,3
2017-12-02,10000043,18040,164229.48,132344.3,227999.84,18,4
2017-12-02,10000043,18041,700000,700000,700000,3,3
2017-12-02,10000043,18042,104079.1,81975,184341.48,28,7
2017-12-02,10000043,18043,600000,600000,600000,2,2
2017-12-02,10000043,18044,436926.94,57887.8,450000,49,5
2017-12-02,10000043,18045,550000,550000,550000,1,1
2017-12-02,10000043,18046,94113.08,93750,94341.11,13,4
2017-12-02,10000043,18047,500000,500000,500000,2,2
2017-12-02,10000043,18048,118999.96,118999.96,118999.96,10,2
2017-12-02,10000043,18049,450000,450000,450000,2,2
2017-12-02,10000043,18050,60555.33,33000,63999.75,54,6
2017-12-02,10000043,18051,400000,400000,400000,2,2
2017-12-02,10000043,18052,40396.26,589.81,46498.9,61,11
2017-12-02,10000043,18053,350000,350000,350000,2,2
2017-12-02,10000043,18054,221999.9,221999.9,221999.9,16,3
2017-12-02,10000043,18055,1000000,1000000,1000000,2,2
2017-12-02,10000043,18056,39640.5,28000,46996,28,5
2017-12-02,10000043,18057,300000,300000,300000,2,2
2017-12-02,10000043,18058,28996.36,28990,29000,22,5
2017-12-02,10000043,18059,250000,250000,250000,2,2
2017-12-02,10000043,18060,13999.77,13999.77,13999.77,351,19
2017-12-02,10000043,18061,200000,200000,200000,3,3
2017-12-02,10000043,18062,10679.48,518,11433.31,69,12
2017-12-02,10000043,18063,150000,150000,150000,3,3
2017-12-02,10000043,18064,194899.94,194899.93,194899.94,17,3
2017-12-02,10000043,18065,650000,650000,650000,4,4
2017-12-02,10000043,18066,7123.96,7123.96,7123.97,223,15
2017-12-02,10000043,18067,100000,100000,100000,4,4
2017-12-02,10000043,18068,1602246.16,710109.23,1850000,9,5
2017-12-02,10000043,18580,103821666.66,100000000,106878999.99,9,9
2017-12-02,10000043,18590,971253.26,568798.99,1000000,90,10
2017-12-02,10000043,18592,774270.18,439868.05,844343.79,57,11
2017-12-02,10000043,18594,796079.11,539989.87,878281.99,72,9
2017-12-02,10000043,18596,216887.79,216887.79,216887.79,8,1
2017-12-02,10000043,18598,929954.32,629000.01,997000,44,8
2017-12-02,10000043,18600,378483.84,239888.79,437000,62,9
2017-12-02,10000043,18602,304223.02,257999.99,440393.91,60,7
2017-12-02,10000043,18604,224222.95,224222.95,224222.95,104,7
2017-12-02,10000043,18606,419000,419000,649889.06,264,25
2017-12-02,10000043,18608,941463.37,930432.32,990000,27,6
2017-12-02,10000043,18610,208779.87,208779.87,662999.98,123,7
2017-12-02,10000043,18612,239566.99,152206.25,270999,82,9
2017-12-02,10000043,18614,200000,200000,227000,278,23
2017-12-02,10000043,18616,118053.42,68000,124332.21,93,15
2017-12-02,10000043,18618,250000,250000,250000,455,23
2017-12-02,10000043,18624,871224.12,669000,990999,32,4
2017-12-02,10000043,18635,49000,49000,49000,482,13
2017-12-02,10000043,18637,89999,89999,89999,2147,3
2017-12-02,10000043,18639,29507.7,7098.02,31996.96,76,55
2017-12-02,10000043,18655,1.12,1.12,1.12,3,3
2017-12-02,10000043,18660,60244929.81,58000000,64979720.25,4,4
2017-12-02,10000043,18662,67149548.12,67149548.1,67149548.13,2,2
2017-12-02,10000043,18668,23199000,23199000,23199000,1,1
2017-12-02,10000043,18676,57999971.97,50000000,59999964.97,5,4
2017-12-02,10000043,18680,34495633.29,33498962,34993968.94,3,3
2017-12-02,10000043,18682,67999999.98,67999999.98,67999999.98,3,3
2017-12-02,10000043,18688,150167963.27,130435000,160034444.91,3,3
2017-12-02,10000043,18692,26342016.66,25026050.01,26999999.99,6,6
2017-12-02,10000043,18706,45000000,45000000,45000000,1,1
2017-12-02,10000043,18708,67783660.33,65000000,68088999.58,20,19
2017-12-02,10000043,18710,63266633.16,60000001.16,64949948.99,9,8
2017-12-02,10000043,18730,289993.99,289993.99,289993.99,1,1
2017-12-02,10000043,18752,850000,700000,1000000,2,2
2017-12-02,10000043,18754,95100,200,190000,4,4
2017-12-02,10000043,18756,788998.99,788998.99,788999,3,3
2017-12-02,10000043,18758,375851.39,160059.42,429999.98,12,9
2017-12-02,10000043,18760,250000,250000,250000,1,1
2017-12-02,10000043,18762,187525,25050,350000,2,2
2017-12-02,10000043,18764,19999999,19999999,19999999,2,2
2017-12-02,10000043,18766,554024.99,176100,679999.99,4,4
2017-12-02,10000043,18772,115599.99,115599.99,115599.99,1,1
2017-12-02,10000043,18775,2347500,300000,4395000,2,2
2017-12-02,10000043,18779,65985000,65985000,65985000,5,5
2017-12-02,10000043,18789,67526185.91,62200000,71076969.84,5,4
2017-12-02,10000043,18791,9999980,9999980,9999980,2,2
2017-12-02,10000043,18793,1747504.51,1545009.01,1950000,2,2
2017-12-02,10000043,18797,2344998,2344998,2344998,4,4
2017-12-02,10000043,18799,120499810.6,116599847.99,139999560,6,6
2017-12-02,10000043,18803,16078041.13,16078035.99,16078046.27,2,2
2017-12-02,10000043,18805,2100400.99,2100400.99,2100400.99,1,1
2017-12-02,10000043,18807,8022727.99,8022727.99,8022727.99,1,1
2017-12-02,10000043,18811,39198438.98,39198438.98,39198438.98,1,1
2017-12-02,10000043,18815,8399663.75,8100000.12,8998991,3,3
2017-12-02,10000043,18817,14233333.33,14200000,14299999.99,3,3
2017-12-02,10000043,18829,97742836.61,89264185.65,99999999.08,10,10
2017-12-02,10000043,18831,107003489.73,91014001.09,109999105.49,7,7
2017-12-02,10000043,18833,2614583.26,1111111.01,3111111.01,8,5
2017-12-02,10000043,18835,2772454.54,2695000,3224500,22,12
2017-12-02,10000043,18837,12249999.96,11999999.92,12500000,2,2
2017-12-02,10000043,18839,16496569.71,10269499.51,19000000,7,7
2017-12-02,10000043,18843,720000,500000,899999.99,5,4
2017-12-02,10000043,18845,7821999.66,7233000,8999998.99,3,3
2017-12-02,10000043,18847,2784622.97,2600009.86,3599999.97,13,7
2017-12-02,10000043,18849,257860329.57,250000000,269650823.93,5,4
2017-12-02,10000043,18851,199019973.69,199019973.69,199019973.69,1,1
2017-12-02,10000043,18853,9494989.99,9494989.99,9494989.99,2,2
2017-12-02,10000043,18857,23747499.99,20000000,24997000,4,4
2017-12-02,10000043,18859,28273968.7,28273968.7,28273968.7,1,1
2017-12-02,10000043,18863,7000018.87,7000018.87,7000018.87,1,1
2017-12-02,10000043,18865,33073546.39,33073546.39,33073546.39,1,1
2017-12-02,10000043,18867,33109000,33109000,33109000,1,1
2017-12-02,10000043,18869,9499500,9000000,9998999.99,2,2
2017-12-02,10000043,18873,63999999.99,63999999.99,64000000,4,4
2017-12-02,10000043,18875,68993979.94,68993979.94,68993979.94,1,1
2017-12-02,10000043,18877,21885687.73,21885681.3,21885700.6,3,3
2017-12-02,10000043,18881,844908240.1,844908240.1,844908240.1,1,1
2017-12-02,10000043,18883,828756043.37,824999000,834391108.42,5,5
2017-12-02,10000043,18885,24755002.9,24510005.79,25000000,2,2
2017-12-02,10000043,18887,19999989.99,19999989.99,19999989.99,1,1
2017-12-02,10000043,18891,34878989.95,34878989.95,34878989.95,1,1
2017-12-02,10000043,18895,18898959.93,18898959.93,18898959.93,1,1
2017-12-02,10000043,18897,34999994.49,34999994.49,34999994.49,1,1
2017-12-02,10000043,18899,27974435.8,25999994.99,29948876.62,4,4
2017-12-02,10000043,18907,67299999.99,67299999.99,67299999.99,1,1
2017-12-02,10000043,18933,58999996.65,58999989.99,58999999.99,3,3
2017-12-02,10000043,18935,56988981.33,56988979,56988985.99,3,3
2017-12-02,10000043,18937,57499968.05,57499968.05,57499968.05,1,1
2017-12-02,10000043,18939,35227409.07,35227409.07,35227409.07,1,1
2017-12-02,10000043,18943,34610039.06,25270502,35999958,7,6
2017-12-02,10000043,18945,67557139.66,50024447.39,85089831.92,4,4
2017-12-02,10000043,18947,61669999.01,45010000.04,69999998.5,3,3
2017-12-02,10000043,18977,70999919.28,70999919.28,70999919.28,1,1
2017-12-02,10000043,18985,6729689.92,3075105.11,7061927.63,12,7
2017-12-02,10000043,18987,24098603.86,24098603.86,24098603.86,1,1
2017-12-02,10000043,18999,45999967.44,45999934.88,46000000,4,4
2017-12-02,10000043,19009,46311500.83,42526002.53,56999997.36,12,11
2017-12-02,10000043,19011,34999787.61,34999763.06,34999812.16,4,4
2017-12-02,10000043,19015,24899999.08,17325018.02,29949989.99,10,8
2017-12-02,10000043,19017,120869227.47,115000017.58,125899976.97,13,9
2017-12-02,10000043,19019,177910697.58,135936000.46,182897989.42,6,6
2017-12-02,10000043,19021,358282814.22,233231000.02,399966748.95,4,4
2017-12-02,10000043,19023,110512748.9,92051000.67,117000000,8,6
2017-12-02,10000043,19027,277550482.22,256101035.66,298999928.77,2,2
2017-12-02,10000043,19029,94234287.64,85855003.5,98249999.94,7,6
2017-12-02,10000043,19039,40000001.66,40000001.66,40000001.66,1,1
2017-12-02,10000043,19040,82299929.84,82299929.84,82299929.84,1,1
2017-12-02,10000043,19045,138974420.02,138900000,138983696.37,9,8
2017-12-02,10000043,19046,115537254.2,103093800.04,120079209.11,11,10
2017-12-02,10000043,19047,1100000.01,1100000.01,1100000.01,7,1
2017-12-02,10000043,19051,4286454.92,3909410.03,5291955,22,13
2017-12-02,10000043,19053,13500000,13499999.99,13500000,4,2
2017-12-02,10000043,19055,22999999.97,22999999.97,22999999.97,2,2
2017-12-02,10000043,19069,21000,21000,21000,1,1
2017-12-02,10000043,19075,50000,49999.99,50000,2,2
2017-12-02,10000043,19077,20505,20505,20505,1,1
2017-12-02,10000043,19079,3802999.99,3802999.99,3802999.99,2,2
2017-12-02,10000043,19083,200,200,200,1,1
2017-12-02,10000043,19085,15000,15000,15000,1,1
2017-12-02,10000043,19101,25633242.5,25466555,25799930,2,2
2017-12-02,10000043,19103,22298999.98,22298999.98,22298999.98,1,1
2017-12-02,10000043,19105,23833316.65,20000000,24999979.98,6,5
2017-12-02,10000043,19107,10250000,10000000,10500000,2,2
2017-12-02,10000043,19111,29626113.09,20505026,32999718.87,4,3
2017-12-02,10000043,19119,20163319.31,19499983.98,21489989.99,9,5
2017-12-02,10000043,19133,12998921.21,12998921.21,12998921.21,1,1
2017-12-02,10000043,19137,9900000,9900000,9900000,3,1
2017-12-02,10000043,19141,24870898.43,24870898.43,24870898.43,1,1
2017-12-02,10000043,19147,9254789.92,2080556,9970872.98,22,11
2017-12-02,10000043,19149,39833486.98,39833486.98,39833486.98,1,1
2017-12-02,10000043,19151,52181019.83,52173745.56,52186837.24,9,5
2017-12-02,10000043,19171,62000000,60000000,66000000,3,3
2017-12-02,10000043,19175,43666999,43666999,43666999,1,1
2017-12-02,10000043,19177,34101040.12,34101040.12,34101040.12,1,1
2017-12-02,10000043,19179,64999979.98,64999979.98,64999979.98,1,1
2017-12-02,10000043,19185,379999998.99,379999998.99,379999998.99,1,1
2017-12-02,10000043,19187,29900005.2,27660050.03,35499877.94,14,9
2017-12-02,10000043,19191,248989924.88,248989909.86,248989939.89,2,2
2017-12-02,10000043,19195,339999995,339999989.99,340000000,2,2
2017-12-02,10000043,19196,417998996,417998995,417998996.99,2,2
2017-12-02,10000043,19198,581659309.29,486000000,629488963.94,3,3
2017-12-02,10000043,19199,299999997.97,299999997.97,299999997.97,1,1
2017-12-02,10000043,19200,208590307.68,190491923.14,217639499.95,6,6
2017-12-02,10000043,19201,87949448,85000000,90898896,2,2
2017-12-02,10000043,19202,56983430.94,56983430.94,56983430.94,1,1
2017-12-02,10000043,19203,91886407.08,91886407.08,91886407.08,1,1
2017-12-02,10000043,19204,43998494,43997999,43998989,2,2
2017-12-02,10000043,19205,122999902.29,122999902.29,122999902.29,1,1
2017-12-02,10000043,19207,149888865.66,149888857.95,149888867.98,13,13
2017-12-02,10000043,19208,92436254.48,76038208.23,99999000,16,16
2017-12-02,10000043,19209,225900,225900,225900,1,1
2017-12-02,10000043,19211,874997.75,200000,1099997,8,8
2017-12-02,10000043,19213,920499.54,382007.74,1099996.81,8,8
2017-12-02,10000043,19215,15721672.03,9500002.26,16995839.88,24,22
2017-12-02,10000043,19219,15987704.08,15987704.08,15987704.08,4,3
2017-12-02,10000043,19223,54999995,54999989.99,55000000,2,2
2017-12-02,10000043,19231,89961484.92,89960979.94,89961989.9,2,2
2017-12-02,10000043,19233,4899999.75,4899999.74,4899999.75,2,2
2017-12-02,10000043,19235,37000000,37000000,37000000,1,1
2017-12-02,10000043,19237,8499968.89,8499820.75,8500015,10,7
2017-12-02,10000043,19241,9666666.67,9500000,10000000,3,3
2017-12-02,10000043,19243,11000973.97,11000973.97,11000973.97,1,1
2017-12-02,10000043,19245,34393930.34,26960226.97,35986867.49,17,12
2017-12-02,10000043,19247,21900005.04,21900005.04,21900005.04,1,1
2017-12-02,10000043,19249,49000000,49000000,49000000,1,1
2017-12-02,10000043,19251,42000000,42000000,42000000,1,1
2017-12-02,10000043,19253,45000000,45000000,45000000,1,1
2017-12-02,10000043,19255,70402211.75,37154976.43,97000000,9,5
2017-12-02,10000043,19257,18999999,18999999,18999999,1,1
2017-12-02,10000043,19259,8988999.97,8988999.97,8988999.97,1,1
2017-12-02,10000043,19261,33000000,33000000,33000000,2,2
2017-12-02,10000043,19262,68000000.01,68000000.01,68000000.01,1,1
2017-12-02,10000043,19263,65999931.49,65999926.98,65999936,2,2
2017-12-02,10000043,19264,69998497.24,69998479.87,69998531.98,3,3
2017-12-02,10000043,19265,55849919.89,55849919.89,55849919.89,1,1
2017-12-02,10000043,19266,85580128.92,85580128.92,85580128.92,1,1
2017-12-02,10000043,19268,100000.64,100000.64,100000.64,1,1
2017-12-02,10000043,19275,12999989.84,12999989.84,12999989.84,1,1
2017-12-02,10000043,19280,114993000,114993000,114993000,1,1
2017-12-02,10000043,19281,55002250.13,55002000.16,55003000.02,4,3
2017-12-02,10000043,19282,144999953.05,144999939.69,144999959.74,3,3
2017-12-02,10000043,19283,7729045.9,4615076.46,12400000,5,4
2017-12-02,10000043,19284,33409863.91,33101959.94,34949363.69,6,5
2017-12-02,10000043,19286,8899259.3,8000000,8999989.97,6,4
2017-12-02,10000043,19288,47306051.38,47306051.38,47306051.38,2,1
2017-12-02,10000043,19289,122443734,114999999,129887469,2,2
2017-12-02,10000043,19295,223010012.3,223009980.78,223010101.07,7,7
2017-12-02,10000043,19301,161120372.79,132110105.4,175625506.49,3,3
2017-12-02,10000043,19313,49999959.96,49999959.96,49999959.96,1,1
2017-12-02,10000043,19315,134052684.5,134052681.63,134052691.66,7,7
2017-12-02,10000043,19317,246966322.18,246959989.98,246989988.99,4,4
2017-12-02,10000043,19321,159700526.04,156018104.14,160928000,4,4
2017-12-02,10000043,19323,220000000,220000000,220000000,1,1
2017-12-02,10000043,19325,37455847.25,31005001.61,37999989.91,11,11
2017-12-02,10000043,19329,131648000.01,131648000.01,131648000.01,1,1
2017-12-02,10000043,19335,469599659.95,468999989.93,469899494.96,3,3
2017-12-02,10000043,19339,114999675.42,114999667.47,114999677.47,5,5
2017-12-02,10000043,19343,26007000,26007000,26007000,1,1
2017-12-02,10000043,19345,128186996.64,128186989.96,128186999.99,3,3
2017-12-02,10000043,19347,120000000,119999999.99,120000000,2,2
2017-12-02,10000043,19361,1100000,1100000,1100000,1,1
2017-12-02,10000043,19398,188888.76,188888.76,188888.76,1,1
2017-12-02,10000043,19400,3600.23,3600.23,3600.23,148,27
2017-12-02,10000043,19401,20000,20000,20000,1,1
2017-12-02,10000043,19402,40000,40000,40000,11,2
2017-12-02,10000043,19404,156521.63,141002.03,180000,98,47
2017-12-02,10000043,19405,318253.93,261002.19,360000,83,34
2017-12-02,10000043,19406,600000,600000,600000,205,46
2017-12-02,10000043,19407,1200000,1200000,1200000,177,41
2017-12-02,10000043,19408,1957150.36,1900010.5,2100000,7,4
2017-12-02,10000043,19409,5268164.75,5010205.92,6300000,5,4
2017-12-02,10000043,19410,9000002.25,9000002.25,9000002.25,3,2
2017-12-02,10000043,19412,15768001.03,15768001.02,15768001.03,3,2
2017-12-02,10000043,19413,19420002.37,17000004.77,21840000,8,5
2017-12-02,10000043,19416,42700114.74,40200688.42,43200000,36,14
2017-12-02,10000043,19417,49700003.54,47500007.47,51680000,19,9
2017-12-02,10000043,19418,60320043.48,59000108.71,61200000,5,4
2017-12-02,10000043,19419,80000000,80000000,80000000,10,3
2017-12-02,10000043,19420,99000001.6,99000001.6,99000001.6,2,2
2017-12-02,10000043,19421,131555526.44,123000000.56,133837000,38,13
2017-12-02,10000043,19422,2790014.21,2600018.91,3360000,4,3
2017-12-02,10000043,19500,6239.07,2001.2,23999.98,21,17
2017-12-02,10000043,19534,29639969.97,29639969.97,29639969.97,1,1
2017-12-02,10000043,19540,142208919.97,142208919.97,142208919.97,1,1
2017-12-02,10000043,19548,249955009.97,249955009.97,249955009.97,1,1
2017-12-02,10000043,19550,169889119.67,169889119.67,169889119.67,1,1
2017-12-02,10000043,19551,175008986.21,175008986.21,175008986.21,1,1
2017-12-02,10000043,19553,242292996.27,242292996.27,242292996.27,1,1
2017-12-02,10000043,19554,496010105.04,496010105.04,496010105.04,1,1
2017-12-02,10000043,19555,749999994.22,749999994.22,749999994.22,1,1
2017-12-02,10000043,19556,1435299998.3,1435299998.3,1435299998.3,1,1
2017-12-02,10000043,19658,549999.99,549999.99,549999.99,1,1
2017-12-02,10000043,19660,28999.99,28999.99,28999.99,170,25
2017-12-02,10000043,19684,23999925.98,23999919.97,23999928.99,3,3
2017-12-02,10000043,19685,173858179.6,173858154.54,173858229.72,3,3
2017-12-02,10000043,19686,178999853.85,178999848.84,178999858.85,2,2
2017-12-02,10000043,19687,178989879.98,178989879.98,178989879.98,1,1
2017-12-02,10000043,19688,199919999.16,199919999.16,199919999.16,1,1
2017-12-02,10000043,19689,79999939.9,79999939.9,79999939.9,1,1
2017-12-02,10000043,19693,180000000,180000000,180000000,1,1
2017-12-02,10000043,19695,40650489.3,21300988.61,59999989.99,2,2
2017-12-02,10000043,19699,19799959.43,19799959.43,19799959.43,1,1
2017-12-02,10000043,19719,31528646.29,30000000,31998998.99,17,17
2017-12-02,10000043,19721,2000000000,2000000000,2000000000,1,1
2017-12-02,10000043,19724,1892488599.98,1892488599.98,1892488599.98,1,1
2017-12-02,10000043,19739,3999994,3999994,3999994,188,24
2017-12-02,10000043,19744,649412.71,306000,770699.74,31,24
2017-12-02,10000043,19745,4977500,4977500,4977500,1,1
2017-12-02,10000043,19759,202500,200000,205000,6,6
2017-12-02,10000043,19760,168396.59,160000,187988.62,20,10
2017-12-02,10000043,19761,1149999.37,1000000,1249998.96,10,10
2017-12-02,10000043,19766,811166.67,800000,868000,6,6
2017-12-02,10000043,19767,403000,400000,410000,10,9
2017-12-02,10000043,19806,1108471.62,960001.22,1124326.28,60,37
2017-12-02,10000043,19810,69723.06,1802.06,199998.77,59,33
2017-12-02,10000043,19812,5012.25,502.3,18198.99,47,17
2017-12-02,10000043,19814,12788.56,6712.33,22999.83,91,56
2017-12-02,10000043,19921,104117.65,96000,180000,17,17
2017-12-02,10000043,19922,623951.73,600000,659879.33,10,10
2017-12-02,10000043,19923,16710.64,4200.01,148295.64,23,15
2017-12-02,10000043,19925,5609.44,4085.03,33085.04,17,11
2017-12-02,10000043,19927,35915.59,12660.52,64998.9,29,19
2017-12-02,10000043,19929,17122.61,3643.06,100000,35,24
2017-12-02,10000043,19931,52433.75,4613.84,137446.93,25,12
2017-12-02,10000043,19935,7354.26,6757.26,13996,97,44
2017-12-02,10000043,19937,1158.62,56.36,5000,79,39
2017-12-02,10000043,19939,7305.87,7305.87,7305.87,132,61
2017-12-02,10000043,19942,70003.44,2006.06,239999.95,7,7
2017-12-02,10000043,19944,58578.58,18000,114998.99,19,12
2017-12-02,10000043,19946,35905.17,20105.98,146499.49,16,14
2017-12-02,10000043,19948,7348.64,7002.01,24679.95,51,13
2017-12-02,10000043,19950,7029.87,4831.97,39998.99,48,12
2017-12-02,10000043,19952,38854.66,12655.6,74443.3,73,22
2017-12-02,10000043,19962,1.66,1.66,1.66,7000,4
2017-12-02,10000043,19964,69.99,69.99,69.99,3000,3
2017-12-02,10000043,19966,10,10,10,1000,1
2017-12-02,10000043,19968,2.01,2.01,2.01,2000,2
2017-12-02,10000043,19970,22.68,14.57,30.79,2000,2
2017-12-02,10000043,19972,9.88,9.88,9.88,3000,2
2017-12-02,10000043,19974,2.38,2.38,2.38,1000,1
2017-12-02,10000043,19978,2066,2066,2066,24,15
2017-12-02,10000043,19980,200.01,200.01,200.01,15,8
2017-12-02,10000043,19982,3019.04,3011,3021.07,5,5
2017-12-02,10000043,19990,54.4,54.4,54.4,1140,2
2017-12-02,10000043,19992,2498.6,2498.6,2498.6,1640,2
2017-12-02,10000043,19994,8.03,8.03,8.03,1000,1
2017-12-02,10000043,19996,3.55,3.55,3.55,4000,2
2017-12-02,10000043,19998,3.21,3.21,3.21,1000,1
2017-12-02,10000043,20000,2999.98,2999.98,2999.98,3975,2
2017-12-02,10000043,20004,4695.57,4695.57,4695.57,1920,1
2017-12-02,10000043,20006,4494.56,4494.56,4494.56,2444,5
2017-12-02,10000043,20012,12000,12000,12000,3,3
2017-12-02,10000043,20014,31449,31449,31449,2,2
2017-12-02,10000043,20016,131999,131999,131999,2,2
2017-12-02,10000043,20018,7312.49,197.91,50000,14,5
2017-12-02,10000043,20020,5198.84,5198.16,5199.01,5,3
2017-12-02,10000043,20022,29809.25,8079,95000,4,2
2017-12-02,10000043,20024,160540.67,45449.01,735998.99,6,4
2017-12-02,10000043,20043,69.89,69.89,69.89,3000,2
2017-12-02,10000043,20045,496.94,496.94,496.94,2000,2
2017-12-02,10000043,20049,5,5,5,1000,1
2017-12-02,10000043,20059,29000000.5,29000000.5,29000000.5,1,1
2017-12-02,10000043,20060,54999952.69,50000032.07,59999873.3,4,4
2017-12-02,10000043,20064,41000000.01,41000000.01,41000000.01,1,1
2017-12-02,10000043,20110,240000.01,240000.01,240000.01,1,1
2017-12-02,10000043,20114,4000,4000,4000,232,6
2017-12-02,10000043,20115,3100,3100,3100,186,9
2017-12-02,10000043,20121,124999979.48,124999978.99,124999979.97,2,2
2017-12-02,10000043,20125,285000449.17,231009149.25,293998999,7,7
2017-12-02,10000043,20138,70666.97,55000.99,195994.82,9,2
2017-12-02,10000043,20157,259999966.48,259999965.99,259999966.96,2,2
2017-12-02,10000043,20158,217399984.71,217299989.8,217499979.61,2,2
2017-12-02,10000043,20160,899999979.96,899999979.96,899999979.96,1,1
2017-12-02,10000043,20161,1254186365.66,1182279548.99,1397999999,3,3
2017-12-02,10000043,20171,119399.98,119399.98,119399.98,2933,40
2017-12-02,10000043,20172,75000.16,75000.16,75000.16,415,26
2017-12-02,10000043,20183,1426999999.8,1389999999.5,1450000000,5,5
2017-12-02,10000043,20185,1171556001.44,1090010019.93,1191939999.43,5,5
2017-12-02,10000043,20187,1198333332.98,1192500000,1209999998.95,3,3
2017-12-02,10000043,20189,1124999999.94,1124999999.94,1124999999.95,3,3
2017-12-02,10000043,20209,1937496.25,999990,2500000,8,8
2017-12-02,10000043,20210,1267880.5,1044949.62,2500000.01,13,13
2017-12-02,10000043,20211,3580884.25,1640507.01,3774894.98,11,11
2017-12-02,10000043,20212,16298855.79,16298822.99,16298899.99,5,5
2017-12-02,10000043,20213,13821414.27,12799979.98,19950000,7,7
2017-12-02,10000043,20280,59999979.92,59999979.92,59999979.92,3,3
2017-12-02,10000043,20306,79.86,38.01,79.86,18158,5
2017-12-02,10000043,20307,50.99,50.99,50.99,44671,7
2017-12-02,10000043,20308,60.91,60.91,60.91,63600,5
2017-12-02,10000043,20312,1175049.87,999999,1196700,41,22
2017-12-02,10000043,20314,215225.27,200324.39,427162,30,11
2017-12-02,10000043,20315,1885231.1,1779554,1892691,37,18
2017-12-02,10000043,20327,15000000,15000000,15000000,214,16
2017-12-02,10000043,20342,50714492.2,50000000,57000556.02,21,19
2017-12-02,10000043,20345,110839.98,1779.9,142000,9,6
2017-12-02,10000043,20347,811579.92,584328.83,900100,43,16
2017-12-02,10000043,20349,961112.76,755023,969998.97,18,13
2017-12-02,10000043,20351,1793765.37,1252161.02,1939972.71,32,30
2017-12-02,10000043,20353,3399999.9,3399998,3399999.91,197,92
2017-12-02,10000043,20371,225000000,225000000,225000000,1,1
2017-12-02,10000043,20410,117142.99,96899.95,117143.79,929,23
2017-12-02,10000043,20411,167898.99,166999.98,167899.98,5899,79
2017-12-02,10000043,20412,119000,119000,119000,972,20
2017-12-02,10000043,20413,173466.91,173466.87,173998.87,3555,69
2017-12-02,10000043,20414,219999.99,219999.99,219999.99,2547,61
2017-12-02,10000043,20415,132999,132999,132999,3402,46
2017-12-02,10000043,20416,187996.7,187996.7,187996.7,2425,53
2017-12-02,10000043,20417,119137.98,96879.02,119137.99,686,21
2017-12-02,10000043,20418,139999.99,139999.99,141387.98,14107,74
2017-12-02,10000043,20419,239999.97,176001.29,248999.98,4620,42
2017-12-02,10000043,20420,105668.87,105668.87,105668.87,465,22
2017-12-02,10000043,20421,40000.82,40000.82,40000.83,576,46
2017-12-02,10000043,20423,93000.03,93000.03,93000.03,312,22
2017-12-02,10000043,20424,46899,46899,46899,8788,108
2017-12-02,10000043,20425,4000,4000,4000,78,4
2017-12-02,10000043,20433,499999.99,499999.99,499999.99,2,2
2017-12-02,10000043,20444,45552640.99,45552640.99,45552640.99,2,1
2017-12-02,10000043,20445,43006260,43006260,43006260,1,1
2017-12-02,10000043,20447,48404274,48404274,48404274,2,1
2017-12-02,10000043,20450,40000000,40000000,40000000,3,1
2017-12-02,10000043,20452,52769006.18,52751098.75,52777959.9,3,3
2017-12-02,10000043,20494,102233.34,100000,129999.95,9,9
2017-12-02,10000043,20495,109949.14,100000,119898.28,6,6
2017-12-02,10000043,20498,34799907.42,34799907.42,34799907.42,1,1
2017-12-02,10000043,20499,89999998,89999998,89999998,1,1
2017-12-02,10000043,20501,111714014.39,111714014.39,111714014.39,1,1
2017-12-02,10000043,20503,258999743.99,258999743.99,258999743.99,1,1
2017-12-02,10000043,20505,478999948.93,478999948.93,478999948.93,1,1
2017-12-02,10000043,20506,74113024.76,74113024.76,74113024.76,1,1
2017-12-02,10000043,20507,167222009,167222009,167222009,1,1
2017-12-02,10000043,20508,249999999,249999999,249999999,1,1
2017-12-02,10000043,20509,940000000,940000000,940000000,1,1
2017-12-02,10000043,20524,75000000,75000000,75000000,45,7
2017-12-02,10000043,20525,100000000,100000000,100000000,21,8
2017-12-02,10000043,20526,84998944.99,84998944.98,84998944.99,2,2
2017-12-02,10000043,20528,84695119.33,84690000,84697679,3,3
2017-12-02,10000043,20530,114998989.99,114998989.99,114998989.99,1,1
2017-12-02,10000043,20531,113399999.99,113399999.98,113399999.99,2,2
2017-12-02,10000043,20532,129999999.98,129999999.98,129999999.98,1,1
2017-12-02,10000043,20533,399133312.49,261133000.01,400000000,16,14
2017-12-02,10000043,20539,38568330.38,38568330.38,38568330.38,1,1
2017-12-02,10000043,20563,163999989.99,128000000.01,199999979.97,2,2
2017-12-02,10000043,20567,19899688.37,19899688.37,19899688.37,1,1
2017-12-02,10000043,20589,41000000,41000000,41000000,1,1
2017-12-02,10000043,20597,17999999,17999999,17999999,4,3
2017-12-02,10000043,20611,22004288,22004288,22004288,1,1
2017-12-02,10000043,20631,26989062.38,26989048.24,26989187.15,4,4
2017-12-02,10000043,20637,60000000,60000000,60000000,2,1
2017-12-02,10000043,20701,50339995.13,44680001.27,55999989,4,4
2017-12-02,10000043,20703,60000000,60000000,60000000,1,1
2017-12-02,10000043,20721,99.99,99.99,99.99,112733,16
2017-12-02,10000043,20723,26.01,26.01,26.01,4800,2
2017-12-02,10000043,20729,14.85,14.85,14.85,1000,1
2017-12-02,10000043,20739,7993,7993,7993,7021,3
2017-12-02,10000043,20741,9214.96,9214.96,9214.96,5014,3
2017-12-02,10000043,20747,9198.97,9198.97,9198.97,10000,2
2017-12-02,10000043,20767,276989.99,276989.99,276989.99,514,3
2017-12-02,10000043,20769,1.07,1.07,1.07,8000,2
2017-12-02,10000043,20771,858.8,858.8,858.8,1000,1
2017-12-02,10000043,20775,1629.74,1629.74,1629.74,1120,2
2017-12-02,10000043,20785,69.45,69.45,69.45,1000,1
2017-12-02,10000043,20789,9999.99,9999.99,9999.99,1999,2
2017-12-02,10000043,20793,3256.89,3256.89,3256.89,1000,1
2017-12-02,10000043,20817,1000,1000,1000,2,2
2017-12-02,10000043,20823,150000,150000,150000,4,1
2017-12-02,10000043,20825,111.32,111.32,111.32,1,1
2017-12-02,10000043,20833,883461.56,85001.01,949999.94,13,3
2017-12-02,10000043,20847,1899999.95,1899999.95,1899999.96,6,2
2017-12-02,10000043,20849,42000.01,42000.01,42000.01,14,7
2017-12-02,10000043,20851,35107,35107,35107,4,4
2017-12-02,10000043,20853,20017.08,20017.08,20017.08,1,1
2017-12-02,10000043,20855,100255.01,100255.01,100255.01,1,1
2017-12-02,10000043,20867,868000.8,868000.8,868000.8,1,1
2017-12-02,10000043,20871,501547.08,501547.08,501547.08,1,1
2017-12-02,10000043,20913,4.08,4.08,4.08,1000,1
2017-12-02,10000043,20915,504.72,504.72,504.72,6000,2
2017-12-02,10000043,20917,2.72,2.72,2.72,1000,1
2017-12-02,10000043,20929,5078,5078,5078,12354,4
2017-12-02,10000043,20933,9984,9984,9984,2000,1
2017-12-02,10000043,21009,5500106.05,5500106.05,5500106.05,9,1
2017-12-02,10000043,21012,1462602000,1462602000,1462602000,1,1
2017-12-02,10000043,21013,7500000,7500000,7500000,4,1
2017-12-02,10000043,21014,1248899999.99,1248899999.99,1248899999.99,1,1
2017-12-02,10000043,21018,1291210800,1291210800,1291210800,2,2
2017-12-02,10000043,21019,6976262.56,6000330.85,9144999.71,29,5
2017-12-02,10000043,21020,1146936000,1146936000,1146936000,2,2
2017-12-02,10000043,21021,4252413.81,4252413.81,4252413.81,10,1
2017-12-02,10000043,21022,1360063200,1360063200,1360063200,2,2
2017-12-02,10000043,21023,5440303.91,5440303.91,5440303.91,8,1
2017-12-02,10000043,21027,7969999.99,7969999.99,7969999.99,101,8
2017-12-02,10000043,21029,3513915.18,3513465.8,3514184.8,16,2
2017-12-02,10000043,21035,8650004.43,6900010.22,10899996.98,16,3
2017-12-02,10000043,21037,6894845.09,6894842.15,6894847.85,31,3
2017-12-02,10000043,21059,124529.41,122000,240000,34,34
2017-12-02,10000043,21071,129498.78,129498.78,129498.78,35,16
2017-12-02,10000043,21073,15000.06,15000.06,15000.06,2,2
2017-12-02,10000043,21075,102.01,102,102.01,7,6
2017-12-02,10000043,21076,10000.07,10000.07,10000.07,1,1
2017-12-02,10000043,21077,103751.1,8006.66,139999.98,24,15
2017-12-02,10000043,21078,28572.85,1001.99,97500,7,7
2017-12-02,10000043,21079,34484.06,5022.01,90000,19,14
2017-12-02,10000043,21080,233400,100,700000,3,3
2017-12-02,10000043,21081,93327.41,502,140000,15,13
2017-12-02,10000043,21082,111369.99,110110,111999.99,3,3
2017-12-02,10000043,21084,20305.92,20301.01,20310,11,7
2017-12-02,10000043,21085,240.01,100,500.01,5,5
2017-12-02,10000043,21086,74836.92,60000,180000,49,9
2017-12-02,10000043,21087,1500.32,1500.32,1500.32,2,2
2017-12-02,10000043,21088,1010416.84,1010416.84,1010416.84,1,1
2017-12-02,10000043,21089,501,501,501,4,3
2017-12-02,10000043,21096,1550000,1399999,1674995,122,62
2017-12-02,10000043,21194,95755.55,200.01,100000,18,13
2017-12-02,10000043,21196,130000.5,10001,250000,4,4
2017-12-02,10000043,21198,88499.01,88499.01,88499.01,5,5
2017-12-02,10000043,21200,100003.19,100003.19,100003.19,1,1
2017-12-02,10000043,21208,1485998.75,1485998.75,1485998.75,8,1
2017-12-02,10000043,21210,94001.01,94001.01,94001.01,3,2
2017-12-02,10000043,21212,1,1,1,2,1
2017-12-02,10000043,21214,358449,358449,358449,1,1
2017-12-02,10000043,21216,4166665.65,3499998.97,4499998.99,3,2
2017-12-02,10000043,21218,775000.75,100006.01,999999,4,2
2017-12-02,10000043,21222,971108.64,248826.38,999999.92,26,7
2017-12-02,10000043,21224,44999,44999,44999,1,1
2017-12-02,10000043,21226,27001.03,27001.03,27001.03,1,1
2017-12-02,10000043,21228,15300.67,15300.67,15300.67,1,1
2017-12-02,10000043,21230,10005.01,10005.01,10005.01,1,1
2017-12-02,10000043,21236,120028.08,120028.08,120028.08,1,1
2017-12-02,10000043,21256,10112.03,10112.03,10112.03,6,6
2017-12-02,10000043,21260,73449,73449,73449,3,3
2017-12-02,10000043,21266,301009.01,301009.01,301009.01,1,1
2017-12-02,10000043,21270,13000000,13000000,13000000,1,1
2017-12-02,10000043,21272,1100000,1099999.99,1100000,2,2
2017-12-02,10000043,21320,0.33,0.33,0.33,1500,2
2017-12-02,10000043,21322,22.5,20,25,2000,2
2017-12-02,10000043,21336,33,33,33,4000,1
2017-12-02,10000043,21386,1,1,1,1000,1
2017-12-02,10000043,21392,10,10,10,1000,1
2017-12-02,10000043,21450,234020.89,65501,469979.93,12,6
2017-12-02,10000043,21491,49999998.98,49999998.98,49999998.98,1,1
2017-12-02,10000043,21512,97798846.12,97798846.12,97798846.12,1,1
2017-12-02,10000043,21551,10987676.83,10987676.83,10987676.83,5,1
2017-12-02,10000043,21555,26939443.5,25989999,27888888,6,3
2017-12-02,10000043,21568,40100,40100,40100,3,3
2017-12-02,10000043,21570,221307.05,221307.04,221307.05,2,2
2017-12-02,10000043,21584,91000.01,91000.01,91000.01,2,1
2017-12-02,10000043,21587,120.2,120.2,120.2,1174,17
2017-12-02,10000043,21588,19,19,19,3728,15
2017-12-02,10000043,21589,100.14,100.14,100.14,1784,21
2017-12-02,10000043,21590,100,100,100,398,11
2017-12-02,10000043,21591,2.04,2.04,2.04,189,3
2017-12-02,10000043,21592,100.1,100.1,100.1,1056,14
2017-12-02,10000043,21593,1.24,1.24,1.24,2220,19
2017-12-02,10000043,21594,100.18,100.18,100.18,1311,17
2017-12-02,10000043,21595,59,59,59,577,12
2017-12-02,10000043,21596,250.15,250.15,250.15,357,6
2017-12-02,10000043,21603,8981648.29,1257575.14,10000000,29,20
2017-12-02,10000043,21604,31372640,31372640,31372640,1,1
2017-12-02,10000043,21610,20458083.07,20000000,21498998.96,12,12
2017-12-02,10000043,21611,31142875.44,30000000,32398001,16,16
2017-12-02,10000043,21638,967499.64,967498.66,967499.65,245,28
2017-12-02,10000043,21640,999999.97,999999.95,1000000.01,379,72
2017-12-02,10000043,21666,20427717.13,16499999,21998889.97,7,7
2017-12-02,10000043,21667,22399999.67,22399999,22400000,3,3
2017-12-02,10000043,21668,16000000,16000000,16000000,1,1
2017-12-02,10000043,21718,93424.97,45500,109399.97,8,8
2017-12-02,10000043,21722,799998.99,799998.99,799998.99,1,1
2017-12-02,10000043,21723,254551.83,4900.99,274219.99,14,7
2017-12-02,10000043,21725,1000025.01,1000025,1000025.03,3,3
2017-12-02,10000043,21726,28900.52,28900.52,28900.52,2,2
2017-12-02,10000043,21727,16004,16004,16004,3,3
2017-12-02,10000043,21728,81744.67,80000.03,100000,12,11
2017-12-02,10000043,21731,27509.99,27509.99,27509.99,2,1
2017-12-02,10000043,21732,107,107,107,1,1
2017-12-02,10000043,21733,12030000.89,12030000.89,12030000.89,1,1
2017-12-02,10000043,21740,1598.32,1598.31,1598.34,216574,34
2017-12-02,10000043,21789,778989,778989,778989,2,2
2017-12-02,10000043,21790,38394.72,8500,47999.93,19,11
2017-12-02,10000043,21791,4613.4,1500,10000,22,13
2017-12-02,10000043,21802,37253391.39,31889988.99,43893494.5,5,5
2017-12-02,10000043,21803,17671894.64,17500000,19390841,11,7
2017-12-02,10000043,21815,7710505.56,7710505.56,7710505.56,477,60
2017-12-02,10000043,21841,12000.09,12000.09,12000.09,54,10
2017-12-02,10000043,21853,35056.04,12613.01,128000,22,19
2017-12-02,10000043,21855,25,25,25,2,1
2017-12-02,10000043,21857,500.03,500.03,500.03,137,98
2017-12-02,10000043,21867,41.91,41.91,41.91,31002,5
2017-12-02,10000043,21868,3499999.91,3499999.91,3499999.91,1,1
2017-12-02,10000043,21889,16902014.97,16902014.97,16902014.97,1,1
2017-12-02,10000043,21890,53049945.43,31100001.02,74999889.83,2,2
2017-12-02,10000043,21894,1186.04,1180.17,1186.07,201587,43
2017-12-02,10000043,21896,763.19,713.84,763.22,212456,72
2017-12-02,10000043,21898,498.98,495,499,282563,109
2017-12-02,10000043,21902,1134.99,1134.99,1134.99,64609,23
2017-12-02,10000043,21904,703.22,702.96,707.96,126104,46
2017-12-02,10000043,21906,449.95,416.67,449.95,221358,64
2017-12-02,10000043,21910,1899.99,1899.99,1899.99,9728,6
2017-12-02,10000043,21912,762.33,762.33,762.33,7494,4
2017-12-02,10000043,21914,544.22,544.22,544.22,3920,3
2017-12-02,10000043,21918,1184.68,1184.68,1184.68,67818,25
2017-12-02,10000043,21922,723.43,723.41,730.82,110647,42
2017-12-02,10000043,21924,479.75,470.28,479.77,123142,57
2017-12-02,10000043,21926,1498.08,1498.08,1498.09,6300,4
2017-12-02,10000043,21928,1092.99,1092.99,1092.99,2000,1
2017-12-02,10000043,21931,549.99,549.99,549.99,845,1
2017-12-02,10000043,21935,1127.15,1127.15,1127.15,39618,12
2017-12-02,10000043,21937,613.1,603.23,613.13,45902,17
2017-12-02,10000043,21939,414.22,414.21,417.82,19241,16
2017-12-02,10000043,22043,25362469.12,25000000,27899752.99,8,8
2017-12-02,10000043,22107,24788977.96,24788956.95,24788998.96,2,2
2017-12-02,10000043,22108,47998934.91,47998929.9,47998939.91,2,2
2017-12-02,10000043,22109,107778683.27,107778674.93,107778699.95,3,3
2017-12-02,10000043,22111,73950759.61,73950649.6,73950869.62,2,2
2017-12-02,10000043,22112,367720100,367720100,367720100,1,1
2017-12-02,10000043,22115,41000000,41000000,41000000,1,1
2017-12-02,10000043,22119,23405988.21,21012001.51,25799974.91,4,4
2017-12-02,10000043,22120,20374992.99,14000001.03,26749984.95,4,4
2017-12-02,10000043,22121,64666667.91,60000003.89,66999999.93,3,3
2017-12-02,10000043,22122,159999558.92,159999558.92,159999558.92,2,2
2017-12-02,10000043,22123,41824605.85,38649211.71,44999999.99,4,4
2017-12-02,10000043,22124,252833330.66,241000002,258749995,3,3
2017-12-02,10000043,22125,24800000,24800000,24800000,1,1
2017-12-02,10000043,22126,59898036.99,59898036.99,59898036.99,1,1
2017-12-02,10000043,22127,119999997.99,119999997.99,119999997.99,1,1
2017-12-02,10000043,22129,64999989,64999989,64999989,1,1
2017-12-02,10000043,22130,392098999,392098999,392098999,1,1
2017-12-02,10000043,22131,4100018.49,4100018.49,4100018.49,1,1
2017-12-02,10000043,22134,8399051.01,8399051.01,8399051.01,1,1
2017-12-02,10000043,22135,14009965.72,14009965.72,14009965.72,1,1
2017-12-02,10000043,22175,64997.97,64997.96,64998,232,182
2017-12-02,10000043,22176,332640,332640,332640,4,4
2017-12-02,10000043,22177,55499.63,55499.61,55499.65,246,176
2017-12-02,10000043,22178,332640,332640,332640,4,4
2017-12-02,10000043,22229,4799999,4799999,4800001.04,103,38
2017-12-02,10000043,22242,81874998.75,75000000,89999995,8,8
2017-12-02,10000043,22291,1249999.73,1200000,1249999.99,700,280
2017-12-02,10000043,22430,1399999994,1399999988.99,1399999999,2,2
2017-12-02,10000043,22436,1399999969.97,1399999969.97,1399999969.97,1,1
2017-12-02,10000043,22440,1152466180.66,970001011,1243698765.5,3,3
2017-12-02,10000043,22442,464988953.97,464988900,464988980.95,3,3
2017-12-02,10000043,22444,444899999,444899999,444899999,2,2
2017-12-02,10000043,22446,589998815.67,589998815.67,589998815.67,1,1
2017-12-02,10000043,22448,420000000,420000000,420000000,1,1
2017-12-02,10000043,22452,73749924.55,73699989.99,73899848.65,4,4
2017-12-02,10000043,22456,60999999.54,56999999.51,61999999.35,28,20
2017-12-02,10000043,22460,66944848.45,66899999,66989697.89,2,2
2017-12-02,10000043,22464,74841928.1,66645202.46,83985969.8,7,7
2017-12-02,10000043,22466,437999995,437999989.99,438000000,2,2
2017-12-02,10000043,22468,396666666.66,390000000,400000000,3,3
2017-12-02,10000043,22470,304998779.9,304998779.89,304998779.9,2,2
2017-12-02,10000043,22474,550014973,546999978.99,553029967,2,2
2017-12-02,10000043,22534,18994970.39,15000001.01,22989939.78,4,4
2017-12-02,10000043,22535,119499955.97,119499955.97,119499955.97,1,1
2017-12-02,10000043,22536,239437.48,239217.34,333333.32,26,26
2017-12-02,10000043,22541,9749889.54,9000000,10999877.72,56,35
2017-12-02,10000043,22542,36797.9,36797.9,36797.9,270,98
2017-12-02,10000043,22543,404000,404000,404000,1,1
2017-12-02,10000043,22544,403098369.22,367905386.45,411998999.96,16,16
2017-12-02,10000043,22546,282999958.84,274999991.83,293999884.46,14,14
2017-12-02,10000043,22548,325570683.27,267001402.02,348998999.95,7,7
2017-12-02,10000043,22551,28775928.57,28000000,30387000,28,20
2017-12-02,10000043,22552,798266.32,500000.01,806617.22,37,35
2017-12-02,10000043,22559,56899957.72,56899949.93,56899959.95,9,9
2017-12-02,10000043,22570,13299835.77,3899999.74,17999753.78,3,3
2017-12-02,10000043,22573,6000000,6000000,6000000,1,1
2017-12-02,10000043,22576,20317.31,2513.97,20796.07,96,10
2017-12-02,10000043,22577,4500000,4500000,4500000,1,1
2017-12-02,10000043,22578,79738.54,2500,80000,64,63
2017-12-02,10000043,22611,37888716.99,37888716.99,37888716.99,1,1
2017-12-02,10000043,22761,31169633.4,25000167.01,32000000,5,5
2017-12-02,10000043,22765,99000,98999.99,99000,13,4
2017-12-02,10000043,22766,10000000,10000000,10000000,1,1
2017-12-02,10000043,22778,147996.6,147996.6,147997.61,1677,37
2017-12-02,10000043,22779,2344200,2344200,2344200,2,2
2017-12-02,10000043,22782,1548152.53,1299999.23,1594478.87,39,29
2017-12-02,10000043,22806,125803.58,120000,139888.49,35,35
2017-12-02,10000043,22807,123335.72,120000,139878.39,34,34
2017-12-02,10000043,22808,126239.73,120000,139899.35,35,34
2017-12-02,10000043,22809,243262.46,120000,1499000,88,30
2017-12-02,10000043,22889,56862112.24,56799981.04,56986374.65,3,3
2017-12-02,10000043,22929,39701899.45,39624961.67,39855775,3,3
2017-12-02,10000043,22945,48999999.94,48999999.94,48999999.94,1,1
2017-12-02,10000043,22961,578,578,578,43934,21
2017-12-02,10000043,22963,499.98,499.98,499.98,1000,1
2017-12-02,10000043,22967,894.6,894.6,894.6,10000,1
2017-12-02,10000043,22975,798.84,798.84,798.84,1000,1
2017-12-02,10000043,22977,843.6,843.6,843.6,66391,20
2017-12-02,10000043,22983,998.65,998.65,998.65,2000,1
2017-12-02,10000043,22985,995.8,995.8,995.8,1000,1
2017-12-02,10000043,22993,1297.2,1297.2,1297.2,54959,14
2017-12-02,10000043,22997,1394.12,1394.12,1394.12,1600,1
2017-12-02,10000043,22999,758.61,758.61,758.61,5700,2
2017-12-02,10000043,23001,1396.51,1396.51,1396.51,2000,1
2017-12-02,10000043,23003,1398.76,1398.76,1398.76,5000,2
2017-12-02,10000043,23005,740.11,740.11,740.11,1000,1
2017-12-02,10000043,23007,1391.28,1391.28,1391.28,19332,1
2017-12-02,10000043,23009,356.83,356.83,356.83,2014155,107
2017-12-02,10000043,23013,796.95,796.95,796.95,1000,1
2017-12-02,10000043,23015,789.91,789.91,789.91,7452,4
2017-12-02,10000043,23017,780.99,780.99,780.99,4350,4
2017-12-02,10000043,23019,798.94,798.94,798.94,5101,6
2017-12-02,10000043,23021,738,738,738,2000,1
2017-12-02,10000043,23023,396,396,396,14199,5
2017-12-02,10000043,23025,753.97,753.97,753.97,304034,65
2017-12-02,10000043,23027,997.82,997.82,997.82,5000,6
2017-12-02,10000043,23031,1188.72,1188.72,1188.72,9901,6
2017-12-02,10000043,23033,1599.99,1599.99,1599.99,33000,3
2017-12-02,10000043,23035,338.31,338.31,338.31,10605,2
2017-12-02,10000043,23037,951.16,951.16,951.16,40800,6
2017-12-02,10000043,23039,1199.99,1199.99,1199.99,8400,3
2017-12-02,10000043,23041,1370,1370,1370,21000,2
2017-12-02,10000043,23043,1099.99,1099.99,1099.99,4000,1
2017-12-02,10000043,23045,2299.56,2299.56,2299.56,23999,4
2017-12-02,10000043,23047,1199.93,1199.93,1199.93,6400,2
2017-12-02,10000043,23049,1094.99,1094.99,1094.99,6600,2
2017-12-02,10000043,23051,1999.97,1999.97,1999.97,10280,3
2017-12-02,10000043,23053,998.84,998.84,998.84,18496,6
2017-12-02,10000043,23055,3199999.91,3199999.91,3199999.91,101,7
2017-12-02,10000043,23059,3011000.88,3011000.88,3011001.06,238,11
2017-12-02,10000043,23060,213949920,213949920,213949920,1,1
2017-12-02,10000043,23061,2869981.35,2849978.89,3950000,55,14
2017-12-02,10000043,23062,200013400,200013400,200013400,1,1
2017-12-02,10000043,23069,49833041.76,41000501.08,50000000,12,12
2017-12-02,10000043,23071,299997.99,299997.98,299998,462,76
2017-12-02,10000043,23073,361333,360000,363999,15,7
2017-12-02,10000043,23075,260999,260999,260999,24,2
2017-12-02,10000043,23077,296999.16,201001.02,308998.9,9,5
2017-12-02,10000043,23079,460746.34,208449.01,465766.92,94,19
2017-12-02,10000043,23081,245937.49,244999.99,249999.98,16,5
2017-12-02,10000043,23083,226887.79,226887.79,226887.79,2,1
2017-12-02,10000043,23085,365000,365000,365000,18,4
2017-12-02,10000043,23087,2499.85,2000,6000,52,25
2017-12-02,10000043,23089,494332.32,429999.99,533992.98,484,56
2017-12-02,10000043,23091,474333.98,474333.98,474333.98,3,1
2017-12-02,10000043,23093,474135.31,473998.99,474332.22,22,4
2017-12-02,10000043,23095,634492.12,386987.79,714332.23,82,11
2017-12-02,10000043,23097,457999,457999,470000,140,15
2017-12-02,10000043,23099,388511.36,307449,484312.32,24,3
2017-12-02,10000043,23101,369606.16,209999,454222,26,7
2017-12-02,10000043,23103,489919.79,386888,564331.65,62,11
2017-12-02,10000043,23105,800000,800000,800000,604,46
2017-12-02,10000043,23107,843950,716897.79,904332.32,98,8
2017-12-02,10000043,23109,1033999,709967.87,1035998,144,20
2017-12-02,10000043,23111,766998.82,610001,949999.99,496,27
2017-12-02,10000043,23113,725834.46,697887.79,814332.23,50,6
2017-12-02,10000043,23115,691797.56,538987.79,730000,10,2
2017-12-02,10000043,23117,550941.94,337884.87,763999,16,3
2017-12-02,10000043,23119,800000,800000,800000,16,2
2017-12-02,10000043,23121,19411.19,5000,39998.97,17,14
2017-12-02,10000043,23123,1000000,1000000,1000000,2,2
2017-12-02,10000043,23124,2000000,2000000,2000000,2,2
2017-12-02,10000043,23128,4166667.26,4000000.7,5000000.7,6,5
2017-12-02,10000043,23130,643333,150000.01,700000,9,8
2017-12-02,10000043,23131,11000.91,11000.91,11000.91,1,1
2017-12-02,10000043,23133,156781.32,89003.63,389003.38,9,8
2017-12-02,10000043,23134,2663003,2663003,2663003,1,1
2017-12-02,10000043,23135,1759.11,1759.1,1759.11,6,5
2017-12-02,10000043,23136,193999.99,193999.99,193999.99,2,1
2017-12-02,10000043,23140,17300.76,17300.76,17300.76,1,1
2017-12-02,10000043,23141,35999.99,35999.99,35999.99,1,1
2017-12-02,10000043,23143,1500,1500,1500.01,9,8
2017-12-02,10000043,23144,557.67,556,558,6,6
2017-12-02,10000043,23145,1006.02,1006.01,1006.02,7,7
2017-12-02,10000043,23146,10735.99,10735.99,10735.99,25,16
2017-12-02,10000043,23147,25000.89,25000.89,25000.89,6,6
2017-12-02,10000043,23148,5005.29,5005.28,5005.29,4,3
2017-12-02,10000043,23149,11253000.52,10506000.01,12000001,14,5
2017-12-02,10000043,23150,1611199.99,1611199.99,1611199.99,1,1
2017-12-02,10000043,23151,55890,55890,55890,1,1
2017-12-02,10000043,23152,14000000,14000000,14000000,1,1
2017-12-02,10000043,23153,59999.99,59999.99,59999.99,1,1
2017-12-02,10000043,23154,4697985.33,3796977.99,6500000,3,3
2017-12-02,10000043,23155,1000,1000,1000,2,2
2017-12-02,10000043,23156,2000000.06,2000000.05,2000000.07,4,3
2017-12-02,10000043,23158,9.03,9.03,9.03,9431,84
2017-12-02,10000043,23159,11.03,11.03,11.03,7939,76
2017-12-02,10000043,23160,32,32,32,3732,50
2017-12-02,10000043,23161,100.14,100.14,100.14,1818,27
2017-12-02,10000043,23162,249.99,120.2,278,2105,22
2017-12-02,10000043,23163,11,11,11,1094,20
2017-12-02,10000043,23164,159,159,159,3955,23
2017-12-02,10000043,23165,120.12,120.12,120.12,680,19
2017-12-02,10000043,23166,10,10,10,480,10
2017-12-02,10000043,23167,37,37,37,197,5
2017-12-02,10000043,23168,70000.23,70000.23,70000.23,1,1
2017-12-02,10000043,23169,2000000,2000000,2000000,3,2
2017-12-02,10000043,23170,88000.99,88000.99,88000.99,18,2
2017-12-02,10000043,23171,149999.99,149999.99,149999.99,1,1
2017-12-02,10000043,23173,3799.99,3799.99,3799.99,24,17
2017-12-02,10000043,23174,1903110,1903110,1903110,1,1
2017-12-02,10000043,23175,63096.33,63089.02,63099.99,9,7
2017-12-02,10000043,23176,50999.99,50999.99,50999.99,1,1
2017-12-02,10000043,23177,2500001.04,2500001.04,2500001.04,1,1
2017-12-02,10000043,23473,2269.04,397.49,39699.97,63,3
2017-12-02,10000043,23474,7350000,5000000,9699999.99,2,2
2017-12-02,10000043,23506,1000,1000,1000,1,1
2017-12-02,10000043,23507,7000000,7000000,7000000,1,1
2017-12-02,10000043,23510,1000.3,1000.3,1000.3,1,1
2017-12-02,10000043,23511,6000000,6000000,6000000,1,1
2017-12-02,10000043,23512,1002.01,1002.01,1002.01,1,1
2017-12-02,10000043,23513,4000000,4000000,4000000,1,1
2017-12-02,10000043,23523,54666,12000.01,139997.99,6,5
2017-12-02,10000043,23524,10000000,10000000,10000000,1,1
2017-12-02,10000043,23525,80839.81,55000.34,89749.97,39,10
2017-12-02,10000043,23526,14000000,14000000,14000000,1,1
2017-12-02,10000043,23527,304999.94,304999.78,304999.95,204,114
2017-12-02,10000043,23528,2730800,2700000,2777000,5,5
2017-12-02,10000043,23533,7650.1,2006.62,10006.62,20,14
2017-12-02,10000043,23534,172000,172000,172000,2,2
2017-12-02,10000043,23537,4000000,4000000,4000000,1,1
2017-12-02,10000043,23559,139547.17,139547.17,139547.18,22,5
2017-12-02,10000043,23560,14000000,14000000,14000000,1,1
2017-12-02,10000043,23561,54709.12,37513.75,60000,17,7
2017-12-02,10000043,23562,14000000,14000000,14000000,1,1
2017-12-02,10000043,23563,91431.2,91429.99,91439.7,16,4
2017-12-02,10000043,23564,14000000,14000000,14000000,1,1
2017-12-02,10000043,23566,384466.9,115270.05,400000,29,29
2017-12-02,10000043,23594,455991.48,450000,499799.51,24,23
2017-12-02,10000043,23606,150000,150000,150000,120,49
2017-12-02,10000043,23618,54478.81,50000,68999.09,95,44
2017-12-02,10000043,23659,2000,2000,2000,3,1
2017-12-02,10000043,23660,200000,200000,200000,1,1
2017-12-02,10000043,23703,1700000,1700000,1700000,1,1
2017-12-02,10000043,23705,41000,39009.03,41437.86,208,47
2017-12-02,10000043,23706,1600000,1600000,1600000,1,1
2017-12-02,10000043,23707,8999.96,8999.07,9199.69,1280,182
2017-12-02,10000043,23708,300000,300000,300000,1,1
2017-12-02,10000043,23709,24671.84,22998.79,54799.99,19,5
2017-12-02,10000043,23710,2500000,2500000,2500000,1,1
2017-12-02,10000043,23711,4188.45,187.33,5344.28,99,20
2017-12-02,10000043,23712,500000,500000,500000,1,1
2017-12-02,10000043,23714,1800000,1800000,1800000,1,1
2017-12-02,10000043,23715,3887.98,3887.97,3887.98,10,2
2017-12-02,10000043,23716,250000,250000,250000,1,1
2017-12-02,10000043,23717,36995.91,36995.91,36995.91,20,1
2017-12-02,10000043,23718,2550000,2500000,2600000,2,2
2017-12-02,10000043,23719,2719.38,2719.38,2719.38,1350,26
2017-12-02,10000043,23720,500000,500000,500000,1,1
2017-12-02,10000043,23722,1500000,1500000,1500000,1,1
2017-12-02,10000043,23723,4798.99,4798.99,4798.99,2,1
2017-12-02,10000043,23724,400000,400000,400000,1,1
2017-12-02,10000043,23725,17749.99,17749.99,17749.99,5,1
2017-12-02,10000043,23726,1700000,1700000,1700000,1,1
2017-12-02,10000043,23727,6637.89,6637.88,6637.89,59,3
2017-12-02,10000043,23728,200000,200000,200000,1,1
2017-12-02,10000043,23729,44959,44959,44959,18,3
2017-12-02,10000043,23730,1500000,1500000,1500000,1,1
2017-12-02,10000043,23731,7403.95,7000,7499.98,53,14
2017-12-02,10000043,23732,400000,400000,400000,1,1
2017-12-02,10000043,23787,18989999.93,18989999.93,18989999.93,1,1
2017-12-02,10000043,23795,7997330.63,7000000,8495995.95,3,3
2017-12-02,10000043,23805,223985472.2,223985472.2,223985472.2,1,1
2017-12-02,10000043,23815,29999999,29999999,29999999,2,1
2017-12-02,10000043,23819,91999998.77,91999998.77,91999998.77,1,1
2017-12-02,10000043,23844,1516236.99,1516236.99,1516236.99,2,2
2017-12-02,10000043,23894,122995995.95,122995995.95,122995995.95,1,1
2017-12-02,10000043,23898,22228998.99,22228998.99,22228998.99,1,1
2017-12-02,10000043,23902,11100007.13,11100007.13,11100007.13,1,1
2017-12-02,10000043,23950,64500000,64000000,66000000,8,8
2017-12-02,10000043,24241,69374.31,50000,99998,48,48
2017-12-02,10000043,24242,1249721.29,1000000,1498999.99,54,43
2017-12-02,10000043,24268,8142571.29,7500000,8999000,7,7
2017-12-02,10000043,24270,8281999.62,7500000,9998989.98,8,8
2017-12-02,10000043,24283,48490479.36,48304124,52976722.34,23,15
2017-12-02,10000043,24305,3292571.29,3000094.8,3700095.79,16,7
2017-12-02,10000043,24311,513999500,500000000,527998999.99,4,4
2017-12-02,10000043,24312,528898000,528898000,528898000,1,1
2017-12-02,10000043,24313,509099799.59,500000000,522749498.99,5,5
2017-12-02,10000043,24314,511599959.36,500000000,528999898.39,5,5
2017-12-02,10000043,24348,1388987.86,1115888,1388998,131,72
2017-12-02,10000043,24349,145000,90000,200000,2,2
2017-12-02,10000043,24395,185992.87,185992.8,321607.99,179,47
2017-12-02,10000043,24396,1666000,1666000,1666000,4,4
2017-12-02,10000043,24417,1549997.9,1549997.9,1549997.97,125,51
2017-12-02,10000043,24427,2590000,2590000,2590000,256,89
2017-12-02,10000043,24438,1049999.99,1002706.68,1079999,129,40
2017-12-02,10000043,24443,920602.87,850000,933498.97,22,21
2017-12-02,10000043,24445,307687.66,299994.96,400000,13,4
2017-12-02,10000043,24471,74.23,74.23,74.23,79683,27
2017-12-02,10000043,24473,54.42,54.42,54.42,62354,21
2017-12-02,10000043,24475,68.83,68.83,68.83,26950,15
2017-12-02,10000043,24477,94.33,89,94.33,10321,16
2017-12-02,10000043,24478,124.32,82.1,124.32,2300,3
2017-12-02,10000043,24479,91.33,91.33,91.33,7600,5
2017-12-02,10000043,24486,82.07,81,93.96,671232,26
2017-12-02,10000043,24488,105,105,105,460403,23
2017-12-02,10000043,24490,150,149.98,154.61,547804,55
2017-12-02,10000043,24492,174,173.98,174,328017,20
2017-12-02,10000043,24493,199.98,199.98,199.98,232340,16
2017-12-02,10000043,24494,93.82,93.82,93.82,143345,13
2017-12-02,10000043,24495,115.71,115.7,115.75,376449,72
2017-12-02,10000043,24497,141.31,141.12,144,356243,57
2017-12-02,10000043,24499,144.18,124.33,144.18,403053,62
2017-12-02,10000043,24501,74.32,74.32,74.32,99250,18
2017-12-02,10000043,24503,117,117,117,67436,9
2017-12-02,10000043,24505,159.99,159.99,159.99,70500,12
2017-12-02,10000043,24507,769.83,500,769.83,69816,15
2017-12-02,10000043,24509,550,549.99,550,203016,29
2017-12-02,10000043,24511,476.83,476.83,476.83,129922,25
2017-12-02,10000043,24513,944.23,944.23,944.23,26542,9
2017-12-02,10000043,24515,583.22,583.22,583.22,4793,3
2017-12-02,10000043,24517,1030,1030,1030,7500,5
2017-12-02,10000043,24519,1066.79,1066.79,1066.79,191876,9
2017-12-02,10000043,24521,1844.23,1844.23,1844.23,55495,14
2017-12-02,10000043,24523,1814.32,1814.32,1814.32,28783,11
2017-12-02,10000043,24525,1739.99,1739.99,1739.99,7000,2
2017-12-02,10000043,24527,1712.32,1712.32,1712.32,11100,4
2017-12-02,10000043,24529,1044.23,1044.23,1044.23,6907,3
2017-12-02,10000043,24531,573.6,573.6,573.6,83730,9
2017-12-02,10000043,24533,466.79,466.78,603.22,350232,22
2017-12-02,10000043,24535,554.22,554.18,569.95,203087,18
2017-12-02,10000043,24537,614.32,466.9,630,22000,3
2017-12-02,10000043,24539,584.13,584.13,584.13,26000,3
2017-12-02,10000043,24541,744.3,744.3,744.31,132657,13
2017-12-02,10000043,24558,12599999.95,12599999.95,12599999.95,7,1
2017-12-02,10000043,24559,1697361200,1697361200,1697361200,1,1
2017-12-02,10000043,24560,8320137.91,7200232.53,9999995.98,10,2
2017-12-02,10000043,24562,50711111.11,50000000,51600000,9,9
2017-12-02,10000043,24563,260000000,260000000,260000000,1,1
2017-12-02,10000043,24568,10099666.67,10000000,10598000,6,6
2017-12-02,10000043,24569,23519979.99,20000000,24399999.99,10,5
2017-12-02,10000043,24570,24200788,24200788,24200788,2,1
2017-12-02,10000043,24571,10149562.38,10000000,10797999,16,13
2017-12-02,10000043,24572,10331443.33,10000000,12982989.99,9,8
2017-12-02,10000043,24574,59999998.99,59999998.99,59999998.99,1,1
2017-12-02,10000043,24592,14.05,14.05,14.05,799,3
2017-12-02,10000043,24606,127500000,125000000,130000000,2,2
2017-12-02,10000043,24613,15395999.67,15000000,16187999,6,6
2017-12-02,10000043,24624,21490499.99,21490499.99,21490499.99,2,2
2017-12-02,10000043,24625,20638599.99,20000000,21395999.98,20,18
2017-12-02,10000043,24632,27363860.06,27300000,27491585.17,6,6
2017-12-02,10000043,24640,188726980.49,188726980.49,188726980.49,1,1
2017-12-02,10000043,24641,48991954.45,48991954.45,48991954.45,1,1
2017-12-02,10000043,24658,2200000,2200000,2200000,2,2
2017-12-02,10000043,24659,1400000.14,1400000.14,1400000.14,1,1
2017-12-02,10000043,24663,45035211.57,36000000.35,52899979.85,13,13
2017-12-02,10000043,24688,181599988.7,168000000,184999984.3,5,5
2017-12-02,10000043,24690,158979244.26,145000060.66,169947999.99,5,5
2017-12-02,10000043,24692,179999984.49,179999968.97,180000000,2,2
2017-12-02,10000043,24694,161083578.37,159928072.02,168899884.99,19,14
2017-12-02,10000043,24696,41562432.73,40000039.26,41999908.99,16,15
2017-12-02,10000043,24698,42809700.98,41000000,43000005.14,10,10
2017-12-02,10000043,24700,50279094.98,47999989.97,52898799.96,30,25
2017-12-02,10000043,24702,45494803.47,41202369.47,45999799,19,12
2017-12-02,10000043,24764,20306687.39,20000000,21073405.88,7,7
2017-12-02,10000043,25233,152692.31,150000,155000,13,13
2017-12-02,10000043,25235,153529.41,150000,155000,17,17
2017-12-02,10000043,25239,405012.9,250013.83,870010.11,4,3
2017-12-02,10000043,25266,2207909.82,2207909.82,2207919.92,110,35
2017-12-02,10000043,25267,17999891,17999889,17999893,2,2
2017-12-02,10000043,25305,8000000.01,8000000.01,8000000.01,1,1
2017-12-02,10000043,25349,31479074.28,31479066.69,31479076,5,3
2017-12-02,10000043,25530,73999885.99,73999879.98,73999900,5,5
2017-12-02,10000043,25538,175061750,174000000,176123500,4,4
2017-12-02,10000043,25542,60250000.01,11000000.03,109499999.99,2,2
2017-12-02,10000043,25544,28202861.89,27958682.35,33333333.33,22,19
2017-12-02,10000043,25545,1949999.96,1949999.96,1949999.96,1,1
2017-12-02,10000043,25547,7499998.98,7499998.98,7499998.98,2,2
2017-12-02,10000043,25561,122989.83,122989.83,122989.83,3,2
2017-12-02,10000043,25562,249600,249600,249600,1,1
2017-12-02,10000043,25563,2657671.88,2499999,2795440,60,21
2017-12-02,10000043,25565,130489.63,61600.65,155013.91,42,20
2017-12-02,10000043,25567,12858.59,8005.68,51681.86,9,7
2017-12-02,10000043,25569,8005.01,8005.01,8005.01,20,11
2017-12-02,10000043,25571,4000.55,4000.54,4000.55,14,9
2017-12-02,10000043,25588,14002.86,14002.86,14002.86,8502,190
2017-12-02,10000043,25589,5500.26,5500.06,5500.26,10263,221
2017-12-02,10000043,25590,127101.13,127101.09,127101.5,58105,485
2017-12-02,10000043,25591,244005.93,241999.85,244005.94,35720,250
2017-12-02,10000043,25592,15000.02,15000.02,15000.02,29087,353
2017-12-02,10000043,25593,9000.03,9000.03,11738.98,12550,193
2017-12-02,10000043,25594,55050.33,47845.17,57271.09,55807,376
2017-12-02,10000043,25595,19221.11,19221.08,19221.11,28269,199
2017-12-02,10000043,25596,40286.35,40286.34,49892.84,13494,240
2017-12-02,10000043,25597,3801.01,3801.01,3801.01,35254,327
2017-12-02,10000043,25598,10500.08,10500.07,11497.99,111444,561
2017-12-02,10000043,25599,1000.56,1000.56,1000.56,96184,535
2017-12-02,10000043,25600,29293.98,29293.94,32297.99,98424,570
2017-12-02,10000043,25601,4000,4000,4000,114433,545
2017-12-02,10000043,25602,15250,15250,15250,8378,111
2017-12-02,10000043,25603,39787,39787,39787,32109,273
2017-12-02,10000043,25604,15499.99,13250.33,16000.4,12251,194
2017-12-02,10000043,25605,42100.76,41906.01,42100.95,128213,410
2017-12-02,10000043,25606,68101.59,68101.57,78100.5,11512,130
2017-12-02,10000043,25607,61006.02,60154,91000,410,42
2017-12-02,10000043,25608,799999.9,799999.9,799999.9,448,32
2017-12-02,10000043,25609,365898.97,345778.9,365996.85,1828,111
2017-12-02,10000043,25610,650020.12,650017.01,650020.36,477,29
2017-12-02,10000043,25611,64999.98,40000.83,69998,1989,80
2017-12-02,10000043,25612,1239999.91,1239999.91,1239999.91,1870,52
2017-12-02,10000043,25613,713015.5,713015.23,858997.98,493,55
2017-12-02,10000043,25614,739997.63,695022.08,739997.74,1228,79
2017-12-02,10000043,25615,2640335.22,2640225.05,2999799.61,881,57
2017-12-02,10000043,25616,7000.07,7000.07,7000.07,2448,147
2017-12-02,10000043,25617,412946.9,412946.88,427999.96,3832,215
2017-12-02,10000043,25618,18200.11,18200.11,18200.11,6593,161
2017-12-02,10000043,25619,702600.61,702600.29,769901.1,3678,219
2017-12-02,10000043,25620,51933,41936.76,51933.96,5391,228
2017-12-02,10000043,25621,1118999.86,900018.13,1119000,977,60
2017-12-02,10000043,25622,653916.49,653916.49,653916.49,257,51
2017-12-02,10000043,25623,48510.21,48510.2,48510.26,373,43
2017-12-02,10000043,25624,4545452.94,4399999.99,4699998.97,1584,122
2017-12-02,10000043,25625,2799501.23,2779501.3,2977901.09,358,44
2017-12-02,10000043,25707,161000.55,126200.1,198999.92,64,28
2017-12-02,10000043,25709,3714.69,3501.63,19000,61,15
2017-12-02,10000043,25711,3999.49,3503.01,9500,66,18
2017-12-02,10000043,25713,2474.85,502.53,3000.81,19,12
2017-12-02,10000043,25715,1369999,1369998.99,1389998.87,221,57
2017-12-02,10000043,25718,4385656.19,1280000.09,4747653.49,13,13
2017-12-02,10000043,25719,301265.57,299528,505000,33,14
2017-12-02,10000043,25736,9364442.1,9359999.84,9380000,9,7
2017-12-02,10000043,25737,1250000,1250000,1250000,1,1
2017-12-02,10000043,25739,459759.79,450000,498798.96,5,5
2017-12-02,10000043,25810,460156.37,450000,499870,22,22
2017-12-02,10000043,25811,587499.75,450000,999999,4,4
2017-12-02,10000043,25812,5007268.6,4700000,5199984.87,62,19
2017-12-02,10000043,25861,55000,51000,55997.84,635,212
2017-12-02,10000043,25862,511320,332640,690000,4,4
2017-12-02,10000043,25863,881669.16,100015.01,1000000,6,6
2017-12-02,10000043,25887,90779.51,90779.51,90779.51,333,17
2017-12-02,10000043,25888,9379999.98,9379999.97,9380000,11,9
2017-12-02,10000043,25889,1250000,1250000,1250000,1,1
2017-12-02,10000043,25890,9689999.37,9689998.12,9689999.99,3,3
2017-12-02,10000043,25891,1250000,1250000,1250000,1,1
2017-12-02,10000043,25892,10949999.8,10949999.78,10949999.81,5,5
2017-12-02,10000043,25893,1250000,1250000,1250000,1,1
2017-12-02,10000043,25894,10499999,10000000,12989883.8,206,43
2017-12-02,10000043,25895,1250000,1250000,1250000,1,1
2017-12-02,10000043,25896,14949450.12,13299967.95,17879839.8,21,17
2017-12-02,10000043,25897,1250000,1250000,1250000,3,3
2017-12-02,10000043,25898,18901604.4,18888800,18990130.01,8,8
2017-12-02,10000043,25899,1250000,1250000,1250000,2,2
2017-12-02,10000043,25900,15685013.29,14989980.86,15999979.97,10,5
2017-12-02,10000043,25906,1000000,1000000,1000000,2,1
2017-12-02,10000043,25907,1250000,1250000,1250000,1,1
2017-12-02,10000043,25908,7990487,7990487,7990487,3,3
2017-12-02,10000043,25909,1250000,1250000,1250000,1,1
2017-12-02,10000043,25910,56989998.89,56989998.89,56989998.89,1,1
2017-12-02,10000043,25912,8588359.99,8588359.99,8588359.99,1,1
2017-12-02,10000043,25914,9950668,9950668,9950668,1,1
2017-12-02,10000043,25915,1250000,1250000,1250000,1,1
2017-12-02,10000043,25917,1250000,1250000,1250000,1,1
2017-12-02,10000043,25918,10439996.4,10439989.59,10439999.6,25,14
2017-12-02,10000043,25921,1250000,1250000,1250000,1,1
2017-12-02,10000043,25935,1250000,1250000,1250000,1,1
2017-12-02,10000043,25948,5184210.2,5149999.98,5190450.77,37,23
2017-12-02,10000043,25949,1250000,1250000,1250000,1,1
2017-12-02,10000043,25950,4871000,4871000,4871000,1,1
2017-12-02,10000043,25951,1250000,1250000,1250000,1,1
2017-12-02,10000043,25953,1250000,1250000,1250000,1,1
2017-12-02,10000043,25954,10468182.45,3000030.15,10990944.98,12,8
2017-12-02,10000043,25955,1250000,1250000,1250000,2,2
2017-12-02,10000043,25956,16024970.54,16024938.13,16024974.99,17,9
2017-12-02,10000043,25957,1250000,1250000,1250000,1,1
2017-12-02,10000043,25974,1249000,1249000,1249000,1,1
2017-12-02,10000043,25978,2659999.91,2659999.91,2659999.91,2,2
2017-12-02,10000043,25979,1250000,1250000,1250000,2,1
2017-12-02,10000043,25980,4276056.8,1800000,5990000,5,5
2017-12-02,10000043,25996,4860000,4860000,4860000,1,1
2017-12-02,10000043,26002,19890169.1,19890169.1,19890169.1,2,2
2017-12-02,10000043,26006,23000000,23000000,23000000,9,1
2017-12-02,10000043,26008,37990297.98,37990264.95,37990320,5,5
2017-12-02,10000043,26020,8990535.38,8990533.95,8990543.97,14,8
2017-12-02,10000043,26023,1250000,1250000,1250000,2,2
2017-12-02,10000043,26026,9950597.92,9950587.91,9950607.93,2,2
2017-12-02,10000043,26028,7990560,7990560,7990560,5,4
2017-12-02,10000043,26030,8690741.99,8690741.99,8690741.99,1,1
2017-12-02,10000043,26042,1179998,1179998,1179998,3,2
2017-12-02,10000043,26048,2000000,2000000,2000000,3,2
2017-12-02,10000043,26058,7990383.47,7990370.96,7990411,4,3
2017-12-02,10000043,26068,8990397.18,8990389.49,8990404.88,4,4
2017-12-02,10000043,26070,5990184.76,5990149.72,5990219.79,2,2
2017-12-02,10000043,26072,5985541.37,5985499.97,5985600,12,8
2017-12-02,10000043,26073,1250000,1250000,1250000,1,1
2017-12-02,10000043,26076,1110297.4,1109988.93,1111999.99,13,12
2017-12-02,10000043,26077,1250000,1250000,1250000,2,2
2017-12-02,10000043,26079,1250000,1250000,1250000,2,2
2017-12-02,10000043,26080,1990123.99,1990123.99,1990123.99,1,1
2017-12-02,10000043,26081,1250000,1250000,1250000,2,2
2017-12-02,10000043,26082,1029999.99,999999.99,1250000,7,6
2017-12-02,10000043,26083,1250000,1250000,1250000,4,4
2017-12-02,10000043,26084,8763999.97,8700000,8779999.95,10,6
2017-12-02,10000043,26085,1250000,1250000,1250000,1,1
2017-12-02,10000043,26086,9690866,9690866,9690866,5,4
2017-12-02,10000043,26087,1250000,1250000,1250000,1,1
2017-12-02,10000043,26088,8380404.54,7798989.99,8799989.99,71,28
2017-12-02,10000043,26089,1250000,1250000,1250000,4,3
2017-12-02,10000043,26091,1250000,1250000,1250000,1,1
2017-12-02,10000043,26102,9094679.96,50000,9790436,14,6
2017-12-02,10000043,26106,3250188.99,3250188.99,3250189,5,5
2017-12-02,10000043,26108,18999999.73,18999998.12,19000000,7,3
2017-12-02,10000043,26252,35401.2,123.47,59999,74,48
2017-12-02,10000043,26253,25998.98,25998.98,25998.98,103,46
2017-12-02,10000043,26254,18720.56,12.25,20000,32,31
2017-12-02,10000043,26255,102937.85,100000,119900,37,37
2017-12-02,10000043,26256,91919.94,5076.24,100000,34,30
2017-12-02,10000043,26257,67165.74,2005.64,100000,18,14
2017-12-02,10000043,26258,28765.68,221.35,29900,35,30
2017-12-02,10000043,26259,92989.63,1207.38,100000,14,14
2017-12-02,10000043,26260,80913.12,1009.86,109450,19,18
2017-12-02,10000043,26261,94572.64,3030.29,100000,17,17
2017-12-02,10000043,26286,127999999.96,124999999.94,130999999.97,2,2
2017-12-02,10000043,26288,158974685.21,158965990.73,158976051.02,6,5
2017-12-02,10000043,26290,177999794.32,177999789.27,177999799.36,2,2
2017-12-02,10000043,26292,135399979.07,135399979.06,135399979.07,2,2
2017-12-02,10000043,26294,167998892.51,167998865.79,167998905.9,6,6
2017-12-02,10000043,26296,186994322.28,186994322.28,186994322.28,1,1
2017-12-02,10000043,26298,189984970.5,189984963.83,189984973.84,3,2
2017-12-02,10000043,26302,108474488.75,103306137.57,110999989.93,34,17
2017-12-02,10000043,26304,37199879.1,37199879.1,37199879.1,8,6
2017-12-02,10000043,26318,45800000,45800000,45800000,1,1
2017-12-02,10000043,26322,59243998.81,59241992.27,59245501.22,7,6
2017-12-02,10000043,26324,109999919.48,109999919.48,109999919.48,1,1
2017-12-02,10000043,26328,179853346.96,178978254,179978402.96,8,6
2017-12-02,10000043,26334,289988674.94,289988674.94,289988674.94,1,1
2017-12-02,10000043,26338,224989728.43,224989728.43,224989728.43,1,1
2017-12-02,10000043,26352,29899649.59,29799909.89,29999389.28,2,2
2017-12-02,10000043,26358,89989696.37,89989696.37,89989696.37,1,1
2017-12-02,10000043,26368,37658462.34,37658462.34,37658462.34,1,1
2017-12-02,10000043,26370,106333321.63,105999999.97,106999964.96,6,5
2017-12-02,10000043,26374,37590940.29,37499999.98,37742599.7,47,33
2017-12-02,10000043,26376,78912823.32,78912823.32,78912823.32,1,1
2017-12-02,10000043,26378,63999966.57,63999959.9,63999969.91,3,3
2017-12-02,10000043,26380,29897847.15,29897836.99,29897852.23,3,3
2017-12-02,10000043,26386,10038909.62,10038909.62,10038909.62,1,1
2017-12-02,10000043,26388,17339935.16,17339909.86,17339963.12,8,7
2017-12-02,10000043,26390,15898770,15898770,15898770,2,1
2017-12-02,10000043,26394,44999706.48,44999686.41,44999726.54,2,2
2017-12-02,10000043,26402,48499949.92,48000000,48999899.83,2,2
2017-12-02,10000043,26404,24999769.45,24999769.45,24999769.45,2,2
2017-12-02,10000043,26406,71996557.04,71996547.08,71996562.03,3,3
2017-12-02,10000043,26412,46999128.93,46999128.93,46999128.93,1,1
2017-12-02,10000043,26414,50999997.91,50999997.91,50999997.91,1,1
2017-12-02,10000043,26416,52000000,52000000,52000000,3,2
2017-12-02,10000043,26418,49999929.68,49999929.68,49999929.68,1,1
2017-12-02,10000043,26430,55353619.71,55353619.71,55353619.71,1,1
2017-12-02,10000043,26436,15002885.79,15000811.66,15061000,29,28
2017-12-02,10000043,26438,16999999.98,16999999.98,16999999.98,1,1
2017-12-02,10000043,26440,16910703.26,16400000,17932109.78,3,3
2017-12-02,10000043,26442,14975481.16,14660954.59,21800000,21,21
2017-12-02,10000043,26444,13999599.6,13998999,14000000,5,4
2017-12-02,10000043,26446,11400000,11400000,11400000,1,1
2017-12-02,10000043,26448,87185823.11,87185775.88,87185857.83,12,8
2017-12-02,10000043,26450,89800668.35,89800659.45,89800669.46,9,4
2017-12-02,10000043,26452,93999726.02,93999719.34,93999729.36,3,3
2017-12-02,10000043,26760,2799994.93,2799994.93,2799994.93,1,1
2017-12-02,10000043,26761,1083492.26,1083492.26,1083492.26,2,2
2017-12-02,10000043,26762,2599987.46,2599987.46,2599987.46,1,1
2017-12-02,10000043,26888,29082211.95,18068059.76,30000057.97,13,4
2017-12-02,10000043,26890,14476692.77,9668582.35,16999923.67,7,4
2017-12-02,10000043,26892,6200059.99,6200059.99,6200060,11,5
2017-12-02,10000043,26902,16852852.58,16000000,18984984.35,28,9
2017-12-02,10000043,26912,2094376.69,1280989.98,2411223,12,6
2017-12-02,10000043,26913,2250345.29,1989005.12,2311121.99,53,18
2017-12-02,10000043,26914,2269312.23,1866676.41,2343434.31,56,21
2017-12-02,10000043,26929,134998.99,132999,134998.99,206,100
2017-12-02,10000043,26930,125000,125000,125000,2,2
2017-12-02,10000043,26931,2792656.39,1049001,2997792.32,19,15
2017-12-02,10000043,27015,20000,20000,20000,107,107
2017-12-02,10000043,27064,87990646.73,87990643.39,87990653.4,3,3
2017-12-02,10000043,27068,690510,690510,690510,8,3
2017-12-02,10000043,27074,1000000,1000000,1000000,1,1
2017-12-02,10000043,27076,4475000,4475000,4475000,1,1
2017-12-02,10000043,27081,2989999.08,2989999.08,2989999.08,4,1
2017-12-02,10000043,27082,980060.38,980060.38,980060.38,1,1
2017-12-02,10000043,27088,2499999.95,2499999.95,2499999.95,1,1
2017-12-02,10000043,27090,999999.73,999999.73,999999.73,4,1
2017-12-02,10000043,27091,4999999.89,4999999.89,4999999.89,1,1
2017-12-02,10000043,27098,144999.99,144999.99,144999.99,1,1
2017-12-02,10000043,27099,2000000,2000000,2000000,1,1
2017-12-02,10000043,27100,2000000,2000000,2000000,2,2
2017-12-02,10000043,27101,2800000,2800000,2800000,1,1
2017-12-02,10000043,27102,3268998.86,3268998.86,3268998.86,4,3
2017-12-02,10000043,27103,900000,900000,900000,1,1
2017-12-02,10000043,27108,27500000,27500000,27500000,1,1
2017-12-02,10000043,27109,25444000,25444000,25444000,1,1
2017-12-02,10000043,27114,96849980.74,21199977,172499984.47,4,3
2017-12-02,10000043,27115,1199999.98,1199999.98,1199999.98,5,1
2017-12-02,10000043,27116,169978589.98,169978589.98,169978589.98,1,1
2017-12-02,10000043,27119,1300000,1300000,1300000,1,1
2017-12-02,10000043,27126,179888495.52,179888495.52,179888495.52,1,1
2017-12-02,10000043,27127,949997.56,949997.49,949997.91,6,6
2017-12-02,10000043,27131,975004.46,10009,1939999.92,2,2
2017-12-02,10000043,27143,1084998.86,1084998.83,1084998.98,13,9
2017-12-02,10000043,27169,16458597.6,15000022.01,18646461,5,5
2017-12-02,10000043,27170,538000,538000,538000,1,1
2017-12-02,10000043,27171,139899879.86,139899879.86,139899879.86,1,1
2017-12-02,10000043,27174,156999989.61,150000000.23,163999978.99,4,4
2017-12-02,10000043,27176,26598989.97,26598989.97,26598989.97,1,1
2017-12-02,10000043,27177,22998979.98,22998979.98,22998979.98,1,1
2017-12-02,10000043,27178,29999998.02,29999998.02,29999998.02,1,1
2017-12-02,10000043,27179,224999924.6,224999924.6,224999924.6,1,1
2017-12-02,10000043,27181,209659889.27,209659889.27,209659889.27,1,1
2017-12-02,10000043,27186,32989370.73,32989365.73,32989375.72,2,2
2017-12-02,10000043,27187,25387233.11,21000000.01,26099968.98,8,8
2017-12-02,10000043,27188,24175930.95,22062385.17,25968034.79,19,8
2017-12-02,10000043,27190,199999998.92,199999998.92,199999998.92,1,1
2017-12-02,10000043,27191,2349998.88,2349998.88,2349998.88,1,1
2017-12-02,10000043,27193,2288998.32,2288998.32,2288998.32,1,1
2017-12-02,10000043,27195,895200.99,573002.5,1099999.99,5,5
2017-12-02,10000043,27196,33899884.45,33899852.94,33899915.95,2,2
2017-12-02,10000043,27197,32999993.99,32999993.99,32999993.99,1,1
2017-12-02,10000043,27235,9999999,9999999,9999999,1,1
2017-12-02,10000043,27237,400000,400000,400000,1,1
2017-12-02,10000043,27238,33995000,33995000,33995000,1,1
2017-12-02,10000043,27258,198499999,198499999,198499999,1,1
2017-12-02,10000043,27260,29832984.18,21000002.29,31999502.97,6,6
2017-12-02,10000043,27313,56,56,56,5105,3
2017-12-02,10000043,27315,863.34,863.3,864.16,15188,16
2017-12-02,10000043,27317,69999.99,69999.99,69999.99,1000,2
2017-12-02,10000043,27319,199.99,199.99,199.99,5000,1
2017-12-02,10000043,27321,668.67,668.67,668.67,69052,29
2017-12-02,10000043,27325,36.99,36.99,36.99,1000,1
2017-12-02,10000043,27327,998.99,998.99,998.99,17340,14
2017-12-02,10000043,27331,51,51,51,1000,1
2017-12-02,10000043,27333,924.33,924.33,931.98,28015,35
2017-12-02,10000043,27337,204,204,204,3598,5
2017-12-02,10000043,27339,3229.99,3229.99,3229.99,49943,30
2017-12-02,10000043,27343,399.99,399.99,399.99,1120,2
2017-12-02,10000043,27345,2831.98,2831.98,2831.98,41760,26
2017-12-02,10000043,27349,992.7,992.7,992.7,13897,3
2017-12-02,10000043,27351,3188.98,3188.98,3190.99,26772,19
2017-12-02,10000043,27353,115.03,115.03,115.03,5138,5
2017-12-02,10000043,27357,277.99,277.99,277.99,1031,2
2017-12-02,10000043,27359,2599,2599,2599,29384,19
2017-12-02,10000043,27361,1143,1143,1144.24,207067,77
2017-12-02,10000043,27365,147996.56,147996.56,147996.56,120,1
2017-12-02,10000043,27367,1000,1000,1000,11169,7
2017-12-02,10000043,27371,1120,1120,1121,108516,43
2017-12-02,10000043,27373,1199.99,1199.99,1199.99,10300,3
2017-12-02,10000043,27377,2594.57,2500,2594.57,36845,11
2017-12-02,10000043,27379,494.79,494.79,494.79,500,1
2017-12-02,10000043,27381,1564,1564,1564,110091,44
2017-12-02,10000043,27383,698,698,698,6500,3
2017-12-02,10000043,27385,60300,60300,60300,600,2
2017-12-02,10000043,27387,1189.97,1164,1189.98,187666,73
2017-12-02,10000043,27391,156.47,156.47,156.47,3000,1
2017-12-02,10000043,27395,2349.12,2349.12,2349.12,45000,7
2017-12-02,10000043,27401,1617.91,1617.91,1617.91,34300,13
2017-12-02,10000043,27403,852.39,204.83,1499.95,2000,2
2017-12-02,10000043,27405,1343,1343,1343,40920,15
2017-12-02,10000043,27409,1599.98,1599.98,1599.98,12977,3
2017-12-02,10000043,27411,1599.99,1599.99,1599.99,12000,5
2017-12-02,10000043,27413,1495,1495,1495,94679,21
2017-12-02,10000043,27419,1342.23,1342.23,1342.23,46741,19
2017-12-02,10000043,27423,2364.23,2364.23,2372.7,86283,14
2017-12-02,10000043,27429,2012.46,2012.46,2012.46,26664,9
2017-12-02,10000043,27433,976.87,976.87,976.87,2000,3
2017-12-02,10000043,27435,1598.64,1598.64,1598.64,44629,18
2017-12-02,10000043,27437,399999.99,399999.99,399999.99,50,1
2017-12-02,10000043,27439,590,590,590,1000,1
2017-12-02,10000043,27441,1249,1249,1249,79517,37
2017-12-02,10000043,27445,1615,1615,1615,4240,3
2017-12-02,10000043,27447,1597.99,1597.93,1598,72241,25
2017-12-02,10000043,27453,1344.83,1344.82,1344.88,24377,12
2017-12-02,10000043,27576,6899999.72,6899999.72,6899999.72,2,1
2017-12-02,10000043,27616,17895.94,17895.94,17895.94,1,1
2017-12-02,10000043,27618,17895.94,17895.94,17895.94,1,1
2017-12-02,10000043,27672,4300000.44,2500001.76,4900000,4,2
2017-12-02,10000043,27673,20000000,20000000,20000000,1,1
2017-12-02,10000043,27902,110666.65,100000,119999.97,30,29
2017-12-02,10000043,27905,3000000,3000000,3000000,3,1
2017-12-02,10000043,27906,25502285.57,25000000,27009142.29,8,8
2017-12-02,10000043,27911,13249967.47,12000000,16999869.87,4,4
2017-12-02,10000043,27914,1777492.32,1551000.99,1795981.44,53,33
2017-12-02,10000043,27916,1115944.33,1115944,1115944.91,45,11
2017-12-02,10000043,27918,1325000,1325000,1325000,211,15
2017-12-02,10000043,27919,399999999,399999999,399999999,1,1
2017-12-02,10000043,27920,980161.37,600010.88,1014304.96,73,13
2017-12-02,10000043,27924,949998,949998,949998,252,4
2017-12-02,10000043,27930,84855.88,237.06,169474.7,2,2
2017-12-02,10000043,27931,2000000,2000000,2000000,5,1
2017-12-02,10000043,27932,147778.29,556.72,294999.86,4,3
2017-12-02,10000043,27933,1000000,1000000,1000000,8,1
2017-12-02,10000043,27936,10298999.5,10000000,10597999,4,4
2017-12-02,10000043,27951,49941512.76,44327470,55555555.51,2,2
2017-12-02,10000043,28073,9603634.37,8999999,9879999.99,11,10
2017-12-02,10000043,28164,4103971.29,2925027,4500000,42,22
2017-12-02,10000043,28197,2999999.98,2999999.97,2999999.98,15,4
2017-12-02,10000043,28199,3595959,3595959,3595959,1,1
2017-12-02,10000043,28201,688997.68,663997.91,698997.96,14,4
2017-12-02,10000043,28203,710985.35,365000,812928.99,31,7
2017-12-02,10000043,28205,1750000,1750000,1750000,5,1
2017-12-02,10000043,28207,1971428.41,1900000,1999999.78,14,4
2017-12-02,10000043,28209,1214397.15,1104818.21,1249999.8,29,8
2017-12-02,10000043,28211,752884.09,510030.23,888876.99,79,16
2017-12-02,10000043,28213,1296611,1296611,1296611,111,21
2017-12-02,10000043,28215,984096.76,900000,989999,61,10
2017-12-02,10000043,28262,359039.1,350000,479995.69,69,15
2017-12-02,10000043,28268,66993353.23,47010119.5,70989999.99,6,4
2017-12-02,10000043,28270,873756.61,289009.02,889999.6,74,20
2017-12-02,10000043,28272,43499432.92,43499432.92,43499432.92,8,5
2017-12-02,10000043,28274,928393.43,475000.52,999981.78,66,20
2017-12-02,10000043,28276,16999998.99,16999998.99,16999998.99,5,2
2017-12-02,10000043,28280,16399699.99,16399699.99,16399699.99,8,1
2017-12-02,10000043,28282,851842.75,400000,908997.99,27,11
2017-12-02,10000043,28286,2830910.06,1200021.05,2993998.97,33,10
2017-12-02,10000043,28288,88444323.13,76000000,89999859.77,9,3
2017-12-02,10000043,28290,3293908.18,3199799.74,3299789.96,17,4
2017-12-02,10000043,28294,725550,725549.99,725550,45,3
2017-12-02,10000043,28298,1740999.94,1740999.94,1740999.97,13,3
2017-12-02,10000043,28302,364160.14,188998.85,379392.99,25,7
2017-12-02,10000043,28304,17499989.98,17499989.98,17499989.98,1,1
2017-12-02,10000043,28306,4199999.98,4199999.98,4199999.98,4,1
2017-12-02,10000043,28324,164.12,164.12,164.12,1000,1
2017-12-02,10000043,28328,530.47,530.47,530.47,301,2
2017-12-02,10000043,28332,1215.65,1215.65,1215.65,7701,6
2017-12-02,10000043,28334,803.23,803.23,803.23,25474,10
2017-12-02,10000043,28336,612.98,612.98,612.98,3371,6
2017-12-02,10000043,28352,2399999999.99,2399999999.99,2399999999.99,1,1
2017-12-02,10000043,28361,6800.2,6800.2,6800.2,11607,78
2017-12-02,10000043,28362,205105.8,205105.8,205105.8,15279,74
2017-12-02,10000043,28363,159003.2,159003.2,159003.27,1587,38
2017-12-02,10000043,28364,24466.29,24429,30991.99,1518,40
2017-12-02,10000043,28365,35900.98,35900.98,35900.98,628,7
2017-12-02,10000043,28366,2906606.59,2906606.59,2906606.59,316,7
2017-12-02,10000043,28367,421000.12,300000,421000.13,1018,14
2017-12-02,10000043,28374,518823457.86,500000000,579999693.4,17,15
2017-12-02,10000043,28385,441007.01,441007.01,441007.01,51,1
2017-12-02,10000043,28388,430302.78,430302.78,430302.79,655,9
2017-12-02,10000043,28389,478820.7,478820.7,478820.7,827,1
2017-12-02,10000043,28391,325000.09,325000.09,325000.09,15,1
2017-12-02,10000043,28394,131442.21,131442.21,135805,742,5
2017-12-02,10000043,28396,159999.99,159999.99,160000,223,3
2017-12-02,10000043,28397,108727.38,108000.15,110000.02,33,2
2017-12-02,10000043,28400,40100.41,40100.41,40100.41,1,1
2017-12-02,10000043,28401,51309.9,51309.9,51309.9,3,1
2017-12-02,10000043,28403,55958.98,55958.98,55958.98,21802,11
2017-12-02,10000043,28404,44250.01,44250.01,44250.01,169,5
2017-12-02,10000043,28405,54514.83,44250.01,57301,89,2
2017-12-02,10000043,28406,50000,49999,50000,5417,16
2017-12-02,10000043,28407,40000.05,40000.05,40000.05,403,1
2017-12-02,10000043,28408,38300,38300,38300,266,3
2017-12-02,10000043,28409,14451.43,14451.43,14451.43,17982,23
2017-12-02,10000043,28410,14645,14644.11,14702.06,30635,25
2017-12-02,10000043,28411,15315.52,15315.5,15315.53,20305,23
2017-12-02,10000043,28415,7010.23,7010.23,7010.23,1059,2
2017-12-02,10000043,28416,7009.28,7009.28,7009.28,4444,4
2017-12-02,10000043,28417,6200.05,6200.05,6200.05,982,3
2017-12-02,10000043,28420,376999.98,376999.98,376999.98,16203,10
2017-12-02,10000043,28421,6068.5,6068.5,6068.5,4901,4
2017-12-02,10000043,28422,4879.11,4879.11,4879.11,5617,3
2017-12-02,10000043,28423,6234.13,6234.13,6234.13,640,1
2017-12-02,10000043,28424,4250.43,4249.5,4779.94,270271,38
2017-12-02,10000043,28425,4371.71,4371.11,4889.91,199294,34
2017-12-02,10000043,28426,4898.94,4898.92,4898.94,257224,31
2017-12-02,10000043,28427,1534.01,1532.32,1534.05,150323,18
2017-12-02,10000043,28428,1806.62,1806.61,2099.97,137353,21
2017-12-02,10000043,28429,1686.25,1686.15,1686.25,117988,14
2017-12-02,10000043,28430,1376.48,1375.86,1699.97,428120,30
2017-12-02,10000043,28431,1749.96,1749.96,1749.96,549162,31
2017-12-02,10000043,28432,1386.03,1385.11,1599.7,574595,30
2017-12-02,10000043,28434,224009,224000,224499,16510,21
2017-12-02,10000043,28435,500009.76,500009.76,500009.76,134,5
2017-12-02,10000043,28436,290010.98,211013.99,293009.99,1392,7
2017-12-02,10000043,28437,475000,474999,500000,354,5
2017-12-02,10000043,28439,660000,660000,660000,434,3
2017-12-02,10000043,28440,600000.48,600000.48,600000.48,343,3
2017-12-02,10000043,28544,345500000,345500000,345500000,1,1
2017-12-02,10000043,28576,779999.99,760000,779999.99,517,125
2017-12-02,10000043,28578,999961.97,999934,999961.98,129,44
2017-12-02,10000043,28585,25665128.09,25000000,26995000,21,19
2017-12-02,10000043,28606,746010045.91,745000000,752999998,21,21
2017-12-02,10000043,28609,33238999.14,32000000,34477998.27,4,4
2017-12-02,10000043,28615,4000000,4000000,4000000,5,5
2017-12-02,10000043,28646,3619334.14,2122007.36,3993997.78,15,15
2017-12-02,10000043,28652,25890910.17,25890900.16,25890915.17,3,3
2017-12-02,10000043,28654,2622050.92,2122051.09,3622050.58,3,2
2017-12-02,10000043,28656,64000000,64000000,64000000,5,5
2017-12-02,10000043,28659,1689150016.46,1602500051.16,1732499998.82,6,6
2017-12-02,10000043,28661,1571093606.75,1419321001.01,1646979909.63,3,3
2017-12-02,10000043,28665,1600700030.09,1600700014.96,1600700045.21,2,2
2017-12-02,10000043,28667,64624619.37,64000000,68996954.98,16,7
2017-12-02,10000043,28668,26664.85,26000,39998.63,194423,643
2017-12-02,10000043,28670,200000.05,200000.05,200000.05,26,2
2017-12-02,10000043,28672,787012.99,787012.99,787012.99,38,2
2017-12-02,10000043,28674,1189599.99,200000,1436999.99,5,4
2017-12-02,10000043,28676,498000.03,498000.03,498000.03,2,1
2017-12-02,10000043,28680,2750500.5,2750500.49,2750500.5,16,3
2017-12-02,10000043,28682,1799999.99,1799999.99,1800000,6,3
2017-12-02,10000043,28684,502199.97,502199.97,502199.97,2,2
2017-12-02,10000043,28696,191.5,191.5,191.5,734,1
2017-12-02,10000043,28710,1758998988.44,1758998988.44,1758998988.44,1,1
2017-12-02,10000043,28744,74020679,74020679,74020679,2,2
2017-12-02,10000043,28750,300000000,300000000,300000000,2,1
2017-12-02,10000043,28754,246534794.4,202336995.47,275999990.54,5,4
2017-12-02,10000043,28756,36425500.66,34999999.95,37299942.91,51,49
2017-12-02,10000043,28758,38783763.39,30500104.12,40899994.98,80,74
2017-12-02,10000043,28810,298000099.85,298000099.85,298000099.85,1,1
2017-12-02,10000043,28879,1164659.6,1000000,1246989.4,18,18
2017-12-02,10000043,28880,5229173.91,5000000,5439000,23,22
2017-12-02,10000043,28999,14000,14000,14000,530,132
2017-12-02,10000043,29001,14998.74,14998.71,14998.75,374,161
2017-12-02,10000043,29003,60000.9,60000.9,60000.9,5,1
2017-12-02,10000043,29005,8884.99,8884.99,8884.99,183,43
2017-12-02,10000043,29007,13448.43,13448.43,13448.44,184,47
2017-12-02,10000043,29009,9599.89,9599.89,9599.89,303,101
2017-12-02,10000043,29010,1500000,1500000,1500000,1,1
2017-12-02,10000043,29011,9999.57,9999.56,9999.58,381,139
2017-12-02,10000043,29012,1500000,1500000,1500000,1,1
2017-12-02,10000043,29013,57751.04,4901.16,59999.97,98,31
2017-12-02,10000043,29015,5450.03,5450.03,5450.03,1023,42
2017-12-02,10000043,29029,102332666.67,100000000,106998000,6,6
2017-12-02,10000043,29043,2000000,2000000,2000000,4,1
2017-12-02,10000043,29248,513999.9,513999.9,513999.9,147,110
2017-12-02,10000043,29249,2550000,1200000,2775000,7,7
2017-12-02,10000043,29266,2994999,1800000.01,4189997.99,2,2
2017-12-02,10000043,29336,61689887.67,45694000.18,62617906.44,17,8
2017-12-02,10000043,29337,70136472.26,65019502.52,72694957.88,6,6
2017-12-02,10000043,29340,103000493.42,103000488.42,103000498.42,2,2
2017-12-02,10000043,29344,78403086.55,78403081.54,78403091.55,2,2
2017-12-02,10000043,29637,52311645.37,50000000,58999596.59,34,32
2017-12-02,10000043,29984,150620021.29,134538500.27,153471671.11,16,16
2017-12-02,10000043,29986,211426858.03,200000057.88,239995916.84,21,21
2017-12-02,10000043,29988,198998645.79,164944405.28,224999999.99,18,18
2017-12-02,10000043,29990,208251818.81,195089000.13,214999968.43,18,18
2017-12-02,10000043,29992,608001,608001,608001,109,1
2017-12-02,10000043,30013,4001.11,4001.11,4001.11,13712,280
2017-12-02,10000043,30014,5400000,5400000,5400000,1,1
2017-12-02,10000043,30018,8369.99,8369.99,8369.99,3006,49
2017-12-02,10000043,30019,2216.71,2216.71,2216.71,16310,76
2017-12-02,10000043,30021,23500,23500,23500,46342,67
2017-12-02,10000043,30022,95057.5,95057.5,95057.5,1608,57
2017-12-02,10000043,30024,24998.99,24998.99,24998.99,2721,48
2017-12-02,10000043,30028,65999,41329.07,66000,1214,41
2017-12-02,10000043,30029,5500000,5500000,5500000,1,1
2017-12-02,10000043,30187,12500019.54,12500019.54,12500019.54,7,4
2017-12-02,10000043,30221,35000,35000,35000,1,1
2017-12-02,10000043,30222,30000,30000,30000,1,1
2017-12-02,10000043,30248,33041.2,33041.18,33041.23,1708,56
2017-12-02,10000043,30251,4824,4824,4824,50093,66
2017-12-02,10000043,30252,27064.07,27063,27065.02,558,28
2017-12-02,10000043,30254,2081.56,2081.56,2081.56,41535,74
2017-12-02,10000043,30258,45107.2,45107.2,45107.2,1569,45
2017-12-02,10000043,30259,865640,865639.04,865640,2344,56
2017-12-02,10000043,30268,42008.01,42008.01,42010.06,670,33
2017-12-02,10000043,30269,42407.99,42405.6,42412,699,30
2017-12-02,10000043,30270,45613.06,45613.06,45617,709,31
2017-12-02,10000043,30271,32102,32008.02,32103,804,27
2017-12-02,10000043,30303,1999.99,1999.99,1999.99,1424,2
2017-12-02,10000043,30306,12207.01,12207.01,12207.01,6880,1
2017-12-02,10000043,30308,19701,19701,19701,5454,2
2017-12-02,10000043,30310,55000.11,55000.11,55000.11,17928,4
2017-12-02,10000043,30324,10298750,10000000,11195000,4,4
2017-12-02,10000043,30325,10100000,10000000,10299999.99,3,3
2017-12-02,10000043,30327,10133333.33,10000000,10399999.99,3,3
2017-12-02,10000043,30328,1004.89,6,7000,7,7
2017-12-02,10000043,30342,50,50,50,4,3
2017-12-02,10000043,30370,3362.01,3362,3362.01,42236,16
2017-12-02,10000043,30371,1607.76,1607.76,1607.76,43993,15
2017-12-02,10000043,30372,2074.21,2074.17,2074.4,47111,14
2017-12-02,10000043,30373,7919.44,7919.37,7919.69,21343,13
2017-12-02,10000043,30374,3685.03,3685.03,3685.03,27086,14
2017-12-02,10000043,30375,9435.32,9435.31,9435.42,17766,11
2017-12-02,10000043,30376,13645.29,13645.01,17999.99,48360,38
2017-12-02,10000043,30377,54999.95,50348.16,54999.96,15585,15
2017-12-02,10000043,30378,45330.06,45321.2,45330.06,8397,12
2017-12-02,10000043,30420,60.02,50.02,150.02,10,10
2017-12-02,10000043,30422,50,50,50,2,2
2017-12-02,10000043,30424,50,50,50,1,1
2017-12-02,10000043,30486,512999.98,510998.97,513000.01,781,70
2017-12-02,10000043,30488,434977.95,434977.94,434977.96,3784,271
2017-12-02,10000043,30497,4500.75,4500.75,4500.75,5737,48
2017-12-02,10000043,30532,5312432.41,5000000,7499459.31,16,15
2017-12-02,10000043,30537,5034188.01,5000000,5349000,16,16
2017-12-02,10000043,30538,5191522.66,5000000,6436419.96,15,14
2017-12-02,10000043,30539,5000000,5000000,5000000,14,14
2017-12-02,10000043,30540,5131246.25,5000000,5349990,8,8
2017-12-02,10000043,30544,5528419.19,5000000,7448989.99,14,10
2017-12-02,10000043,30545,4990656.87,3900001.26,5347979.99,6,6
2017-12-02,10000043,30546,5130462.5,5000000,5347900,8,8
2017-12-02,10000043,30547,5174950,5000000,5349899.99,6,6
2017-12-02,10000043,30548,5086500,5000000,5346000,8,8
2017-12-02,10000043,30549,5618367.89,5000000,16748989.99,19,9
2017-12-02,10000043,30550,5174950,5000000,5349900,8,8
2017-12-02,10000043,30551,5174934.97,5000000,5349869.94,4,4
2017-12-02,10000043,30552,5116300,5000000,5348900,9,9
2017-12-02,10000043,30553,5199942.86,5000000,5349900,7,7
2017-12-02,10000043,30554,5935992.93,5000000,7499646.54,11,10
2017-12-02,10000043,30558,3010000,500000,3300000,10,5
2017-12-02,10000043,30562,88774.95,47600.16,120000,24,11
2017-12-02,10000043,30582,5374017.16,4660349.89,9660376.65,46,9
2017-12-02,10000043,30586,958332.75,900000,999999,12,3
2017-12-02,10000043,30588,62041.26,40000,88999,24,9
2017-12-02,10000043,30614,22999999.99,22999999.99,22999999.99,6,3
2017-12-02,10000043,30618,153052.63,50000,196500,19,6
2017-12-02,10000043,30628,26562499.42,7500001.13,37999998.4,8,3
2017-12-02,10000043,30632,800000.1,800000.1,800000.1,1,1
2017-12-02,10000043,30633,146360.67,89000,189500,61,15
2017-12-02,10000043,30650,1456214.35,761000.44,1500000,14,14
2017-12-02,10000043,30651,1407450.53,1505.57,1500000,10,10
2017-12-02,10000043,30652,1425774.81,400423.71,1596500,7,7
2017-12-02,10000043,30653,1384116.07,150000.01,1664898.81,6,6
2017-12-02,10000043,30744,200000,200000,200000,49037,167
2017-12-02,10000043,30745,500000,500000,500000,47006,165
2017-12-02,10000043,30746,1500000,1500000,1500000,19607,109
2017-12-02,10000043,30747,5000000,5000000,5000000,10747,91
2017-12-02,10000043,30752,14776999.61,14776998.97,14776999.98,11,6
2017-12-02,10000043,30754,1356444.3,559111.61,1429999.35,12,6
2017-12-02,10000043,30788,10124500,10000000,10498000,4,4
2017-12-02,10000043,30832,1289780.28,1289780.28,1290000,106,54
2017-12-02,10000043,30834,1620965.69,1400002.11,1668777.88,70,39
2017-12-02,10000043,30836,1687948.99,1687948.99,1687948.99,135,40
2017-12-02,10000043,30839,241.35,0.01,724.02,3,2
2017-12-02,10000043,30987,580000.01,580000.01,580000.01,220,96
2017-12-02,10000043,30988,177000,125000,333000,4,4
2017-12-02,10000043,30993,59790378.08,59790371.07,59790381.08,10,6
2017-12-02,10000043,30997,322987.93,322987.93,322987.96,8,7
2017-12-02,10000043,30998,125000,125000,125000,1,1
2017-12-02,10000043,30999,2121064.06,464000.12,2199971.16,22,10
2017-12-02,10000043,31000,750000,750000,750000,2,2
2017-12-02,10000043,31003,10498623.82,10498623.78,10498623.83,4,3
2017-12-02,10000043,31005,18199766.63,18199757.27,18199767.29,15,14
2017-12-02,10000043,31009,586662.49,499000,589999.94,95,70
2017-12-02,10000043,31010,125000,125000,125000,1,1
2017-12-02,10000043,31011,2285130.3,2279999,2289999.99,76,61
2017-12-02,10000043,31012,750000,750000,750000,1,1
2017-12-02,10000043,31013,69990489.7,69990489.7,69990489.7,3,3
2017-12-02,10000043,31015,6517766.13,2500001.09,8499989.74,27,18
2017-12-02,10000043,31017,20257737.49,20257728.5,20257738.42,19,19
2017-12-02,10000043,31019,550000000,550000000,550000000,1,1
2017-12-02,10000043,31021,691683.93,690559.93,729899.86,35,24
2017-12-02,10000043,31022,125000,125000,125000,1,1
2017-12-02,10000043,31023,2339966.26,2339000.17,2340010,14,13
2017-12-02,10000043,31024,750000,750000,750000,1,1
2017-12-02,10000043,31025,116999999.95,116999999.95,116999999.95,1,1
2017-12-02,10000043,31027,9398689.35,9398689.35,9398689.35,7,6
2017-12-02,10000043,31029,20929856.42,20929845.13,20929885.26,8,8
2017-12-02,10000043,31033,717833.33,291000,740000,18,16
2017-12-02,10000043,31034,125000,125000,125000,1,1
2017-12-02,10000043,31035,2060791.8,80000.01,2120203.5,33,22
2017-12-02,10000043,31036,750000,750000,750000,2,2
2017-12-02,10000043,31037,51898999.81,51898999.81,51898999.81,1,1
2017-12-02,10000043,31039,9985978.25,9985968.2,9985988.29,6,6
2017-12-02,10000043,31041,22532474.95,22499078.72,23000000,15,14
2017-12-02,10000043,31045,748988.99,700016.88,748999.96,147,73
2017-12-02,10000043,31046,125000,125000,125000,2,2
2017-12-02,10000043,31047,2790798.81,2500001.21,2799986.72,98,69
2017-12-02,10000043,31048,750000,750000,750000,4,3
2017-12-02,10000043,31049,994999995.98,994999995.98,994999995.98,1,1
2017-12-02,10000043,31051,8958463.06,8955970.96,8959778.99,26,19
2017-12-02,10000043,31053,33131953.07,29500000.21,33495740.48,44,35
2017-12-02,10000043,31055,2248996.88,2239926,2248996.89,229,89
2017-12-02,10000043,31056,822500,750000,894999.99,2,2
2017-12-02,10000043,31057,8141859.33,8141845,8141877.96,39,21
2017-12-02,10000043,31059,20072224.93,20072173.89,20072236,143,76
2017-12-02,10000043,31061,572229898.95,572229898.95,572229898.95,2,2
2017-12-02,10000043,31063,643564.6,640999.36,699999.88,23,17
2017-12-02,10000043,31064,125000,125000,125000,1,1
2017-12-02,10000043,31065,3066710.6,57001.05,3139000,41,35
2017-12-02,10000043,31066,750000,750000,750000,3,2
2017-12-02,10000043,31069,8186211.73,4503003.79,8800079.73,7,7
2017-12-02,10000043,31071,32778079.45,32774314.69,32779818.1,10,9
2017-12-02,10000043,31073,2889996.97,2889996.95,2889996.97,27,6
2017-12-02,10000043,31077,12003919.71,12003919.71,12003919.71,2,1
2017-12-02,10000043,31079,30069791.34,21170817.29,38968765.38,2,2
2017-12-02,10000043,31083,925949.47,225000.93,990779.99,35,16
2017-12-02,10000043,31085,3990078.55,3990000,3990288,22,8
2017-12-02,10000043,31089,11497447.48,11497429.45,11497504.59,15,7
2017-12-02,10000043,31091,34389869.88,33499959.96,35724739.77,10,5
2017-12-02,10000043,31105,251312.17,247958.97,547973.72,85,37
2017-12-02,10000043,31106,125000,125000,125000,3,3
2017-12-02,10000043,31107,989995.7,989994.99,989996,10,7
2017-12-02,10000043,31108,750000,750000,750000,1,1
2017-12-02,10000043,31111,4170003.62,4170003.61,4170003.66,6,6
2017-12-02,10000043,31113,9432830.58,3000051.23,10504960.47,7,7
2017-12-02,10000043,31117,289770.51,285000,309998.7,48,20
2017-12-02,10000043,31118,125000,125000,125000,3,3
2017-12-02,10000043,31119,1140988.9,1140949.24,1140988.9,133,63
2017-12-02,10000043,31120,750000,750000,750000,2,2
2017-12-02,10000043,31123,3906360.72,3479992,4149999.99,11,7
2017-12-02,10000043,31125,12784031.63,10000004.02,12799724.94,51,24
2017-12-02,10000043,31129,88718.73,87949.99,89999.95,8,8
2017-12-02,10000043,31130,125000,125000,125000,1,1
2017-12-02,10000043,31131,750688.98,750688.98,750688.98,1,1
2017-12-02,10000043,31132,750000,750000,750000,1,1
2017-12-02,10000043,31135,5943382,5943382,5943382,1,1
2017-12-02,10000043,31142,125000,125000,125000,1,1
2017-12-02,10000043,31143,1491843.92,1491843.92,1491843.92,2,2
2017-12-02,10000043,31144,750000,750000,750000,1,1
2017-12-02,10000043,31153,283000,282999.9,399999.99,113,49
2017-12-02,10000043,31154,125000,125000,125000,2,2
2017-12-02,10000043,31155,1082502.95,800011.27,1099897,76,32
2017-12-02,10000043,31156,750000,750000,750000,1,1
2017-12-02,10000043,31157,21865176.98,21790194.3,21890171.21,4,3
2017-12-02,10000043,31159,252515.59,252515.59,252515.59,172,41
2017-12-02,10000043,31160,125000,125000,125000,3,3
2017-12-02,10000043,31161,1378053.96,1292999,1480121,66,35
2017-12-02,10000043,31162,750000,750000,750000,3,3
2017-12-02,10000043,31163,36990236.09,36990226.08,36990246.1,5,4
2017-12-02,10000043,31165,4852473.11,4849847.82,4885930.97,95,52
2017-12-02,10000043,31167,14688674.62,14666830.98,15233819.77,45,28
2017-12-02,10000043,31169,327999669.24,327999669.24,327999669.24,3,2
2017-12-02,10000043,31171,4600145.44,4599851,4606873.19,49,35
2017-12-02,10000043,31173,13064002.89,12000000,13215989.99,24,13
2017-12-02,10000043,31177,269998.84,265553.96,269998.87,116,51
2017-12-02,10000043,31178,125000,125000,125000,2,2
2017-12-02,10000043,31179,1206216.16,1190090.95,1877100.01,41,35
2017-12-02,10000043,31180,750000,750000,750000,1,1
2017-12-02,10000043,31183,3999813.91,3999813.84,3999813.95,44,33
2017-12-02,10000043,31185,10930324.94,6701272.26,11699242.33,13,12
2017-12-02,10000043,31189,184995.69,184995.69,184995.69,3,3
2017-12-02,10000043,31190,125000,125000,125000,1,1
2017-12-02,10000043,31191,1579998.92,1579998.92,1579998.92,3,1
2017-12-02,10000043,31192,750000,750000,750000,2,2
2017-12-02,10000043,31195,2699997.94,2699997.94,2699997.94,4,2
2017-12-02,10000043,31201,179496.99,179496.99,179496.99,111,63
2017-12-02,10000043,31202,125000,125000,125000,3,3
2017-12-02,10000043,31207,2620844.29,2500000,2640985,7,7
2017-12-02,10000043,31213,94000,93999,94738.99,311,132
2017-12-02,10000043,31214,125000,125000,125000,3,3
2017-12-02,10000043,31215,307525.13,100.53,410000,4,4
2017-12-02,10000043,31220,4324501.25,2000000.12,4799995,23,21
2017-12-02,10000043,31222,6299988.5,6000000,6399984.67,4,4
2017-12-02,10000043,31226,42897.99,42897.99,42897.99,1,1
2017-12-02,10000043,31227,125000,125000,125000,1,1
2017-12-02,10000043,31228,239999,239999,239999,2,2
2017-12-02,10000043,31229,750000,750000,750000,1,1
2017-12-02,10000043,31232,999995.93,999995.93,999995.93,1,1
2017-12-02,10000043,31238,309999.06,36000.04,369999,63,37
2017-12-02,10000043,31239,125000,125000,125000,3,3
2017-12-02,10000043,31244,1998678.64,1998678.64,1998678.64,9,9
2017-12-02,10000043,31262,250000,250000,250000,7,6
2017-12-02,10000043,31274,268874.93,191000,279999.92,8,6
2017-12-02,10000043,31276,1152564.24,1089999,1190103.38,8,4
2017-12-02,10000043,31280,3699986.34,3699979.98,3700000,14,13
2017-12-02,10000043,31282,11799978.97,11799978.97,11799978.97,1,1
2017-12-02,10000043,31286,550179.93,550179.93,550179.93,7,5
2017-12-02,10000043,31288,300108,5000,450000,5,5
2017-12-02,10000043,31292,10298745,10298745,10298745,12,4
2017-12-02,10000043,31294,8999536.31,8999536.31,8999536.31,2,2
2017-12-02,10000043,31298,275546.17,270160,280149.98,89,10
2017-12-02,10000043,31300,757858.25,100000,889429.9,6,4
2017-12-02,10000043,31306,11000000,11000000,11000000,2,1
2017-12-02,10000043,31310,490210,490210,490210,14,7
2017-12-02,10000043,31316,3749916.63,3749915.99,3749916.95,3,3
2017-12-02,10000043,31322,392305.25,390269.96,489999.09,49,19
2017-12-02,10000043,31324,1049000.47,1049000.47,1049000.98,11,5
2017-12-02,10000043,31328,4698771.85,4698769.85,4698779.86,5,3
2017-12-02,10000043,31330,15687938.89,15687928.88,15687948.9,2,2
2017-12-02,10000043,31340,9996842.61,9996842.61,9996842.61,1,1
2017-12-02,10000043,31346,135841.45,135841.45,135841.45,1,1
2017-12-02,10000043,31352,2324973.5,2324973.5,2324973.5,1,1
2017-12-02,10000043,31358,678999,678998.94,678999.91,138,93
2017-12-02,10000043,31359,125000,125000,125000,1,1
2017-12-02,10000043,31360,3245982,3245898.69,3245991,145,106
2017-12-02,10000043,31361,750000,750000,750000,1,1
2017-12-02,10000043,31362,77960806.49,71870963.94,79990754,8,5
2017-12-02,10000043,31364,4825198.64,3000008.85,5249896.98,77,45
2017-12-02,10000043,31366,22067410.4,20500202.16,22099399.68,50,45
2017-12-02,10000043,31370,246998,245998.79,246998.22,175,88
2017-12-02,10000043,31371,125000,125000,125000,4,3
2017-12-02,10000043,31372,1069827.96,1069827.95,1069996.85,195,85
2017-12-02,10000043,31373,750000,750000,750000,3,2
2017-12-02,10000043,31374,23250009.34,12000127.41,26999969.98,4,3
2017-12-02,10000043,31376,4020515.32,4001452.94,4605758.2,32,23
2017-12-02,10000043,31378,10729074.98,9488953.99,13345683.84,97,67
2017-12-02,10000043,31380,166999984.83,166999979.82,166999989.83,2,2
2017-12-02,10000043,31382,97750.09,1030.36,129990,4,4
2017-12-02,10000043,31383,125000,125000,125000,1,1
2017-12-02,10000043,31384,690990,690990,690990,2,1
2017-12-02,10000043,31385,750000,750000,750000,1,1
2017-12-02,10000043,31388,1949994.95,1949994.95,1949994.95,2,1
2017-12-02,10000043,31394,103226.72,100000,104300,4,3
2017-12-02,10000043,31395,125000,125000,125000,1,1
2017-12-02,10000043,31396,490990,490990,490990,2,2
2017-12-02,10000043,31397,750000,750000,750000,1,1
2017-12-02,10000043,31406,633345.9,620540,639995.95,24,15
2017-12-02,10000043,31407,125000,125000,125000,1,1
2017-12-02,10000043,31408,1969987.05,1969986.59,1969999,62,12
2017-12-02,10000043,31409,750000,750000,750000,1,1
2017-12-02,10000043,31410,59990333.99,59990333.99,59990333.99,2,2
2017-12-02,10000043,31412,8585786.84,8585747.46,8585848.67,16,12
2017-12-02,10000043,31414,19469892.64,19469882.62,19469897.65,7,6
2017-12-02,10000043,31418,41995.86,41995.85,41995.86,11,4
2017-12-02,10000043,31424,684334.27,684334.27,684334.27,2,1
2017-12-02,10000043,31426,3841213.2,3841213.2,3841213.2,1,1
2017-12-02,10000043,31430,43969.99,42939.99,44999.98,2,2
2017-12-02,10000043,31438,2842000,2842000,2842000,1,1
2017-12-02,10000043,31442,222142.54,180000,235000,37,30
2017-12-02,10000043,31443,125000,125000,125000,1,1
2017-12-02,10000043,31444,1290769.85,1290769.85,1290769.87,9,8
2017-12-02,10000043,31445,750000,750000,750000,1,1
2017-12-02,10000043,31448,3320248.18,1011002.12,4089996.85,4,4
2017-12-02,10000043,31450,4901001,4901001,4901001,3,2
2017-12-02,10000043,31454,211737.07,206994.99,347000,56,39
2017-12-02,10000043,31456,1448590.95,172000.01,1590249.52,22,18
2017-12-02,10000043,31460,6329999.96,6329999.93,6329999.99,2,2
2017-12-02,10000043,31462,8000000,8000000,8000000,1,1
2017-12-02,10000043,31466,48999.77,48999.77,48999.77,1,1
2017-12-02,10000043,31468,4990380,4990380,4990380,4,2
2017-12-02,10000043,31474,12796920.07,12796915.1,12796925.04,2,2
2017-12-02,10000043,31478,124483.31,55016,125000,29,19
2017-12-02,10000043,31480,515856.1,319999.01,548498.97,7,6
2017-12-02,10000043,31481,750000,750000,750000,1,1
2017-12-02,10000043,31484,2988518.3,2988518.29,2988518.48,16,10
2017-12-02,10000043,31486,4099997.77,4099997.74,4099997.8,25,17
2017-12-02,10000043,31490,286000.07,16000.4,340000,6,6
2017-12-02,10000043,31492,990559.98,990559.98,990560,11,5
2017-12-02,10000043,31496,2199954.95,2199954.95,2199954.95,3,2
2017-12-02,10000043,31500,36899999,36899999,36899999,1,1
2017-12-02,10000043,31505,750000,750000,750000,1,1
2017-12-02,10000043,31515,125000,125000,125000,1,1
2017-12-02,10000043,31526,1199999.98,1199999.98,1199999.98,135,22
2017-12-02,10000043,31528,5887885.86,5887885.86,5887885.86,1,1
2017-12-02,10000043,31532,2500000,2500000,2500000,1,1
2017-12-02,10000043,31534,9105949.67,150000,10897129.57,6,6
2017-12-02,10000043,31538,1090128.71,1089938.87,1100000,53,22
2017-12-02,10000043,31539,575000,125000,1025000,2,2
2017-12-02,10000043,31540,6890216.27,6890206,6890227.92,10,9
2017-12-02,10000043,31544,2368988.94,2368988.94,2368988.94,3,3
2017-12-02,10000043,31548,69899999,69899999,69899999,6,1
2017-12-02,10000043,31551,125000,125000,125000,1,1
2017-12-02,10000043,31563,125000,125000,125000,1,1
2017-12-02,10000043,31564,2899341.4,2899341.4,2899341.4,3,3
2017-12-02,10000043,31565,750000,750000,750000,1,1
2017-12-02,10000043,31570,2975821.9,2921821.9,3221821.89,50,7
2017-12-02,10000043,31574,2990710,2990710,2990710,4,1
2017-12-02,10000043,31576,4990363,4990363,4990363,4,2
2017-12-02,10000043,31582,14996058.58,14996058.58,14996058.58,1,1
2017-12-02,10000043,31586,698088.5,690440,874443.99,24,22
2017-12-02,10000043,31588,3230022.77,2990152,3890151.98,18,14
2017-12-02,10000043,31589,750000,750000,750000,1,1
2017-12-02,10000043,31592,3730975.36,3730975.34,3730975.48,13,10
2017-12-02,10000043,31594,12767470.59,12764955.59,12769985.59,2,2
2017-12-02,10000043,31598,339999.94,339999.94,339999.94,5,4
2017-12-02,10000043,31600,1908443.83,1790132.6,2500000,6,5
2017-12-02,10000043,31604,5997961.62,5997920.76,5998001.13,15,8
2017-12-02,10000043,31606,14749744.67,14749739.66,14749759.68,6,6
2017-12-02,10000043,31608,279999.89,279999.89,279999.89,2,2
2017-12-02,10000043,31612,64999999.81,64999999.81,64999999.81,1,1
2017-12-02,10000043,31616,9750582.35,1930715.54,13660515.76,3,3
2017-12-02,10000043,31620,707404.61,194000.07,734224,46,26
2017-12-02,10000043,31621,125000,125000,125000,2,2
2017-12-02,10000043,31622,1590716.1,101013.05,1838999.94,7,6
2017-12-02,10000043,31626,4692339.88,999999,4972555,14,10
2017-12-02,10000043,31628,15259490.39,15259482.87,15259497.92,4,4
2017-12-02,10000043,31632,124358.67,73096,149990,3,3
2017-12-02,10000043,31634,1990124.99,1990124.99,1990125,8,6
2017-12-02,10000043,31636,86999997.93,86999997.93,86999997.93,1,1
2017-12-02,10000043,31638,3995214.98,3995214.98,3995214.98,1,1
2017-12-02,10000043,31640,13799999.99,13799999.99,13799999.99,2,2
2017-12-02,10000043,31644,249454.69,249449.37,249467.98,7,7
2017-12-02,10000043,31645,125000,125000,125000,1,1
2017-12-02,10000043,31646,1390000,1390000,1390000,5,3
2017-12-02,10000043,31650,5518202.66,5518184.86,5518204.89,18,4
2017-12-02,10000043,31652,9225426.64,1700001.14,12988139.39,3,3
2017-12-02,10000043,31656,115398.99,115398.99,115399,8,8
2017-12-02,10000043,31664,16998409.02,16998409.02,16998409.02,2,2
2017-12-02,10000043,31668,177691.39,30001.24,189998.88,26,22
2017-12-02,10000043,31670,940199.91,901000.06,949999.88,5,4
2017-12-02,10000043,31671,750000,750000,750000,1,1
2017-12-02,10000043,31674,3649919.96,3649919.95,3649920,22,5
2017-12-02,10000043,31676,10499999.95,10000000,10999999.89,2,2
2017-12-02,10000043,31680,271092.7,10002.29,290208.9,33,17
2017-12-02,10000043,31682,760433.33,100000,1090649.99,3,3
2017-12-02,10000043,31686,6199955.35,6199949.89,6199959.9,11,8
2017-12-02,10000043,31692,65950,65950,65950,7,4
2017-12-02,10000043,31706,990529.99,990529.99,990530,7,5
2017-12-02,10000043,31712,12899999.74,12899999.74,12899999.74,1,1
2017-12-02,10000043,31716,79998.95,79998.94,79998.99,162,115
2017-12-02,10000043,31717,125000,125000,125000,3,3
2017-12-02,10000043,31718,397993.98,397992,397994,170,96
2017-12-02,10000043,31719,750000,750000,750000,2,2
2017-12-02,10000043,31720,9990443,9990443,9990443,5,5
2017-12-02,10000043,31722,3358678.03,3200000,3413588.82,79,55
2017-12-02,10000043,31724,4169916.95,4169873.98,4199919.93,144,89
2017-12-02,10000043,31726,77998932.94,77998927.93,77998937.94,2,2
2017-12-02,10000043,31728,57692.22,34822.85,217777.77,8,6
2017-12-02,10000043,31729,125000,125000,125000,2,2
2017-12-02,10000043,31730,249799.96,249699.94,250000,3,3
2017-12-02,10000043,31731,750000,750000,750000,3,3
2017-12-02,10000043,31734,2524995.85,2524995.85,2524995.85,5,5
2017-12-02,10000043,31736,4199996.74,4199996.74,4199996.74,3,1
2017-12-02,10000043,31740,20000,20000,20000,114,13
2017-12-02,10000043,31741,125000,125000,125000,2,2
2017-12-02,10000043,31742,335857.14,311000.01,339999.99,7,6
2017-12-02,10000043,31743,750000,750000,750000,1,1
2017-12-02,10000043,31746,1684249.98,1684000,1684999.95,4,4
2017-12-02,10000043,31748,4233443.53,2901002,4399998.72,9,7
2017-12-02,10000043,31752,111441.17,93000,149999.99,68,52
2017-12-02,10000043,31753,125000,125000,125000,2,2
2017-12-02,10000043,31754,430376,430376,430376.9,109,61
2017-12-02,10000043,31755,750000,750000,750000,2,2
2017-12-02,10000043,31756,11990436,11990436,11990436,1,1
2017-12-02,10000043,31758,2620833.22,2620000,2620999.85,24,18
2017-12-02,10000043,31760,4297145.76,4296991.89,4399989.99,45,38
2017-12-02,10000043,31764,33239.95,33239.95,33239.95,9,6
2017-12-02,10000043,31765,125000,125000,125000,1,1
2017-12-02,10000043,31766,144998,144997,144998.99,6,4
2017-12-02,10000043,31767,750000,750000,750000,1,1
2017-12-02,10000043,31772,6797468.94,6796999,6797938.88,2,2
2017-12-02,10000043,31774,48799437.05,48799437.05,48799437.05,1,1
2017-12-02,10000043,31776,28899.99,28899.99,28899.99,5,3
2017-12-02,10000043,31777,125000,125000,125000,1,1
2017-12-02,10000043,31779,750000,750000,750000,1,1
2017-12-02,10000043,31788,398000,398000,398000,540,111
2017-12-02,10000043,31789,354166.67,125000,1500000,6,6
2017-12-02,10000043,31790,2189998.16,2050113.97,2190192.78,488,168
2017-12-02,10000043,31791,750000,750000,750000,8,7
2017-12-02,10000043,31792,47990391.57,47990359.51,47990409.6,10,6
2017-12-02,10000043,31794,7104864.61,7099112.82,7640000,94,40
2017-12-02,10000043,31796,21784211.95,19200005.56,21794249,257,87
2017-12-02,10000043,31800,839999.96,839999.96,839999.97,17,10
2017-12-02,10000043,31801,125000,125000,125000,1,1
2017-12-02,10000043,31802,1890552.86,1890552.83,1890552.89,91,26
2017-12-02,10000043,31803,750000,750000,750000,1,1
2017-12-02,10000043,31810,9995341.02,9995324.98,9995350,14,4
2017-12-02,10000043,31812,22483787.56,22483573.86,22485888.35,64,29
2017-12-02,10000043,31817,125000,125000,125000,1,1
2017-12-02,10000043,31818,2060186,2060186,2060186,1,1
2017-12-02,10000043,31819,750000,750000,750000,1,1
2017-12-02,10000043,31820,42560000,42560000,42560000,1,1
2017-12-02,10000043,31822,6499999.67,6499999.67,6499999.67,2,2
2017-12-02,10000043,31824,22040171.12,21180037.9,23760437.57,6,5
2017-12-02,10000043,31864,1977839.63,1631700.04,2199998.84,82,19
2017-12-02,10000043,31866,3836883.05,2009999.61,3999997.6,61,14
2017-12-02,10000043,31868,6410394.54,3411018.05,6699989.6,33,15
2017-12-02,10000043,31870,3999978.12,3351001.16,3999991.78,178,29
2017-12-02,10000043,31872,3507707.48,1200419.92,3599998.99,26,8
2017-12-02,10000043,31874,4221478.11,4088999.98,4875887.09,28,9
2017-12-02,10000043,31876,4947405.51,2500100.49,5200000,57,20
2017-12-02,10000043,31878,3658032.61,2200202.71,4074555.44,9,3
2017-12-02,10000043,31880,1679994,1679993.95,1679994.95,153,27
2017-12-02,10000043,31882,2334357.8,2334357.76,2334358.8,240,56
2017-12-02,10000043,31884,2602992.98,2602992,2602993.99,256,66
2017-12-02,10000043,31886,3503583.01,3000000.5,4139985.99,50,13
2017-12-02,10000043,31888,1749993.52,1749993.03,1749994.08,110,24
2017-12-02,10000043,31890,2158383.4,1600000.07,2349999.97,26,8
2017-12-02,10000043,31892,2702996.14,2554000,2753398.29,61,15
2017-12-02,10000043,31894,2271579.08,1800002.07,2877892.38,16,6
2017-12-02,10000043,31900,45998018.73,37033869.69,46959908.84,34,30
2017-12-02,10000043,31902,39044426.64,31400000,39999979.97,9,8
2017-12-02,10000043,31906,16998808.06,16998808.06,16998808.06,1,1
2017-12-02,10000043,31910,37000000,37000000,37000000,1,1
2017-12-02,10000043,31916,22333264.44,21000000,22999896.66,3,3
2017-12-02,10000043,31922,2868880,2868880,2868880,1,1
2017-12-02,10000043,31924,4000000,4000000,4000000,15,6
2017-12-02,10000043,31926,20646567.1,8600001.36,21600111.01,12,7
2017-12-02,10000043,31928,11575261.87,9151011.91,12099989.99,72,45
2017-12-02,10000043,31930,47138959.42,38668799.46,48899589.97,18,14
2017-12-02,10000043,31932,34231738.6,29093288.89,36044184.05,46,35
2017-12-02,10000043,31936,10197740.78,5410555.1,10799875.99,9,9
2017-12-02,10000043,31942,32126216.09,32126216.09,32126216.09,5,5
2017-12-02,10000043,31944,29809851.77,27005010.66,29999979.96,13,11
2017-12-02,10000043,31946,38999999.99,38999999.98,38999999.99,7,6
2017-12-02,10000043,31952,50169180.12,29100021.61,53999929.82,13,11
2017-12-02,10000043,31982,31650,31650,31650,1056,28
2017-12-02,10000043,31990,49996,33205.13,49996.1,590,16
2017-12-02,10000043,31998,57600,57600,57600,757,34
2017-12-02,10000043,32006,134839.82,134839.82,134839.82,4195,159
2017-12-02,10000043,32014,237800,237800,237800,3621,130
2017-12-02,10000043,32025,240000,239999.99,240000,2,2
2017-12-02,10000043,32027,1249997.97,1249997.96,1249997.98,15,9
2017-12-02,10000043,32033,355000,355000,355000,1,1
2017-12-02,10000043,32035,2690187,2690187,2690187,6,4
2017-12-02,10000043,32039,39223093.28,39223093.28,39223093.28,2,2
2017-12-02,10000043,32041,1788416.8,202460.01,1974999.97,19,8
2017-12-02,10000043,32043,2243257.48,1465998.3,2365997.89,22,14
2017-12-02,10000043,32044,750000,750000,750000,1,1
2017-12-02,10000043,32047,47979247.42,47977157.15,47979869.69,26,10
2017-12-02,10000043,32053,3589999.92,3589999.92,3589999.92,1,1
2017-12-02,10000043,32057,490360,490360,490360,6,3
2017-12-02,10000043,32059,2799999.17,2799999,2800000,6,4
2017-12-02,10000043,32061,7399994.89,7399994.69,7399994.95,4,2
2017-12-02,10000043,32063,38214263.09,38214258.09,38214268.09,2,2
2017-12-02,10000043,32071,900000,900000,900000,1,1
2017-12-02,10000043,32081,990499.99,990499.99,990499.99,2,2
2017-12-02,10000043,32083,1721579.93,300000.01,2290211.9,7,6
2017-12-02,10000043,32246,28495441.11,28495439.86,28495449.87,8,2
2017-12-02,10000043,32248,3500000,3500000,3500000,3,1
2017-12-02,10000043,32254,290723166.67,261085000.01,349999499.99,6,5
2017-12-02,10000043,32305,538599999.7,538599999.7,538599999.7,1,1
2017-12-02,10000043,32307,585999989.98,585999989.98,585999989.98,1,1
2017-12-02,10000043,32309,507296799.99,507296799.99,507296799.99,1,1
2017-12-02,10000043,32311,427671666.77,427671666.77,427671666.78,3,3
2017-12-02,10000043,32339,100872250,100000000,106977999.99,8,8
2017-12-02,10000043,32435,15400000,15400000,15400000,2,2
2017-12-02,10000043,32459,50.19,50.01,50.5,8,8
2017-12-02,10000043,32772,624114.4,420420.8,649991.93,91,59
2017-12-02,10000043,32774,65752.1,36002.01,72918.75,21,16
2017-12-02,10000043,32780,1088300.65,561006.48,1098000,53,32
2017-12-02,10000043,32782,3.41,3.41,3.41,1420,6
2017-12-02,10000043,32783,120000,120000,120000,1,1
2017-12-02,10000043,32787,23889.9,22999.99,23889.92,569,102
2017-12-02,10000043,32797,524936.88,500000,539899,16,15
2017-12-02,10000043,32817,1389996.41,1389995.9,1389997.94,4,2
2017-12-02,10000043,32818,750000,750000,750000,1,1
2017-12-02,10000043,32819,894158.57,352684.87,912681.99,45,23
2017-12-02,10000043,32820,750000,750000,750000,1,1
2017-12-02,10000043,32858,480000,480000,480000,1,1
2017-12-02,10000043,32861,920000,920000,920000,1,1
2017-12-02,10000043,32867,99000,99000,99000,1,1
2017-12-02,10000043,32870,5600000,5600000,5600000,1,1
2017-12-02,10000043,32871,1998888,1998888,1998888,1,1
2017-12-02,10000043,32872,1366249.15,1349999.98,1388997.99,12,12
2017-12-02,10000043,32873,9650000,9650000,9650000,1,1
2017-12-02,10000043,32874,1134673.08,978000.1,1203699.97,44,34
2017-12-02,10000043,32875,9292868.75,9023825,10100000,4,4
2017-12-02,10000043,32876,1226098.85,890000,1388996.88,10,8
2017-12-02,10000043,32877,9800000,9800000,9800000,1,1
2017-12-02,10000043,32878,1087604.48,1020301.39,1098986,7,5
2017-12-02,10000043,32879,9200000,9200000,9200000,1,1
2017-12-02,10000043,32880,274999.76,267500,275000,222,143
2017-12-02,10000043,32881,3195227.88,1249999,3500000,6,6
2017-12-02,10000043,32918,59624.35,40000,88999.93,8,8
2017-12-02,10000043,32982,29986000,29986000,29986000,1,1
2017-12-02,10000043,32993,7000,7000,7000,8891,7
2017-12-02,10000043,32994,4499.8,4499.8,4499.8,1801,5
2017-12-02,10000043,32995,600,600,600,550,3
2017-12-02,10000043,32999,217582.06,200000,229889.51,17,17
2017-12-02,10000043,33000,212437.17,200000,219899.47,16,16
2017-12-02,10000043,33001,211360,200000,219880,14,14
2017-12-02,10000043,33002,196812.42,200.15,200000,16,16
2017-12-02,10000043,33003,335199.6,250000,370000,75,20
2017-12-02,10000043,33005,949999.94,949999.93,949999.95,8,4
2017-12-02,10000043,33007,585494.65,62704.3,1939996.92,79,8
2017-12-02,10000043,33009,126846.96,4099.99,169999.87,17,9
2017-12-02,10000043,33010,580000,580000,580000,1,1
2017-12-02,10000043,33011,20169.43,13399.95,38377.75,20,8
2017-12-02,10000043,33019,1,1,1,1,1
2017-12-02,10000043,33021,5000000,5000000,5000000,1,1
2017-12-02,10000043,33039,10002.79,10002.79,10002.79,1,1
2017-12-02,10000043,33043,10002.79,10002.79,10002.79,1,1
2017-12-02,10000043,33053,10002.79,10002.79,10002.79,1,1
2017-12-02,10000043,33062,350000,350000,350000,1,1
2017-12-02,10000043,33063,150000,150000,150000,1,1
2017-12-02,10000043,33076,253420.9,253420.9,259898,553,186
2017-12-02,10000043,33078,1038843.06,1000000,1096900,36,36
2017-12-02,10000043,33091,120842.07,100000,210000,100,38
2017-12-02,10000043,33092,107117.29,100000,114399,14,14
2017-12-02,10000043,33093,201120,100000,300000,50,32
2017-12-02,10000043,33094,126270.65,100000,200000,18,18
2017-12-02,10000043,33095,1069285.71,1000000,1097000,21,20
2017-12-02,10000043,33096,1074590.05,1000000,1088999,22,13
2017-12-02,10000043,33097,1044545.45,1000000,1098000,22,22
2017-12-02,10000043,33098,1060769.15,1000000,1098749.82,13,13
2017-12-02,10000043,33101,331800.29,133999.15,474000,100,71
2017-12-02,10000043,33103,127991.1,33107.78,129999.99,19,17
2017-12-02,10000043,33138,1296778.78,687115.13,1500000,4,2
2017-12-02,10000043,33139,2165957.58,2000000,2260000,94,8
2017-12-02,10000043,33140,14825924.63,14150000.01,15389999,27,11
2017-12-02,10000043,33141,16314724.36,13111004.01,16550000,29,12
2017-12-02,10000043,33149,1000000.01,1000000.01,1000000.01,1,1
2017-12-02,10000043,33151,169999485.64,169999484.19,169999486.36,3,3
2017-12-02,10000043,33153,249000000,249000000,249000000,1,1
2017-12-02,10000043,33155,281055118.2,231101001.6,331009234.8,2,2
2017-12-02,10000043,33157,154666109.38,134998536.12,154999989.97,12,12
2017-12-02,10000043,33176,219968.17,50000.07,254484.97,45,35
2017-12-02,10000043,33177,600000,600000,600000,2,2
2017-12-02,10000043,33178,77967.58,20118.19,99996.9,58,37
2017-12-02,10000043,33179,666666.67,600000,1000000,6,5
2017-12-02,10000043,33180,143996,80888.23,143996.97,122,90
2017-12-02,10000043,33181,600000,600000,600000,4,3
2017-12-02,10000043,33195,11751.6,11751.6,11751.6,411,87
2017-12-02,10000043,33197,1437485.85,850001.98,1529998.96,8,7
2017-12-02,10000043,33199,1105415.57,669990,1849998.99,27,11
2017-12-02,10000043,33201,1659999.96,500001.82,1949999.49,15,12
2017-12-02,10000043,33270,13603.67,101.58,17389.97,11,8
2017-12-02,10000043,33272,1150084,900100.84,1650050.36,6,6
2017-12-02,10000043,33277,29999999.99,29999999.99,29999999.99,1,1
2017-12-02,10000043,33281,58690340.63,58690340.63,58690340.63,1,1
2017-12-02,10000043,33285,55890418.94,55890418.94,55890418.94,3,2
2017-12-02,10000043,33330,7249.94,7249.94,7249.94,329,6
2017-12-02,10000043,33332,35127.12,35122.98,35128.84,2228,44
2017-12-02,10000043,33334,24359,24359,24359,244,7
2017-12-02,10000043,33359,16722.37,16722.34,19534.86,303325,33
2017-12-02,10000043,33360,24006.22,24006.22,24006.22,69773,23
2017-12-02,10000043,33361,12191.71,12191.71,12191.71,1988,5
2017-12-02,10000043,33362,25602.47,25602.44,27999.82,3904,4
2017-12-02,10000043,33393,87858987.01,87858987.01,87858987.01,4,4
2017-12-02,10000043,33394,84989857.98,84989857.98,84989857.98,4,4
2017-12-02,10000043,33399,6223294.4,5000000,7496989.99,20,14
2017-12-02,10000043,33400,5163635.05,2000000.87,5849997.98,11,11
2017-12-02,10000043,33407,37554722.11,36000000,38798500,9,8
2017-12-02,10000043,33440,23885.43,6902.79,31182.91,94,20
2017-12-02,10000043,33441,1521.3,1521.13,1522.95,32,6
2017-12-02,10000043,33442,3010.1,3010.1,3010.1,75,6
2017-12-02,10000043,33450,3096995.95,3096249.99,3096998,105,20
2017-12-02,10000043,33466,3630.45,2146,11899.83,46,8
2017-12-02,10000043,33467,3162166.56,3000000,3291900,9,9
2017-12-02,10000043,33468,61509577.35,55000412.41,62499992,57,55
2017-12-02,10000043,33470,206234529.44,192000002.81,210793987.6,26,26
2017-12-02,10000043,33472,408742642.68,377556030.01,414999937.07,6,6
2017-12-02,10000043,33474,1420000.08,1420000.02,1862334.32,217,84
2017-12-02,10000043,33475,8049996.95,8049996.94,8049996.95,201,111
2017-12-02,10000043,33476,74999984.99,74999979.98,74999989.99,2,2
2017-12-02,10000043,33484,1000000,1000000,1000000,9,2
2017-12-02,10000043,33513,200888885.83,179500002,217999996.73,9,9
2017-12-02,10000043,33516,263980990.99,263980990.99,263980990.99,1,1
2017-12-02,10000043,33517,1000000,1000000,1000000,2,2
2017-12-02,10000043,33519,30000000,30000000,30000000,1,1
2017-12-02,10000043,33525,332442394.29,332442394.29,332442394.29,1,1
2017-12-02,10000043,33526,543437805.99,543437805.99,543437805.99,1,1
2017-12-02,10000043,33527,1057650073.36,979411052,1135889094.71,2,2
2017-12-02,10000043,33528,364999846.41,364999846.41,364999846.41,1,1
2017-12-02,10000043,33539,1252001.05,1252001,1310000,894,46
2017-12-02,10000043,33555,189995984.99,189995984.99,189995984.99,1,1
2017-12-02,10000043,33557,179998999.01,179998999.01,179998999.01,1,1
2017-12-02,10000043,33559,208989894.9,208989894.9,208989894.9,1,1
2017-12-02,10000043,33561,256799999.99,256799999.99,256799999.99,1,1
2017-12-02,10000043,33563,184799998.99,184799998.99,184799998.99,1,1
2017-12-02,10000043,33569,59.48,59.48,59.48,4552,11
2017-12-02,10000043,33571,850,850,850,12508,19
2017-12-02,10000043,33572,1300,290.04,1300,14312,22
2017-12-02,10000043,33573,899.96,899.96,899.96,15360,22
2017-12-02,10000043,33577,431002.7,431002.7,431002.7,2680,47
2017-12-02,10000043,33591,4924959.92,4899949.9,4999939.87,4,4
2017-12-02,10000043,33597,48571.43,20000,100000,14,3
2017-12-02,10000043,33601,10000,10000,10000,11,2
2017-12-02,10000043,33605,9928714.38,9002001.26,10000000,56,3
2017-12-02,10000043,33618,51500001.21,51500001.05,51500002,13,11
2017-12-02,10000043,33619,161000002,161000002,161000002,2,2
2017-12-02,10000043,33671,238884.98,238884.98,238884.98,2,1
2017-12-02,10000043,33672,10000000,10000000,10000000,1,1
2017-12-02,10000043,33681,91146003.77,80000923.51,92989965.38,93,51
2017-12-02,10000043,33697,34331310.09,25000213.76,39929997.78,8,8
2017-12-02,10000043,33699,109210.51,100000,109999.97,38,34
2017-12-02,10000043,33700,19889995.56,19889991.99,19890001.99,14,12
2017-12-02,10000043,33704,33899.56,33899.56,33899.56,1,1
2017-12-02,10000043,33705,2500000,2500000,2500000,1,1
2017-12-02,10000043,33706,4256.61,150.96,6993.71,15,4
2017-12-02,10000043,33707,527500,500000,555000,2,2
2017-12-02,10000043,33708,4399950,4399949.99,4399950,4,2
2017-12-02,10000043,33712,928180.8,919998.99,939998.97,11,3
2017-12-02,10000043,33816,57680578.21,52013912.17,59013911,6,6
2017-12-02,10000043,33818,244181761.79,239999849.98,248999999.96,11,11
2017-12-02,10000043,33820,739999999.49,650000000.01,829999998.97,2,2
2017-12-02,10000043,33822,11485.07,199,28414.18,5,3
2017-12-02,10000043,33823,169999.99,169999.99,169999.99,2,2
2017-12-02,10000043,33824,1506838.81,1291057.12,1549994.96,24,18
2017-12-02,10000043,33826,29752508.03,15010052.13,34999989.99,4,3
2017-12-02,10000043,33828,14299885.46,12100025.05,16499745.86,2,2
2017-12-02,10000043,33830,22494490.47,22494490.47,22494490.47,1,1
2017-12-02,10000043,33842,104999989.8,104999989.8,104999989.8,3,2
2017-12-02,10000043,33844,98860531.41,94999968.95,100439590.3,27,21
2017-12-02,10000043,33846,144999539.69,144999539.69,144999539.69,3,1
2017-12-02,10000043,33848,125022308.18,106122640.79,175000000.53,13,11
2017-12-02,10000043,33850,241262322.66,211850098.51,329498998.99,4,3
2017-12-02,10000043,33852,109857006.16,85000011.02,129500005.54,7,7
2017-12-02,10000043,33856,3803558.38,1000000.02,4000000,17,16
2017-12-02,10000043,33890,870000,775000,900799.98,191,47
2017-12-02,10000043,33891,125000,125000,125000,10,3
2017-12-02,10000043,33892,3999999.24,3999998.49,3999999.81,91,27
2017-12-02,10000043,33894,3977743.95,3890364,3983986.33,75,21
2017-12-02,10000043,33895,750000,750000,750000,1,1
2017-12-02,10000043,33896,9900882.88,9900152.98,9901979.98,84,21
2017-12-02,10000043,33898,19144755.04,18989512.83,19299997.25,8,6
2017-12-02,10000043,33899,1250000,1250000,1250000,1,1
2017-12-02,10000043,33900,40465669.77,40465588.66,40465723.55,13,8
2017-12-02,10000043,33904,172889999.89,172889999.89,172889999.89,3,1
2017-12-02,10000043,33915,321257.27,123125.01,350000,43,33
2017-12-02,10000043,33929,1099000.04,1099000.04,1099000.04,1,1
2017-12-02,10000043,33953,20002500,20002000,20003000,2,2
2017-12-02,10000043,33962,168999885,168999885,168999885,1,1
2017-12-02,10000043,33964,11000000,11000000,11000000,1,1
2017-12-02,10000043,33970,12199999.7,12199998.99,12199999.94,4,2
2017-12-02,10000043,33981,24252143.88,23999999.93,24315179.87,5,3
2017-12-02,10000043,33983,24873290.75,19741961.9,28796539.93,7,4
2017-12-02,10000043,33985,127473999.97,127473999.97,127473999.97,2,2
2017-12-02,10000043,34126,499999999,499999998,499999999.99,2,2
2017-12-02,10000043,34132,200101015.92,200101015.92,200101015.92,1,1
2017-12-02,10000043,34133,1355802006.01,1346001001,1429999999.36,20,18
2017-12-02,10000043,34168,1000.04,1000.04,1000.04,1,1
2017-12-02,10000043,34175,2500.09,2500.09,2500.09,1,1
2017-12-02,10000043,34201,352008.89,352008.29,372007.56,371,125
2017-12-02,10000043,34202,2502209.67,1500001,2510006.82,77,51
2017-12-02,10000043,34203,890001,890001,890001,433,143
2017-12-02,10000043,34204,1208888,1208888,1208888,290,116
2017-12-02,10000043,34205,390014.03,390014.03,390014.03,288,130
2017-12-02,10000043,34206,266878.07,266878.03,266878.1,473,157
2017-12-02,10000043,34207,3768241.11,2162027.51,4999998.99,58,27
2017-12-02,10000043,34208,4346160.15,4300006.36,4500006,13,11
2017-12-02,10000043,34260,398258,398258,398258,15,2
2017-12-02,10000043,34264,3927995,3927995,3927995,108,23
2017-12-02,10000043,34266,950279.91,950279.91,950279.91,1,1
2017-12-02,10000043,34267,125000,125000,125000,1,1
2017-12-02,10000043,34268,1075000,1075000,1075000,4,3
2017-12-02,10000043,34269,750000,750000,750000,1,1
2017-12-02,10000043,34272,1500327.78,1500327.78,1500327.78,117,2
2017-12-02,10000043,34274,4650343.91,4650343.91,4650343.91,3,1
2017-12-02,10000043,34276,12730101.97,12730101.97,12730101.97,8,2
2017-12-02,10000043,34278,12183969.97,12183969.97,12183969.97,5,3
2017-12-02,10000043,34284,3013224.18,3013224.18,3013224.18,7,1
2017-12-02,10000043,34288,4681603.22,3408016.09,5000000,5,2
2017-12-02,10000043,34294,26929321.51,18210161.19,31288906.9,18,5
2017-12-02,10000043,34306,4508429.36,3000015.49,4576989.99,23,20
2017-12-02,10000043,34317,51710098.41,46604000.62,52979953.99,30,24
2017-12-02,10000043,34327,35000000,35000000,35000000,16,7
2017-12-02,10000043,34328,1140599249.88,1051200000.85,1229998498.9,2,2
2017-12-02,10000043,34354,3401336.1,102004.16,9999999.98,3,3
2017-12-02,10000043,34360,477858,10003.52,750000,7,6
2017-12-02,10000043,34363,2478006.68,10017.49,3712001.28,3,3
2017-12-02,10000043,34390,1052663.63,1000000,1089900,11,11
2017-12-02,10000043,34393,305491.45,10999.01,599983.89,2,2
2017-12-02,10000043,34394,9999.01,9999.01,9999.01,1,1
2017-12-02,10000043,34412,29425254.04,23850508.08,35000000,2,2
2017-12-02,10000043,34414,8100217.73,8100217.73,8100217.73,1,1
2017-12-02,10000043,34416,1001121.43,1001121.43,1001121.43,2,1
2017-12-02,10000043,34418,14010.11,14010.11,14010.11,1,1
2017-12-02,10000043,34419,1,1,1,1,1
2017-12-02,10000043,34421,687119.19,61559.66,999898.96,3,2
2017-12-02,10000043,34423,1,1,1,1,1
2017-12-02,10000043,34424,1,1,1,1,1
2017-12-02,10000043,34425,1,1,1,1,1
2017-12-02,10000043,34426,793.39,793.39,793.39,1,1
2017-12-02,10000043,34427,1,1,1,1,1
2017-12-02,10000043,34428,1,1,1,1,1
2017-12-02,10000043,34430,1,1,1,1,1
2017-12-02,10000043,34431,1.01,1.01,1.01,1,1
2017-12-02,10000043,34433,1,1,1,1,1
2017-12-02,10000043,34434,499999.75,499999,500000,4,2
2017-12-02,10000043,34435,5.01,5.01,5.01,1,1
2017-12-02,10000043,34436,5027.63,5027.63,5027.63,1,1
2017-12-02,10000043,34481,101999994.79,101999990,101999997.18,3,3
2017-12-02,10000043,34483,170202009.98,170202009.98,170202009.98,1,1
2017-12-02,10000043,34489,299999324.97,299999309.94,299999340,2,2
2017-12-02,10000043,34496,2315666.67,763000,7750000,9,4
2017-12-02,10000043,34533,1058799.4,1000000,1097999,5,5
2017-12-02,10000043,34562,49799959.7,40000000,50499946.98,15,12
2017-12-02,10000043,34575,366833.35,325000,425000,12,9
2017-12-02,10000043,34590,146000003.23,125000008.62,159999999.93,5,5
2017-12-02,10000043,34593,8900015.78,8900015.78,8900015.78,1,1
2017-12-02,10000043,34594,200000000,200000000,200000000,1,1
2017-12-02,10000043,34595,144000000,144000000,144000000,1,1
2017-12-02,10000043,34642,40000000,40000000,40000000,1,1
2017-12-02,10000043,34668,2999999.98,2999999.98,2999999.98,2,2
2017-12-02,10000043,34677,9500998,9500998,9500998,1,1
2017-12-02,10000043,34680,10900000,10900000,10900000,1,1
2017-12-02,10000043,34688,1999999.99,1999999.99,1999999.99,1,1
2017-12-02,10000043,34718,110000000,110000000,110000000,1,1
2017-12-02,10000043,34722,1390000,1390000,1390000,1,1
2017-12-02,10000043,34726,2000000,2000000,2000000,1,1
2017-12-02,10000043,34727,1000000,1000000,1000000,1,1
2017-12-02,10000043,34728,2666665.98,2000000,2999998.98,3,3
2017-12-02,10000043,34732,4095999.98,4095999.98,4095999.98,1,1
2017-12-02,10000043,34746,989997.5,820000,1499989.98,4,3
2017-12-02,10000043,34747,55000,55000,55000,1,1
2017-12-02,10000043,34748,4000000,4000000,4000000,1,1
2017-12-02,10000043,34817,988999999.97,988999999.97,988999999.97,1,1
2017-12-02,10000043,34828,49136766.8,47500021.05,49499158.98,30,20
2017-12-02,10000043,35006,13347.5,13330,13400,4,3
2017-12-02,10000043,35038,6130.27,6107.02,6200,4,3
2017-12-02,10000043,35062,10316.67,10300,10325,3,2
2017-12-02,10000043,35074,25100.01,25100.01,25100.01,4,1
2017-12-02,10000043,35090,45271.43,45200,45300,7,3
2017-12-02,10000043,35150,465367.23,21200,500000,6,4
2017-12-02,10000043,35434,500000,500000,500000,3,1
2017-12-02,10000043,35586,100000,100000,100000,4,3
2017-12-02,10000043,35656,99998.99,10701.96,100000,510,166
2017-12-02,10000043,35657,78011.09,78011.06,78011.1,174,43
2017-12-02,10000043,35658,28000.43,28000.38,40000.38,430,190
2017-12-02,10000043,35659,84994.99,25003.42,86992.88,368,230
2017-12-02,10000043,35660,7122.23,7122.21,29999.98,324,118
2017-12-02,10000043,35661,301001.44,301001.44,301001.44,339,82
2017-12-02,10000043,35662,85000,63001.02,85000.05,286,50
2017-12-02,10000043,35680,1065332.04,1000000,1097998.06,6,6
2017-12-02,10000043,35683,48846962.17,47999989.99,48899899.81,17,12
2017-12-02,10000043,35685,1048500,1000000,1097000,2,2
2017-12-02,10000043,35770,288000,288000,288000,1,1
2017-12-02,10000043,35771,1399999,1399999,1399999,153,34
2017-12-02,10000043,35774,100443.62,8260.02,369999.99,19,10
2017-12-02,10000043,35788,27498.47,5002.99,49993.95,2,2
2017-12-02,10000043,35789,1003283.48,666680.91,1200000,41,16
2017-12-02,10000043,35790,2198007.33,2099998.99,2890017,256,61
2017-12-02,10000043,35794,10924.49,10924.49,10924.49,298,52
2017-12-02,10000043,35795,9499.98,9499.98,9499.98,229,40
2017-12-02,10000043,35825,597174928.14,559000000.02,609899903.78,4,4
2017-12-02,10000043,35832,919149999.67,882800000.83,955499999.2,6,6
2017-12-02,10000043,35835,912763789.57,813055607.11,996999999.97,8,8
2017-12-02,10000043,35878,209332295.31,208500000,209748442.96,3,3
2017-12-02,10000043,35886,216889959.96,216889959.96,216889959.96,1,1
2017-12-02,10000043,35891,197799413.93,197698908.92,197899918.93,2,2
2017-12-02,10000043,35894,308538428.29,220321675.39,318340260.7,10,10
2017-12-02,10000043,35899,33444611.52,27100507.88,36649995,9,9
2017-12-02,10000043,35921,26724295.1,21000396.82,43895989.98,8,5
2017-12-02,10000043,35922,48583230.13,25000106.02,50548488.46,13,10
2017-12-02,10000043,35923,135459980.01,106800006.28,149789966.88,3,3
2017-12-02,10000043,35924,47072742.08,47072742.08,47072742.08,1,1
2017-12-02,10000043,35925,72223700,32315666.86,81188228.98,11,8
2017-12-02,10000043,35926,97199988.99,79400081.6,114999896.38,2,2
2017-12-02,10000043,35940,25856997,24999989.99,27000000,7,5
2017-12-02,10000043,35941,22000000,22000000,22000000,1,1
2017-12-02,10000043,35943,27153172.2,19179909.39,30998998.96,10,6
2017-12-02,10000043,35945,27998887.98,27998887.98,27998887.98,1,1
2017-12-02,10000043,35947,21457636.92,15919092.37,25999999.91,10,8
2017-12-02,10000043,35949,42873530.37,21992255.25,44998999.98,8,7
2017-12-02,10000043,35959,11959266.94,5709200.22,14400000,23,14
2017-12-02,10000043,35962,14331664,3000002.02,19997495,6,6
2017-12-02,10000043,35965,5000000.01,5000000.01,5000000.01,1,1
2017-12-02,10000043,36355,4554986.64,4554986.64,4554986.64,1,1
2017-12-02,10000043,36359,2000000,2000000,2000000,1,1
2017-12-02,10000043,36424,648885,648885,648885,1,1
2017-12-02,10000043,36431,999999.99,999999.99,999999.99,1,1
2017-12-02,10000043,36433,274999,274999,274999,1,1
2017-12-02,10000043,36438,3925000,3925000,3925000,2,2
2017-12-02,10000043,36444,2249989.93,2249989.93,2249989.93,1,1
2017-12-02,10000043,36451,37249981.33,37249981.33,37249981.33,1,1
2017-12-02,10000043,36817,3000000,3000000,3000000,1,1
2017-12-02,10000043,36908,6932611.29,5999939.88,8797954.11,3,3
2017-12-02,10000043,36909,9998547.62,9998547.62,9998547.62,4,2
2017-12-02,10000043,36910,8424612.46,7699758.9,8699989.97,73,19
2017-12-02,10000043,36911,9910515.49,4823143.01,10927989.99,6,2
2017-12-02,10000043,36912,7210106.26,6999969.97,7599905.55,19,9
2017-12-02,10000043,37135,33770010.9,27000109.04,34500000,10,10
2017-12-02,10000043,37292,206582579.81,150000564,225443248.75,12,10
2017-12-02,10000043,37294,229834880.68,229802204.57,229900232.89,6,5
2017-12-02,10000043,37298,339999999.94,339999999.94,339999999.94,3,3
2017-12-02,10000043,37306,264858836.44,264858149.77,264859519.77,6,3
2017-12-02,10000043,37450,275000,275000,275000,270,13
2017-12-02,10000043,37451,1799996,1799996,1799996,104,10
2017-12-02,10000043,37453,31750000,31000000,32000000,4,2
2017-12-02,10000043,37454,34999989.98,34999989.98,34999989.98,1,1
2017-12-02,10000043,37455,27998673.66,27998673.66,27998673.66,1,1
2017-12-02,10000043,37456,16399968.68,13500019.35,19299918,2,2
2017-12-02,10000043,37457,33563744.42,21500001.4,34000000,16,10
2017-12-02,10000043,37459,24288980.24,14904017.5,25141432.21,12,5
2017-12-02,10000043,37479,524499.17,500999,569665.98,22,22
2017-12-02,10000043,37480,94499581.65,94499579.99,94499595.48,9,9
2017-12-02,10000043,37481,119999858.59,119999856.49,119999867,5,5
2017-12-02,10000043,37482,84999701.08,84999679.49,84999739.25,6,6
2017-12-02,10000043,37483,104999585.43,104999576.98,104999593.89,4,3
2017-12-02,10000043,37488,2898998.99,2898998.99,2898998.99,2,2
2017-12-02,10000043,37532,11799333.54,10000000.69,12698999.97,3,3
2017-12-02,10000043,37543,108998.97,108998.97,108998.97,16,2
2017-12-02,10000043,37544,805,803.02,805.03,60,21
2017-12-02,10000043,37545,1810.5,1501.11,9699.97,53,23
2017-12-02,10000043,37546,1739998.75,1739998,1739999,4,3
2017-12-02,10000043,37547,2899000,2899000,2899000,1,1
2017-12-02,10000043,37574,14499999.99,14499999.99,14499999.99,1,1
2017-12-02,10000043,37594,5400000,5400000,5400000,1,1
2017-12-02,10000043,37600,1000004.03,1000004.03,1000004.03,1,1
2017-12-02,10000043,37605,1140000000,1139999999.99,1140000000,2,2
2017-12-02,10000043,37608,1600043.03,1600043.03,1600043.03,191,45
2017-12-02,10000043,37610,1600015,1600015,1600015,142,44
2017-12-02,10000043,37611,1600051.23,1600051.03,1600052,83,37
2017-12-02,10000043,37612,42757672.68,39156730,47798993.41,12,8
2017-12-02,10000043,37615,20198181.43,20000000,21387269.99,28,9
2017-12-02,10000043,37624,28281324.64,17750201.67,34999999.93,8,5
2017-12-02,10000043,37625,35058725.04,26337022.22,39337030.84,7,7
2017-12-02,10000043,37626,45426332.33,45424999,45428999,3,2
2017-12-02,10000043,37627,68130259.77,60201035.3,69686866.45,6,6
2017-12-02,10000043,37631,92063830.61,90989999.87,95996988.99,14,10
2017-12-02,10000043,37796,5166540.81,5000000,5999244.86,6,5
2017-12-02,10000043,37797,5000000,5000000,5000000,4,3
2017-12-02,10000043,37798,5400000,5000000,7400000,6,5
2017-12-02,10000043,37799,5747247.5,5000000,7988989.99,4,4
2017-12-02,10000043,37805,29999920.9,29999920.9,29999920.9,1,1
2017-12-02,10000043,37810,1000001.05,1000001.04,1000001.05,2,2
2017-12-02,10000043,37816,50000,50000,50000,1,1
2017-12-02,10000043,37817,20.02,20.02,20.02,1,1
2017-12-02,10000043,37820,22614139.81,20356904.83,25999992.29,5,5
2017-12-02,10000043,37821,250000,249999.99,250000,2,2
2017-12-02,10000043,37822,239997.49,239997.48,239997.49,2,2
2017-12-02,10000043,37823,250000,250000,250000,2,1
2017-12-02,10000043,37824,180000,180000,180000,2,1
2017-12-02,10000043,37825,3999928,3999928,3999928,1,1
2017-12-02,10000043,37844,14499.99,14499.97,14500,2324,3
2017-12-02,10000043,37846,19799,19799,19799,15000,5
2017-12-02,10000043,37847,20000,20000,20000,10164,9
2017-12-02,10000043,37848,13995,13995,13995,4500,4
2017-12-02,10000043,37849,3499994.95,3499994.95,3499994.95,10,1
2017-12-02,10000043,37850,2366658.85,2366658.84,2366658.85,20,2
2017-12-02,10000043,37851,2397998.12,2397998,2397998.82,70,2
2017-12-02,10000043,37852,10000000,10000000,10000000,1,1
2017-12-02,10000043,37853,10000000,10000000,10000000,1,1
2017-12-02,10000043,37855,8000000,8000000,8000000,1,1
2017-12-02,10000043,37856,8000000,8000000,8000000,1,1
2017-12-02,10000043,37857,8000000,8000000,8000000,1,1
2017-12-02,10000043,37865,500,500,500,1,1
2017-12-02,10000043,37880,500000,500000,500000,1,1
2017-12-02,10000043,37881,10000.03,10000.03,10000.03,1,1
2017-12-02,10000043,37882,1,1,1,1,1
2017-12-02,10000043,37883,300000,300000,300000,1,1
2017-12-02,10000043,37884,1.01,1.01,1.01,1,1
2017-12-02,10000043,37887,100.01,100.01,100.01,1,1
2017-12-02,10000043,37889,1,1,1,1,1
2017-12-02,10000043,37892,1,1,1,1,1
2017-12-02,10000043,37893,1,1,1,1,1
2017-12-02,10000043,37894,1,1,1,1,1
2017-12-02,10000043,37895,1,1,1,1,1
2017-12-02,10000043,37896,1,1,1,1,1
2017-12-02,10000043,40328,3814028.03,2750022.93,4000000,82,27
2017-12-02,10000043,40334,10001.99,9.99,14997.99,15,10
2017-12-02,10000043,40335,9400.81,6000,11099.98,12,9
2017-12-02,10000043,40336,1500000,1500000,1500000,1,1
2017-12-02,10000043,40345,9500015.39,7000097.34,9999999,12,3
2017-12-02,10000043,40346,9299713,9299710,9299713.83,23,4
2017-12-02,10000043,40347,7292928.92,7292928.92,7292928.93,18,2
2017-12-02,10000043,40348,40168090.31,40168090.31,40168090.31,1,1
2017-12-02,10000043,40349,46237002.79,46237002.79,46237002.79,2,1
2017-12-02,10000043,40351,165168092.09,165168084.57,165168094.59,4,4
2017-12-02,10000043,40354,22265154.51,22265154.51,22265154.51,2,1
2017-12-02,10000043,40355,61518655.64,33057311.05,89980000.23,12,5
2017-12-02,10000043,40357,131699949.84,131699949.84,131699949.84,5,2
2017-12-02,10000043,40361,2880730.9,2000001.01,3199999.94,52,4
2017-12-02,10000043,40496,89999999.99,89999999.99,89999999.99,1,1
2017-12-02,10000043,40519,358199982.96,344100705.13,366999989.98,376,157
2017-12-02,10000043,40520,791600000,790000000,793799989.68,619,337
2017-12-02,10000043,40553,8900000.01,8900000.01,8900000.01,180,2
2017-12-02,10000043,40556,14201382.3,14102073.48,14399999.94,90,6
2017-12-02,10000043,40557,11400000,11400000,11400000,68,4
2017-12-02,10000043,40559,10914935.96,10913323.17,10922999.88,12,3
2017-12-02,10000043,40560,32707143.51,32100001.01,33800000,28,2
2017-12-02,10000043,40570,24999800,24999800,24999800,12,1
2017-12-02,10000043,40572,100634450.72,100000000,106978957.97,22,13
2017-12-02,10000043,40573,101553333.33,100000000,106990000,9,9
2017-12-02,10000043,40584,299999,299999,299999,1,1
2017-12-02,10000043,40660,162000198.97,162000198.97,162000198.97,3,1
2017-12-02,10000043,40661,64330003.94,64330003.94,64330003.94,2,2
2017-12-02,10000043,40662,215157214.39,215157209.4,215157219.37,2,2
2017-12-02,10000043,40690,71999593.83,71999517.66,71999670,2,2
2017-12-02,10000043,40714,50549990.64,36000001.29,65099979.98,2,2
2017-12-02,10000043,40718,95000000,95000000,95000000,1,1
2017-12-02,10000043,40719,36000000,36000000,36000000,1,1
2017-12-02,10000043,40730,53932602.39,12201000.49,74798403.35,3,3
2017-12-02,10000043,40734,124852298.84,124852298.84,124852298.84,1,1
2017-12-02,10000043,40750,31982159.72,12044639.36,41950919.91,3,3
2017-12-02,10000043,40758,98301942.91,70119285.09,126484600.73,2,2
2017-12-02,10000043,40772,2449999.97,2400000,2499999.93,4,3
2017-12-02,10000043,41031,5368.49,1502,33502,45,26
2017-12-02,10000043,41032,26262.68,3100,97450,72,41
2017-12-02,10000043,41033,8893.53,7504.37,38989.78,40,18
2017-12-02,10000043,41034,191414.81,49697,329178.91,88,49
2017-12-02,10000043,41040,800003.9,425011.58,1049998.79,5,5
2017-12-02,10000043,41054,500036.01,500031.01,500037,258,45
2017-12-02,10000043,41055,500009,500008.03,505888,308,49
2017-12-02,10000043,41056,500037,500037,500037,273,45
2017-12-02,10000043,41057,3831715.24,3210000.73,4049999.87,35,31
2017-12-02,10000043,41058,155999169.81,155999164.8,155999174.81,2,2
2017-12-02,10000043,41068,45000000,45000000,45000000,3,2
2017-12-02,10000043,41082,119999856.87,119999856.87,119999856.87,3,1
2017-12-02,10000043,41100,119000000,119000000,119000000,3,1
2017-12-02,10000043,41155,16901.09,5002.9,17939.79,76,46
2017-12-02,10000043,41191,28239645.89,22825000.17,49898227.83,5,5
2017-12-02,10000043,41196,12729256.61,12729249.93,12729269.97,3,3
2017-12-02,10000043,41199,8564397.78,8564397.78,8564397.78,3,2
2017-12-02,10000043,41200,275742727.58,248001000.45,284989969.96,4,4
2017-12-02,10000043,41201,311896739.99,311896500,311896979.98,2,2
2017-12-02,10000043,41202,287603715.01,286000000,289207430.02,2,2
2017-12-02,10000043,41212,19499504.51,19499488.77,19499536,6,6
2017-12-02,10000043,41214,71049999.5,44099999,98000000,2,2
2017-12-02,10000043,41215,20617600.02,19986895.91,21799989.99,11,11
2017-12-02,10000043,41217,73999916.46,73999905.95,73999926.97,2,2
2017-12-02,10000043,41218,28835192.54,24714096.13,29489756.16,67,55
2017-12-02,10000043,41220,61809486.94,50238043.93,61999969.92,29,25
2017-12-02,10000043,41230,1500000,1500000,1500000,1,1
2017-12-02,10000043,41236,32670099.06,32670099.06,32670099.06,1,1
2017-12-02,10000043,41239,180000000,180000000,180000000,1,1
2017-12-02,10000043,41249,65999984.98,65999979.97,65999989.98,2,2
2017-12-02,10000043,41250,152929292,152929292,152929292,1,1
2017-12-02,10000043,41263,5016.36,5016.36,5016.36,56,1
2017-12-02,10000043,41264,3006,3006,3006,135,2
2017-12-02,10000043,41265,5.55,5.55,5.55,33,2
2017-12-02,10000043,41266,11438.19,5209,60000,88,4
2017-12-02,10000043,41267,250828.11,250819.76,250829.78,36,2
2017-12-02,10000043,41268,750593.68,750590,750597.27,81,3
2017-12-02,10000043,41269,22777.16,22777.16,22777.16,24,1
2017-12-02,10000043,41274,0.01,0.01,0.01,985,1
2017-12-02,10000043,41275,6.13,6.13,6.13,724,1
2017-12-02,10000043,41276,0.01,0.01,0.01,1000,1
2017-12-02,10000043,41277,0.01,0.01,0.01,713,1
2017-12-02,10000043,41302,156150,156145.08,156165.09,188,4
2017-12-02,10000043,41303,185016.4,185016.4,185016.4,82,2
2017-12-02,10000043,41304,109.05,109.05,109.05,46,2
2017-12-02,10000043,41305,3500,3500,3500,173,3
2017-12-02,10000043,41306,507.99,507.99,507.99,38,1
2017-12-02,10000043,41307,14016.02,14016.02,14016.02,207,3
2017-12-02,10000043,41308,20003,20003,20003,143,4
2017-12-02,10000043,41309,8,8,8,107,2
2017-12-02,10000043,41310,31199.01,31199.01,31199.01,41,2
2017-12-02,10000043,41311,13499.74,13499,13500,76,3
2017-12-02,10000043,41312,57085.35,57085.35,57085.35,45,1
2017-12-02,10000043,41322,10800,10800,10800,5000,1
2017-12-02,10000043,41324,42992.12,42992.12,42992.12,2000,3
2017-12-02,10000043,41332,1600000.02,1600000.02,1600000.02,3,1
2017-12-02,10000043,41405,30499999.98,30499999.98,30499999.98,1,1
2017-12-02,10000043,41407,27000000,27000000,27000000,32,4
2017-12-02,10000043,41408,27000000,27000000,27000000,31,3
2017-12-02,10000043,41409,33333323.32,33333323.32,33333323.32,1,1
2017-12-02,10000043,41410,28000000,28000000,28000000,2,2
2017-12-02,10000043,41411,42953081.08,32000001.11,44048381.7,11,9
2017-12-02,10000043,41415,180446903.32,122130001.31,198390489.88,17,11
2017-12-02,10000043,41459,342999999.78,342999999.78,342999999.78,2,1
2017-12-02,10000043,41466,155000000,155000000,155000000,2,2
2017-12-02,10000043,41477,399999.97,399999.97,399999.97,3,3
2017-12-02,10000043,41480,699997.47,599994.94,799999.99,2,2
2017-12-02,10000043,41482,7238877.8,7238877.68,7238877.91,2,2
2017-12-02,10000043,41486,31329000.09,30629000.09,31629000.09,10,5
2017-12-02,10000043,41489,16949.96,16949.96,16949.96,2510,11
2017-12-02,10000043,41490,949995,949993.99,949999,725,39
2017-12-02,10000043,41491,37559548.32,37477556.05,37901426.9,20,11
2017-12-02,10000043,41493,161035966.57,150000000,162590000,5,4
2017-12-02,10000043,41500,471314114.3,471314114.29,471314114.3,2,2
2017-12-02,10000043,41503,74020390.24,74019800.24,74020980.23,2,2
2017-12-02,10000043,41504,360120659.52,360120659.52,360120659.52,2,1
2017-12-02,10000043,41506,159999569.04,159999569.04,159999569.04,2,2
2017-12-02,10000043,41507,159969091.77,159969091.77,159969091.77,1,1
2017-12-02,10000043,41515,24989989.98,24989989.98,24989989.98,1,1
2017-12-02,10000043,41517,32000,32000,32000,1,1
2017-12-02,10000043,41518,6499.98,6499.98,6499.98,1,1
2017-12-02,10000043,41519,5699.28,5699.28,5699.28,1,1
2017-12-02,10000043,41520,9988.96,9988.96,9988.96,1,1
2017-12-02,10000043,41521,7867.49,1033.29,24952.98,7,2
2017-12-02,10000043,41522,120000,120000,120000,2,1
2017-12-02,10000043,41523,194974.96,194974.96,194974.96,2,1
2017-12-02,10000043,41533,71347949.81,67014615.59,89999998.99,6,6
2017-12-02,10000043,41534,110000000,109999999.99,110000000,5,5
2017-12-02,10000043,41537,250000000,250000000,250000000,1,1
2017-12-02,10000043,41566,196999999.99,196999999.99,196999999.99,1,1
2017-12-02,10000043,41579,555557.65,555557.65,555557.65,2,2
2017-12-02,10000043,41582,1000000000,1000000000,1000000000,5,2
2017-12-02,10000043,41598,20000000,20000000,20000000,5,3
2017-12-02,10000043,41599,9200000,9200000,9200000,1,1
2017-12-02,10000043,41607,21742000,21742000,21742000,1,1
2017-12-02,10000043,42149,4899999.99,4899999.99,4899999.99,1,1
2017-12-02,10000043,42204,49999979.98,49999979.98,49999979.98,1,1
2017-12-02,10000043,42211,161833600,129680000,193987200,2,2
2017-12-02,10000043,42212,242140049.97,186210100,298069999.93,2,2
2017-12-02,10000043,42226,2000000.01,2000000.01,2000000.01,2,1
2017-12-02,10000043,42244,58749946.67,58000000,58999928.89,8,8
2017-12-02,10000043,42526,672982.41,291000.57,698571.9,17,14
2017-12-02,10000043,42527,772948.91,772948.91,772948.91,1,1
2017-12-02,10000043,42528,734690.88,679999.68,895995.4,75,15
2017-12-02,10000043,42529,641078.3,326000.01,649934.99,93,18
2017-12-02,10000043,42530,621500.09,200001.02,661999.97,8,5
2017-12-02,10000043,42543,9599999.99,9599999.99,9599999.99,1,1
2017-12-02,10000043,42546,4000000,4000000,4000000,1,1
2017-12-02,10000043,42549,4200002.19,4200002.19,4200002.19,1,1
2017-12-02,10000043,42560,42900000,42900000,42900000,1,1
2017-12-02,10000043,42565,24000000.01,24000000.01,24000000.01,1,1
2017-12-02,10000043,42571,16500000,16500000,16500000,1,1
2017-12-02,10000043,42572,38615005.25,38615005.25,38615005.25,1,1
2017-12-02,10000043,42576,16555555,16555555,16555555,1,1
2017-12-02,10000043,42598,15000000,15000000,15000000,1,1
2017-12-02,10000043,42685,21274045.25,21050505,21497585.5,4,4
2017-12-02,10000043,42694,999.97,999.97,999.97,23300,13
2017-12-02,10000043,42695,1973.95,590,1973.98,41278,30
2017-12-02,10000043,42696,1389.99,1389.98,1398.99,44154,31
2017-12-02,10000043,42700,12003.94,12003.94,12003.94,1,1
2017-12-02,10000043,42701,4950950.9,4950950.9,4950950.9,1,1
2017-12-02,10000043,42703,10008.26,10008.26,10008.26,1,1
2017-12-02,10000043,42704,4215002.99,130006.03,8299999.94,2,2
2017-12-02,10000043,42705,666667.49,666667.49,666667.49,1,1
2017-12-02,10000043,42706,3006669.68,10004.52,9000000,3,3
2017-12-02,10000043,42707,100002.66,100002.66,100002.66,1,1
2017-12-02,10000043,42708,608003.91,608003.91,608003.91,1,1
2017-12-02,10000043,42718,136250.63,15000.89,500000,4,3
2017-12-02,10000043,42726,10004.11,10004.11,10004.11,1,1
2017-12-02,10000043,42733,563002.51,563002.51,563002.51,3,2
2017-12-02,10000043,42741,11000000.01,11000000.01,11000000.01,2,2
2017-12-02,10000043,42747,24999999.99,24999999.99,24999999.99,1,1
2017-12-02,10000043,42757,3999000,3999000,3999000,1,1
2017-12-02,10000043,42760,19999999,19999999,19999999,1,1
2017-12-02,10000043,42764,5600000,5600000,5600000,1,1
2017-12-02,10000043,42768,29550000,29550000,29550000,1,1
2017-12-02,10000043,42771,19900000,19900000,19900000,1,1
2017-12-02,10000043,42772,9999999.99,9999999.98,10000000,2,2
2017-12-02,10000043,42776,14499998.99,14499998.99,14499998.99,1,1
2017-12-02,10000043,42777,69996977.92,69996977.92,69996977.92,2,2
2017-12-02,10000043,42780,23950000,23900000,24000000,2,2
2017-12-02,10000043,42781,9000000,9000000,9000000,1,1
2017-12-02,10000043,42783,500000,500000,500000,1,1
2017-12-02,10000043,42785,23000000,23000000,23000000,1,1
2017-12-02,10000043,42787,19889997.95,19889997.95,19889997.95,1,1
2017-12-02,10000043,42788,69999969.95,69999969.95,69999969.95,1,1
2017-12-02,10000043,42794,17000000,17000000,17000000,1,1
2017-12-02,10000043,42829,746.37,526.54,746.42,367732,62
2017-12-02,10000043,42830,758.45,519.15,758.46,472957,65
2017-12-02,10000043,42831,500,500,500,316106,28
2017-12-02,10000043,42832,2299.01,2299.01,2299.01,22211,29
2017-12-02,10000043,42833,958.82,958.82,958.82,12059,14
2017-12-02,10000043,42834,9999.99,9999.99,10000,12857,25
2017-12-02,10000043,42835,1229.88,1229.88,1229.88,2199,4
2017-12-02,10000043,42836,909.98,909.98,909.98,1586,3
2017-12-02,10000043,42837,1029,1029,1029,1000,1
2017-12-02,10000043,42838,4989.98,4989.98,4989.98,13129,12
2017-12-02,10000043,42839,3999.96,3999.96,3999.96,20388,13
2017-12-02,10000043,42840,939.99,939.99,939.99,20692,13
2017-12-02,10000043,42880,11799999.99,11799999.99,11799999.99,1,1
2017-12-02,10000043,42881,12999999.99,12999999.99,13000000,9,6
2017-12-02,10000043,42882,12299993.92,12299993.88,12299993.98,16,6
2017-12-02,10000043,42905,5000.25,5000.25,5000.25,1,1
2017-12-02,10000043,42906,300000.05,300000.05,300000.05,2,2
2017-12-02,10000043,42907,199999999.99,199999999.99,199999999.99,1,1
2017-12-02,10000043,43530,2439401.32,700011.28,3598994.68,5,5
2017-12-02,10000043,43551,5599952.99,3140101.75,5698933.5,309,53
2017-12-02,10000043,43552,3499889.17,3499880,3499889.46,33,19
2017-12-02,10000043,43554,4329832.95,3000000,4994749.43,9,5
2017-12-02,10000043,43555,4041084.06,2393021.23,4199998.82,24,18
2017-12-02,10000043,43556,3904930.64,1500070.21,3993999.54,28,12
2017-12-02,10000043,43694,63098943.31,62988878.85,63640387.83,30,10
2017-12-02,10000043,43699,66756.58,66000,70000,41,11
2017-12-02,10000043,43700,4000240.14,4000000,4000249.77,52,10
2017-12-02,10000043,43702,84235.29,80000,98999.98,34,23
2017-12-02,10000043,43703,18340380.75,18000000,19474983.23,13,12
2017-12-02,10000043,43728,200000000,200000000,200000000,1,1
2017-12-02,10000043,43749,4737598.56,3689998.98,4999498.5,5,5
2017-12-02,10000043,43750,5000000,5000000,5000000,1,1
2017-12-02,10000043,43751,1899999.99,1899999.99,1899999.99,2,2
2017-12-02,10000043,43752,18899999.99,18899999.99,18899999.99,1,1
2017-12-02,10000043,43755,30000000,30000000,30000000,1,1
2017-12-02,10000043,43756,13989998,13989998,13989998,3,1
2017-12-02,10000043,43757,19000000,19000000,19000000,1,1
2017-12-02,10000043,43758,225000000,225000000,225000000,1,1
2017-12-02,10000043,43759,119555550,119555550,119555550,1,1
2017-12-02,10000043,43760,120000000,120000000,120000000,1,1
2017-12-02,10000043,43761,24499998.7,24499998.7,24499998.7,1,1
2017-12-02,10000043,43763,8900000,8900000,8900000,1,1
2017-12-02,10000043,43766,40000000,40000000,40000000,1,1
2017-12-02,10000043,43775,859999993.2,859999993.2,859999993.2,1,1
2017-12-02,10000043,43815,25000000,25000000,25000000,1,1
2017-12-02,10000043,43875,699999884.73,699999884.73,699999884.73,1,1
2017-12-02,10000043,43889,407999967.72,407999967.72,407999967.72,1,1
2017-12-02,10000043,43894,293104.47,5000,311111,17,11
2017-12-02,10000043,43896,1099964.33,1099963.54,1099964.96,9,6
2017-12-02,10000043,43898,6880569.06,6880569.06,6880569.06,5,3
2017-12-02,10000043,43902,125000,125000,125000,1,1
2017-12-02,10000043,43904,750000,750000,750000,2,2
2017-12-02,10000043,43906,1250000,1250000,1250000,2,2
2017-12-02,10000043,43911,30000000,30000000,30000000,1,1
2017-12-02,10000043,44046,100000000,100000000,100000000,1,1
2017-12-02,10000043,44048,100000000,100000000,100000000,1,1
2017-12-02,10000043,44067,251845378.38,250000000,273989920,13,9
2017-12-02,10000043,44102,5299918.6,5299902.96,5299949.88,6,4
2017-12-02,10000043,44109,32790.25,137,130749.99,8,6
2017-12-02,10000043,44110,8000,8000,8000,3541,11
2017-12-02,10000043,44113,11999995,11999995,11999995,1,1
2017-12-02,10000043,44120,364343.99,364343.99,364343.99,1,1
2017-12-02,10000043,44122,10250,500,20000,4,3
2017-12-02,10000043,44123,501.11,501.11,501.11,1,1
2017-12-02,10000043,44125,50000.01,50000.01,50000.01,3,3
2017-12-02,10000043,44138,4490000.12,3981001.23,4998999,2,2
2017-12-02,10000043,44140,100000,100000,100000,1,1
2017-12-02,10000043,44144,22000000,22000000,22000000,1,1
2017-12-02,10000043,44151,100000,100000,100000,1,1
2017-12-02,10000043,44154,15000000,15000000,15000000,1,1
2017-12-02,10000043,44156,9899500,9800000,9999000,2,2
2017-12-02,10000043,44159,8510793.43,5510040.15,14512299.99,3,3
2017-12-02,10000043,44163,12023.19,12023.19,12023.19,1,1
2017-12-02,10000043,44169,19250000,19250000,19250000,1,1
2017-12-02,10000043,44171,28440001.01,28440001.01,28440001.01,1,1
2017-12-02,10000043,44174,20000000,20000000,20000000,1,1
2017-12-02,10000043,44178,4489999.96,4489999.96,4489999.96,1,1
2017-12-02,10000043,44186,8126000.05,8126000.05,8126000.05,1,1
2017-12-02,10000043,44205,1.01,1.01,1.01,1,1
2017-12-02,10000043,44206,1000000,1000000,1000000,1,1
2017-12-02,10000043,44208,1000000,1000000,1000000,1,1
2017-12-02,10000043,44209,999999,999999,999999,1,1
2017-12-02,10000043,44210,101,101,101,1,1
2017-12-02,10000043,44211,50000,50000,50000,1,1
2017-12-02,10000043,44212,1,1,1,3,2
2017-12-02,10000043,44213,205.08,205.08,205.08,1,1
2017-12-02,10000043,44214,41001.31,41001.31,41001.31,3,3
2017-12-02,10000043,44215,55010.04,55010.04,55010.04,1,1
2017-12-02,10000043,44216,1000000,1000000,1000000,1,1
2017-12-02,10000043,44262,299999.95,299999.95,299999.95,871,8
2017-12-02,10000043,44267,50000,50000,50000,651,7
2017-12-02,10000043,44889,12999999.98,12999999.98,12999999.98,1,1
2017-12-02,10000043,44892,4600000,300000,8899999.99,2,2
2017-12-02,10000043,44897,13995990.02,13995990.02,13995990.02,1,1
2017-12-02,10000043,44899,12500000,12500000,12500000,1,1
2017-12-02,10000043,44909,12850000,12850000,12850000,2,1
2017-12-02,10000043,44915,46797001.19,18704002.38,74889999.99,2,2
2017-12-02,10000043,44926,17500000,17500000,17500000,1,1
2017-12-02,10000043,44929,39999999.9,39999999.9,39999999.9,1,1
2017-12-02,10000043,44933,27439999.89,27439999.89,27439999.89,1,1
2017-12-02,10000043,44937,94990000,94990000,94990000,1,1
2017-12-02,10000043,44938,54899999.75,54899999.75,54899999.75,1,1
2017-12-02,10000043,44939,7999999.99,7999999.99,7999999.99,1,1
2017-12-02,10000043,44940,18499999.98,18499999.98,18499999.98,1,1
2017-12-02,10000043,44992,3416586,3350004,3417048,213037,504
2017-12-02,10000043,44993,248755449.96,248110999.96,249399899.95,2,2
2017-12-02,10000043,44995,835998994.97,760998989.96,910998999.97,2,2
2017-12-02,10000043,44996,30000000000,30000000000,30000000000,1,1
2017-12-02,10000043,45009,189896964.11,150100041.21,279338772.45,11,11
2017-12-02,10000043,45010,173996.58,173996.58,173996.58,5,1
2017-12-02,10000043,45482,6499997,6499995,6499998,3,3
2017-12-02,10000043,45537,200000000,200000000,200000000,1,1
2017-12-02,10000043,45538,217994469,217994468.99,217994469,2,2
2017-12-02,10000043,45585,50000.03,50000.03,50000.03,1,1
2017-12-02,10000043,45586,44011359.36,42500302.65,48973520.88,21,21
2017-12-02,10000043,45587,14180809.1,9510018.59,16999914.81,12,11
2017-12-02,10000043,45588,34458922,33053113.6,36999999.63,7,7
2017-12-02,10000043,45589,47437836.39,35168787.83,49668658.63,13,13
2017-12-02,10000043,45591,31549993.83,27900001.19,31999999.95,10,10
2017-12-02,10000043,45592,44499596.55,38668779.92,47998089.87,24,19
2017-12-02,10000043,45593,13019800.04,13019000.22,13020000,5,4
2017-12-02,10000043,45594,34849076.84,24678780.1,39934225.21,3,3
2017-12-02,10000043,45595,34933277.42,29500002.66,34999896,15,15
2017-12-02,10000043,45596,32988580.16,32966069.17,32999835.65,3,3
2017-12-02,10000043,45597,47994017.69,47994017.69,47994017.69,1,1
2017-12-02,10000043,45598,16352547.97,12860956.84,16999928.98,13,13
2017-12-02,10000043,45599,47894669.51,42013121.41,55999886.71,9,9
2017-12-02,10000043,45600,44485034.24,30000630.84,58969437.64,2,2
2017-12-02,10000043,45601,32505683.61,26168780.34,33668777.55,14,14
2017-12-02,10000043,45602,37052465.55,24778988.94,40121034.82,5,5
2017-12-02,10000043,45604,19971430.14,19761012.31,21880505.68,14,14
2017-12-02,10000043,45605,43899748.75,43899725.17,43899760.55,3,3
2017-12-02,10000043,45607,30936983.9,30789973.13,31000000,10,9
2017-12-02,10000043,45608,48046374.37,30500018.12,49995961.7,10,10
2017-12-02,10000043,45609,72999668.22,72999658.2,72999678.23,2,2
2017-12-02,10000043,45610,34707882.17,34061467.17,35986886.49,13,13
2017-12-02,10000043,45611,36871849.23,31000002.7,39499771.04,8,8
2017-12-02,10000043,45612,32099934.26,31300005.21,35299996.53,15,15
2017-12-02,10000043,45613,35857534.45,28778998.96,40648225.02,5,5
2017-12-02,10000043,45614,41861875.04,26778780.32,43996585,9,9
2017-12-02,10000043,45615,27900507.7,20713118.81,29998923.71,11,11
2017-12-02,10000043,45616,47718885.75,37876887.79,50999548.43,4,4
2017-12-02,10000043,45617,37411975.86,37411424.32,37412218.28,11,11
2017-12-02,10000043,45618,24301391.94,15770000.71,25699991.9,7,7
2017-12-02,10000043,45619,42887844.44,42876106.92,42947170.75,11,11
2017-12-02,10000043,45620,33246738.57,33000016.31,33986907.86,4,4
2017-12-02,10000043,45621,57553986.6,33427006.7,69427005.62,9,9
2017-12-02,10000043,45622,7000327.88,5000550.16,9999998.95,10,8
2017-12-02,10000043,45623,29079163.62,21088050.09,31088029.93,23,22
2017-12-02,10000043,45624,30520719.22,22701329.35,35701329.85,5,5
2017-12-02,10000043,45625,8390249.56,6030001.04,10990497.8,8,8
2017-12-02,10000043,45626,35741795.71,28100000.37,37706018.05,17,17
2017-12-02,10000043,45628,9030000,7030000.01,13029999.98,3,3
2017-12-02,10000043,45629,27714427.74,22000502.12,29999997.99,7,7
2017-12-02,10000043,45630,18983331.48,18867887.79,18999819.13,8,8
2017-12-02,10000043,45631,34999999.98,34999999.95,35000000,2,2
2017-12-02,10000043,45632,30941631.37,30013122.05,33012838.74,14,14
2017-12-02,10000043,45633,36212457.94,28058664.77,37439999.94,8,8
2017-12-02,10000043,45635,166598999.99,162395000,166600000,101,83
2017-12-02,10000043,45660,10193.31,10183.22,10193.33,2235,40
2017-12-02,10000043,45661,17543.25,17543.25,17543.25,2736,49
2017-12-02,10000043,45662,2242.05,2241.02,19879.93,2330,49
2017-12-02,10000043,45663,250060.12,250059.27,250060.35,1476,47
2017-12-02,10000043,45666,699999999.99,699999999.99,699999999.99,1,1
2017-12-02,10000043,45734,249000,249000,249000,1,1
2017-12-02,10000043,45737,7000000.09,1000000.2,12999999.98,2,2
2017-12-02,10000043,45739,500.01,500.01,500.01,2,2
2017-12-02,10000043,45740,500.05,500.05,500.05,1,1
2017-12-02,10000043,45746,956250.01,600000.05,1000000,56,34
2017-12-02,10000043,45748,5071804.78,5000000,7499999,41,24
2017-12-02,10000043,45749,25433329.73,25000000,26299989,9,9
2017-12-02,10000043,45750,15191666.67,15000000,15750000,12,11
2017-12-02,10000043,45752,200250.01,5500.01,395000,2,2
2017-12-02,10000043,45754,745000,700000,790000,2,2
2017-12-02,10000043,45755,59999.99,59999.99,59999.99,1,1
2017-12-02,10000043,45756,89250,1250.01,100000,5,3
2017-12-02,10000043,45757,530000.03,350000,620000.05,3,3
2017-12-02,10000043,45758,165535.69,2500.01,247053.54,3,3
2017-12-02,10000043,45760,992015.1,992015.1,992015.1,1,1
2017-12-02,10000043,45761,2299999.9,2299999.9,2299999.9,1,1
2017-12-02,10000043,45763,1289999.92,1289999.92,1289999.92,1,1
2017-12-02,10000043,45765,2899989.98,2899989.98,2899989.98,1,1
2017-12-02,10000043,45767,999998.87,999998.87,999998.87,2,2
2017-12-02,10000043,45768,13000.04,13000.04,13000.04,2,2
2017-12-02,10000043,45769,680499.99,22000.04,899999.98,4,4
2017-12-02,10000043,45770,916833.67,501,1375000,3,3
2017-12-02,10000043,45771,12500,12500,12500,2,1
2017-12-02,10000043,45772,1009934.52,20000,1999869.03,2,2
2017-12-02,10000043,45774,303006.12,303006.12,303006.12,1,1
2017-12-02,10000043,45776,1599943.99,1199999.97,1999888,2,2
2017-12-02,10000043,45777,75000,75000,75000,1,1
2017-12-02,10000043,45778,1366665.93,100000,1999998.9,3,3
2017-12-02,10000043,45779,2499995.85,2499995.85,2499995.85,1,1
2017-12-02,10000043,45780,4800000,4800000,4800000,1,1
2017-12-02,10000043,45781,790528.95,790528.95,790528.95,3,2
2017-12-02,10000043,45782,1083667.03,375500.58,2499999.93,3,3
2017-12-02,10000043,45783,10000,10000,10000,1,1
2017-12-02,10000043,45787,860119.78,150000,2350479.12,4,4
2017-12-02,10000043,45788,2700000,2699999.99,2700000,2,2
2017-12-02,10000043,45789,2299999.93,2299999.93,2299999.93,1,1
2017-12-02,10000043,45792,279333.35,279333.35,279333.35,1,1
2017-12-02,10000043,45794,3499998.98,3499998.98,3499998.98,1,1
2017-12-02,10000043,45795,4476989.73,4476989.73,4476989.73,1,1
2017-12-02,10000043,45796,24499999,24499999,24499999,1,1
2017-12-02,10000043,45797,10999999.98,10999999.98,10999999.98,1,1
2017-12-02,10000043,45804,2505495.48,20000.05,4990990.9,2,2
2017-12-02,10000043,45806,1393065.9,5015.55,2781116.25,2,2
2017-12-02,10000043,45810,799999.95,799999.95,799999.95,1,1
2017-12-02,10000043,45811,3500,3500,3500,1,1
2017-12-02,10000043,45813,2550,2550,2550,1,1
2017-12-02,10000043,45816,2550.01,2550.01,2550.01,1,1
2017-12-02,10000043,45817,52249.99,5500,98999.97,2,2
2017-12-02,10000043,45818,25000,25000,25000,1,1
2017-12-02,10000043,45819,45000,45000,45000,1,1
2017-12-02,10000043,45820,1098998.99,800000,1397997.97,2,2
2017-12-02,10000043,45821,6499998.99,6499998.99,6499998.99,1,1
2017-12-02,10000043,45822,10000.54,10000.54,10000.54,1,1
2017-12-02,10000043,45826,1500000,1500000,1500000,1,1
2017-12-02,10000043,45827,10037.01,10037.01,10037.01,1,1
2017-12-02,10000043,45828,2400000,2400000,2400000,1,1
2017-12-02,10000043,45829,552833.01,15000.05,798999.5,6,6
2017-12-02,10000043,45832,500000.08,500000.08,500000.08,2,1
2017-12-02,10000043,45833,1013.03,1013.03,1013.03,2,1
2017-12-02,10000043,45834,785005.01,70010.01,1500000,2,2
2017-12-02,10000043,45835,1464501.15,40002.29,1939000,4,4
2017-12-02,10000043,45836,224234.33,224234.33,224234.33,1,1
2017-12-02,10000043,45839,130004.02,130004.02,130004.02,1,1
2017-12-02,10000043,45840,4999699.66,4999699.66,4999699.66,1,1
2017-12-02,10000043,45843,55000000,55000000,55000000,1,1
2017-12-02,10000043,45845,50000.01,50000.01,50000.01,1,1
2017-12-02,10000043,45846,360000,360000,360000,2,1
2017-12-02,10000043,45847,3399999.97,3399999.97,3399999.97,1,1
2017-12-02,10000043,45848,1050000,1050000,1050000,1,1
2017-12-02,10000043,45849,362007.29,362007.29,362007.29,1,1
2017-12-02,10000043,45850,167000,167000,167000,1,1
2017-12-02,10000043,45854,2216500.36,2000000,2999999.98,6,4
2017-12-02,10000043,45856,34999998,34999998,34999998,1,1
2017-12-02,10000043,45863,271064.18,28085.58,999999.98,4,2
2017-12-02,10000043,45864,649999.99,500000,799999.98,2,2
2017-12-02,10000043,45866,2447940.53,395881.13,4499999.93,2,2
2017-12-02,10000043,45870,2500,2500,2500,1,1
2017-12-02,10000043,45871,250500.51,1001.01,500000,2,2
2017-12-02,10000043,45872,100000,100000,100000,1,1
2017-12-02,10000043,45873,2550.01,2550.01,2550.01,1,1
2017-12-02,10000043,45874,875000,875000,875000,1,1
2017-12-02,10000043,45875,2500.18,2500.18,2500.18,1,1
2017-12-02,10000043,45876,825335.66,825335.66,825335.66,1,1
2017-12-02,10000043,45878,35006.02,35006.02,35006.02,1,1
2017-12-02,10000043,45879,342499.99,15000,669999.98,4,3
2017-12-02,10000043,45880,9883879.5,100070,19667688.99,2,2
2017-12-02,10000043,45881,999999.39,999999,999999.78,2,2
2017-12-02,10000043,45883,1047500,95000,2000000,2,2
2017-12-02,10000043,45884,1000,1000,1000,1,1
2017-12-02,10000043,45887,786998.87,30004.01,1165496.3,3,3
2017-12-02,10000043,45888,499995.98,499995.98,499995.98,1,1
2017-12-02,10000043,45889,1250000,1250000,1250000,1,1
2017-12-02,10000043,45891,14949999.83,14949999.83,14949999.83,1,1
2017-12-02,10000043,45892,257025.01,5050.01,509000,2,2
2017-12-02,10000043,45893,1050000,1050000,1050000,1,1
2017-12-02,10000043,45894,100000.16,100000.16,100000.16,1,1
2017-12-02,10000043,45895,1075499.98,401000.07,1749999.89,2,2
2017-12-02,10000043,45896,2999999.9,2999999.89,2999999.9,2,2
2017-12-02,10000043,45897,12999999.98,12999999.98,12999999.98,1,1
2017-12-02,10000043,45898,4000000,4000000,4000000,1,1
2017-12-02,10000043,45900,135000,135000,135000,1,1
2017-12-02,10000043,45904,49200111.12,49200111.12,49200111.12,4,2
2017-12-02,10000043,45905,1199999.99,1100000,1299999.98,2,2
2017-12-02,10000043,45906,1665326.67,830683.34,2499969.99,4,4
2017-12-02,10000043,45907,10000.75,10000.75,10000.75,1,1
2017-12-02,10000043,45911,7899999.98,7899999.97,7899999.98,2,2
2017-12-02,10000043,45912,444000,444000,444000,2,1
2017-12-02,10000043,45913,553006.2,553006.2,553006.2,1,1
2017-12-02,10000043,45923,529999.99,60000,999999.98,2,2
2017-12-02,10000043,45925,947499.6,25000,1869999.19,2,2
2017-12-02,10000043,45927,1320000.2,1320000.2,1320000.2,2,2
2017-12-02,10000043,45932,250.01,250.01,250.01,1,1
2017-12-02,10000043,45933,5000.02,5000.02,5000.02,1,1
2017-12-02,10000043,45935,200000,200000,200000,1,1
2017-12-02,10000043,45937,1250.01,1250.01,1250.01,1,1
2017-12-02,10000043,45939,713333.28,120000,1899999.84,3,2
2017-12-02,10000043,45941,559998.5,50005.55,1069991.45,2,2
2017-12-02,10000043,45945,101003.02,101003.02,101003.02,2,2
2017-12-02,10000043,45947,999999.91,999999.91,999999.91,1,1
2017-12-02,10000043,45949,15000,15000,15000,2,1
2017-12-02,10000043,45950,244500,26000,899999.98,4,3
2017-12-02,10000043,45952,2499999.98,2499999.98,2499999.98,1,1
2017-12-02,10000043,45953,5499999.85,5499999.85,5499999.85,1,1
2017-12-02,10000043,45955,605055.69,220055.69,990055.69,2,2
2017-12-02,10000043,45956,5565.01,5565.01,5565.01,1,1
2017-12-02,10000043,45958,5000000,5000000,5000000,1,1
2017-12-02,10000043,45961,1824999.83,150000,3499999.65,2,2
2017-12-02,10000043,45966,95000.02,95000.02,95000.02,1,1
2017-12-02,10000043,45968,1500041.76,1000055.69,2999999.98,4,3
2017-12-02,10000043,45969,2151000,2151000,2151000,1,1
2017-12-02,10000043,45970,3499980.98,3499980.98,3499980.98,1,1
2017-12-02,10000043,45972,8999999.98,8999999.98,8999999.98,1,1
2017-12-02,10000043,45973,2950666.52,2901333.06,2999999.98,2,2
2017-12-02,10000043,45977,10989997.79,10989997.79,10989997.79,1,1
2017-12-02,10000043,45979,11889996.99,11889996.99,11889996.99,1,1
2017-12-02,10000043,45981,75000055.89,75000055.89,75000055.89,1,1
2017-12-02,10000043,45984,240625.01,1250.01,480000,2,2
2017-12-02,10000043,45985,51001.52,51001.52,51001.52,3,1
2017-12-02,10000043,45987,95000,95000,95000,1,1
2017-12-02,10000043,45988,1499999.96,1499999.96,1499999.96,1,1
2017-12-02,10000043,45996,463333.33,350000,999999.99,30,11
2017-12-02,10000043,45997,124999999.69,124999999.69,124999999.69,1,1
2017-12-02,10000043,45998,2499999.96,2499999.93,2499999.97,162,30
2017-12-02,10000043,45999,9653331.02,8200060.12,9999974.82,78,21
2017-12-02,10000043,46000,30071453.72,26500064.36,31999999.99,7,6
2017-12-02,10000043,46001,286096.42,270907.64,400000.01,17,9
2017-12-02,10000043,46002,3265064.24,2000005.25,3598988.91,31,19
2017-12-02,10000043,46003,17210609.93,17200805.35,17499989.88,33,17
2017-12-02,10000043,46004,659878.33,402101.35,709997.89,43,12
2017-12-02,10000043,46005,4418482.93,4399999.98,4499999.95,46,9
2017-12-02,10000043,46006,14873475.83,12255014.97,15899997.99,19,15
2017-12-02,10000043,46008,363021.89,2.43,400000,46,19
2017-12-02,10000043,46050,1500000.22,1500000.22,1500000.22,129,7
2017-12-02,10000043,46152,10000000,10000000,10000000,13,13
2017-12-02,10000043,46153,15535714.29,15000000,17500000,14,14
2017-12-02,10000043,46154,21499999.98,20000000,25999999.92,12,12
2017-12-02,10000043,46155,25712519.69,25000000,26900052.51,16,14
2017-12-02,10000043,46156,30222239.72,30000000,31000000,18,14
2017-12-02,10000043,46157,15000000,15000000,15000000,2,2
2017-12-02,10000043,46158,15000000,15000000,15000000,2,2
2017-12-02,10000043,46159,15000000,15000000,15000000,2,2
2017-12-02,10000043,46160,15000000,15000000,15000000,2,2
2017-12-02,10000043,46161,15000000,15000000,15000000,2,2
2017-12-02,10000043,46162,15000000,15000000,15000000,6,3
2017-12-02,10000043,46163,15000000,15000000,15000000,6,3
2017-12-02,10000043,46164,15000000,15000000,15000000,2,2
2017-12-02,10000043,46165,15000000,15000000,15000000,1,1
2017-12-02,10000043,46166,10000000,10000000,10000000,11,5
2017-12-02,10000043,46167,10000000,10000000,10000000,7,4
2017-12-02,10000043,46168,10000000,10000000,10000000,8,6
2017-12-02,10000043,46169,10000000,10000000,10000000,7,4
2017-12-02,10000043,46170,10000000,10000000,10000000,10,5
2017-12-02,10000043,46171,10428571.43,10000000,13000000,7,4
2017-12-02,10000043,46172,10000000,10000000,10000000,7,4
2017-12-02,10000043,46173,10000000,10000000,10000000,7,4
2017-12-02,10000043,46174,10000000,10000000,10000000,9,7
2017-12-02,10000043,46175,10000000,10000000,10000000,7,4
2017-12-02,10000043,46176,10000000,10000000,10000000,7,4
2017-12-02,10000043,46177,10000000,10000000,10000000,5,3
2017-12-02,10000043,46178,10000000,10000000,10000000,4,1
2017-12-02,10000043,46179,10000000,10000000,10000000,6,3
2017-12-02,10000043,46180,10000000,10000000,10000000,9,4
2017-12-02,10000043,46181,10000000,10000000,10000000,6,3
2017-12-02,10000043,46182,10000000,10000000,10000000,5,2
2017-12-02,10000043,46183,10000000,10000000,10000000,11,4
2017-12-02,10000043,46184,10142857.14,10000000,11000000,7,4
2017-12-02,10000043,46185,10000000,10000000,10000000,5,2
2017-12-02,10000043,46186,10000000,10000000,10000000,4,1
2017-12-02,10000043,46197,10000000,10000000,10000000,1,1
2017-12-02,10000043,46199,10000000,10000000,10000000,4,1
2017-12-02,10000043,46200,10000000,10000000,10000000,4,1
2017-12-02,10000043,46204,20000000,20000000,20000000,3,2
2017-12-02,10000043,46205,17996967.27,14488880,20000000,11,7
2017-12-02,10000043,46206,20500000,20000000,23000000,6,5
2017-12-02,10000043,46207,20000000,20000000,20000000,2,1
2017-12-02,10000043,46208,20000000,20000000,20000000,6,5
2017-12-02,10000043,46209,20000000,20000000,20000000,6,5
2017-12-02,10000043,46210,20000000,20000000,20000000,6,5
2017-12-02,10000043,46211,20000000,20000000,20000000,5,4
2017-12-02,10000043,46212,20000000,20000000,20000000,10,5
2017-12-02,10000043,46213,20000000,20000000,20000000,5,4
2017-12-02,10000043,46214,20000000,20000000,20000000,6,5
2017-12-02,10000043,46215,20000000,20000000,20000000,9,5
2017-12-02,10000043,46216,20000000,20000000,20000000,2,1
2017-12-02,10000043,46217,16683333.33,100000,20000000,6,5
2017-12-02,10000043,46218,20000000,20000000,20000000,3,2
2017-12-02,10000043,46299,6000,6000,6000,100,1
2017-12-02,10000043,46350,10000000,10000000,10000000,3,3
2017-12-02,10000043,46352,10000000,10000000,10000000,3,3
2017-12-02,10000043,46355,348449.94,325000,348999.99,80,7
2017-12-02,10000043,46356,1231352.94,1229000,1245000,34,5
2017-12-02,10000043,46357,10000000,10000000,10000000,3,3
2017-12-02,10000043,46359,10000000,10000000,10000000,3,3
2017-12-02,10000043,46361,10000000,10000000,10000000,2,2
2017-12-02,10000043,46365,348998.9,348998.9,348998.9,278,10
2017-12-02,10000043,46366,1837049,1835973.96,1837999.99,49,7
2017-12-02,10000043,46367,481824.12,325000,499899.97,58,4
2017-12-02,10000043,46368,2086045.86,2037995,4000000,41,6
2017-12-02,10000043,46369,343399.97,343399.97,343399.97,270,6
2017-12-02,10000043,46370,3481787.67,3481750,3481800,73,6
2017-12-02,10000043,46371,317024.39,314000,345000,82,6
2017-12-02,10000043,46372,4299902.44,4299000,4300000,41,8
2017-12-02,10000043,46381,4601000,4601000,4601000,2,2
2017-12-02,10000043,46633,790000000,780000000,799999999.99,2,2
2017-12-02,10000043,46637,872205555.55,865555555.55,878855555.55,2,2
2017-12-02,10000043,46680,186,186,186,10,1
2017-12-02,10000043,46694,209999,209999,209999,19,1
2017-12-02,10000043,46707,9999997.98,9999997.98,9999998,3,3
2017-12-02,10000043,46708,7356001.18,7356001.12,7356001.24,2,2
2017-12-02,10000043,46712,4359999.31,4339998.98,4399999.98,3,3
2017-12-02,10000043,46713,16999999.97,16999999.93,17000000,2,2
2017-12-02,10000043,46717,9368006.81,6214021.49,10944999.47,3,3
2017-12-02,10000043,46718,22897997.84,22889989.66,22899999.88,5,5
2017-12-02,10000043,46722,3000000,3000000,3000000,2,2
2017-12-02,10000043,46723,5775003.53,5300007.1,6249999.96,2,2
2017-12-02,10000043,47029,210000000,175000000,279999999.99,3,3
2017-12-02,10000043,47030,810000000.6,810000000.6,810000000.6,1,1
2017-12-02,10000044,18,48.5,48.5,48.5,13543,1
2017-12-02,10000044,20,125.01,125.01,125.01,1749,1
2017-12-02,10000044,34,4.71,4.71,4.71,3541063,18
2017-12-02,10000044,35,5.88,5.88,5.88,2522869,17
2017-12-02,10000044,36,48.08,42.21,67.27,44201,12
2017-12-02,10000044,37,43.5,43.5,43.5,24939,11
2017-12-02,10000044,38,388.78,388.78,388.78,3456,9
2017-12-02,10000044,39,1000,943.99,1132.98,21110,9
2017-12-02,10000044,40,1598.99,1598.99,1598.99,3313,8
2017-12-02,10000044,41,75,75,75,20000,1
2017-12-02,10000044,43,307,307,307,84792,5
2017-12-02,10000044,184,15,15,15,122174,6
2017-12-02,10000044,200,250,250,250,5000,1
2017-12-02,10000044,209,79,79,79,6000,1
2017-12-02,10000044,210,19.98,19.98,19.98,400,1
2017-12-02,10000044,211,18,18,18,5400,2
2017-12-02,10000044,212,20.99,20.99,20.99,400,1
2017-12-02,10000044,215,4,4,4,2000,1
2017-12-02,10000044,216,0.01,0.01,0.01,81,1
2017-12-02,10000044,220,3.65,3.65,3.65,2000,1
2017-12-02,10000044,222,18.99,18.99,18.99,2254,3
2017-12-02,10000044,223,17.24,17.24,17.24,10000,1
2017-12-02,10000044,230,68.5,68.5,68.5,5000,1
2017-12-02,10000044,394,629000,629000,629000,5,3
2017-12-02,10000044,434,94989,94989,94989,1,1
2017-12-02,10000044,439,31499.92,29999.83,33000,2,2
2017-12-02,10000044,440,4999999.99,4999999.99,4999999.99,1,1
2017-12-02,10000044,447,41918.75,41918.75,41918.75,1,1
2017-12-02,10000044,448,1849992,1849992,1849992,22,3
2017-12-02,10000044,483,22290.19,19999,24500,84,5
2017-12-02,10000044,485,14999,14999,14999,4,1
2017-12-02,10000044,486,31999,31999,31999,7,1
2017-12-02,10000044,499,28800,28800,28800,1,1
2017-12-02,10000044,519,1100000,1100000,1100000,2,1
2017-12-02,10000044,520,89999,89999,89999,1,1
2017-12-02,10000044,523,20985.79,20985.79,20985.79,1,1
2017-12-02,10000044,527,1134999.5,1130000,1139998.99,2,2
2017-12-02,10000044,565,75000,75000,75000,2,1
2017-12-02,10000044,578,152238.75,149500,154977.5,4,4
2017-12-02,10000044,584,370000,370000,370000,1,1
2017-12-02,10000044,587,2000,2000,2000,1,1
2017-12-02,10000044,593,300000,300000,300000,2,2
2017-12-02,10000044,594,241475,217000,265950,2,2
2017-12-02,10000044,601,167.98,167.98,167.98,3,3
2017-12-02,10000044,605,200000,200000,200000,3,2
2017-12-02,10000044,606,167.98,167.98,167.98,2,2
2017-12-02,10000044,607,444443,444443,444443,1,1
2017-12-02,10000044,608,249166.17,204999,340000,6,5
2017-12-02,10000044,621,8499000,8499000,8499000,1,1
2017-12-02,10000044,623,10999000,10999000,10999000,1,1
2017-12-02,10000044,626,8975000,8975000,8975000,1,1
2017-12-02,10000044,627,7745000,7490000,8000000,2,2
2017-12-02,10000044,649,1500000,1500000,1500000,2,2
2017-12-02,10000044,656,999000,999000,999000,2,1
2017-12-02,10000044,657,1499999.95,1499999.95,1499999.95,1,1
2017-12-02,10000044,672,28500,28500,28500,4,2
2017-12-02,10000044,885,80000,80000,80000,2,1
2017-12-02,10000044,939,2525000,2525000,2525000,1,1
2017-12-02,10000044,940,2825000,2825000,2825000,1,1
2017-12-02,10000044,941,2825000,2825000,2825000,1,1
2017-12-02,10000044,955,2125000,2125000,2125000,1,1
2017-12-02,10000044,1145,400000,400000,400000,1,1
2017-12-02,10000044,1183,757008,757008,757008,1,1
2017-12-02,10000044,1195,49741,49741,49741,1,1
2017-12-02,10000044,1201,50000,50000,50000,5,1
2017-12-02,10000044,1227,60.11,60.11,60.11,84250,3
2017-12-02,10000044,1236,999999,999999,999999,2,2
2017-12-02,10000044,1248,948988,948988,948988,3,1
2017-12-02,10000044,1266,325395,325395,325395,1,1
2017-12-02,10000044,1306,499990.73,499990.73,499990.73,1,1
2017-12-02,10000044,1317,5953.64,5500,5999,11,2
2017-12-02,10000044,1319,933332.33,899999,1199999,27,8
2017-12-02,10000044,1403,25000,25000,25000,2,1
2017-12-02,10000044,1405,914262.09,899971.05,999999.99,14,7
2017-12-02,10000044,1422,1198975.41,1198970.59,1198985.05,3,2
2017-12-02,10000044,1952,1899987.01,1899987.01,1899987.01,1,1
2017-12-02,10000044,1999,1499991.74,1499991.74,1499991.74,2,2
2017-12-02,10000044,2024,1400000,1400000,1400000,1,1
2017-12-02,10000044,2032,547998.2,547998.2,547998.2,1,1
2017-12-02,10000044,2046,8145,8145,8145,2,2
2017-12-02,10000044,2048,849952.97,848995.51,893999.98,47,8
2017-12-02,10000044,2117,2402856.31,20000.18,2799999,7,3
2017-12-02,10000044,2184,1800000,1800000,1800000,1,1
2017-12-02,10000044,2185,1035653.94,1034999,1037094.8,16,3
2017-12-02,10000044,2203,2540,2540,2540,1,1
2017-12-02,10000044,2204,200000,200000,200000,1,1
2017-12-02,10000044,2205,595000,550000,1000000,30,4
2017-12-02,10000044,2281,3749999.33,3749999,3750000,3,2
2017-12-02,10000044,2301,2699999,2699999,2699999,2,1
2017-12-02,10000044,2303,2394998.99,2394998.99,2394998.99,1,1
2017-12-02,10000044,2333,1239999.99,1179999.99,1299999.99,2,2
2017-12-02,10000044,2364,1999999.78,1999999.78,1999999.78,2,1
2017-12-02,10000044,2397,1200,1200,1200,10000,1
2017-12-02,10000044,2400,40.4,40.4,40.4,1240,1
2017-12-02,10000044,2410,1600000,1600000,1600000,5,1
2017-12-02,10000044,2444,44999,44999,44999,8,2
2017-12-02,10000044,2446,1950000,1950000,1950000,1,1
2017-12-02,10000044,2454,3137.63,2001,3300,80,3
2017-12-02,10000044,2455,250000,250000,250000,1,1
2017-12-02,10000044,2456,465873.01,450000,499999.98,63,11
2017-12-02,10000044,2466,500000,500000,500000,10,2
2017-12-02,10000044,2486,4500,4500,4500,40,1
2017-12-02,10000044,2488,455848.89,455848.89,455848.89,40,1
2017-12-02,10000044,2495,749998.4,749998.4,749998.4,1,1
2017-12-02,10000044,2505,849972.86,849972.86,849972.86,1,1
2017-12-02,10000044,2515,40000,40000,40000,1,1
2017-12-02,10000044,2539,1299968.71,1299968.71,1299968.71,1,1
2017-12-02,10000044,2547,1799998.99,1799998.99,1799998.99,2,2
2017-12-02,10000044,2603,1333,1333,1333,1,1
2017-12-02,10000044,2604,16640,16640,16640,1,1
2017-12-02,10000044,2605,825979.95,799998.99,838970.43,3,2
2017-12-02,10000044,2629,799.98,799.98,799.98,15000,4
2017-12-02,10000044,2817,70,70,70,1000,1
2017-12-02,10000044,2889,752518.95,748129.06,753250.6,7,2
2017-12-02,10000044,2998,65499500,55000000,75999000,2,2
2017-12-02,10000044,3130,1698999,1698999,1698999,5,1
2017-12-02,10000044,3244,1709000,1709000,1709000,1,1
2017-12-02,10000044,3301,20000,20000,20000,50,1
2017-12-02,10000044,3302,20196.08,20000,30000,51,2
2017-12-02,10000044,3304,150000,150000,150000,2,2
2017-12-02,10000044,3305,150000,150000,150000,1,1
2017-12-02,10000044,3306,150000,150000,150000,1,1
2017-12-02,10000044,3309,2238974.83,2238974.83,2238974.83,1,1
2017-12-02,10000044,3320,15000,10000,20000,2,2
2017-12-02,10000044,3321,20392.16,20000,40000,51,2
2017-12-02,10000044,3322,31666.67,25000,45000,3,2
2017-12-02,10000044,3323,40000,30000,50000,2,2
2017-12-02,10000044,3324,105657.72,100000,249929.51,53,4
2017-12-02,10000044,3325,400000,400000,400000,1,1
2017-12-02,10000044,3326,350000,350000,350000,11,2
2017-12-02,10000044,3329,40000,40000,40000,1,1
2017-12-02,10000044,3330,40000,40000,40000,50,1
2017-12-02,10000044,3332,650000,650000,650000,1,1
2017-12-02,10000044,3333,575000,500000,650000,4,4
2017-12-02,10000044,3334,507142.86,500000,650000,21,2
2017-12-02,10000044,3335,600000,600000,600000,1,1
2017-12-02,10000044,3336,4387999,4387999,4387999,1,1
2017-12-02,10000044,3339,4389982.97,4389982.97,4389982.97,1,1
2017-12-02,10000044,3340,300000,300000,300000,5,1
2017-12-02,10000044,3349,98333.33,75000,110000,3,3
2017-12-02,10000044,3350,125000,100000,150000,2,2
2017-12-02,10000044,3351,400000,400000,400000,1,1
2017-12-02,10000044,3354,2500000,2500000,2500000,1,1
2017-12-02,10000044,3355,40000,40000,40000,2,2
2017-12-02,10000044,3356,80000,80000,80000,1,1
2017-12-02,10000044,3357,230000,230000,230000,1,1
2017-12-02,10000044,3359,230000,200000,260000,2,2
2017-12-02,10000044,3361,280000,280000,280000,1,1
2017-12-02,10000044,3363,40000,40000,40000,1,1
2017-12-02,10000044,3387,349998.4,349998.4,349998.4,1,1
2017-12-02,10000044,3388,449995.21,449995.21,449995.21,1,1
2017-12-02,10000044,3395,84999,84999,84999,1,1
2017-12-02,10000044,3396,2299991.53,2299991.53,2299991.53,1,1
2017-12-02,10000044,3403,443983.09,443983.09,443983.09,1,1
2017-12-02,10000044,3405,60000,60000,60000,1,1
2017-12-02,10000044,3406,547835.5,547835.5,547835.5,1,1
2017-12-02,10000044,3409,542999,542999,542999,1,1
2017-12-02,10000044,3410,450000,450000,450000,4,1
2017-12-02,10000044,3421,180000,180000,180000,3,3
2017-12-02,10000044,3422,100000,100000,100000,1,1
2017-12-02,10000044,3423,120000,120000,120000,1,1
2017-12-02,10000044,3425,110000,110000,110000,1,1
2017-12-02,10000044,3433,140000,140000,140000,1,1
2017-12-02,10000044,3434,120000,120000,120000,2,2
2017-12-02,10000044,3436,20000,20000,20000,1,1
2017-12-02,10000044,3437,50000,40000,60000,2,2
2017-12-02,10000044,3438,40384.62,40000,60000,52,3
2017-12-02,10000044,3439,279955.7,279955.7,279955.7,1,1
2017-12-02,10000044,3442,588000,588000,588000,1,1
2017-12-02,10000044,3444,140000,140000,140000,1,1
2017-12-02,10000044,3446,150000,150000,150000,2,2
2017-12-02,10000044,3451,50000,50000,50000,1,1
2017-12-02,10000044,3452,70000,70000,70000,1,1
2017-12-02,10000044,3467,224000,224000,224000,1,1
2017-12-02,10000044,3512,1999999,1999999,1999999,2,1
2017-12-02,10000044,3520,1700000,1700000,1700000,1,1
2017-12-02,10000044,3528,149999,149999,149999,1,1
2017-12-02,10000044,3529,400000,400000,400000,1,1
2017-12-02,10000044,3530,1749000,1749000,1749000,2,2
2017-12-02,10000044,3643,68,68,68,35501,7
2017-12-02,10000044,3647,225,225,225,69137,5
2017-12-02,10000044,3687,1,1,1,10,1
2017-12-02,10000044,3703,12,12,12,10,1
2017-12-02,10000044,3705,12,12,12,10,1
2017-12-02,10000044,3713,10846,10846,10846,5040,4
2017-12-02,10000044,3715,115,115,115,18594,4
2017-12-02,10000044,3717,1,1,1,20,1
2017-12-02,10000044,3777,2,2,2,10,1
2017-12-02,10000044,3812,155.56,141,170.12,14000,2
2017-12-02,10000044,3826,12,12,12,10,1
2017-12-02,10000044,3829,49081.82,40000,49990,22,3
2017-12-02,10000044,3831,1699994.97,1699988.6,1699998.99,30,8
2017-12-02,10000044,3841,1499999,1499999,1499999,1,1
2017-12-02,10000044,3887,49989,49989,49989,1,1
2017-12-02,10000044,3893,36799999,36799999,36799999,1,1
2017-12-02,10000044,4025,50000,50000,50000,3,3
2017-12-02,10000044,4258,1700000,1700000,1700000,1,1
2017-12-02,10000044,4312,21994,21994,21994,5500,2
2017-12-02,10000044,4385,4594999.75,4500000,4879999,4,2
2017-12-02,10000044,4391,150000,150000,150000,1,1
2017-12-02,10000044,4393,74000,68000,79999.99,2,2
2017-12-02,10000044,4403,600000,600000,600000,1,1
2017-12-02,10000044,4405,1499998.88,1499998.88,1499998.88,2,2
2017-12-02,10000044,4411,750000,750000,750000,1,1
2017-12-02,10000044,4477,24999.99,24999.99,24999.99,40,1
2017-12-02,10000044,4529,100.01,100.01,100.01,1,1
2017-12-02,10000044,4531,0.01,0.01,0.01,2,2
2017-12-02,10000044,4831,4920,4920,4920,1,1
2017-12-02,10000044,4871,49999.98,49999.98,49999.98,1,1
2017-12-02,10000044,5141,14398.16,14398.16,14398.16,3,1
2017-12-02,10000044,5399,19000,19000,19000,1,1
2017-12-02,10000044,5443,76700,69000,80000,20,2
2017-12-02,10000044,5533,39999.98,39999.98,39999.98,10,1
2017-12-02,10000044,5599,29999.98,29999.98,29999.98,1,1
2017-12-02,10000044,5839,2090000,2090000,2090000,2,2
2017-12-02,10000044,5945,210555.56,11111.11,410000,2,2
2017-12-02,10000044,5955,120000,120000,120000,1,1
2017-12-02,10000044,5971,69131.93,50000,69999.98,24,6
2017-12-02,10000044,5973,418156.57,397878.89,420000,24,5
2017-12-02,10000044,5975,26999.95,26999.95,26999.95,1,1
2017-12-02,10000044,6005,10999.99,10999.99,10999.99,11,2
2017-12-02,10000044,6073,29999.99,29999.99,29999.99,1,1
2017-12-02,10000044,6159,39999.96,39999.96,39999.96,1,1
2017-12-02,10000044,6160,19999.6,19999.6,19999.6,2,2
2017-12-02,10000044,6176,11000,11000,11000,1,1
2017-12-02,10000044,6569,10003.33,10,15000,3,3
2017-12-02,10000044,6923,500000,500000,500000,3,1
2017-12-02,10000044,7329,300000,300000,300000,5,1
2017-12-02,10000044,7409,249000,249000,249000,2,1
2017-12-02,10000044,8175,17999.99,17999.99,17999.99,2,1
2017-12-02,10000044,8225,49999.99,49999.99,49999.99,1,1
2017-12-02,10000044,8295,1,1,1,1,1
2017-12-02,10000044,8419,219999.98,219999.98,219999.98,1,1
2017-12-02,10000044,8427,58999.99,58999.99,58999.99,1,1
2017-12-02,10000044,8521,297872.08,297872.08,297872.08,2,1
2017-12-02,10000044,9622,30000,30000,30000,1,1
2017-12-02,10000044,9632,750000,750000,750000,3,1
2017-12-02,10000044,9826,1.01,1.01,1.01,13,3
2017-12-02,10000044,9840,140.41,140.41,140.41,3,1
2017-12-02,10000044,9842,150.51,150.51,150.51,3,1
2017-12-02,10000044,9850,434,434,434,62682,6
2017-12-02,10000044,9852,47.02,47.02,47.02,286204,6
2017-12-02,10000044,9899,12099999.5,11899999,12299999.99,2,2
2017-12-02,10000044,9941,13999994.99,13999990,13999999.98,2,2
2017-12-02,10000044,9942,11246999.49,10998999,11494999.98,2,2
2017-12-02,10000044,9943,12248999.49,12247999,12249999.98,2,2
2017-12-02,10000044,9944,94491.34,94491,94491.67,4,3
2017-12-02,10000044,9956,10449000,10398000,10499999.99,2,2
2017-12-02,10000044,10190,1692999,1692999,1692999,2,1
2017-12-02,10000044,10208,24999991,24999991,24999991,1,1
2017-12-02,10000044,10221,25999993,25999993,25999993,1,1
2017-12-02,10000044,10246,28535.4,24999,28889.04,22,5
2017-12-02,10000044,10250,989536.37,987990.95,990000,13,3
2017-12-02,10000044,10631,498000,498000,498000,5,1
2017-12-02,10000044,10836,82999,82999,82999,1,1
2017-12-02,10000044,10850,1599973.82,1599963.45,1599979,3,2
2017-12-02,10000044,10998,32600,32600,32600,3,2
2017-12-02,10000044,11105,200000,200000,200000,246,2
2017-12-02,10000044,11134,34000,18000,50000,2,2
2017-12-02,10000044,11172,37999999,37999999,37999999,1,1
2017-12-02,10000044,11178,42999999.92,42999999.92,42999999.92,2,2
2017-12-02,10000044,11207,508749.02,500000,639984.31,16,2
2017-12-02,10000044,11267,350000,350000,350000,3,3
2017-12-02,10000044,11269,875000,875000,875000,1,1
2017-12-02,10000044,11283,1583.56,1583.56,1583.56,200,2
2017-12-02,10000044,11285,3498,3498,3498,200,1
2017-12-02,10000044,11289,3481,3481,3481,39,5
2017-12-02,10000044,11309,189999.95,189999.95,189999.95,1,1
2017-12-02,10000044,11311,149999.99,149999.99,149999.99,1,1
2017-12-02,10000044,11356,49960,49960,49960,1,1
2017-12-02,10000044,11358,124700,124700,124700,1,1
2017-12-02,10000044,11370,1491249.5,125000,1924999,4,4
2017-12-02,10000044,11399,8088.08,8088.08,8088.08,20,2
2017-12-02,10000044,11449,10699999,10699999,10699999,1,1
2017-12-02,10000044,11450,10799999,10799999,10799999,1,1
2017-12-02,10000044,11452,10887990.54,10887990.54,10887990.54,1,1
2017-12-02,10000044,11529,10899991.49,10899991.49,10899991.49,1,1
2017-12-02,10000044,11563,247000,247000,247000,1,1
2017-12-02,10000044,11566,160000,160000,160000,1,1
2017-12-02,10000044,11574,2000000,2000000,2000000,2,2
2017-12-02,10000044,11577,4142857.49,4142857.49,4142857.49,4,1
2017-12-02,10000044,11578,7559999.2,7449999,7999999,5,4
2017-12-02,10000044,11579,3898993.13,3898993.13,3898993.13,1,1
2017-12-02,10000044,11584,120000,120000,120000,1,1
2017-12-02,10000044,11859,282640,282640,282640,1,1
2017-12-02,10000044,11870,282640,282640,282640,1,1
2017-12-02,10000044,11872,364560,364560,364560,1,1
2017-12-02,10000044,11873,364560,364560,364560,1,1
2017-12-02,10000044,11887,282640,282640,282640,1,1
2017-12-02,10000044,11889,282640,282640,282640,1,1
2017-12-02,10000044,11890,282640,282640,282640,1,1
2017-12-02,10000044,11891,282640,282640,282640,1,1
2017-12-02,10000044,12052,300000,300000,300000,1,1
2017-12-02,10000044,12056,51987.67,51987.67,51987.67,2,1
2017-12-02,10000044,12058,3499999,3499999,3499999,1,1
2017-12-02,10000044,12092,1300000,1300000,1300000,1,1
2017-12-02,10000044,12183,290000,290000,290000,1,1
2017-12-02,10000044,12184,290000,290000,290000,1,1
2017-12-02,10000044,12185,270000,270000,270000,1,1
2017-12-02,10000044,12194,340000,340000,340000,1,1
2017-12-02,10000044,12207,9000000,9000000,9000000,1,1
2017-12-02,10000044,12212,9000000,9000000,9000000,1,1
2017-12-02,10000044,12213,1699864.85,1699864.85,1699864.85,1,1
2017-12-02,10000044,12214,6499967.62,6499967.62,6499967.62,1,1
2017-12-02,10000044,12274,90000,90000,90000,8,3
2017-12-02,10000044,12305,119955.67,100000,159867.02,3,3
2017-12-02,10000044,12365,160000,160000,160000,1,1
2017-12-02,10000044,12366,160000,160000,160000,1,1
2017-12-02,10000044,12367,160000,160000,160000,1,1
2017-12-02,10000044,12441,499978.56,499978.56,499978.56,1,1
2017-12-02,10000044,12442,349906.52,349906.52,349906.52,1,1
2017-12-02,10000044,12486,8949925.58,8899851.16,9000000,2,2
2017-12-02,10000044,12538,999999.99,999999.99,999999.99,1,1
2017-12-02,10000044,12539,9989999.99,9989999.99,9989999.99,1,1
2017-12-02,10000044,12614,76,76,76,1,1
2017-12-02,10000044,12743,102000000,102000000,102000000,1,1
2017-12-02,10000044,12773,217.5,210,225,6000,2
2017-12-02,10000044,12801,150,150,150,1,1
2017-12-02,10000044,13279,449994.4,449994.4,449994.4,1,1
2017-12-02,10000044,14299,6999994,6999994,6999994,1,1
2017-12-02,10000044,15331,700,700,700,125,4
2017-12-02,10000044,15479,4500000,4500000,4500000,2,1
2017-12-02,10000044,16069,109993.24,109993.24,109993.24,2,2
2017-12-02,10000044,16241,7887800,7887800,7887800,1,1
2017-12-02,10000044,16242,941599,941599,941599,2,2
2017-12-02,10000044,16264,182000,182000,182000,51,2
2017-12-02,10000044,16273,346.1,346.1,498,1365,4
2017-12-02,10000044,16278,2263956.29,2263956.29,2263956.29,4,2
2017-12-02,10000044,16281,383236.69,375000,547970.58,21,2
2017-12-02,10000044,16365,340000,340000,340000,1,1
2017-12-02,10000044,16375,202500,202500,202500,2,1
2017-12-02,10000044,16383,171450,171450,171450,2,1
2017-12-02,10000044,16391,420000,420000,420000,1,1
2017-12-02,10000044,16591,35699999,35699999,35699999,1,1
2017-12-02,10000044,16594,1647999,1647999,1647999,1,1
2017-12-02,10000044,16622,5000000,5000000,5000000,1,1
2017-12-02,10000044,16670,227,227,227,1025873,2
2017-12-02,10000044,16671,210,210,210,1500,1
2017-12-02,10000044,16679,1000,1000,1000,500,1
2017-12-02,10000044,17366,41499.88,30000,50000,8,5
2017-12-02,10000044,17456,50,50,50,536692,16
2017-12-02,10000044,17464,20.03,20.03,20.03,10089,1
2017-12-02,10000044,17478,24984999,24984999,24984999,4,3
2017-12-02,10000044,17480,16999333.33,15000000,17999000,3,3
2017-12-02,10000044,17482,1999929.9,1999929.9,1999929.9,2,2
2017-12-02,10000044,17843,73000000,73000000,73000000,1,1
2017-12-02,10000044,17867,60.01,60.01,60.01,6472,1
2017-12-02,10000044,17868,62.03,62.03,62.03,26533,2
2017-12-02,10000044,17871,700000,700000,700000,1,1
2017-12-02,10000044,17887,700,700,700,420799,1
2017-12-02,10000044,17912,4282693.66,4000000,4294992,24,4
2017-12-02,10000044,17918,450000000,450000000,450000000,1,1
2017-12-02,10000044,17938,37394.6,36000,39986.5,5,5
2017-12-02,10000044,17940,500000,500000,500000,24,2
2017-12-02,10000044,18036,499992.23,499992.23,499992.23,2,1
2017-12-02,10000044,18038,199999,199999,199999,2,1
2017-12-02,10000044,18046,149999.95,149999.95,149999.95,2,1
2017-12-02,10000044,18051,400000,400000,400000,1,1
2017-12-02,10000044,18057,300000,300000,300000,1,1
2017-12-02,10000044,18600,299999,299999,299999,4,1
2017-12-02,10000044,18612,255000,255000,255000,16,2
2017-12-02,10000044,18639,34999.95,34999.95,34999.95,1,1
2017-12-02,10000044,18692,23000000,23000000,23000000,1,1
2017-12-02,10000044,19404,110000.11,110000.11,110000.11,2,1
2017-12-02,10000044,19406,400000.43,400000.43,400000.43,3,1
2017-12-02,10000044,19407,800000.39,800000.39,800000.39,3,1
2017-12-02,10000044,19408,1450000.68,1450000.68,1450000.68,2,1
2017-12-02,10000044,19719,21666666.67,21666666.67,21666666.67,1,1
2017-12-02,10000044,19760,160000,160000,160000,10,1
2017-12-02,10000044,19810,19999.99,19999.99,19999.99,1,1
2017-12-02,10000044,19814,55208.13,43249.75,67166.5,2,2
2017-12-02,10000044,19921,90000,90000,90000,20,1
2017-12-02,10000044,19922,600000,600000,600000,5,1
2017-12-02,10000044,19944,101.01,101.01,101.01,1,1
2017-12-02,10000044,20171,75000,75000,75000,22,1
2017-12-02,10000044,20211,5498971.84,5498971.84,5498971.84,1,1
2017-12-02,10000044,20213,9499880.28,9499873.27,9499887.29,2,2
2017-12-02,10000044,20307,90,90,90,10000,1
2017-12-02,10000044,20312,899991.07,899991.07,899991.07,1,1
2017-12-02,10000044,20314,349976.84,349976.84,349976.84,1,1
2017-12-02,10000044,20347,650000,650000,650000,1,1
2017-12-02,10000044,20410,100000.12,100000.11,100000.12,23,2
2017-12-02,10000044,20414,110000.1,110000.1,110000.1,8,1
2017-12-02,10000044,20417,72000,72000,72000,24,2
2017-12-02,10000044,20418,100000.1,100000.1,100000.1,14,2
2017-12-02,10000044,20420,80504.06,80504.06,80504.06,22,1
2017-12-02,10000044,20424,34003,34003,34003,61,2
2017-12-02,10000044,20494,160000,160000,160000,1,1
2017-12-02,10000044,20495,125000,100000,150000,2,2
2017-12-02,10000044,21071,119933.49,119933.49,119933.49,1,1
2017-12-02,10000044,21096,2511666,2374998,2580000,3,3
2017-12-02,10000044,21603,10000000,10000000,10000000,1,1
2017-12-02,10000044,21610,20000000,20000000,20000000,3,3
2017-12-02,10000044,21638,1233326.05,1199978.15,1250000,3,2
2017-12-02,10000044,21666,18000000,18000000,18000000,1,1
2017-12-02,10000044,21803,20000000,20000000,20000000,1,1
2017-12-02,10000044,22175,110666.33,108000,111999.5,3,3
2017-12-02,10000044,22177,108000,108000,108000,2,2
2017-12-02,10000044,22229,4444166.29,4444166.29,4444166.29,2,1
2017-12-02,10000044,22534,26499990.98,26499990.98,26499990.98,1,1
2017-12-02,10000044,22536,443990.34,443990.34,443990.34,1,1
2017-12-02,10000044,22541,9896989.21,9896989.21,9896989.21,2,2
2017-12-02,10000044,22542,35565.87,35565.87,35565.87,1,1
2017-12-02,10000044,22544,351000000,351000000,351000000,1,1
2017-12-02,10000044,22546,171001100,171001100,171001100,1,1
2017-12-02,10000044,22551,28000000,28000000,28000000,2,2
2017-12-02,10000044,22552,939988.06,939988.06,939988.06,1,1
2017-12-02,10000044,22559,69999998.21,69999998.21,69999998.21,1,1
2017-12-02,10000044,22576,40000,40000,40000,2,1
2017-12-02,10000044,22578,80000,80000,80000,1,1
2017-12-02,10000044,22779,2344200,2344200,2344200,1,1
2017-12-02,10000044,22977,655,655,655,5100,5
2017-12-02,10000044,23069,50000000,50000000,50000000,1,1
2017-12-02,10000044,23121,88000,88000,88000,1,1
2017-12-02,10000044,23527,974966.54,974959.85,975000,6,5
2017-12-02,10000044,23559,141666.67,100000,150000,6,2
2017-12-02,10000044,23618,58333.33,50000,75000,3,3
2017-12-02,10000044,23950,66350000,64000000,68700000,2,2
2017-12-02,10000044,24241,50000,50000,50000,1,1
2017-12-02,10000044,24242,1289969.56,1289969.56,1289969.56,1,1
2017-12-02,10000044,24348,682500,75000,1290000,2,2
2017-12-02,10000044,24395,406000,406000,406000,1,1
2017-12-02,10000044,24427,1399961.51,1399961.51,1399961.51,3,1
2017-12-02,10000044,24471,59.99,59.99,59.99,1000,1
2017-12-02,10000044,24473,138.94,138.94,138.94,1000,1
2017-12-02,10000044,24475,85.9,85.9,85.9,1000,1
2017-12-02,10000044,24495,150,150,150,1000,1
2017-12-02,10000044,24497,148.92,148.92,148.92,1000,1
2017-12-02,10000044,24499,150,150,150,1000,1
2017-12-02,10000044,24613,15000000,15000000,15000000,1,1
2017-12-02,10000044,24698,57999000,57999000,57999000,1,1
2017-12-02,10000044,25235,248975.15,248975.15,248975.15,1,1
2017-12-02,10000044,25266,2399999,2399999,2399999,6,3
2017-12-02,10000044,25275,70500.91,70500.91,70500.91,1688,3
2017-12-02,10000044,25544,34899999.94,34899999.94,34899999.94,2,2
2017-12-02,10000044,25588,11403.05,11403.05,11403.05,90,1
2017-12-02,10000044,25589,2701,2701,2701,124,3
2017-12-02,10000044,25590,81000.31,81000.31,81000.31,6,2
2017-12-02,10000044,25591,160007.02,160007.02,160007.02,58,6
2017-12-02,10000044,25595,20000,20000,20000,3,1
2017-12-02,10000044,25596,30000,30000,30000,110,6
2017-12-02,10000044,25597,3300,3300,3300,244,6
2017-12-02,10000044,25598,11290.5,11290.5,11290.5,209,5
2017-12-02,10000044,25599,954.31,954.31,954.31,295,4
2017-12-02,10000044,25600,25667.79,25667.79,25667.79,214,5
2017-12-02,10000044,25601,4011,4011,4011.01,142,5
2017-12-02,10000044,25604,10000,10000,10000,117,4
2017-12-02,10000044,25605,17190.83,17190.83,17190.83,4,1
2017-12-02,10000044,25606,39171.46,39171.46,39171.46,85,1
2017-12-02,10000044,25607,45003.62,45003.62,45003.62,31,1
2017-12-02,10000044,25608,459000,459000,459000,29,1
2017-12-02,10000044,25610,500000,500000,500000,3,2
2017-12-02,10000044,25615,2900000,2900000,2900000,6,1
2017-12-02,10000044,25616,9300.9,9300.9,9300.9,32,5
2017-12-02,10000044,25617,350000.57,350000.57,350000.57,5,1
2017-12-02,10000044,25618,31000.01,31000.01,31000.01,12,1
2017-12-02,10000044,25619,620070.8,620070.8,620070.8,36,2
2017-12-02,10000044,25620,37000,37000,37000,4,1
2017-12-02,10000044,25623,40000.32,40000.32,40000.32,3,1
2017-12-02,10000044,25625,2600000,2600000,2600000,11,1
2017-12-02,10000044,25718,3500000,3500000,3500000,1,1
2017-12-02,10000044,25719,399972.68,399972.68,399972.68,1,1
2017-12-02,10000044,25810,598999,598999,598999,1,1
2017-12-02,10000044,25861,57999.92,57999.92,57999.92,12,3
2017-12-02,10000044,25862,332640,332640,332640,1,1
2017-12-02,10000044,25887,73602.16,73602.16,73602.16,46,1
2017-12-02,10000044,26260,140000,140000,140000,1,1
2017-12-02,10000044,26929,79833.33,9500,115000,3,2
2017-12-02,10000044,26931,4500000,4500000,4500000,1,1
2017-12-02,10000044,27169,34999999,34999999,34999999,1,1
2017-12-02,10000044,27339,3495,3495,3495,200,1
2017-12-02,10000044,27345,3999.99,3999.99,3999.99,1500,1
2017-12-02,10000044,27902,140000,140000,140000,1,1
2017-12-02,10000044,28211,899998.99,899998.99,899998.99,3,1
2017-12-02,10000044,28362,150000.04,150000.04,150000.04,9,1
2017-12-02,10000044,28363,130000,130000,130000,14,1
2017-12-02,10000044,28364,20000,20000,20000,14,1
2017-12-02,10000044,28433,200000.11,200000.11,200000.11,263,3
2017-12-02,10000044,28576,1066666.32,999999,1099999.98,3,2
2017-12-02,10000044,28578,1099999.84,1099999,1099999.98,7,4
2017-12-02,10000044,28656,64000000,64000000,64000000,1,1
2017-12-02,10000044,28668,24799.99,24799.99,24799.99,600,3
2017-12-02,10000044,28696,2499,2390,2499.5,1716,6
2017-12-02,10000044,28758,37999994,37999994,37999994,2,2
2017-12-02,10000044,28879,1086999,1086999,1086999,1,1
2017-12-02,10000044,29009,21777.47,21555,21999.93,2,2
2017-12-02,10000044,29637,54700000,54700000,54700000,1,1
2017-12-02,10000044,30013,9585.93,9500,10000,58,5
2017-12-02,10000044,30028,84000,84000,84000,8,1
2017-12-02,10000044,30370,3500,3500,3500,5000,1
2017-12-02,10000044,30488,440000,440000,440000,52,4
2017-12-02,10000044,30540,6500000,6500000,6500000,1,1
2017-12-02,10000044,30550,6500000,6500000,6500000,1,1
2017-12-02,10000044,30836,1999969,1999969,1999969,9,2
2017-12-02,10000044,30987,400000,400000,400000,1,1
2017-12-02,10000044,31009,375000,375000,375000,2,2
2017-12-02,10000044,31045,478000,478000,478000,1,1
2017-12-02,10000044,31047,2700000,2700000,2700000,2,1
2017-12-02,10000044,31055,2999992.73,2999992.73,2999992.73,3,2
2017-12-02,10000044,31057,9000000,9000000,9000000,1,1
2017-12-02,10000044,31119,1599999,1599999,1599999,3,1
2017-12-02,10000044,31165,4843526,4843526,4843526,1,1
2017-12-02,10000044,31183,3975000,3975000,3975000,1,1
2017-12-02,10000044,31185,18500000,18500000,18500000,1,1
2017-12-02,10000044,31213,97333.33,89999.99,134000,12,8
2017-12-02,10000044,31220,6395000,6395000,6395000,2,1
2017-12-02,10000044,31360,3390000,3390000,3390000,1,1
2017-12-02,10000044,31372,1372892.19,1372892.19,1372892.19,2,2
2017-12-02,10000044,31378,14999999,14999999,14999999,1,1
2017-12-02,10000044,31622,3449000,3449000,3449000,2,2
2017-12-02,10000044,31646,1799000,1799000,1799000,1,1
2017-12-02,10000044,31716,62375,61500,100000,44,4
2017-12-02,10000044,31718,400000,400000,400000,1,1
2017-12-02,10000044,31742,750000,750000,750000,2,1
2017-12-02,10000044,31754,649998,649998,649998,1,1
2017-12-02,10000044,31788,499500,499500,499500,16,7
2017-12-02,10000044,31790,2323333.33,2290000,2390000,6,3
2017-12-02,10000044,31800,627600,444000,750000,10,3
2017-12-02,10000044,31824,35975000.01,35975000.01,35975000.01,1,1
2017-12-02,10000044,31880,1799995.62,1799995.62,1799995.62,2,1
2017-12-02,10000044,31882,2294996.81,2294996.7,2294996.83,12,2
2017-12-02,10000044,31884,2998986.53,2998986.53,2998986.53,5,1
2017-12-02,10000044,31982,28499.96,28499.96,28499.96,100,2
2017-12-02,10000044,32006,97000,97000,97000,20,1
2017-12-02,10000044,32014,265708.5,206000,319988.95,21,3
2017-12-02,10000044,32339,100000000,100000000,100000000,1,1
2017-12-02,10000044,32772,595888,595888,595888,1,1
2017-12-02,10000044,32787,32172.7,31299.94,32900,11,3
2017-12-02,10000044,32797,629989.83,629989.83,629989.83,1,1
2017-12-02,10000044,32819,999999.99,999999.99,999999.99,3,1
2017-12-02,10000044,32873,8242751,8242751,8242751,1,1
2017-12-02,10000044,32880,249756.52,245000,250000,25,7
2017-12-02,10000044,32999,270000,270000,270000,1,1
2017-12-02,10000044,33000,270000,270000,270000,1,1
2017-12-02,10000044,33001,270000,270000,270000,1,1
2017-12-02,10000044,33002,270000,270000,270000,1,1
2017-12-02,10000044,33011,90000,90000,90000,1,1
2017-12-02,10000044,33076,336000,336000,336000,1,1
2017-12-02,10000044,33091,140000,140000,140000,1,1
2017-12-02,10000044,33092,100000,100000,100000,50,1
2017-12-02,10000044,33093,140000,140000,140000,1,1
2017-12-02,10000044,33094,100754.72,100000,140000,53,4
2017-12-02,10000044,33096,1000000,1000000,1000000,10,1
2017-12-02,10000044,33098,1000000,1000000,1000000,1,1
2017-12-02,10000044,33101,498888,498888,498888,1,1
2017-12-02,10000044,33176,128999.91,128999.91,128999.91,1,1
2017-12-02,10000044,33178,140996.85,140996.85,140996.85,2,1
2017-12-02,10000044,33180,120000,120000,120000,4,2
2017-12-02,10000044,33468,79999999,79999999,79999999,3,3
2017-12-02,10000044,33474,1899999,1899999,1899999,2,1
2017-12-02,10000044,33475,10999788.32,10999788.32,10999788.32,2,2
2017-12-02,10000044,33894,5999999,5999999,5999999,1,1
2017-12-02,10000044,33915,499999.94,499999.94,499999.94,1,1
2017-12-02,10000044,34201,350000.02,350000.02,350000.03,8,2
2017-12-02,10000044,34202,517000.13,517000.13,517000.13,1,1
2017-12-02,10000044,34204,102,102,102,3,1
2017-12-02,10000044,34205,102.1,102.1,102.1,4,1
2017-12-02,10000044,34206,16666,16666,16666,2,1
2017-12-02,10000044,34207,2800000,2800000,2800000,1,1
2017-12-02,10000044,34268,4900000,4900000,4900000,1,1
2017-12-02,10000044,35656,24000,24000,24000,5,1
2017-12-02,10000044,35657,105000,105000,105000,1,1
2017-12-02,10000044,35658,25500,25500,25500,10,1
2017-12-02,10000044,35659,36500,30000,49500,3,3
2017-12-02,10000044,35771,1399985,1399985,1399985,1,1
2017-12-02,10000044,35794,20999.91,20999.91,20999.91,2,1
2017-12-02,10000044,37482,45000000,45000000,45000000,1,1
2017-12-02,10000044,37608,800000.59,800000.59,800000.59,2,1
2017-12-02,10000044,37610,800011.26,800011.26,800011.26,2,2
2017-12-02,10000044,37611,800012.81,800012.81,800012.81,1,1
2017-12-02,10000044,37615,20000000,20000000,20000000,2,2
2017-12-02,10000044,41034,79999.98,79999.98,79999.98,1,1
2017-12-02,10000044,41490,975000,975000,975000,3,1
2017-12-02,10000044,42244,25000000,25000000,25000000,1,1
2017-12-02,10000044,42695,3000,3000,3000,2,1
2017-12-02,10000044,42829,950,950,950,5038,2
2017-12-02,10000044,42830,101.51,101.51,101.51,37,1
2017-12-02,10000044,43699,999976.06,999976.06,999976.06,5,1
2017-12-02,10000044,43702,120000,120000,120000,3,3
2017-12-02,10000044,43896,9999990,9999990,9999990,1,1
2017-12-02,10000044,44992,3499999.92,3499999.92,3499999.92,510,5
2017-12-02,10000044,45746,1139999,1139999,1139999,3,3
2017-12-02,10000044,45749,25000000,25000000,25000000,1,1
2017-12-02,10000044,46365,239998,239998,239998,2,1
2017-12-02,10000044,46713,15000000,15000000,15000000,1,1
2017-12-02,10000045,1319,1200000,1200000,1200000,1,1
2017-12-02,10000045,1355,1250000,1250000,1250000,1,1
2017-12-02,10000045,1405,700000,700000,700000,2,2
2017-12-02,10000045,1447,600000,600000,600000,3,1
2017-12-02,10000045,1541,4500000,4500000,4500000,4,1
2017-12-02,10000045,2281,2600000,2600000,2600000,5,2
2017-12-02,10000045,2488,262922.67,249000,290768,3,2
2017-12-02,10000045,3831,700000,700000,700000,1,1
2017-12-02,10000045,9950,4000000,4000000,4000000,4,1
2017-12-02,10000045,11129,7000,7000,7000,1,1
2017-12-02,10000045,11978,194847500,194800000,194895000,2,2
2017-12-02,10000045,16273,249.99,249.99,249.99,11100,5
2017-12-02,10000045,21096,2500000,2500000,2500000,4,4
2017-12-02,10000045,21638,2800000,2800000,2800000,1,1
2017-12-02,10000045,23707,50000,50000,50000,20,1
2017-12-02,10000045,28308,87000000,87000000,87000000,5,1
2017-12-02,10000045,28668,101.53,101.53,101.53,1724,2
2017-12-02,10000045,29001,4000,4000,4000,1,1
2017-12-02,10000045,33474,1900000,1800000,2000000,2,2
2017-12-02,10000045,34562,45000000,45000000,45000000,1,1
2017-12-02,10000045,35790,2990000.2,2990000.2,2990000.2,1,1
2017-12-02,10000045,40520,948700000,948700000,948700000,1,1
2017-12-02,10000045,41490,950000,950000,950000,80,2
2017-12-02,10000045,45635,255800000,255800000,255800000,1,1
2017-12-02,10000046,18,25.01,25.01,25.01,16432,3
2017-12-02,10000046,19,2850.13,2850.13,2850.13,932,3
2017-12-02,10000046,22,2500.02,2500.02,2500.02,22,2
2017-12-02,10000046,34,7.11,7.11,7.11,58695570,21
2017-12-02,10000046,35,5.01,5,5.02,21122089,27
2017-12-02,10000046,36,79.3,79.3,79.3,1902579,24
2017-12-02,10000046,37,45,45,45,11743265,28
2017-12-02,10000046,38,310,310,310,1109704,24
2017-12-02,10000046,39,958.96,958.96,958.96,73085,17
2017-12-02,10000046,40,925.06,925.06,925.06,13650,8
2017-12-02,10000046,44,10000,10000,10000,1113,1
2017-12-02,10000046,178,5.99,5.99,5.99,3010,2
2017-12-02,10000046,179,8,8,8,1000,2
2017-12-02,10000046,183,18,18,18,13200,10
2017-12-02,10000046,184,20.2,20.2,20.2,17001,6
2017-12-02,10000046,185,15.96,15.95,15.97,16200,9
2017-12-02,10000046,186,79.99,79.99,79.99,994,1
2017-12-02,10000046,190,45.58,45.58,45.58,10000,1
2017-12-02,10000046,191,80,80,80,35000,2
2017-12-02,10000046,192,199.83,199.83,199.83,24209,5
2017-12-02,10000046,193,67,66.99,67.96,7327,7
2017-12-02,10000046,195,200,200,200,5000,1
2017-12-02,10000046,199,299.99,299.99,299.99,15200,4
2017-12-02,10000046,200,79.87,79.87,79.87,11000,3
2017-12-02,10000046,206,20,20,20,401,3
2017-12-02,10000046,207,50,50,50,1301,3
2017-12-02,10000046,208,80.23,80.23,80.23,400,2
2017-12-02,10000046,209,86.45,86.45,86.45,545,2
2017-12-02,10000046,210,12,12,12,13245,13
2017-12-02,10000046,212,19.97,19.97,19.97,13525,8
2017-12-02,10000046,213,11.99,11.99,11.99,4000,2
2017-12-02,10000046,215,13.4,13.4,13.4,38757,10
2017-12-02,10000046,216,6,6,6,11200,4
2017-12-02,10000046,217,11.99,11.99,11.99,700,2
2017-12-02,10000046,218,15,15,15,10660,8
2017-12-02,10000046,219,1.27,1.27,1.27,600,3
2017-12-02,10000046,220,0.54,0.54,0.54,290,3
2017-12-02,10000046,221,15,15,15,10800,4
2017-12-02,10000046,222,15.01,15.01,15.01,220310,26
2017-12-02,10000046,223,10,10,10,700,3
2017-12-02,10000046,224,10,10,10,800,5
2017-12-02,10000046,225,2.55,2.55,2.55,1800,5
2017-12-02,10000046,226,15,15,15,1600,5
2017-12-02,10000046,227,2.51,2.51,2.51,700,4
2017-12-02,10000046,228,5.26,5.26,5.26,1000,5
2017-12-02,10000046,229,2.51,2.51,2.51,2100,8
2017-12-02,10000046,230,139.99,139.99,139.99,26784,11
2017-12-02,10000046,231,4.51,4.51,4.51,2500,9
2017-12-02,10000046,232,6.2,6.2,6.2,2100,6
2017-12-02,10000046,233,4.59,4.59,4.59,2600,7
2017-12-02,10000046,234,10.01,10.01,10.01,2500,7
2017-12-02,10000046,235,10.01,10.01,10.01,3000,10
2017-12-02,10000046,236,25,25,25,4100,12
2017-12-02,10000046,237,21.25,21.25,21.25,1900,8
2017-12-02,10000046,238,60.28,60.28,60.28,2600,10
2017-12-02,10000046,239,7465.63,50,17000,16,3
2017-12-02,10000046,241,6197.05,50,8999.99,17,6
2017-12-02,10000046,246,9799.99,9799.99,9799.99,35,6
2017-12-02,10000046,254,75000,75000,75000,10,1
2017-12-02,10000046,263,240,240,240,1070,3
2017-12-02,10000046,264,899.99,899.99,899.99,783,11
2017-12-02,10000046,266,8,8,8,900,1
2017-12-02,10000046,267,299.99,299.99,299.99,500,1
2017-12-02,10000046,269,25,25,25,21000,2
2017-12-02,10000046,377,49275.95,49275.92,49275.95,7,4
2017-12-02,10000046,380,556000.19,550000,570000.65,10,8
2017-12-02,10000046,394,639999.9,639999.9,639999.9,4,2
2017-12-02,10000046,400,584998,584998,584998,1,1
2017-12-02,10000046,434,136785.61,134999.88,160000,14,14
2017-12-02,10000046,438,3189083.33,169999.99,3474999.99,12,11
2017-12-02,10000046,439,24999.99,24999.99,24999.99,6,6
2017-12-02,10000046,440,4728972.27,4700000,4772499.99,9,9
2017-12-02,10000046,442,900000,900000,900000,2,2
2017-12-02,10000046,444,900000,900000,900000,2,2
2017-12-02,10000046,447,84999.93,84999,85000,14,11
2017-12-02,10000046,448,1982412.96,1549999.85,1999729.99,52,48
2017-12-02,10000046,450,85000,85000,85000,6,2
2017-12-02,10000046,451,95000,95000,95000,4,1
2017-12-02,10000046,452,670000,95000,900000,14,5
2017-12-02,10000046,454,48999.99,48999.99,48999.99,5,1
2017-12-02,10000046,482,1459086.19,200000,1598984.67,20,11
2017-12-02,10000046,483,28497.98,28497.98,28497.98,10,5
2017-12-02,10000046,484,94146.34,19000,98000,41,16
2017-12-02,10000046,485,44999.98,44999.98,44999.98,9,4
2017-12-02,10000046,486,79999.94,79999.94,79999.94,6,2
2017-12-02,10000046,487,99999.91,99999.91,99999.91,1,1
2017-12-02,10000046,488,59999.96,59999.96,59999.96,6,2
2017-12-02,10000046,490,144070,144070,144070,4,2
2017-12-02,10000046,491,88000,88000,88000,4,1
2017-12-02,10000046,492,299000,299000,299000,1,1
2017-12-02,10000046,493,249999.63,249999.63,249999.63,4,1
2017-12-02,10000046,499,38999.96,38999.96,38999.96,41,11
2017-12-02,10000046,519,1131762.74,1128776.95,1450000,77,40
2017-12-02,10000046,520,79989.59,79989.59,79989.59,4,3
2017-12-02,10000046,523,99999.99,99999.99,99999.99,1,1
2017-12-02,10000046,526,67500,67500,67500,4,4
2017-12-02,10000046,527,1034051.13,199998,1069990.13,17,15
2017-12-02,10000046,530,624666.66,73999.99,900000,3,3
2017-12-02,10000046,533,40000,40000,40000,5,3
2017-12-02,10000046,561,125000,125000,125000,23,4
2017-12-02,10000046,562,33111.11,33000,33999.99,9,3
2017-12-02,10000046,563,34999.94,34999.94,34999.94,5,1
2017-12-02,10000046,564,33000,33000,33000,11,2
2017-12-02,10000046,565,46612.73,1000.01,59992.46,97,18
2017-12-02,10000046,568,272998,272998,272998,6,1
2017-12-02,10000046,577,1200000,1200000,1200000,1,1
2017-12-02,10000046,578,97201.87,96000,97424.12,24,22
2017-12-02,10000046,582,300000,300000,300000,1,1
2017-12-02,10000046,583,344888.86,344000,344999.97,9,9
2017-12-02,10000046,584,349998.88,349998.87,349998.88,8,5
2017-12-02,10000046,585,517928.56,101000,549999.99,14,13
2017-12-02,10000046,586,498000,490000,500000,5,5
2017-12-02,10000046,587,283193.85,17000,345540.78,6,6
2017-12-02,10000046,589,252872.97,17000.01,347222.15,7,6
2017-12-02,10000046,591,469999,469999,469999,1,1
2017-12-02,10000046,593,320000,320000,320000,23,20
2017-12-02,10000046,594,432333.19,350000,448799.82,6,6
2017-12-02,10000046,597,450000,450000,450000,1,1
2017-12-02,10000046,598,299999.99,299999.99,299999.99,6,2
2017-12-02,10000046,599,1700.01,1700.01,1700.01,1,1
2017-12-02,10000046,602,230000,50000.01,350000,5,5
2017-12-02,10000046,603,363693.94,175316.69,400000,11,11
2017-12-02,10000046,605,537999.78,499999.47,850000,15,11
2017-12-02,10000046,607,275000,50000,500000,2,2
2017-12-02,10000046,608,399070,395000,399498,21,13
2017-12-02,10000046,609,316666.67,50000.01,350000,9,9
2017-12-02,10000046,620,6741990.8,6730000,6749984.6,10,10
2017-12-02,10000046,621,9726597.19,7000069.14,10000000,22,21
2017-12-02,10000046,622,9662524.67,9500000,10499898,12,11
2017-12-02,10000046,624,7953124.84,7953124.84,7953124.84,1,1
2017-12-02,10000046,625,6496666.66,6490000,6499999.99,3,3
2017-12-02,10000046,626,9050000.29,6000001,9999999.99,18,18
2017-12-02,10000046,627,8000000,8000000,8000000,1,1
2017-12-02,10000046,628,9999900,9999900,9999900,1,1
2017-12-02,10000046,629,11899999.99,11899999.99,11899999.99,5,5
2017-12-02,10000046,630,10900000,10900000,10900000,1,1
2017-12-02,10000046,631,8998997.99,8998997.99,8998997.99,3,3
2017-12-02,10000046,632,6499994.99,6499994.99,6499994.99,1,1
2017-12-02,10000046,633,11000000,11000000,11000000,1,1
2017-12-02,10000046,639,179992499.24,179989998.99,179999999.98,8,7
2017-12-02,10000046,643,240000000,240000000,240000000,1,1
2017-12-02,10000046,645,101050000,2100000,200000000,2,2
2017-12-02,10000046,648,2499999.5,1499999,2999999.99,6,6
2017-12-02,10000046,649,2766666.66,2499999.98,2900000,3,3
2017-12-02,10000046,650,1057142.84,600000,1399999.96,7,6
2017-12-02,10000046,651,3000000,3000000,3000000,1,1
2017-12-02,10000046,652,1425534.5,851069,2000000,2,2
2017-12-02,10000046,653,2999999.99,2999999.99,2999999.99,1,1
2017-12-02,10000046,654,1449519,900069,1998969,2,2
2017-12-02,10000046,655,1999999,1999999,1999999,8,8
2017-12-02,10000046,656,1571874.87,600000,1999999.99,8,8
2017-12-02,10000046,657,1716288.04,900169,1797999.94,11,11
2017-12-02,10000046,672,19999.99,19999.99,19999.99,6,4
2017-12-02,10000046,786,260000,260000,260000,1,1
2017-12-02,10000046,1182,83184.98,1000.02,98991.34,31,29
2017-12-02,10000046,1183,1999999.86,1999999.84,1999999.88,8,8
2017-12-02,10000046,1185,80000,80000,80000,8,8
2017-12-02,10000046,1195,29999,29999,29999,10,6
2017-12-02,10000046,1201,53999.99,25000.06,59999,140,29
2017-12-02,10000046,1223,3000.25,3000.25,3000.25,456,3
2017-12-02,10000046,1224,20.02,20.02,20.02,20,1
2017-12-02,10000046,1225,2000.11,2000.11,2000.11,2375,9
2017-12-02,10000046,1229,1000.06,1000.06,1000.06,33,1
2017-12-02,10000046,1230,6.03,6.03,6.03,54152,1
2017-12-02,10000046,1232,500.02,500.02,500.02,18,1
2017-12-02,10000046,1236,639324.99,638400,639399.99,12,10
2017-12-02,10000046,1244,900000,900000,900000,1,1
2017-12-02,10000046,1248,999998.82,999998.82,999998.82,8,3
2017-12-02,10000046,1306,924998.88,924998.85,924998.9,27,26
2017-12-02,10000046,1317,89999.94,89999.93,89999.95,35,17
2017-12-02,10000046,1319,730408.18,150000.11,760000,61,22
2017-12-02,10000046,1333,21000,21000,21000,2,1
2017-12-02,10000046,1335,466176.07,450000,494999.31,34,17
2017-12-02,10000046,1355,799997.74,799990,799998,12,9
2017-12-02,10000046,1403,34673.91,5000,40000,46,29
2017-12-02,10000046,1405,771340.14,155000.39,805000,76,33
2017-12-02,10000046,1422,824996.66,824989.99,824997.99,12,5
2017-12-02,10000046,1436,1549997.97,1549997.95,1549997.98,5,2
2017-12-02,10000046,1445,900000,900000,900000,6,6
2017-12-02,10000046,1447,941464.82,300000.79,965000,27,19
2017-12-02,10000046,1539,71117.64,9000,74999.99,17,14
2017-12-02,10000046,1541,1641666.02,1624999.5,1694998.99,33,15
2017-12-02,10000046,1808,50356.58,50000,54992.17,14,12
2017-12-02,10000046,1877,1447839.67,778000.01,1575000,85,29
2017-12-02,10000046,1944,3076689.66,1230069,3999999.99,3,3
2017-12-02,10000046,1948,49999.99,49999.99,49999.99,1,1
2017-12-02,10000046,1952,1399720.99,666669.03,1458398.99,54,35
2017-12-02,10000046,1955,49999.99,49999.99,49999.99,1,1
2017-12-02,10000046,1958,49999.98,49999.98,49999.98,3,1
2017-12-02,10000046,1973,37277.77,36999.99,39500,9,8
2017-12-02,10000046,1977,175000,175000,175000,2,1
2017-12-02,10000046,1978,1662966.67,155600.01,1800000,24,13
2017-12-02,10000046,1998,69999,69999,69999,3,3
2017-12-02,10000046,1999,1062809.48,100000,1154999.98,21,18
2017-12-02,10000046,2024,1695499.8,1695000,1699997.99,10,10
2017-12-02,10000046,2032,696112.3,695000,717955.24,39,23
2017-12-02,10000046,2038,2999998.98,2999998.98,2999998.98,1,1
2017-12-02,10000046,2046,15968.51,2000,18499.89,80,71
2017-12-02,10000046,2048,694996.61,684999.92,694996.64,221,191
2017-12-02,10000046,2108,1200000,1200000,1200000,2,2
2017-12-02,10000046,2109,3499995.61,3499995.61,3499995.61,9,8
2017-12-02,10000046,2117,3999998.96,3999998.96,3999998.96,2,2
2017-12-02,10000046,2161,475187.63,475000,475750.5,4,4
2017-12-02,10000046,2173,12727.1,10000,19999.14,77,13
2017-12-02,10000046,2175,1590547.4,1589979.98,1700000,27,9
2017-12-02,10000046,2183,15000.19,15000.19,15000.19,114,26
2017-12-02,10000046,2185,1007397.86,512001,1099499.99,31,10
2017-12-02,10000046,2193,35000,35000,35000,48,14
2017-12-02,10000046,2203,12000,12000,12000,164,37
2017-12-02,10000046,2205,686441.67,686441.63,689999.98,376,64
2017-12-02,10000046,2254,727848.37,200000,794998.93,9,7
2017-12-02,10000046,2281,2974999.99,2974999.96,2999998.25,142,99
2017-12-02,10000046,2291,149999,149999,149999,2,2
2017-12-02,10000046,2293,99994.99,99994.98,99995,3,3
2017-12-02,10000046,2295,110000,110000,110000,2,2
2017-12-02,10000046,2299,2134090.9,2129999.99,2134999.99,11,4
2017-12-02,10000046,2301,2291696.14,295000.01,2425000,56,45
2017-12-02,10000046,2303,1949999.9,1949999.9,1949999.9,7,6
2017-12-02,10000046,2311,3.43,3.43,3.43,943320,1
2017-12-02,10000046,2319,5000,5000,5000,150,1
2017-12-02,10000046,2321,11000.35,11000.35,11000.35,320,1
2017-12-02,10000046,2327,15199.99,15199.99,15199.99,5120,1
2017-12-02,10000046,2329,11999.99,11999.99,11999.99,1760,1
2017-12-02,10000046,2333,1700000.55,1700000.55,1700000.55,5,4
2017-12-02,10000046,2361,100000,100000,100000,459,1
2017-12-02,10000046,2364,1220332.99,1200999,1229999.98,3,2
2017-12-02,10000046,2390,255.04,255.04,255.04,3660,1
2017-12-02,10000046,2392,600,600,600,24420,1
2017-12-02,10000046,2397,500,500,500,4320,1
2017-12-02,10000046,2403,10349999.9,8699999.91,11999999.89,2,2
2017-12-02,10000046,2404,1488856.85,1474998.47,1499000,16,8
2017-12-02,10000046,2406,2000000,2000000,2000000,1,1
2017-12-02,10000046,2410,1399988.61,1399988.61,1399988.61,8,2
2017-12-02,10000046,2436,2399999.89,2399998.98,2425000,267,49
2017-12-02,10000046,2444,22115.74,16520.02,44900,71,15
2017-12-02,10000046,2446,1673491.37,600000,2102887.92,14,4
2017-12-02,10000046,2454,24000,24000,24000,201,53
2017-12-02,10000046,2456,498548.8,399274.4,498548.89,157,25
2017-12-02,10000046,2463,6999.99,6999.99,6999.99,1760,3
2017-12-02,10000046,2464,8000,8000,8000,219,25
2017-12-02,10000046,2466,699534.58,690000,699999.48,86,12
2017-12-02,10000046,2476,18000,18000,18000,36,10
2017-12-02,10000046,2478,2499999.06,2499999.06,2499999.06,2,1
2017-12-02,10000046,2486,18000,18000,18000,381,48
2017-12-02,10000046,2488,596999.89,594999.96,596999.97,279,69
2017-12-02,10000046,2495,645000,645000,645000,1,1
2017-12-02,10000046,2512,14,14,14,2000,1
2017-12-02,10000046,2514,8,8,8,1072,2
2017-12-02,10000046,2524,740121.25,740000,740969.99,8,6
2017-12-02,10000046,2525,778500,778500,778500,4,4
2017-12-02,10000046,2533,400000,400000,400000,1,1
2017-12-02,10000046,2534,800000,800000,800000,9,7
2017-12-02,10000046,2537,79998.92,79998.92,79998.92,1,1
2017-12-02,10000046,2539,1566923.07,10000,1849999.99,13,8
2017-12-02,10000046,2545,900000,900000,900000,2,2
2017-12-02,10000046,2547,1998988,1998988,1998988,2,2
2017-12-02,10000046,2549,784493.98,784493.98,784493.98,1,1
2017-12-02,10000046,2550,775000,775000,775000,15,8
2017-12-02,10000046,2551,728847.58,728847.58,728847.59,4,4
2017-12-02,10000046,2553,1344999.99,1344999.99,1345000,10,9
2017-12-02,10000046,2603,59968.75,59500,60000,48,30
2017-12-02,10000046,2605,439989.98,439989.95,439989.99,128,92
2017-12-02,10000046,2613,149798.98,149798.98,149798.98,3,3
2017-12-02,10000046,2621,799.97,799.96,799.97,10000,2
2017-12-02,10000046,2629,494.77,494.77,494.79,48000,7
2017-12-02,10000046,2679,200,200,200,27500,2
2017-12-02,10000046,2811,1546.99,1546.99,1546.99,400,1
2017-12-02,10000046,2817,199.99,199.99,199.99,1105,6
2017-12-02,10000046,2870,1055000,1055000,1055000,10,1
2017-12-02,10000046,2873,999398.91,999398.91,999398.91,101,10
2017-12-02,10000046,2876,2800000,2800000,2800000,5,1
2017-12-02,10000046,2881,650000.54,650000.54,650000.54,4,1
2017-12-02,10000046,2889,1078920.31,551069,1159868.98,9,5
2017-12-02,10000046,2897,2479973.1,2399969.3,2999998.97,30,9
2017-12-02,10000046,2905,999992.43,999992.43,999992.43,1,1
2017-12-02,10000046,2913,1999997.91,1999997.89,1999997.93,9,4
2017-12-02,10000046,2929,4191666.67,4175000,4200000,36,5
2017-12-02,10000046,2937,2999985.09,2999985.09,2999985.09,4,1
2017-12-02,10000046,2961,5999999.51,5999999.41,5999999.98,12,3
2017-12-02,10000046,2969,2075049.78,1500000,2097998,38,11
2017-12-02,10000046,2977,1165996.59,999999.99,1497989.8,18,6
2017-12-02,10000046,2993,1489999,1489999,1489999,2,1
2017-12-02,10000046,2998,77130525.49,77130525.47,77130525.49,4,4
2017-12-02,10000046,3001,374999.25,350000.54,399997.95,8,3
2017-12-02,10000046,3017,3999998.95,3999998.95,3999998.95,4,1
2017-12-02,10000046,3033,799999.78,100000,1849999.45,5,2
2017-12-02,10000046,3049,2200000,2200000,2200000,4,1
2017-12-02,10000046,3074,1349968.31,1349968.31,1349968.31,116,30
2017-12-02,10000046,3082,2011665.18,700000.02,2075999,82,17
2017-12-02,10000046,3098,700000.65,700000.65,700000.65,3,1
2017-12-02,10000046,3130,2400000.55,2400000.55,2400000.55,5,2
2017-12-02,10000046,3138,2499999.89,2499999.89,2499999.89,6,1
2017-12-02,10000046,3146,2100000.54,2100000.54,2100000.54,5,1
2017-12-02,10000046,3162,500000.65,500000.65,500000.65,2,1
2017-12-02,10000046,3170,700000.49,700000.49,700000.49,3,1
2017-12-02,10000046,3178,1071555.94,999995.03,1137757.86,54,16
2017-12-02,10000046,3184,1999899.98,1999899.98,1999899.98,2,2
2017-12-02,10000046,3186,6899998.89,6899998.89,6899998.89,9,3
2017-12-02,10000046,3242,32000,32000,32000,2,2
2017-12-02,10000046,3244,1915616.34,668069,1948999.96,39,37
2017-12-02,10000046,3256,7790384.78,7790384.46,7790385.04,11,11
2017-12-02,10000046,3265,9999988.4,9999988.4,9999988.4,2,2
2017-12-02,10000046,3291,600000,600000,600000,1,1
2017-12-02,10000046,3296,249000,249000,249000,12,4
2017-12-02,10000046,3297,12000,11999.99,12000,61,4
2017-12-02,10000046,3301,439598.6,439598.6,439598.6,1,1
2017-12-02,10000046,3302,2999997.95,2999997.94,2999997.96,3,3
2017-12-02,10000046,3303,80000,80000,80000,2,2
2017-12-02,10000046,3305,999898.28,999898.28,999898.28,2,2
2017-12-02,10000046,3306,300000,300000,300000,1,1
2017-12-02,10000046,3308,5000000,5000000,5000000,4,4
2017-12-02,10000046,3309,2349999.99,2349999.99,2349999.99,2,2
2017-12-02,10000046,3316,120000,120000,120000,2,2
2017-12-02,10000046,3317,149879.19,149879.19,149879.19,1,1
2017-12-02,10000046,3318,150000,150000,150000,1,1
2017-12-02,10000046,3320,150000,150000,150000,2,2
2017-12-02,10000046,3323,249687.5,200000,994999.99,16,16
2017-12-02,10000046,3325,999999.98,999999.97,999999.98,2,2
2017-12-02,10000046,3328,99999,99999,99999,1,1
2017-12-02,10000046,3329,100000,100000,100000,3,3
2017-12-02,10000046,3330,99999,99999,99999,3,3
2017-12-02,10000046,3331,100000,100000,100000,3,3
2017-12-02,10000046,3332,900000,900000,900000,1,1
2017-12-02,10000046,3333,950000,950000,950000,1,1
2017-12-02,10000046,3334,892888.95,892888.94,892888.95,3,3
2017-12-02,10000046,3335,937500,900000,950000,4,4
2017-12-02,10000046,3336,4999999.73,4999999.73,4999999.73,1,1
2017-12-02,10000046,3337,4999998.28,4999998.26,4999998.29,3,3
2017-12-02,10000046,3339,4899998.9,4899998.89,4899998.9,6,6
2017-12-02,10000046,3340,389998.88,389998.88,389998.88,4,4
2017-12-02,10000046,3341,999999.94,999999.94,999999.94,1,1
2017-12-02,10000046,3350,8000000,8000000,8000000,1,1
2017-12-02,10000046,3354,3499999.98,3499999.98,3499999.98,1,1
2017-12-02,10000046,3355,4500000,4000000,5000000,2,2
2017-12-02,10000046,3380,200000,200000,200000,1,1
2017-12-02,10000046,3387,499999,499999,499999,1,1
2017-12-02,10000046,3393,79999.98,79999.98,79999.98,1,1
2017-12-02,10000046,3410,950000,949999.99,950000,6,6
2017-12-02,10000046,3416,500000,500000,500000,2,2
2017-12-02,10000046,3419,499998.91,499998.91,499998.91,1,1
2017-12-02,10000046,3421,4542850.71,4542850.7,4542850.73,5,5
2017-12-02,10000046,3423,5000000,5000000,5000000,3,3
2017-12-02,10000046,3424,1000000,1000000,1000000,1,1
2017-12-02,10000046,3425,350000,350000,350000,1,1
2017-12-02,10000046,3430,1251210.9,1251210.88,1251210.9,5,5
2017-12-02,10000046,3431,299994.99,299994.99,299994.99,1,1
2017-12-02,10000046,3433,447756.53,434908.1,449897.93,7,7
2017-12-02,10000046,3434,199999.96,199999.96,199999.96,6,6
2017-12-02,10000046,3435,499999.99,499999.99,499999.99,1,1
2017-12-02,10000046,3437,899999.99,899999.99,899999.99,1,1
2017-12-02,10000046,3438,239994.98,239994.98,239994.99,3,3
2017-12-02,10000046,3439,8000000,8000000,8000000,1,1
2017-12-02,10000046,3440,949996.94,949996.94,949996.94,3,3
2017-12-02,10000046,3441,949945.21,949933.02,949994,5,5
2017-12-02,10000046,3442,889999.96,889999.96,889999.96,2,2
2017-12-02,10000046,3444,103499.99,103499.99,103499.99,1,1
2017-12-02,10000046,3446,999983.99,999983.99,999983.99,1,1
2017-12-02,10000046,3451,99995,99995,99995,2,2
2017-12-02,10000046,3452,249994.8,249994.8,249994.81,5,5
2017-12-02,10000046,3454,949999,949999,949999,1,1
2017-12-02,10000046,3456,23435325.37,23221891,23722723.41,6,5
2017-12-02,10000046,3465,70000,70000,70000,4,4
2017-12-02,10000046,3488,1300000.55,1300000.54,1300000.55,4,3
2017-12-02,10000046,3496,3414286.16,3400000.53,3499999.98,7,5
2017-12-02,10000046,3504,3449998.37,3400000.55,3499998.11,12,5
2017-12-02,10000046,3528,1200000,1200000,1200000,1,1
2017-12-02,10000046,3530,1949171.87,1900000,1949999.98,13,11
2017-12-02,10000046,3554,1500,1500,1500,163,2
2017-12-02,10000046,3566,111250,111250,111250,17,16
2017-12-02,10000046,3568,1349988.96,1349988.92,1349988.97,18,17
2017-12-02,10000046,3578,3427750,3427750,3427750,2,1
2017-12-02,10000046,3586,900000,900000,900000,1,1
2017-12-02,10000046,3588,1200000,1200000,1200000,2,2
2017-12-02,10000046,3691,8449,8449,8449,2495,3
2017-12-02,10000046,3705,1100,1100,1100,1,1
2017-12-02,10000046,3756,59500000,59500000,59500000,2,1
2017-12-02,10000046,3766,322184.84,322000,322554.53,3,3
2017-12-02,10000046,3775,10000,10000,10000,24530,1
2017-12-02,10000046,3829,128999.99,74999.96,200000,85,59
2017-12-02,10000046,3831,935312.67,827001.08,975750.5,28,19
2017-12-02,10000046,3839,80117.13,79499,83825.9,7,4
2017-12-02,10000046,3841,1288998.41,1288899.99,1288998.42,148,90
2017-12-02,10000046,3887,74999.99,74999.99,75000,6,6
2017-12-02,10000046,3888,999986.07,999986.06,999986.07,7,6
2017-12-02,10000046,3898,17483557.95,17483557.94,17483557.95,2,2
2017-12-02,10000046,3943,2000000,2000000,2000000,1,1
2017-12-02,10000046,3979,4999999.99,4999999.99,4999999.99,1,1
2017-12-02,10000046,3993,508484,508484,508484,5,1
2017-12-02,10000046,4025,69541.89,12263.22,74997,23,20
2017-12-02,10000046,4027,198995.3,26273.62,199999.99,36,22
2017-12-02,10000046,4051,20750,20750,20750,14339,5
2017-12-02,10000046,4246,20750,20750,20750,1529,4
2017-12-02,10000046,4247,20750,20750,20750,2320,3
2017-12-02,10000046,4254,1185000,1185000,1185000,1,1
2017-12-02,10000046,4258,4999993.74,4999993,4999993.99,4,4
2017-12-02,10000046,4260,2533333.32,2533333.31,2533333.32,2,2
2017-12-02,10000046,4306,60000000,60000000,60000000,1,1
2017-12-02,10000046,4312,21000,21000,21000,21850,4
2017-12-02,10000046,4358,349999.9,349999.9,349999.9,1,1
2017-12-02,10000046,4383,1199998.23,1199998,1199998.99,13,13
2017-12-02,10000046,4385,4999998.84,4999998.84,4999998.84,1,1
2017-12-02,10000046,4391,710000,710000,710000,1,1
2017-12-02,10000046,4393,78063.26,78062.01,78114.26,42,26
2017-12-02,10000046,4395,799994.96,799994.88,799994.99,13,13
2017-12-02,10000046,4403,274500.26,270000.55,278999.97,4,4
2017-12-02,10000046,4405,1549999.43,1549999.43,1549999.43,183,67
2017-12-02,10000046,4435,138999.89,138999.89,138999.9,10,10
2017-12-02,10000046,4471,738651.9,469999,1500000,25,19
2017-12-02,10000046,4477,195087.2,189999,199539,15,11
2017-12-02,10000046,4529,1000,1000,1000,2,2
2017-12-02,10000046,4531,300.05,300.05,300.05,2,2
2017-12-02,10000046,4535,75000,75000,75000,2,2
2017-12-02,10000046,4569,8838.99,3258.5,19999.97,3,2
2017-12-02,10000046,4571,90094.67,236.67,150000,5,5
2017-12-02,10000046,4609,7701.01,7701.01,7701.01,9,5
2017-12-02,10000046,4611,6201.01,6201.01,6201.01,15,9
2017-12-02,10000046,4613,19101.01,19101.01,19101.01,7,6
2017-12-02,10000046,4615,7502.01,7502,7502.02,17,7
2017-12-02,10000046,4787,22000.01,10000.04,25000,10,9
2017-12-02,10000046,4831,1500.01,1500.01,1500.01,10,6
2017-12-02,10000046,4833,249999.06,249999,249999.9,16,15
2017-12-02,10000046,4871,56207.07,17500.36,99999.94,29,10
2017-12-02,10000046,5009,1250.01,1250.01,1250.01,5,5
2017-12-02,10000046,5011,475000,399999.99,650000,20,18
2017-12-02,10000046,5047,35000,35000,35000,15,9
2017-12-02,10000046,5049,20000,20000,20000,14,7
2017-12-02,10000046,5051,27375,20000,78999.99,16,10
2017-12-02,10000046,5053,25000,25000,25000,17,11
2017-12-02,10000046,5089,1500,1500,1500,1,1
2017-12-02,10000046,5091,499999,499999,499999,2,2
2017-12-02,10000046,5093,2101.01,2101.01,2101.01,8,7
2017-12-02,10000046,5137,99399.24,1000.48,123998.94,20,15
2017-12-02,10000046,5141,18960.55,1000.59,24300,48,31
2017-12-02,10000046,5239,8857.14,1000,14750,7,5
2017-12-02,10000046,5245,133.73,133.73,133.73,4,4
2017-12-02,10000046,5279,505.5,505.5,505.5,4,4
2017-12-02,10000046,5281,500.01,500.01,500.01,3,2
2017-12-02,10000046,5282,750.01,750.01,750.01,1,1
2017-12-02,10000046,5299,2500,2500,2500,8,6
2017-12-02,10000046,5301,230743.22,2500,399999.91,37,19
2017-12-02,10000046,5302,63400.07,8500.18,100000,20,11
2017-12-02,10000046,5319,24165.53,2500.02,99994.83,9,6
2017-12-02,10000046,5320,34712.81,1000.02,99994.81,7,6
2017-12-02,10000046,5321,1600,1600,1600,3,3
2017-12-02,10000046,5322,70765.78,5000.05,99995,26,15
2017-12-02,10000046,5339,1500.01,1500.01,1500.01,7,5
2017-12-02,10000046,5361,2000.01,2000.01,2000.01,9,9
2017-12-02,10000046,5363,1500.01,1500.01,1500.01,13,8
2017-12-02,10000046,5365,57828.92,1601.01,99999.86,7,7
2017-12-02,10000046,5399,10647.06,7500,21999.98,17,13
2017-12-02,10000046,5403,24200.02,10000.06,34850,14,11
2017-12-02,10000046,5405,81565.93,10000,99499,15,15
2017-12-02,10000046,5439,21245.07,7500,23994.55,24,21
2017-12-02,10000046,5443,94647.54,75000,99699.99,44,39
2017-12-02,10000046,5445,19000,18999.99,19000,18,14
2017-12-02,10000046,5493,46442.31,7500,75000,26,11
2017-12-02,10000046,5533,77829.3,5000,99995,30,16
2017-12-02,10000046,5599,186198.93,186198.92,186198.97,11,9
2017-12-02,10000046,5631,84998.5,84998,84999,6,5
2017-12-02,10000046,5697,22000.88,22000.88,22000.88,13,7
2017-12-02,10000046,5721,23753.57,23753.57,23753.57,10,6
2017-12-02,10000046,5723,39501.01,39501.01,39501.01,2,2
2017-12-02,10000046,5745,500.01,500.01,500.01,9,4
2017-12-02,10000046,5747,508.97,508.97,508.97,4,3
2017-12-02,10000046,5755,37501.01,37501.01,37501.01,17,6
2017-12-02,10000046,5757,66501,66501,66501,21,9
2017-12-02,10000046,5759,48101.01,48101.01,48101.01,16,9
2017-12-02,10000046,5839,1641912.9,888769,1699828.73,42,37
2017-12-02,10000046,5849,200000,200000,200000,1,1
2017-12-02,10000046,5869,1,1,1,3,1
2017-12-02,10000046,5933,232144.24,100,249993.98,28,14
2017-12-02,10000046,5945,207071.74,176000.02,399999.99,28,14
2017-12-02,10000046,5955,88557.7,66000,114995,50,31
2017-12-02,10000046,5971,37214.18,32000,39897.49,83,68
2017-12-02,10000046,5973,472850,472850,472850,104,89
2017-12-02,10000046,5975,26477.69,15000,29248,36,31
2017-12-02,10000046,6001,39617.7,6000.01,49990.98,17,15
2017-12-02,10000046,6003,24989.8,24989.79,24989.8,36,24
2017-12-02,10000046,6005,17128.31,1000,34999.8,37,28
2017-12-02,10000046,6073,7121.14,4504.01,9999.99,21,14
2017-12-02,10000046,6131,53516.94,574.38,265287.16,10,6
2017-12-02,10000046,6135,125417.12,556.54,499998.84,4,2
2017-12-02,10000046,6159,22790.4,504.22,38998.53,19,13
2017-12-02,10000046,6160,82733.17,1100.02,95879.95,64,39
2017-12-02,10000046,6173,99990,99990,99990,12,8
2017-12-02,10000046,6176,1100.02,1100.02,1100.02,5,5
2017-12-02,10000046,6296,18928.6,10000.08,25000,28,18
2017-12-02,10000046,6437,65000,65000,65000,3,3
2017-12-02,10000046,6527,756.74,756.74,756.74,10,6
2017-12-02,10000046,6569,3499.82,3000,8997.82,12,8
2017-12-02,10000046,7287,62000,62000,62000,1,1
2017-12-02,10000046,7289,185576.84,2500.01,299999.86,13,4
2017-12-02,10000046,7293,77758.62,15000,80000,29,5
2017-12-02,10000046,7367,1629166.66,1624999.99,1650000,36,6
2017-12-02,10000046,7369,3433,3433,3433,1,1
2017-12-02,10000046,7371,20000.01,20000.01,20000.01,3,3
2017-12-02,10000046,7373,50000,50000,50000,1,1
2017-12-02,10000046,7411,1000,1000,1000,1,1
2017-12-02,10000046,7447,386888.89,330000,841999.98,9,5
2017-12-02,10000046,7449,228347.91,220000,236000.16,23,4
2017-12-02,10000046,7451,249002.23,249002.22,249002.23,21,7
2017-12-02,10000046,7453,150009.71,150009.7,150009.72,8,5
2017-12-02,10000046,7487,850000,850000,850000,8,2
2017-12-02,10000046,7579,1545454.54,1000000,1599999.99,11,3
2017-12-02,10000046,7581,262501.56,60006.26,329999.99,4,2
2017-12-02,10000046,7583,66334.64,37001.96,125000,9,7
2017-12-02,10000046,7585,475000,325000,525000,4,2
2017-12-02,10000046,7619,2200000,2200000,2200000,12,4
2017-12-02,10000046,7665,10109.19,10109.19,10109.19,3,3
2017-12-02,10000046,7667,15000.01,15000.01,15000.01,2,2
2017-12-02,10000046,7669,20000.01,20000.01,20000.01,1,1
2017-12-02,10000046,7703,340627.92,250007.8,394999.99,8,4
2017-12-02,10000046,7705,25005.87,25005.87,25005.87,15,10
2017-12-02,10000046,7707,50007.48,50007.48,50007.48,8,7
2017-12-02,10000046,7709,42004.83,42004.83,42004.83,4,4
2017-12-02,10000046,7743,50000.08,50000.08,50000.08,1,1
2017-12-02,10000046,7745,110009.8,110009.8,110009.8,1,1
2017-12-02,10000046,7747,44799.8,30000.01,54999.99,5,4
2017-12-02,10000046,7749,100007.62,100007.62,100007.62,4,4
2017-12-02,10000046,7783,176007.83,176007.83,176007.83,4,4
2017-12-02,10000046,7785,187101.23,187101.22,187101.25,5,4
2017-12-02,10000046,7787,130047.77,130047.76,130047.8,4,4
2017-12-02,10000046,7789,100017.12,100017.12,100017.12,3,3
2017-12-02,10000046,7827,10000.02,10000.02,10000.02,1,1
2017-12-02,10000046,7829,100000,100000,100000,3,3
2017-12-02,10000046,7831,100007.59,100007.59,100007.59,1,1
2017-12-02,10000046,8007,199897.85,199897.83,199998.99,101,22
2017-12-02,10000046,8023,22249.88,22249.88,22249.88,10,5
2017-12-02,10000046,8027,1434723.59,900000,1569000,24,10
2017-12-02,10000046,8089,455682.36,300000,498998.99,41,12
2017-12-02,10000046,8091,104999.85,104999.84,104999.86,9,3
2017-12-02,10000046,8105,1900000.47,1900000.44,1900000.53,11,3
2017-12-02,10000046,8117,274999.96,274999.95,274999.97,12,6
2017-12-02,10000046,8175,164824.22,3000,249994.87,29,11
2017-12-02,10000046,8177,1000.01,1000.01,1000.01,1,1
2017-12-02,10000046,8225,45000,45000,45000,3,3
2017-12-02,10000046,8263,34890.68,1000,37498,28,19
2017-12-02,10000046,8419,89288.54,10,124999.96,7,5
2017-12-02,10000046,8427,109999.99,109999.99,110000,14,12
2017-12-02,10000046,8433,615277.77,400000,675000,18,8
2017-12-02,10000046,8517,3425175.47,3000000,3480000,17,12
2017-12-02,10000046,8521,219999.94,219999.93,219999.94,11,8
2017-12-02,10000046,8529,106865.67,55000,115000,67,36
2017-12-02,10000046,8531,399999.99,399999.99,399999.99,4,1
2017-12-02,10000046,8537,34167.5,1001,200000,6,3
2017-12-02,10000046,8579,1699642.49,1698999,1699999.99,14,5
2017-12-02,10000046,8583,179000.47,178999.99,179000.95,2,2
2017-12-02,10000046,8585,33363.16,3900.01,35000,38,11
2017-12-02,10000046,8635,400000,400000,400000,10,1
2017-12-02,10000046,8819,1976,1976,1976,3,1
2017-12-02,10000046,8863,2499998.99,2499998.99,2499998.99,4,2
2017-12-02,10000046,8869,654775,654775,654775,7,1
2017-12-02,10000046,9071,2699999.99,2699999.99,2699999.99,6,2
2017-12-02,10000046,9129,78292.69,10000,80000.01,41,9
2017-12-02,10000046,9133,150000.01,150000,150000.01,8,3
2017-12-02,10000046,9135,480000,200000,520000,16,5
2017-12-02,10000046,9207,699989,699989,699989,4,1
2017-12-02,10000046,9247,325000,325000,325000,2,1
2017-12-02,10000046,9327,1511998.67,1499998.41,1549999.99,50,9
2017-12-02,10000046,9367,4000000,4000000,4000000,8,1
2017-12-02,10000046,9415,499998.98,499998.98,499998.98,3,2
2017-12-02,10000046,9417,999998.99,999998.99,999998.99,3,1
2017-12-02,10000046,9451,1979996.67,1979995,1980000,6,3
2017-12-02,10000046,9457,549999.98,549999.98,549999.98,41,7
2017-12-02,10000046,9491,5903186.62,3500150,6100000.02,63,16
2017-12-02,10000046,9497,1081818.18,1000000,1300000,11,2
2017-12-02,10000046,9521,2750,2500,4000,18,12
2017-12-02,10000046,9568,78000,78000,78000,1,1
2017-12-02,10000046,9580,58499.96,58499.96,58499.96,2,2
2017-12-02,10000046,9582,79999.96,79999.96,79999.96,7,2
2017-12-02,10000046,9608,74999.98,74999.96,74999.98,4,3
2017-12-02,10000046,9622,49999.99,49999.99,49999.99,1,1
2017-12-02,10000046,9632,227142.85,50000,299999.99,7,6
2017-12-02,10000046,9660,78499.98,78499.98,78499.98,1,1
2017-12-02,10000046,9668,190000,190000,190000,2,1
2017-12-02,10000046,9670,1000.01,1000.01,1000.01,1,1
2017-12-02,10000046,9678,275000,275000,275000,5,2
2017-12-02,10000046,9728,38542.58,37501,49999.99,12,7
2017-12-02,10000046,9734,1899992.03,1899991.99,1899992.99,28,13
2017-12-02,10000046,9808,275000,275000,275000,33,5
2017-12-02,10000046,9826,10,10,10,15,3
2017-12-02,10000046,9830,9999.99,9999.99,9999.99,5580,2
2017-12-02,10000046,9832,6000.01,6000.01,6000.01,72175,5
2017-12-02,10000046,9840,10000.05,10000.05,10000.05,12,1
2017-12-02,10000046,9842,2587.32,2587.32,2587.32,8,1
2017-12-02,10000046,9848,65010.22,65010.22,65010.22,253,2
2017-12-02,10000046,9899,15110321.64,15110321,15110321.8,10,10
2017-12-02,10000046,9941,11499993.64,11499993,11499993.73,8,8
2017-12-02,10000046,9942,10999995.74,10999995,10999995.99,8,8
2017-12-02,10000046,9943,11497993.7,11497993,11497993.87,10,10
2017-12-02,10000046,9944,60000,60000,60000,7,5
2017-12-02,10000046,9956,10948994.98,10948994.98,10948994.98,6,6
2017-12-02,10000046,10156,23389991.42,23389991.42,23389991.42,1,1
2017-12-02,10000046,10190,1439941.31,1289994.86,1449999.98,99,48
2017-12-02,10000046,10208,23999985.43,23999985.43,23999985.44,3,3
2017-12-02,10000046,10209,149500000,149500000,149500000,1,1
2017-12-02,10000046,10212,23999988.34,23999987.99,23999988.45,4,4
2017-12-02,10000046,10213,139500000,139500000,139500000,2,2
2017-12-02,10000046,10216,23999985.52,23999984.99,23999985.79,3,3
2017-12-02,10000046,10217,139499999.99,139499999.99,139499999.99,1,1
2017-12-02,10000046,10221,26999991.31,26999991.31,26999991.32,3,3
2017-12-02,10000046,10222,139500000,139500000,139500000,1,1
2017-12-02,10000046,10225,24999994.8,24999994.79,24999994.8,2,2
2017-12-02,10000046,10246,8904.33,7998.99,8999,95,15
2017-12-02,10000046,10250,1041238.39,1000000,1112468.33,30,7
2017-12-02,10000046,10629,24999.99,24999.99,24999.99,1,1
2017-12-02,10000046,10631,491808.55,485000,495000,8,4
2017-12-02,10000046,10678,85000,85000,85000,19,3
2017-12-02,10000046,10680,1250000,1250000,1250000,1,1
2017-12-02,10000046,10688,100000,100000,100000,8,2
2017-12-02,10000046,10690,450000,450000,450000,1,1
2017-12-02,10000046,10692,5000,5000,5000,1,1
2017-12-02,10000046,10850,866666.66,850000,874999.99,6,3
2017-12-02,10000046,10858,3959797.72,200000,4899747.11,5,4
2017-12-02,10000046,10872,50000,50000,50000,1,1
2017-12-02,10000046,10998,39062.49,20000,40000,64,24
2017-12-02,10000046,11082,1674090.52,1674090.52,1674090.52,2,2
2017-12-02,10000046,11084,1799998.31,1799998.31,1799998.31,1,1
2017-12-02,10000046,11105,260217.38,90000,323000,23,18
2017-12-02,10000046,11129,36300,35000,37600,6,6
2017-12-02,10000046,11132,136363.64,50000,1000000,11,3
2017-12-02,10000046,11134,36439.99,34999.99,36999.99,25,9
2017-12-02,10000046,11172,45000000,45000000,45000000,1,1
2017-12-02,10000046,11176,41250000,41250000,41250000,2,2
2017-12-02,10000046,11178,47937683.15,47750750.5,47999994.07,4,4
2017-12-02,10000046,11182,38899999.92,38899999.92,38899999.92,1,1
2017-12-02,10000046,11184,44585008.86,44585008.58,44585009.14,2,2
2017-12-02,10000046,11186,49999994.69,49999994.16,49999994.96,3,3
2017-12-02,10000046,11188,44499999.99,44499999.99,44499999.99,2,2
2017-12-02,10000046,11192,35999976.57,35999976.57,35999976.57,2,2
2017-12-02,10000046,11196,43188493.57,42624500.52,43399991,11,10
2017-12-02,10000046,11198,38999988.74,38999988.74,38999988.74,5,5
2017-12-02,10000046,11200,41999993.74,41999993.74,41999993.74,2,2
2017-12-02,10000046,11202,42249999.4,41000000,43499998.79,4,3
2017-12-02,10000046,11207,704997.17,699996.89,740000,8,8
2017-12-02,10000046,11229,2499975,2499975,2499975,7,6
2017-12-02,10000046,11239,3999999,3999999,3999999,1,1
2017-12-02,10000046,11259,1635848.99,1635848.99,1635848.99,2,1
2017-12-02,10000046,11267,220000,220000,220000,5,4
2017-12-02,10000046,11269,891578.34,889500,899971,53,42
2017-12-02,10000046,11277,1500000,1500000,1500000,1,1
2017-12-02,10000046,11283,2200,2200,2200,130,2
2017-12-02,10000046,11285,18000,18000,18000,766,19
2017-12-02,10000046,11287,4000,4000,4000,124,2
2017-12-02,10000046,11289,4918.29,4918.28,4918.29,21,5
2017-12-02,10000046,11295,229997.99,229997.99,229997.99,1,1
2017-12-02,10000046,11299,1400000,1400000,1400000,1,1
2017-12-02,10000046,11303,1500000,1500000,1500000,2,2
2017-12-02,10000046,11305,1500000,1500000,1500000,1,1
2017-12-02,10000046,11309,147297.49,32001.04,189999.86,37,27
2017-12-02,10000046,11311,21002.03,21002.01,21002.04,12,7
2017-12-02,10000046,11317,50086.03,50086.02,50086.03,7,4
2017-12-02,10000046,11319,16002.03,16002.02,16002.03,8,5
2017-12-02,10000046,11325,524639.7,285000.18,809999.99,25,18
2017-12-02,10000046,11327,211000.2,211000.19,211000.21,2,2
2017-12-02,10000046,11341,5000,5000,5000,20,8
2017-12-02,10000046,11343,5000,5000,5000,3,3
2017-12-02,10000046,11349,15000.42,15000.41,15000.42,15,9
2017-12-02,10000046,11351,60018.59,60018.59,60018.59,13,6
2017-12-02,10000046,11370,1875614.69,126998.75,2100000,26,24
2017-12-02,10000046,11379,37500000,37500000,37500000,1,1
2017-12-02,10000046,11381,52999999.9,52999999.9,52999999.9,1,1
2017-12-02,10000046,11387,47999953.57,47999953.57,47999953.57,1,1
2017-12-02,10000046,11393,32000000,32000000,32000000,1,1
2017-12-02,10000046,11395,628999.93,628999.93,628999.93,1,1
2017-12-02,10000046,11399,8999,8999,8999,6061,3
2017-12-02,10000046,11454,17999999.99,17999999.99,17999999.99,1,1
2017-12-02,10000046,11484,345,345,345,2,1
2017-12-02,10000046,11489,383333.29,350000,399999.93,3,3
2017-12-02,10000046,11561,749999.99,749999.99,749999.99,1,1
2017-12-02,10000046,11563,232884.23,25000,249999.95,54,40
2017-12-02,10000046,11566,600000,600000,600000,1,1
2017-12-02,10000046,11572,7999999.97,7999999.97,7999999.97,1,1
2017-12-02,10000046,11574,2999898.66,2999898.66,2999898.66,1,1
2017-12-02,10000046,11577,5564499.99,5549499.99,5599999.99,6,6
2017-12-02,10000046,11578,7037437.47,6950000,7049999.95,16,16
2017-12-02,10000046,11579,5999998.99,5999998.99,5999998.99,1,1
2017-12-02,10000046,11584,249893,249893,249893,4,4
2017-12-02,10000046,11640,868915.11,858431.68,875000,15,8
2017-12-02,10000046,11644,3198999.49,3198999.47,3198999.51,2,2
2017-12-02,10000046,11646,3197768.93,3193500,3198999.36,13,13
2017-12-02,10000046,11648,3499998.99,3499998.99,3499999,4,4
2017-12-02,10000046,11961,270000000,270000000,270000000,1,1
2017-12-02,10000046,11987,259999999,259999999,259999999,2,2
2017-12-02,10000046,12032,61205318.57,58510638.3,63899998.84,2,2
2017-12-02,10000046,12034,48960348.16,48960348.16,48960348.16,1,1
2017-12-02,10000046,12052,160000,160000,160000,1,1
2017-12-02,10000046,12056,33995.66,33995,33996.99,3,3
2017-12-02,10000046,12058,3059999.04,3000000,3099998.4,5,5
2017-12-02,10000046,12066,191698.11,89999.99,200000,53,2
2017-12-02,10000046,12068,5999999.99,5999999.99,5999999.99,1,1
2017-12-02,10000046,12076,4729999.98,109999.96,7039999.99,3,3
2017-12-02,10000046,12092,1328166.59,1328166.59,1328166.59,7,7
2017-12-02,10000046,12093,5199998.33,5199998.33,5199998.33,1,1
2017-12-02,10000046,12095,4999998.77,4999998.76,4999998.78,2,2
2017-12-02,10000046,12096,33799999.94,33799999.94,33799999.94,2,2
2017-12-02,10000046,12098,22999999.82,22999999.82,22999999.82,2,2
2017-12-02,10000046,12191,899999.97,899999.97,899999.97,1,1
2017-12-02,10000046,12194,799999,799999,799999,1,1
2017-12-02,10000046,12199,4434999.96,3999999.95,5740000,4,3
2017-12-02,10000046,12200,16000000,16000000,16000000,3,1
2017-12-02,10000046,12202,4198999.86,4198999.86,4198999.86,1,1
2017-12-02,10000046,12204,4999999.99,4999999.99,4999999.99,1,1
2017-12-02,10000046,12205,14999999.99,14999999.99,14999999.99,1,1
2017-12-02,10000046,12206,3598999.14,3598999.14,3598999.14,4,4
2017-12-02,10000046,12207,8497999.99,8497999.99,8497999.99,1,1
2017-12-02,10000046,12208,5999998.88,5999998.87,5999998.89,2,2
2017-12-02,10000046,12209,11909307.78,11909307.78,11909307.78,2,2
2017-12-02,10000046,12210,1499997.79,1499997.79,1499997.8,4,4
2017-12-02,10000046,12211,2999417.64,2999417.64,2999417.64,1,1
2017-12-02,10000046,12213,1999999.09,1999999.09,1999999.09,1,1
2017-12-02,10000046,12214,8999998.97,8999998.97,8999998.97,1,1
2017-12-02,10000046,12265,130000,130000,130000,1,1
2017-12-02,10000046,12267,4449999.99,4449999.99,4449999.99,1,1
2017-12-02,10000046,12274,119998.56,119998.56,119998.56,16,6
2017-12-02,10000046,12305,130000,130000,130000,7,6
2017-12-02,10000046,12346,993788.07,993788.07,993788.07,5,1
2017-12-02,10000046,12365,241999.86,241999.86,241999.86,1,1
2017-12-02,10000046,12366,599999,599999,599999,1,1
2017-12-02,10000046,12367,1200000,1200000,1200000,1,1
2017-12-02,10000046,12441,299975.65,299975,299975.97,3,3
2017-12-02,10000046,12442,899997.54,899997.54,899997.54,2,2
2017-12-02,10000046,12484,3799998.75,3799998.75,3799998.75,5,5
2017-12-02,10000046,12485,3399996.63,3399996.41,3399996.94,7,6
2017-12-02,10000046,12486,3619349.69,3619349.69,3619349.7,4,4
2017-12-02,10000046,12487,7142686.15,6714029.25,7999999.97,6,5
2017-12-02,10000046,12538,2501.21,2501.21,2501.21,1,1
2017-12-02,10000046,12540,1002.14,1002.14,1002.14,4,3
2017-12-02,10000046,12541,5005.37,5005.37,5005.37,2,2
2017-12-02,10000046,12544,1000,1000,1000,2,1
2017-12-02,10000046,12545,1000,1000,1000,2,1
2017-12-02,10000046,12559,299990,299990,299990,8,4
2017-12-02,10000046,12563,248999.94,248999.94,248999.94,2,1
2017-12-02,10000046,12565,110000,110000,110000,62,2
2017-12-02,10000046,12608,100.53,100.53,100.53,2032,3
2017-12-02,10000046,12612,90.54,90.54,90.54,30394,12
2017-12-02,10000046,12614,44.99,44.99,44.99,23953,13
2017-12-02,10000046,12618,47,46.99,47,45625,27
2017-12-02,10000046,12620,90.54,90.54,90.54,23500,3
2017-12-02,10000046,12625,54,54,54,12089,9
2017-12-02,10000046,12633,194,194,194,1200,1
2017-12-02,10000046,12709,120000,120000,120000,1,1
2017-12-02,10000046,12743,210000000,210000000,210000000,1,1
2017-12-02,10000046,12761,999.89,999.89,999.89,20000,1
2017-12-02,10000046,12767,334,334,334,630,1
2017-12-02,10000046,12773,998.84,998.84,998.84,14160,9
2017-12-02,10000046,12775,794,794,794,12200,6
2017-12-02,10000046,12777,450,450,450,7380,4
2017-12-02,10000046,12785,99.96,99.96,99.96,6188,3
2017-12-02,10000046,12787,599.9,599.9,599.9,1337,1
2017-12-02,10000046,12789,190.55,190.55,190.55,6200,4
2017-12-02,10000046,12791,300.54,300.54,300.54,1337,1
2017-12-02,10000046,12801,317,1,317.5,17950,4
2017-12-02,10000046,12805,241.95,4.14,241.96,35513,13
2017-12-02,10000046,12814,399999.87,399999.87,399999.87,4,1
2017-12-02,10000046,12818,399994.89,399994.89,399994.89,4,1
2017-12-02,10000046,12836,60000,60000,60000,45,1
2017-12-02,10000046,13001,2187499.97,2100000.55,2199999.89,8,6
2017-12-02,10000046,13003,2799998.98,2799998.98,2799998.98,1,1
2017-12-02,10000046,13209,70000000,70000000,70000000,2,1
2017-12-02,10000046,13216,39999999.71,39999999.71,39999999.71,1,1
2017-12-02,10000046,13244,40099999.95,40099999.95,40099999.95,1,1
2017-12-02,10000046,13252,9954500,9954500,9954500,1,1
2017-12-02,10000046,13259,39999994.76,39999994.75,39999994.76,2,2
2017-12-02,10000046,13261,27999994.73,27999994.68,27999994.76,3,3
2017-12-02,10000046,13278,1000000,1000000,1000000,2,2
2017-12-02,10000046,13279,399999,399999,399999,1,1
2017-12-02,10000046,13283,699999,699999,699999,1,1
2017-12-02,10000046,13284,2999999,2999999,2999999,1,1
2017-12-02,10000046,13285,2999999,2999999,2999999,1,1
2017-12-02,10000046,13286,2999888,2999888,2999888,1,1
2017-12-02,10000046,13937,127999993,127999993,127999993,1,1
2017-12-02,10000046,13970,3000000,3000000,3000000,3,3
2017-12-02,10000046,13984,3500000,3500000,3500000,2,1
2017-12-02,10000046,14003,8500000,8500000,8500000,4,1
2017-12-02,10000046,14059,2000000,2000000,2000000,1,1
2017-12-02,10000046,14061,1000000,1000000,1000000,1,1
2017-12-02,10000046,14063,2000000,2000000,2000000,1,1
2017-12-02,10000046,14065,4887384.97,1000000,8774769.93,2,2
2017-12-02,10000046,14067,36949997.5,34999995,38899999.99,2,2
2017-12-02,10000046,14080,2624999.99,2500000,2749999.98,2,2
2017-12-02,10000046,14098,500000.01,500000.01,500000.01,1,1
2017-12-02,10000046,14242,120000000,120000000,120000000,1,1
2017-12-02,10000046,14254,100000000,100000000,100000000,1,1
2017-12-02,10000046,14270,40020004.62,40020004.62,40020004.62,1,1
2017-12-02,10000046,14278,823998.38,120000,999997.98,5,2
2017-12-02,10000046,14280,10000,10000,10000,1,1
2017-12-02,10000046,14282,350000,350000,350000,1,1
2017-12-02,10000046,15331,806.4,806.37,806.43,1102,78
2017-12-02,10000046,15461,8999999.97,8999999.97,8999999.97,1,1
2017-12-02,10000046,15463,4000000,4000000,4000000,1,1
2017-12-02,10000046,15466,5999996.95,5999996.94,5999996.95,3,2
2017-12-02,10000046,15479,4396868.99,4396868.99,4396868.99,2,2
2017-12-02,10000046,15508,54384.62,12000.06,84999.97,78,13
2017-12-02,10000046,15510,89999.98,89999.98,89999.98,10,2
2017-12-02,10000046,15681,118989984.42,118989984.42,118989984.42,1,1
2017-12-02,10000046,15729,41000000.54,41000000.54,41000000.54,1,1
2017-12-02,10000046,15887,56000000,56000000,56000000,1,1
2017-12-02,10000046,16069,299999.91,299999.9,299999.92,3,3
2017-12-02,10000046,16227,52789473.41,51999999.99,54999999.99,19,16
2017-12-02,10000046,16229,67000000,67000000,67000000,2,2
2017-12-02,10000046,16231,54888887.99,54888887.99,54888887.99,1,1
2017-12-02,10000046,16236,1100000,1100000,1100000,1,1
2017-12-02,10000046,16238,841238.5,250000.02,900499.99,44,40
2017-12-02,10000046,16240,1124999.99,100000,1234999.98,11,11
2017-12-02,10000046,16242,1059555.19,500000.01,1199443.99,5,5
2017-12-02,10000046,16272,665,665,665,30000,2
2017-12-02,10000046,16273,224.36,224.36,224.36,289515,44
2017-12-02,10000046,16274,845.42,845.42,845.42,182887,4
2017-12-02,10000046,16275,5000,5000,5000,11618,4
2017-12-02,10000046,16281,969998.68,969998.68,969998.68,1,1
2017-12-02,10000046,16297,50000,50000,50000,4,2
2017-12-02,10000046,16299,60000,60000,60000,1,1
2017-12-02,10000046,16301,489997.96,489997.96,489997.96,5,3
2017-12-02,10000046,16303,1011569.97,69420,1199999.95,12,5
2017-12-02,10000046,16311,650000,650000,650000,4,3
2017-12-02,10000046,16353,41101.09,41101.08,41101.1,11,8
2017-12-02,10000046,16355,35019.03,35019.01,35019.04,7,5
2017-12-02,10000046,16357,65500.08,65500.04,65500.11,6,5
2017-12-02,10000046,16359,35165.24,32101.03,75000,14,6
2017-12-02,10000046,16361,85001.11,85001.11,85001.11,4,4
2017-12-02,10000046,16363,35000.48,35000,35000.54,9,7
2017-12-02,10000046,16365,73000.04,65000.05,129000,8,7
2017-12-02,10000046,16367,121500.93,110001.01,248000,12,4
2017-12-02,10000046,16369,55000.93,55000.92,55000.93,15,8
2017-12-02,10000046,16371,25002.59,25002.29,25003.03,5,3
2017-12-02,10000046,16373,81457.13,50014.36,99950,27,8
2017-12-02,10000046,16375,30001.03,30001.03,30001.03,13,5
2017-12-02,10000046,16377,36101.95,36101.04,36102.03,25,7
2017-12-02,10000046,16379,35102.03,35102.03,35102.04,11,4
2017-12-02,10000046,16381,121434.32,25015.06,699949.99,7,6
2017-12-02,10000046,16383,36102.03,36102.01,36102.04,6,4
2017-12-02,10000046,16389,1299999,1299999,1299999,5,4
2017-12-02,10000046,16433,2250.01,2250.01,2250.01,2,2
2017-12-02,10000046,16435,1250.01,1250.01,1250.01,2,2
2017-12-02,10000046,16439,200000,200000,200000,1,1
2017-12-02,10000046,16441,2500.01,2500.01,2500.01,7,5
2017-12-02,10000046,16443,87812.5,2500.07,99999.99,8,4
2017-12-02,10000046,16447,3008.13,3008.13,3008.13,4,3
2017-12-02,10000046,16449,20001.2,20001.2,20001.2,11,7
2017-12-02,10000046,16451,20658.33,5012.9,34999.98,23,8
2017-12-02,10000046,16455,5000.02,5000.02,5000.02,19,11
2017-12-02,10000046,16467,208335.33,12,250000,6,5
2017-12-02,10000046,16469,349998.4,349998.4,349998.4,5,2
2017-12-02,10000046,16475,1699990.33,1699990.33,1699990.33,1,1
2017-12-02,10000046,16477,309763.82,307999.99,309999,17,8
2017-12-02,10000046,16487,250000,250000,250000,4,2
2017-12-02,10000046,16495,250000,250000,250000,14,11
2017-12-02,10000046,16505,1499990.38,1499990.38,1499990.38,1,1
2017-12-02,10000046,16515,400000,400000,400000,5,2
2017-12-02,10000046,16519,30000.54,30000.54,30000.54,5,1
2017-12-02,10000046,16521,249999.44,249999.44,249999.44,1,1
2017-12-02,10000046,16523,45000,45000,45000,3,1
2017-12-02,10000046,16525,75000,75000,75000,12,7
2017-12-02,10000046,16527,444998.14,444997.98,445000,13,6
2017-12-02,10000046,16591,33799999.62,33799999.62,33799999.62,1,1
2017-12-02,10000046,16595,23999998.82,23999998.79,23999998.84,2,2
2017-12-02,10000046,16622,5798998.26,5798998.26,5798998.26,1,1
2017-12-02,10000046,16633,2500,2500,2500,10000,1
2017-12-02,10000046,16640,7699,7699,7699,10000,1
2017-12-02,10000046,16653,46000,46000,46000,1731,1
2017-12-02,10000046,16655,20000,20000,20000,200,1
2017-12-02,10000046,16673,224.01,224.01,224.01,62,1
2017-12-02,10000046,16679,1050,1050,1050,42555,2
2017-12-02,10000046,16682,11001,11001,11001,2,1
2017-12-02,10000046,17206,1000,1000,1000,4,1
2017-12-02,10000046,17208,1000,1000,1000,3,1
2017-12-02,10000046,17216,4007.18,4007.18,4007.18,17,7
2017-12-02,10000046,17218,5008.01,5008.01,5008.01,12,7
2017-12-02,10000046,17219,5002.03,5002.03,5002.03,2,2
2017-12-02,10000046,17262,1000,1000,1000,1,1
2017-12-02,10000046,17266,2285757.93,1000152.8,2799999.99,7,3
2017-12-02,10000046,17346,5000000,5000000,5000000,1,1
2017-12-02,10000046,17366,349530.38,261693.94,349889.98,70,36
2017-12-02,10000046,17368,2000000,2000000,2000000,4,4
2017-12-02,10000046,17428,2000.01,2000.01,2000.01,77,1
2017-12-02,10000046,17432,1000.01,1000.01,1000.01,1907,7
2017-12-02,10000046,17433,1000.01,1000.01,1000.01,265,3
2017-12-02,10000046,17436,50.02,50.02,50.02,354,2
2017-12-02,10000046,17437,301,301,301,6,1
2017-12-02,10000046,17448,250.02,250.02,250.02,30,1
2017-12-02,10000046,17456,45.01,45.01,45.01,67868,1
2017-12-02,10000046,17459,34.07,34.07,34.07,2384,2
2017-12-02,10000046,17463,8.02,8.02,8.02,866,1
2017-12-02,10000046,17466,1499,1499,1499,305,2
2017-12-02,10000046,17470,7.02,7.02,7.02,62378,2
2017-12-02,10000046,17471,7.02,7.02,7.02,6072,1
2017-12-02,10000046,17476,30999999.52,30999999.52,30999999.52,5,2
2017-12-02,10000046,17478,23156280.75,14125125.01,25999998.99,4,4
2017-12-02,10000046,17480,18603252.89,12120120.01,18888884.12,26,18
2017-12-02,10000046,17482,2205244.94,2200000,2224993.01,61,25
2017-12-02,10000046,17559,71993980.14,71993980.14,71993980.14,1,1
2017-12-02,10000046,17619,21500000.28,21000000,22000000.55,2,2
2017-12-02,10000046,17634,100000000,100000000,100000000,1,1
2017-12-02,10000046,17715,204678877.17,204678877.17,204678877.17,1,1
2017-12-02,10000046,17718,200000000,200000000,200000000,1,1
2017-12-02,10000046,17720,189999999.11,189999999.02,189999999.36,4,4
2017-12-02,10000046,17738,589999999.91,589999999.91,589999999.91,1,1
2017-12-02,10000046,17812,12166659.99,6500000,14999989.99,3,2
2017-12-02,10000046,17843,72239572.98,70000000,75998999.29,75,37
2017-12-02,10000046,17865,500.05,500.05,500.05,1074,2
2017-12-02,10000046,17887,940.97,940.97,940.97,406653,14
2017-12-02,10000046,17888,848.99,848.99,848.99,270580,6
2017-12-02,10000046,17889,948.85,948.85,948.85,143334,6
2017-12-02,10000046,17893,10000.74,10000.74,10000.74,1,1
2017-12-02,10000046,17894,200000,200000,200000,2,1
2017-12-02,10000046,17895,118181.26,118181.26,118181.26,2,1
2017-12-02,10000046,17912,4511111.1,4500000,4524999.98,9,3
2017-12-02,10000046,17918,449333333.33,350000000.01,498999999.99,3,3
2017-12-02,10000046,17920,399950000,399950000,399950000,1,1
2017-12-02,10000046,17938,19796.84,19794.56,19796.98,17,17
2017-12-02,10000046,17940,1039998.4,500000,1399997.31,5,5
2017-12-02,10000046,18064,348564.99,348564.99,348564.99,10,1
2017-12-02,10000046,18066,30000,30000,30000,2,1
2017-12-02,10000046,18590,874994.8,874994.8,874994.8,2,1
2017-12-02,10000046,18608,685753.21,685753.21,685753.21,6,1
2017-12-02,10000046,18612,658958,658958,658958,2,1
2017-12-02,10000046,18639,24937.5,24500,25000,8,8
2017-12-02,10000046,18692,54999999.95,54999999.95,54999999.95,1,1
2017-12-02,10000046,19015,34999999.94,34999999.94,34999999.94,2,1
2017-12-02,10000046,19200,248999999.99,248999999.99,248999999.99,1,1
2017-12-02,10000046,19203,139999999.99,139999999.99,139999999.99,1,1
2017-12-02,10000046,19211,7895324.79,7895324.79,7895324.79,1,1
2017-12-02,10000046,19213,7885432.79,7885432.79,7885432.79,1,1
2017-12-02,10000046,19215,47211473.54,47211473.53,47211473.55,2,2
2017-12-02,10000046,19282,137399998,137399998,137399998,1,1
2017-12-02,10000046,19284,38999494.75,34999999.95,42998989.54,2,2
2017-12-02,10000046,19286,34144778,34144778,34144778,1,1
2017-12-02,10000046,19288,33999886.63,33999886.63,33999886.64,3,3
2017-12-02,10000046,19295,213000000.54,213000000.54,213000000.54,1,1
2017-12-02,10000046,19297,112474777,112474777,112474777,1,1
2017-12-02,10000046,19325,61998994,61998994,61998994,3,3
2017-12-02,10000046,19345,199399999.99,199399999.99,199399999.99,1,1
2017-12-02,10000046,19421,120000000,120000000,120000000,2,1
2017-12-02,10000046,19500,75000,75000,75000,20,1
2017-12-02,10000046,19719,49999999.22,49999999.22,49999999.22,1,1
2017-12-02,10000046,19739,3400000,3400000,3400000,6,2
2017-12-02,10000046,19744,3250000,2500000,3999999.99,2,2
2017-12-02,10000046,19761,1999999.48,1999999.48,1999999.48,1,1
2017-12-02,10000046,19766,1899999.89,1899999.89,1899999.89,2,2
2017-12-02,10000046,19767,1499899.92,1499899.92,1499899.92,2,2
2017-12-02,10000046,19806,1600000,1600000,1600000,8,5
2017-12-02,10000046,19812,75000,75000,75000,4,2
2017-12-02,10000046,19814,100000,100000,100000,7,3
2017-12-02,10000046,19922,7899998.94,7899998.94,7899998.94,1,1
2017-12-02,10000046,19923,65000,65000,65000,4,2
2017-12-02,10000046,19927,84999.98,84999.98,84999.98,5,3
2017-12-02,10000046,19929,13657.14,2600,79999.98,7,4
2017-12-02,10000046,19939,100000,100000,100000,6,3
2017-12-02,10000046,19942,4562.49,2499.99,19000,8,4
2017-12-02,10000046,19944,35124.99,2499.99,49999.99,20,16
2017-12-02,10000046,19946,55125.01,3250.01,107000,8,5
2017-12-02,10000046,19952,129997.97,129997.97,129997.97,6,3
2017-12-02,10000046,20172,30001,30001,30001,15,1
2017-12-02,10000046,20209,2989988.6,2989988.6,2989988.6,1,1
2017-12-02,10000046,20210,1999999.95,1999999.95,1999999.95,4,4
2017-12-02,10000046,20211,5100000.49,5099999.98,5100000.99,2,2
2017-12-02,10000046,20213,5999999.41,5999999.41,5999999.41,1,1
2017-12-02,10000046,20307,73.97,73.97,73.97,6000,1
2017-12-02,10000046,20312,1900000,1900000,1900000,1,1
2017-12-02,10000046,20314,600000,600000,600000,4,4
2017-12-02,10000046,20315,3000000,3000000,3000000,2,2
2017-12-02,10000046,20327,29999999.99,29999999.99,29999999.99,1,1
2017-12-02,10000046,20342,56249999.88,55999999.89,56999999.85,4,4
2017-12-02,10000046,20347,1299998.79,1299998.79,1299998.79,1,1
2017-12-02,10000046,20349,1599978.5,1599978.49,1599978.5,19,18
2017-12-02,10000046,20351,2199850,2199799.99,2199900,2,2
2017-12-02,10000046,20353,5798999.42,5798999.42,5798999.42,15,8
2017-12-02,10000046,20410,30000,30000,30000,52,1
2017-12-02,10000046,20411,45789.01,45789.01,45789.01,3,1
2017-12-02,10000046,20412,45998.95,45998.95,45998.95,12,1
2017-12-02,10000046,20413,45789.01,45789.01,45789.01,13,1
2017-12-02,10000046,20415,45789,45789,45789,10,1
2017-12-02,10000046,20416,100000.55,100000.55,100000.55,16,1
2017-12-02,10000046,20418,45897,45897,45897,8,1
2017-12-02,10000046,20420,22587,22587,22587,14,1
2017-12-02,10000046,20423,98745,98745,98745,4,1
2017-12-02,10000046,20424,18978,18978,18978,59,3
2017-12-02,10000046,20525,149999999.98,149999999.98,149999999.98,2,2
2017-12-02,10000046,20532,115999998.93,115999998.93,115999998.93,1,1
2017-12-02,10000046,20533,499999999.94,499999999.94,499999999.94,1,1
2017-12-02,10000046,21059,199998.98,199998.98,199998.98,3,3
2017-12-02,10000046,21096,1648930.17,1643999.99,1649000,43,23
2017-12-02,10000046,21340,125,125,125,1111,1
2017-12-02,10000046,21603,12999999.03,12999998.98,12999999.04,6,6
2017-12-02,10000046,21610,24999988.97,24999988.96,24999988.99,4,4
2017-12-02,10000046,21611,32499998.82,32499998.81,32499998.84,3,3
2017-12-02,10000046,21638,1298863.63,1274999.93,1299999.99,22,4
2017-12-02,10000046,21640,1099998.45,1099998.44,1099998.45,15,5
2017-12-02,10000046,21740,2000,2000,2000,1,1
2017-12-02,10000046,21802,38999999.58,38999999.56,38999999.61,3,3
2017-12-02,10000046,21803,20999999,20999999,20999999,1,1
2017-12-02,10000046,21888,85000000,85000000,85000000,1,1
2017-12-02,10000046,21890,89999999.98,89999999.98,89999999.98,3,3
2017-12-02,10000046,21894,1300.55,1300.55,1300.55,29671,16
2017-12-02,10000046,21896,1147,1145.98,1147.97,50745,42
2017-12-02,10000046,21898,549.39,549.39,549.39,35989,29
2017-12-02,10000046,21902,1800.55,1800.55,1800.55,24609,15
2017-12-02,10000046,21904,945.99,944.99,946,14660,16
2017-12-02,10000046,21906,700.53,700.53,700.53,13154,16
2017-12-02,10000046,21912,1232,1232,1232,11008,14
2017-12-02,10000046,21918,1300,1300,1300,30000,11
2017-12-02,10000046,21922,893,799.99,893.99,29456,16
2017-12-02,10000046,21924,550,550,550,11816,9
2017-12-02,10000046,21926,1446,1446,1446,13600,8
2017-12-02,10000046,21928,1000,1000,1000,12352,14
2017-12-02,10000046,21935,1659,1659,1659,14500,10
2017-12-02,10000046,21939,499.99,499.99,499.99,3040,3
2017-12-02,10000046,22043,28999999.36,28999999.36,28999999.36,2,2
2017-12-02,10000046,22175,99999.93,99999.93,99999.93,15,15
2017-12-02,10000046,22177,87499.99,87499.99,87499.99,14,14
2017-12-02,10000046,22291,1350735.87,500170,1474999.95,95,44
2017-12-02,10000046,22456,74270000,74270000,74270000,1,1
2017-12-02,10000046,22464,104999999,104999999,104999999,1,1
2017-12-02,10000046,22534,24999956.89,24999956.89,24999956.89,1,1
2017-12-02,10000046,22541,9299987.41,9199987.85,9399986.97,2,2
2017-12-02,10000046,22542,40083.24,39980,41425.33,28,16
2017-12-02,10000046,22544,448495000,448495000,448495000,1,1
2017-12-02,10000046,22546,372994678.18,372994678.18,372994678.18,1,1
2017-12-02,10000046,22559,72499999.76,72499999.76,72499999.76,1,1
2017-12-02,10000046,22578,229983.46,229983.46,229983.46,2,2
2017-12-02,10000046,22761,33999992.92,33999992.92,33999992.92,1,1
2017-12-02,10000046,22778,158998.93,150000,158998.94,204,8
2017-12-02,10000046,22782,1229999.4,525000,1699999,5,4
2017-12-02,10000046,22806,229999.91,229999.91,229999.91,5,5
2017-12-02,10000046,22807,229999.91,229999.91,229999.91,5,5
2017-12-02,10000046,22808,179999.91,179999.91,179999.91,5,5
2017-12-02,10000046,22809,229999.91,229999.91,229999.91,5,5
2017-12-02,10000046,22961,964.99,964.99,964.99,7966,6
2017-12-02,10000046,22977,1394.96,1394.96,1394.96,8241,8
2017-12-02,10000046,22983,2350,2350,2350,388,1
2017-12-02,10000046,22991,1998.99,1998.99,1998.99,9128,6
2017-12-02,10000046,23009,760.92,759.9,761.3,52937,52
2017-12-02,10000046,23015,1999,1999,1999,2000,1
2017-12-02,10000046,23019,649,649,649,19000,30
2017-12-02,10000046,23021,635,635,635,7000,8
2017-12-02,10000046,23023,1800,0.03,1800,5265,5
2017-12-02,10000046,23025,874.9,874.9,874.9,72560,35
2017-12-02,10000046,23029,2999,2999,2999,2500,2
2017-12-02,10000046,23031,974.99,974.99,974.99,21365,10
2017-12-02,10000046,23033,2399.99,2399.98,2399.99,4000,2
2017-12-02,10000046,23035,1889.98,1889.98,1889.98,8500,7
2017-12-02,10000046,23037,1998.89,1998.89,1998.89,1200,1
2017-12-02,10000046,23039,2196.99,2196.99,2196.99,4444,4
2017-12-02,10000046,23053,3999,3999,3999,3332,2
2017-12-02,10000046,23057,2747327.27,2740200.01,2749999.99,99,7
2017-12-02,10000046,23079,919965.44,919965.44,919965.44,2,1
2017-12-02,10000046,23124,3622928.2,3622928.2,3622928.2,1,1
2017-12-02,10000046,23164,5,5,5,89,1
2017-12-02,10000046,23165,5,5,5,149,1
2017-12-02,10000046,23527,333370.03,10500.04,348998.26,70,55
2017-12-02,10000046,23559,139999.99,139999.99,139999.99,2,1
2017-12-02,10000046,23561,120000,120000,120000,5,1
2017-12-02,10000046,23566,801427.48,629998.9,929998.91,7,7
2017-12-02,10000046,23594,1499999.75,1499999.75,1499999.75,1,1
2017-12-02,10000046,23606,224999.9,224999.9,224999.9,3,3
2017-12-02,10000046,23618,4999999.98,4999999.98,4999999.98,2,2
2017-12-02,10000046,23705,31333.82,1000.01,39948.99,52,14
2017-12-02,10000046,23707,10993,10993,10993,510,76
2017-12-02,10000046,23711,14999.99,14999.99,14999.99,14,3
2017-12-02,10000046,23731,20000,20000,20000,5,2
2017-12-02,10000046,23950,73999999.99,73999999.98,73999999.99,2,2
2017-12-02,10000046,24241,999995.92,999994.42,999998.93,3,3
2017-12-02,10000046,24242,1499998.89,1499998.89,1499998.9,5,5
2017-12-02,10000046,24270,8479998.76,8479998.76,8479998.76,1,1
2017-12-02,10000046,24283,54499949.98,54499949.95,54499950,2,2
2017-12-02,10000046,24348,1506666.67,500000.06,1700000,6,4
2017-12-02,10000046,24395,333399.92,1200,348499.92,46,42
2017-12-02,10000046,24417,1604182.14,500000.89,1849999.99,11,11
2017-12-02,10000046,24427,1966151.46,410000.67,2100000,13,11
2017-12-02,10000046,24438,1497500,1489999.99,1500000,8,5
2017-12-02,10000046,24443,1999999.97,1999999.97,1999999.97,1,1
2017-12-02,10000046,24445,999996,999996,999996,1,1
2017-12-02,10000046,24471,72.5,72.5,72.5,2114,4
2017-12-02,10000046,24473,199.99,199.99,199.99,719,2
2017-12-02,10000046,24475,199.99,199.99,199.99,690,3
2017-12-02,10000046,24492,249.37,249.37,249.37,10000,2
2017-12-02,10000046,24495,185,185,185,53000,5
2017-12-02,10000046,24497,199.99,199.99,199.99,55000,3
2017-12-02,10000046,24501,199.99,199.99,199.99,3500,2
2017-12-02,10000046,24507,799.96,799.96,799.96,1000,1
2017-12-02,10000046,24509,799.85,799.85,799.85,1000,1
2017-12-02,10000046,24511,749.96,749.96,749.96,1000,1
2017-12-02,10000046,24513,724.87,724.87,724.87,6500,1
2017-12-02,10000046,24523,1798.9,1798.9,1798.9,1000,1
2017-12-02,10000046,24529,1999,1999,1999,1000,1
2017-12-02,10000046,24533,800,800,800,15000,2
2017-12-02,10000046,24571,27750000,27750000,27750000,1,1
2017-12-02,10000046,24572,14999999.8,14999999.8,14999999.8,1,1
2017-12-02,10000046,24625,38999999.85,38999999.85,38999999.85,1,1
2017-12-02,10000046,24663,54666666.55,53999999.89,54999999.88,3,3
2017-12-02,10000046,24694,187499999.46,187499999.45,187499999.46,3,3
2017-12-02,10000046,24702,47211378.32,43000034.5,47899968.94,14,14
2017-12-02,10000046,25233,1999999,1999999,1999999,1,1
2017-12-02,10000046,25235,8000000,8000000,8000000,2,2
2017-12-02,10000046,25266,1977999.99,1977999.99,1977999.99,4,1
2017-12-02,10000046,25349,19999999.99,19999999.99,19999999.99,1,1
2017-12-02,10000046,25561,55000,55000,55000,6,1
2017-12-02,10000046,25565,146295.75,146295.75,146295.75,6,2
2017-12-02,10000046,25588,12012.35,12012.31,12012.37,19,4
2017-12-02,10000046,25589,3252.13,3252.13,3252.13,163,5
2017-12-02,10000046,25590,103000.56,103000.55,103000.58,456,34
2017-12-02,10000046,25591,232998.99,220000,232998.99,3461,64
2017-12-02,10000046,25592,12500.21,12500.2,12500.21,22,2
2017-12-02,10000046,25593,9500.21,9500.2,9500.23,6,2
2017-12-02,10000046,25594,84999.99,84999.99,84999.99,825,5
2017-12-02,10000046,25595,20010.04,20010.04,20010.04,2,2
2017-12-02,10000046,25596,22500,21005.08,22500.02,721,45
2017-12-02,10000046,25597,3102.25,3102.25,3102.26,728,37
2017-12-02,10000046,25598,7001.72,7001.51,7001.73,1496,36
2017-12-02,10000046,25599,1277.17,1277.17,1277.18,1221,32
2017-12-02,10000046,25600,28006.17,28006.14,34997,1759,34
2017-12-02,10000046,25601,2000.09,2000,2000.12,1268,29
2017-12-02,10000046,25602,17200.06,17200.06,17200.06,2,1
2017-12-02,10000046,25604,10001.16,10001.16,10001.16,760,34
2017-12-02,10000046,25605,56999.99,30000.56,59997.89,386,22
2017-12-02,10000046,25608,618999,618999,618999,6,2
2017-12-02,10000046,25609,303000,303000,303000,1,1
2017-12-02,10000046,25610,95009.32,95009.32,95009.32,3,1
2017-12-02,10000046,25611,66002.02,66002.02,66002.02,3,1
2017-12-02,10000046,25613,325004.51,325004.51,325004.51,6,2
2017-12-02,10000046,25615,971000.01,971000.01,971000.01,12,2
2017-12-02,10000046,25616,2605.01,2605.01,2605.01,8,2
2017-12-02,10000046,25617,422223.96,200009.76,500000,36,5
2017-12-02,10000046,25618,21222.29,19000.11,25000,27,4
2017-12-02,10000046,25619,206200.09,206200.07,206200.11,25,3
2017-12-02,10000046,25620,51846.5,48000.56,58000,26,5
2017-12-02,10000046,25622,616000.01,616000.01,616000.01,4,1
2017-12-02,10000046,25623,19008.01,19008,19008.01,2,2
2017-12-02,10000046,25625,2499989.74,2499988.98,2499990,40,3
2017-12-02,10000046,25715,1099998.79,1099998.79,1099998.79,6,1
2017-12-02,10000046,25718,5899986.63,5899986.62,5899986.64,2,2
2017-12-02,10000046,25719,249999.96,249999.96,249999.96,1,1
2017-12-02,10000046,25811,949999,949999,949999,1,1
2017-12-02,10000046,25861,69999.98,69999.98,69999.98,163,39
2017-12-02,10000046,25887,30000.01,30000.01,30000.01,7,1
2017-12-02,10000046,25888,8900000,8900000,8900000,1,1
2017-12-02,10000046,25894,15971665.85,14416666.63,15999998.99,30,11
2017-12-02,10000046,25896,29999471.74,29999471.74,29999471.74,2,2
2017-12-02,10000046,25948,5699999.99,5699999.99,5699999.99,3,1
2017-12-02,10000046,25996,5000000,5000000,5000000,1,1
2017-12-02,10000046,26068,11999999.97,11999999.96,11999999.97,4,2
2017-12-02,10000046,26076,2300000,2300000,2300000,2,2
2017-12-02,10000046,26082,2475000.13,2400000.55,2499999.99,4,2
2017-12-02,10000046,26084,10499999.91,10499999.91,10499999.91,6,2
2017-12-02,10000046,26086,25000000,25000000,25000000,1,1
2017-12-02,10000046,26088,8400000.54,8400000.54,8400000.54,1,1
2017-12-02,10000046,26252,29999.99,29999.99,29999.99,1,1
2017-12-02,10000046,26253,250000,250000,250000,2,2
2017-12-02,10000046,26254,199798.84,199798.84,199798.84,1,1
2017-12-02,10000046,26255,299999.72,299999.72,299999.72,1,1
2017-12-02,10000046,26261,239998.69,239998.69,239998.69,1,1
2017-12-02,10000046,26302,187499999.34,162500000.02,199999999,3,2
2017-12-02,10000046,26374,40625000,40500000,40749999.99,4,2
2017-12-02,10000046,26436,12500000.55,12500000.55,12500000.55,1,1
2017-12-02,10000046,26890,16000000,16000000,16000000,1,1
2017-12-02,10000046,26929,149999.95,149999.94,149999.96,26,14
2017-12-02,10000046,26931,4974999.99,4974999.99,4974999.99,1,1
2017-12-02,10000046,27115,3800000,3800000,3800000,1,1
2017-12-02,10000046,27117,1500000,1500000,1500000,1,1
2017-12-02,10000046,27119,10000000,10000000,10000000,1,1
2017-12-02,10000046,27127,1488179.61,1488020,1488219.29,10,10
2017-12-02,10000046,27143,1451526.35,1444299,1468388.91,10,6
2017-12-02,10000046,27315,1199.99,1199.99,1199.99,309,1
2017-12-02,10000046,27321,1199.99,1199.99,1199.99,3331,6
2017-12-02,10000046,27327,1199.99,1199.99,1199.99,603,2
2017-12-02,10000046,27333,1499,1499,1499,1537,5
2017-12-02,10000046,27339,3397.99,3397.99,3397.99,647,2
2017-12-02,10000046,27345,2984.99,2984.99,2984.99,2000,2
2017-12-02,10000046,27359,3199.99,3199.99,3199.99,400,1
2017-12-02,10000046,27361,1196.99,1196.99,1196.99,36187,32
2017-12-02,10000046,27371,1299,1299,1299,24149,22
2017-12-02,10000046,27381,1198.99,1198.99,1198.99,21863,24
2017-12-02,10000046,27383,350,350,350,11000,2
2017-12-02,10000046,27387,1092.99,1092.99,1092.99,72783,77
2017-12-02,10000046,27395,3999.99,3999.99,3999.99,2000,2
2017-12-02,10000046,27413,1999,1999,1999,2500,2
2017-12-02,10000046,27423,3999.99,3999.99,3999.99,2000,1
2017-12-02,10000046,27435,1994,1994,1994,4196,3
2017-12-02,10000046,27441,1600.55,1600.55,1600.55,500,1
2017-12-02,10000046,27447,1395.99,1395.99,1395.99,2000,1
2017-12-02,10000046,27453,1762,1762,1762,2300,3
2017-12-02,10000046,27912,1399998.46,1399998.46,1399998.46,2,1
2017-12-02,10000046,27914,1300000,1300000,1300000,1,1
2017-12-02,10000046,28073,8999997.54,8999997.54,8999997.54,1,1
2017-12-02,10000046,28164,6999995.49,6999995.49,6999995.49,1,1
2017-12-02,10000046,28211,100000,100000,100000,4,1
2017-12-02,10000046,28274,600000,600000,600000,1,1
2017-12-02,10000046,28324,2400,2400,2400,14000,9
2017-12-02,10000046,28332,1350,1350,1350,12800,9
2017-12-02,10000046,28334,797,797,797,10712,16
2017-12-02,10000046,28367,410000.55,410000.55,410000.55,31,1
2017-12-02,10000046,28385,475065.03,475065.03,475065.03,81,4
2017-12-02,10000046,28388,350100,350100,350100,17,2
2017-12-02,10000046,28390,431555,431555,431555,16,1
2017-12-02,10000046,28393,365000.01,365000.01,365000.01,776,6
2017-12-02,10000046,28397,135000.15,135000.15,135000.15,157,1
2017-12-02,10000046,28398,130000.19,130000.19,130000.19,119,1
2017-12-02,10000046,28418,335000,335000,335000,3003,6
2017-12-02,10000046,28420,375000,375000,375000,79,1
2017-12-02,10000046,28576,1029843.36,404998.99,1050000,32,15
2017-12-02,10000046,28578,1264999.99,1264999.99,1264999.99,3,2
2017-12-02,10000046,28609,34499998.94,34499998.94,34499998.94,1,1
2017-12-02,10000046,28615,4799994.43,4799994.43,4799994.43,2,2
2017-12-02,10000046,28646,7400000.55,7400000.55,7400000.55,1,1
2017-12-02,10000046,28654,3964874,3964874,3964874,1,1
2017-12-02,10000046,28668,31998.92,31998.91,31998.92,14428,116
2017-12-02,10000046,28674,878911.97,878911.97,878911.97,5,1
2017-12-02,10000046,28678,999995,999995,999995,1,1
2017-12-02,10000046,28756,36999945.93,36999915.38,36999976.48,2,2
2017-12-02,10000046,28758,38987499.76,38900000,38999999.9,8,8
2017-12-02,10000046,28879,1349998.87,1349998.87,1349998.87,1,1
2017-12-02,10000046,28880,5133332.55,5000000,5199998.83,3,3
2017-12-02,10000046,28974,50000,50000,50000,83,1
2017-12-02,10000046,28999,25218.1,24999,43841.95,86,25
2017-12-02,10000046,29001,16235.75,12000,24999,89,33
2017-12-02,10000046,29005,9999.99,9999.99,9999.99,28,14
2017-12-02,10000046,29007,9993.99,9993.99,9994,25,15
2017-12-02,10000046,29009,11998,11998,11998,130,62
2017-12-02,10000046,29011,11493,11492,11493.99,133,71
2017-12-02,10000046,29013,21999.98,21999.98,21999.98,28,11
2017-12-02,10000046,29015,19975.49,19975.49,19975.49,27,10
2017-12-02,10000046,29248,699999,699999,699999,3,3
2017-12-02,10000046,29336,73000000,73000000,73000000,1,1
2017-12-02,10000046,29340,105000000,105000000,105000000,1,1
2017-12-02,10000046,29984,160000000.07,160000000.07,160000000.07,1,1
2017-12-02,10000046,30013,10999,10999,10999,136,11
2017-12-02,10000046,30028,77396.78,75000,99994.99,73,9
2017-12-02,10000046,30372,2500,2500,2500,1440,1
2017-12-02,10000046,30375,13000,13000,13000,708,1
2017-12-02,10000046,30486,594999.97,594899.98,598900,107,12
2017-12-02,10000046,30488,424968.28,424968.28,424968.28,240,26
2017-12-02,10000046,30497,5000.16,5000.16,5000.16,4,1
2017-12-02,10000046,30532,5499999.91,5499999.91,5499999.91,1,1
2017-12-02,10000046,30537,5499999.99,5499999.99,5499999.99,1,1
2017-12-02,10000046,30538,5999986.88,5999986.88,5999986.88,1,1
2017-12-02,10000046,30539,5499999.83,5499999.83,5499999.83,1,1
2017-12-02,10000046,30540,5699999.88,5699999.88,5699999.88,1,1
2017-12-02,10000046,30545,9999999.92,9999999.92,9999999.92,1,1
2017-12-02,10000046,30546,9999999.83,9999999.83,9999999.83,1,1
2017-12-02,10000046,30547,5649999.89,5599999.89,5699999.88,2,2
2017-12-02,10000046,30550,5799999.98,5799999.98,5799999.98,1,1
2017-12-02,10000046,30551,5699999.81,5699999.81,5699999.81,1,1
2017-12-02,10000046,30553,5899999.88,5899999.88,5899999.88,1,1
2017-12-02,10000046,30554,5699999.9,5699999.9,5699999.9,1,1
2017-12-02,10000046,30650,2499968.99,2499968.99,2499968.99,1,1
2017-12-02,10000046,30651,1949999.84,1949999.84,1949999.84,1,1
2017-12-02,10000046,30652,1500000,1500000,1500000,1,1
2017-12-02,10000046,30653,3999999.58,3999999.58,3999999.58,1,1
2017-12-02,10000046,30832,2393999.99,2393999.98,2393999.99,4,3
2017-12-02,10000046,30834,2210000,2210000,2210000,2,1
2017-12-02,10000046,30836,1725000,1725000,1725000,1,1
2017-12-02,10000046,30987,819617.43,497999.79,974999.99,49,35
2017-12-02,10000046,30997,348759.88,348759.88,348759.88,1,1
2017-12-02,10000046,31009,1899999.53,1899999.52,1899999.54,28,26
2017-12-02,10000046,31011,3000000,3000000,3000000,4,4
2017-12-02,10000046,31015,12999999.95,12999999.93,12999999.96,4,3
2017-12-02,10000046,31017,32199999.96,32199999.96,32199999.96,3,2
2017-12-02,10000046,31021,550000,549999.99,550000,4,4
2017-12-02,10000046,31023,2494000,2494000,2494000,3,3
2017-12-02,10000046,31029,29999999.99,29999999.99,29999999.99,2,1
2017-12-02,10000046,31033,1000000,1000000,1000000,1,1
2017-12-02,10000046,31035,2099994.9,2099994.9,2099994.9,2,2
2017-12-02,10000046,31041,27999999.99,27999999.99,27999999.99,1,1
2017-12-02,10000046,31045,1396814.35,1085413.87,2331015.8,4,3
2017-12-02,10000046,31047,3370000,3370000,3370000,13,9
2017-12-02,10000046,31051,15000000,15000000,15000000,7,6
2017-12-02,10000046,31053,39000000,39000000,39000000,2,2
2017-12-02,10000046,31055,2784375,2750000,2799999.99,16,8
2017-12-02,10000046,31057,11374999.63,11249999.9,11499999.36,2,2
2017-12-02,10000046,31059,24399999.99,24399999.99,24399999.99,1,1
2017-12-02,10000046,31063,1249999.99,1249999.98,1249999.99,3,2
2017-12-02,10000046,31065,4949999.92,4949999.92,4949999.93,9,8
2017-12-02,10000046,31069,13500000.03,13500000.03,13500000.03,1,1
2017-12-02,10000046,31083,999713.89,999713.88,999713.89,6,2
2017-12-02,10000046,31085,3275000,3274999.99,3275000,7,3
2017-12-02,10000046,31105,379989.56,379989.53,379989.57,9,7
2017-12-02,10000046,31107,3999998.96,3999998.96,3999998.96,4,4
2017-12-02,10000046,31111,5999999.8,5999999.7,5999999.9,4,4
2017-12-02,10000046,31117,339989.98,339989.98,339989.98,3,1
2017-12-02,10000046,31119,1850096.05,1659784.43,2399999.9,39,5
2017-12-02,10000046,31123,4000000,4000000,4000000,6,4
2017-12-02,10000046,31125,13419999.99,12499999.99,13649999.99,5,4
2017-12-02,10000046,31131,1000000,1000000,1000000,1,1
2017-12-02,10000046,31153,241470,239999,244999.99,17,11
2017-12-02,10000046,31155,2499999.99,2499999.99,2500000,3,3
2017-12-02,10000046,31159,615911.51,594999.99,624999.99,68,28
2017-12-02,10000046,31161,1622825.59,1600000,1649998.98,46,17
2017-12-02,10000046,31165,4016666.24,3999999.39,4199999.93,18,10
2017-12-02,10000046,31167,15428571.42,15250000,15499999.99,7,3
2017-12-02,10000046,31171,4412272.45,4400000,4444998.97,11,8
2017-12-02,10000046,31173,12800000,12800000,12800000,2,1
2017-12-02,10000046,31177,324787.34,324787.19,324787.55,21,13
2017-12-02,10000046,31179,1800000,1800000,1800000,4,3
2017-12-02,10000046,31183,4179999.94,3700000,4499999.88,10,8
2017-12-02,10000046,31185,14472099.99,14472099.99,14472099.99,1,1
2017-12-02,10000046,31201,219799.75,219799.74,219799.75,5,5
2017-12-02,10000046,31207,5000000.54,5000000.54,5000000.54,1,1
2017-12-02,10000046,31213,707520.31,449000,3000000,19,14
2017-12-02,10000046,31220,6750000,6750000,6750000,5,3
2017-12-02,10000046,31238,199999.99,199999.99,199999.99,3,3
2017-12-02,10000046,31274,276818.17,275000,294999.93,11,11
2017-12-02,10000046,31276,1399634.61,1399631.43,1399637.88,17,17
2017-12-02,10000046,31280,4687499.96,4500000,4749999.93,4,4
2017-12-02,10000046,31282,32999753.91,32999753.91,32999753.91,1,1
2017-12-02,10000046,31286,199999.99,199999.98,199999.99,47,5
2017-12-02,10000046,31298,200000,199999.99,200000,33,12
2017-12-02,10000046,31310,3000000,3000000,3000000,1,1
2017-12-02,10000046,31322,290000,289999.99,290000,7,4
2017-12-02,10000046,31324,999999.99,999999.99,999999.99,4,2
2017-12-02,10000046,31328,3799999.35,3799999.35,3799999.35,4,4
2017-12-02,10000046,31358,1161456.64,1148997.98,1188996.45,61,56
2017-12-02,10000046,31360,3785399.61,3774999.99,3799999.4,20,17
2017-12-02,10000046,31364,6047221.75,5997499.69,6444998.24,9,9
2017-12-02,10000046,31366,23999999.98,23999999.98,23999999.98,8,8
2017-12-02,10000046,31370,281249.99,269999.98,285000,8,5
2017-12-02,10000046,31372,1626623.71,1598997.94,1649999.91,24,15
2017-12-02,10000046,31378,12712499.95,12000000,13349999.9,6,5
2017-12-02,10000046,31406,899989.42,899989.42,899989.42,7,3
2017-12-02,10000046,31444,6000000,6000000,6000000,1,1
2017-12-02,10000046,31454,499999.53,499999.53,499999.53,3,1
2017-12-02,10000046,31478,888674.93,888674.93,888674.93,2,1
2017-12-02,10000046,31486,6799490.92,6799490.92,6799490.92,1,1
2017-12-02,10000046,31490,900000,900000,900000,1,1
2017-12-02,10000046,31526,1098499.96,1090999.93,1099999.96,6,6
2017-12-02,10000046,31532,6785322.42,6785322.42,6785322.42,1,1
2017-12-02,10000046,31538,1061000,1005000,1075000,5,5
2017-12-02,10000046,31540,4499998.56,4499998.56,4499998.56,1,1
2017-12-02,10000046,31562,999999.57,999999.45,999999.71,60,31
2017-12-02,10000046,31564,5000000,5000000,5000000,2,1
2017-12-02,10000046,31568,4000000.55,4000000.55,4000000.55,2,2
2017-12-02,10000046,31570,12319999.99,12319999.99,12319999.99,3,2
2017-12-02,10000046,31586,600000,600000,600000,6,5
2017-12-02,10000046,31588,1946999.99,1946999.99,1946999.99,1,1
2017-12-02,10000046,31594,28999998.99,28999998.99,28999998.99,1,1
2017-12-02,10000046,31598,595999.99,595999.99,595999.99,2,1
2017-12-02,10000046,31600,2799066.61,2143019.5,2899996.94,15,15
2017-12-02,10000046,31606,24999999.99,24999999.99,24999999.99,2,2
2017-12-02,10000046,31608,399994.98,399994.98,399994.98,1,1
2017-12-02,10000046,31610,2999999.98,2999999.96,2999999.98,16,16
2017-12-02,10000046,31620,519999.99,519999.99,519999.99,1,1
2017-12-02,10000046,31622,2249998.03,2249998.03,2249998.03,1,1
2017-12-02,10000046,31626,10000000,10000000,10000000,1,1
2017-12-02,10000046,31634,1999999.94,1999999.94,1999999.94,1,1
2017-12-02,10000046,31668,349999.7,349999.7,349999.7,2,2
2017-12-02,10000046,31686,4500000,4500000,4500000,5,2
2017-12-02,10000046,31716,98985.55,98984.95,98985.89,76,42
2017-12-02,10000046,31718,379889.8,379889.5,379894.69,25,18
2017-12-02,10000046,31722,2878994.08,2725000,2998989,11,8
2017-12-02,10000046,31724,5443180.55,5374998.39,5474998.47,22,21
2017-12-02,10000046,31728,139497.99,139497.99,139497.99,10,1
2017-12-02,10000046,31730,157499.99,157499.99,157499.99,12,3
2017-12-02,10000046,31740,84879.88,84879.88,84879.88,1,1
2017-12-02,10000046,31742,409642.8,408999.94,411999.9,28,25
2017-12-02,10000046,31748,6493749.25,6349999,6899999.99,4,3
2017-12-02,10000046,31752,139952.56,138000,139994,48,42
2017-12-02,10000046,31754,606029.21,598998.98,606999.48,97,47
2017-12-02,10000046,31760,5471587.98,5449999.99,5498999.39,17,16
2017-12-02,10000046,31788,395092.92,394988.76,398998.99,77,41
2017-12-02,10000046,31790,2124996.44,2100000,2124999.98,168,76
2017-12-02,10000046,31794,7200000,7199999.99,7200000,5,5
2017-12-02,10000046,31796,23749999.97,23499999.95,24000000,10,7
2017-12-02,10000046,31802,2436999.72,2424999.99,2448999.14,10,4
2017-12-02,10000046,31812,25999999.99,25999999.99,25999999.99,5,2
2017-12-02,10000046,31864,2499000,2499000,2499000,1,1
2017-12-02,10000046,31870,5749999.99,5749999.99,5749999.99,6,3
2017-12-02,10000046,31872,2299999.99,2299999.99,2299999.99,6,2
2017-12-02,10000046,31874,3449435.54,3449000,3449448.39,35,10
2017-12-02,10000046,31876,4078999.96,4078899.37,4092994.39,162,39
2017-12-02,10000046,31878,6756959.81,4833323.29,9321808.51,7,3
2017-12-02,10000046,31880,3111395.28,3111395.27,3111395.28,2,2
2017-12-02,10000046,31882,3250000,3250000,3250000,2,1
2017-12-02,10000046,31884,2516200.87,2499998.81,2710624.47,13,5
2017-12-02,10000046,31888,3964142.4,3964142.4,3964142.4,1,1
2017-12-02,10000046,31926,18999999.95,18999999.95,18999999.95,1,1
2017-12-02,10000046,31928,10842853.97,10500000,10899999.36,7,7
2017-12-02,10000046,31930,42999999.97,42999999.97,42999999.97,1,1
2017-12-02,10000046,31932,37494990.58,37494990.58,37494990.58,1,1
2017-12-02,10000046,31942,44000000,44000000,44000000,1,1
2017-12-02,10000046,31944,54999999.79,54999999.79,54999999.79,1,1
2017-12-02,10000046,31982,8874.78,0.03,9299.97,61,5
2017-12-02,10000046,31990,114998,114998,114998,33,2
2017-12-02,10000046,31998,99990.61,99990.59,99991.2,220,7
2017-12-02,10000046,32006,169500,169500,169500,1583,65
2017-12-02,10000046,32014,399997.45,399997.45,399997.45,506,28
2017-12-02,10000046,32025,1699999.93,1699999.93,1699999.94,23,19
2017-12-02,10000046,32043,2749890.49,2749890.48,2749890.49,6,3
2017-12-02,10000046,32047,45458994.97,45458994.97,45458994.97,2,1
2017-12-02,10000046,32059,6000000,6000000,6000000,1,1
2017-12-02,10000046,32772,1361094.8,1200000,1565998.99,14,10
2017-12-02,10000046,32774,72249.92,72249.92,72249.92,5,4
2017-12-02,10000046,32780,995993.99,995993.99,995993.99,5,4
2017-12-02,10000046,32782,40,40,40,7640,42
2017-12-02,10000046,32787,28000,28000,28000,66,15
2017-12-02,10000046,32797,1366660.94,1366660.94,1366660.94,1,1
2017-12-02,10000046,32872,1028601,650069,1300000,7,7
2017-12-02,10000046,32874,1540971.63,1499999,1600000,72,21
2017-12-02,10000046,32876,1057515.75,633669,1198798,4,3
2017-12-02,10000046,32878,896643.66,499999,1094965.99,6,6
2017-12-02,10000046,32880,329823.52,135000,389999.98,17,16
2017-12-02,10000046,32918,400000,400000,400000,1,1
2017-12-02,10000046,32999,1500942.81,1500942.81,1500942.81,1,1
2017-12-02,10000046,33001,4999998.38,4999998.38,4999998.38,1,1
2017-12-02,10000046,33003,549000,549000,549000,11,8
2017-12-02,10000046,33005,999999.97,999999.97,999999.97,1,1
2017-12-02,10000046,33007,794444,600000,988888,2,2
2017-12-02,10000046,33076,404309.33,389450,417000,17,16
2017-12-02,10000046,33078,1999999.78,1999999.76,1999999.78,4,4
2017-12-02,10000046,33091,299998.17,299998,299999,6,6
2017-12-02,10000046,33092,261963,250000,285888.99,3,3
2017-12-02,10000046,33093,250000,250000,250000,1,1
2017-12-02,10000046,33094,275000,250000,300000,2,2
2017-12-02,10000046,33095,1349561.17,1346227.84,1366227.83,6,6
2017-12-02,10000046,33096,1999698.33,1999698.33,1999698.33,4,4
2017-12-02,10000046,33097,1349999.93,1349999.93,1349999.93,4,4
2017-12-02,10000046,33098,1399998.35,1399998.35,1399998.35,8,8
2017-12-02,10000046,33101,448490.55,439997,533426.13,11,11
2017-12-02,10000046,33103,600000,600000,600000,1,1
2017-12-02,10000046,33176,150000,150000,150000,3,3
2017-12-02,10000046,33178,150000,150000,150000,2,2
2017-12-02,10000046,33180,248997.97,248997.97,248997.97,14,12
2017-12-02,10000046,33195,158.5,158.5,158.5,3,1
2017-12-02,10000046,33197,2500000.5,2500000.5,2500000.5,1,1
2017-12-02,10000046,33199,2800000.55,2800000.55,2800000.55,1,1
2017-12-02,10000046,33201,2433333.59,2433333.59,2433333.59,2,1
2017-12-02,10000046,33330,6500.74,6500.74,6500.74,100,1
2017-12-02,10000046,33332,30248.98,30248.98,30248.98,194,6
2017-12-02,10000046,33399,6749998.89,6749998.89,6749998.89,1,1
2017-12-02,10000046,33450,2799996.94,2799996.94,2799996.94,5,1
2017-12-02,10000046,33468,64998997.47,64998990,64998998.43,9,9
2017-12-02,10000046,33470,228500000.27,228000000.55,228999999.98,2,2
2017-12-02,10000046,33474,2750000,2749999.99,2750000,10,8
2017-12-02,10000046,33475,8832913.36,8499999.98,8998997.98,72,42
2017-12-02,10000046,33520,50499998.98,50499997.98,50499999.98,2,2
2017-12-02,10000046,33681,95000000,95000000,95000000,2,1
2017-12-02,10000046,33697,32000000,32000000,32000000,1,1
2017-12-02,10000046,33699,224899.85,224899.84,224899.85,3,3
2017-12-02,10000046,33816,65329963.85,64999999.77,65989892,3,3
2017-12-02,10000046,33818,249999998.66,249999998.66,249999998.66,1,1
2017-12-02,10000046,33822,209999.98,209999.98,209999.98,4,4
2017-12-02,10000046,33824,1685000.08,305000.16,1850000,9,7
2017-12-02,10000046,33856,4999999.57,4999999.57,4999999.57,1,1
2017-12-02,10000046,33890,959764.97,959764.96,959764.97,13,7
2017-12-02,10000046,33892,4199998.94,4199998.81,4199998.97,10,3
2017-12-02,10000046,33894,4253845.62,4200000,4299999,26,9
2017-12-02,10000046,33896,8466666.67,8099999.31,8500000,27,11
2017-12-02,10000046,34201,301000.55,301000.55,301000.55,7,3
2017-12-02,10000046,34202,1133030.02,55050.04,2750000,5,3
2017-12-02,10000046,34203,743572.19,115005.31,850000,42,10
2017-12-02,10000046,34204,250000,250000,250000,4,1
2017-12-02,10000046,34205,420000.55,420000.55,420000.55,7,3
2017-12-02,10000046,34206,300000,300000,300000,3,2
2017-12-02,10000046,34207,125001.1,125001.1,125001.1,1,1
2017-12-02,10000046,34208,547841.01,547841.01,547841.01,1,1
2017-12-02,10000046,34268,2699968.99,2699968.99,2699968.99,1,1
2017-12-02,10000046,34483,99999999,99999999,99999999,1,1
2017-12-02,10000046,34828,61999999.11,61999998.95,61999999.42,3,3
2017-12-02,10000046,35038,100000,100000,100000,1,1
2017-12-02,10000046,35074,850000,850000,850000,1,1
2017-12-02,10000046,35656,22036.21,5001,39999.87,35,23
2017-12-02,10000046,35657,80724.83,67000.03,99999.39,40,26
2017-12-02,10000046,35658,59136.84,20000.01,68500,57,51
2017-12-02,10000046,35659,46207.45,10000,59373.8,30,24
2017-12-02,10000046,35660,27667.6,15000,29654.93,59,34
2017-12-02,10000046,35661,238200.04,211000.1,251000.01,25,9
2017-12-02,10000046,35662,297106.82,251000.02,419998.94,28,16
2017-12-02,10000046,35680,4503999.72,4503999.72,4503999.72,1,1
2017-12-02,10000046,35683,69998000.99,69998000.99,69998000.99,3,2
2017-12-02,10000046,35685,1499993.93,1499993.93,1499993.93,2,2
2017-12-02,10000046,35771,2150000,2149999.99,2150000,4,3
2017-12-02,10000046,35788,65000,65000,65000,1,1
2017-12-02,10000046,35789,1775000,1750000,1800000,2,2
2017-12-02,10000046,35790,2150000,2150000,2150000,1,1
2017-12-02,10000046,35794,5000,5000,5000,8,6
2017-12-02,10000046,35795,12000,12000,12000,5,3
2017-12-02,10000046,36908,7999999.13,7999999.13,7999999.13,4,2
2017-12-02,10000046,36909,9000000,9000000,9000000,1,1
2017-12-02,10000046,36910,6258258.21,6258258.21,6258258.22,9,5
2017-12-02,10000046,36911,8749999.2,8749999.2,8749999.2,2,1
2017-12-02,10000046,36912,9799999.72,9000000,9999999.64,5,5
2017-12-02,10000046,37544,5000,5000,5000,8,5
2017-12-02,10000046,37545,2500.02,2500.02,2500.02,2,2
2017-12-02,10000046,37608,1406666.8,1400000.36,1499996.99,15,12
2017-12-02,10000046,37610,1500000.41,1500000.41,1500000.42,9,6
2017-12-02,10000046,37611,1400000.42,1400000.42,1400000.43,21,10
2017-12-02,10000046,37615,20000000,20000000,20000000,5,2
2017-12-02,10000046,40328,5599970.08,5599970.07,5599970.08,3,3
2017-12-02,10000046,40345,8000000,8000000,8000000,1,1
2017-12-02,10000046,40354,33776595.36,33776595.35,33776595.36,2,2
2017-12-02,10000046,40361,3245000,3245000,3245000,12,2
2017-12-02,10000046,40519,418126351,418126351,418126351,3,3
2017-12-02,10000046,40520,831817406.75,784000011.01,833990968.97,23,16
2017-12-02,10000046,40557,12749999.99,12749999.99,12749999.99,28,3
2017-12-02,10000046,40559,8900000,8900000,8900000,9,1
2017-12-02,10000046,40572,109999999.96,109999999.96,109999999.96,2,2
2017-12-02,10000046,40573,114749999.81,114749999.81,114749999.82,3,3
2017-12-02,10000046,41031,9970,1750,19495,9,7
2017-12-02,10000046,41032,7870,1750,18750,25,11
2017-12-02,10000046,41033,50000,49999.99,50000,3,3
2017-12-02,10000046,41034,34109.7,30000.13,38999,9,6
2017-12-02,10000046,41054,259000.36,259000.34,259000.39,35,16
2017-12-02,10000046,41055,419000.01,419000.01,419000.01,28,13
2017-12-02,10000046,41056,276945.56,236000.62,369996.99,39,20
2017-12-02,10000046,41058,49850990.74,49850990.74,49850990.74,1,1
2017-12-02,10000046,41155,9000,9000,9000,34,20
2017-12-02,10000046,41218,37744999.5,37499999,37989999.99,2,2
2017-12-02,10000046,41249,80000000,80000000,80000000,2,2
2017-12-02,10000046,41268,250000,250000,250000,12,1
2017-12-02,10000046,41411,45000000,45000000,45000000,1,1
2017-12-02,10000046,41489,17000,17000,17000,107,2
2017-12-02,10000046,41490,999897.83,999897.83,999897.83,254,7
2017-12-02,10000046,41493,160000000.55,160000000.55,160000000.55,1,1
2017-12-02,10000046,41507,155000000,155000000,155000000,1,1
2017-12-02,10000046,42244,66699999.25,45000000,77549998.88,3,3
2017-12-02,10000046,42528,1499999.96,1499999.96,1499999.96,1,1
2017-12-02,10000046,42529,1888221.39,1826266.17,1919199,3,3
2017-12-02,10000046,42694,950,950,950,100,1
2017-12-02,10000046,42695,1000,1000,1000,2479,5
2017-12-02,10000046,42696,1000,1000,1000,1000,4
2017-12-02,10000046,42829,1851.98,1851.98,1851.98,683,2
2017-12-02,10000046,42830,943.98,943.98,943.98,983,3
2017-12-02,10000046,42832,950,950,950,597,1
2017-12-02,10000046,42833,950,950,950,299,1
2017-12-02,10000046,42838,1000,1000,1000,1886,3
2017-12-02,10000046,42839,1000,1000,1000,1886,4
2017-12-02,10000046,42840,1000,1000,1000,2088,6
2017-12-02,10000046,43551,7999999.97,7999999.97,7999999.97,2,1
2017-12-02,10000046,43552,3600000,3600000,3600000,1,1
2017-12-02,10000046,43556,4499999.99,4499999.99,4499999.99,7,4
2017-12-02,10000046,43703,24999979.03,24999979.03,24999979.03,1,1
2017-12-02,10000046,43896,2950000,2950000,2950000,2,1
2017-12-02,10000046,44102,3309742.82,320000,3500000,35,34
2017-12-02,10000046,44992,3150003.03,3000000.05,3150003.04,5582,25
2017-12-02,10000046,45010,134999.99,134999.99,134999.99,2,1
2017-12-02,10000046,45504,1458,1458,1458,1140,1
2017-12-02,10000046,45602,59999998.98,59999998.98,59999998.98,1,1
2017-12-02,10000046,45614,39999999.99,39999999.99,39999999.99,1,1
2017-12-02,10000046,45633,39999994.99,39999994.99,39999994.99,1,1
2017-12-02,10000046,45635,228964285.7,215750000,229999999.98,7,6
2017-12-02,10000046,45746,1034666.62,1034000,1034999.93,3,3
2017-12-02,10000046,45748,5649499.49,5399000,5899998.97,2,2
2017-12-02,10000046,45749,29599999.79,29599999.79,29599999.79,1,1
2017-12-02,10000046,45750,17659999.36,17659999.34,17659999.38,2,2
2017-12-02,10000046,45829,850000,850000,850000,1,1
2017-12-02,10000046,45847,2999999.99,2999999.98,2999999.99,2,2
2017-12-02,10000046,45873,750000,750000,750000,1,1
2017-12-02,10000046,45876,850000,850000,850000,1,1
2017-12-02,10000046,45888,1100000,1100000,1100000,1,1
2017-12-02,10000046,45950,1100000,1100000,1100000,1,1
2017-12-02,10000046,45955,1000000,1000000,1000000,1,1
2017-12-02,10000046,45974,2499999.99,2499999.98,2500000,3,3
2017-12-02,10000046,45998,2390000,2390000,2390000,1,1
2017-12-02,10000046,46002,2500000,2500000,2500000,1,1
2017-12-02,10000046,46003,26954211,26954211,26954211,1,1
2017-12-02,10000046,46006,18400000,18400000,18400000,1,1
2017-12-02,10000046,46008,50000,50000,50000,10,2
2017-12-02,10000046,46152,19999999.44,19999999.44,19999999.44,1,1
2017-12-02,10000046,46153,29999998.15,29999998.15,29999998.15,1,1
2017-12-02,10000046,46154,34999998.46,34999998.46,34999998.46,1,1
2017-12-02,10000046,46155,34999998.86,34999998.86,34999998.86,1,1
2017-12-02,10000046,46156,45999998.2,45999998.2,45999998.2,1,1
2017-12-02,10000046,46308,2587,2587,2587,318,2
2017-12-02,10000046,46355,174900,174900,174900,8,1
2017-12-02,10000046,46356,2499991,2499991,2499991,2,1
2017-12-02,10000046,46365,160000,160000,160000,8,1
2017-12-02,10000046,46367,450000,450000,450000,8,1
2017-12-02,10000046,46369,169000,169000,169000,8,1
2017-12-02,10000046,46371,187085.71,170000,199900,7,2
2017-12-02,10000046,46693,184500,184500,184500,6,1
2017-12-02,10000046,46713,39999999.99,39999999.99,39999999.99,1,1
2017-12-02,10000046,46723,10000000,10000000,10000000,1,1
2017-12-02,10000046,47029,200000000,200000000,200000000,1,1
2017-12-02,10000047,19,2156.5,2156.5,2156.5,34522,4
2017-12-02,10000047,22,3799,3799,3799,5807,3
2017-12-02,10000047,34,5.99,5.99,5.99,187126181,90
2017-12-02,10000047,35,2.83,2.83,2.83,82598946,84
2017-12-02,10000047,36,71,67.87,72.75,19369188,95
2017-12-02,10000047,37,39.93,39.89,39.93,5335168,90
2017-12-02,10000047,38,300,285,310,824237,81
2017-12-02,10000047,39,945,900,957,392863,72
2017-12-02,10000047,40,1000,1000,1000,325712,70
2017-12-02,10000047,44,8000,8000,8000,5539,2
2017-12-02,10000047,184,12,12,12,500,1
2017-12-02,10000047,185,17.5,17.5,17.5,28000,1
2017-12-02,10000047,193,70.44,70.44,70.44,10000,1
2017-12-02,10000047,200,251.98,251.98,251.98,5000,1
2017-12-02,10000047,201,146,146,146,30000,1
2017-12-02,10000047,202,2.25,2.25,2.25,8223,2
2017-12-02,10000047,207,40,40,40,22084,3
2017-12-02,10000047,208,48,48,48,34999,2
2017-12-02,10000047,209,48,48,48,2500,2
2017-12-02,10000047,211,15,15,15,2000,1
2017-12-02,10000047,212,0.21,0.21,0.21,32185,3
2017-12-02,10000047,215,3,3,3,76580,4
2017-12-02,10000047,217,9.75,9.75,9.75,1400,1
2017-12-02,10000047,218,10,10,10,3000,1
2017-12-02,10000047,222,19.95,19.95,19.95,6893,2
2017-12-02,10000047,225,25,25,25,6000,1
2017-12-02,10000047,229,46,46,46,4000,2
2017-12-02,10000047,230,60,60,60,18355,4
2017-12-02,10000047,240,56,56,56,2,2
2017-12-02,10000047,242,24,24,24,1,1
2017-12-02,10000047,243,40.2,40.2,40.2,1,1
2017-12-02,10000047,244,7.9,7.9,7.9,2,2
2017-12-02,10000047,245,50,50,50,2,1
2017-12-02,10000047,246,2999.95,2999.95,2999.95,2,1
2017-12-02,10000047,247,6625.23,1045.39,14995,5,4
2017-12-02,10000047,248,2995,2995,2995,2,1
2017-12-02,10000047,249,620.19,417.2,1432.16,10,6
2017-12-02,10000047,250,282.1,282.1,282.1,4,4
2017-12-02,10000047,251,240,240,240,4,3
2017-12-02,10000047,252,1674.99,125.01,3999.95,5,3
2017-12-02,10000047,253,2860.98,222,5499.95,4,3
2017-12-02,10000047,254,90841.49,12995,99999.99,19,3
2017-12-02,10000047,255,2665.63,2665.63,2665.63,3,3
2017-12-02,10000047,256,1992,1992,1992,2,2
2017-12-02,10000047,257,3509.03,3509.03,3509.03,2,2
2017-12-02,10000047,259,3522,3522,3522,1,1
2017-12-02,10000047,260,3246,3246,3246,2,2
2017-12-02,10000047,261,1225.17,1225.17,1225.17,2,2
2017-12-02,10000047,262,20000,20000,20000,4,1
2017-12-02,10000047,263,100,100,100,200,2
2017-12-02,10000047,264,630,630,630,200,1
2017-12-02,10000047,377,15000,15000,15000,2,1
2017-12-02,10000047,380,435710.7,200000,529994.98,7,6
2017-12-02,10000047,394,229995,229995,229995,2,2
2017-12-02,10000047,400,217450.81,125001.61,309900,2,2
2017-12-02,10000047,434,60552.77,59995,64999.99,9,6
2017-12-02,10000047,438,2746668.72,1900008.49,3099997.5,15,12
2017-12-02,10000047,439,19999.48,19999.48,19999.48,2,2
2017-12-02,10000047,440,4250003.4,3100010.21,4599999.99,6,6
2017-12-02,10000047,444,9899.99,9899.99,9899.99,2,1
2017-12-02,10000047,447,64999.99,64999.99,64999.99,1,1
2017-12-02,10000047,448,1756962.38,1500000,1798999.99,27,27
2017-12-02,10000047,482,899999.04,899999.04,899999.04,134,6
2017-12-02,10000047,483,20909.09,20000,30000,22,2
2017-12-02,10000047,491,100000,100000,100000,5,1
2017-12-02,10000047,499,11875.48,11875.48,11875.48,2,1
2017-12-02,10000047,519,962242.76,850000,1030000,33,18
2017-12-02,10000047,523,50000,50000,50000,1,1
2017-12-02,10000047,527,1083102.22,950000,1139995.9,13,13
2017-12-02,10000047,533,50000,20000,70000,10,2
2017-12-02,10000047,561,114000,114000,114000,6,1
2017-12-02,10000047,565,49999.99,49999.99,49999.99,11,2
2017-12-02,10000047,577,35000,35000,35000,1,1
2017-12-02,10000047,578,97420.42,83000,100748.09,16,10
2017-12-02,10000047,583,245994.65,245994.65,245994.65,1,1
2017-12-02,10000047,584,284500,230000,339000,2,2
2017-12-02,10000047,585,148104,23000,150000,67,10
2017-12-02,10000047,586,300000.99,300000.99,300000.99,1,1
2017-12-02,10000047,587,350000,349999.99,350000,6,3
2017-12-02,10000047,589,225999.98,225999.98,225999.98,2,2
2017-12-02,10000047,593,425000,400000,450000,2,2
2017-12-02,10000047,594,300000,300000,300000,1,1
2017-12-02,10000047,599,250000,250000,250000,1,1
2017-12-02,10000047,601,5000,5000,5000,1,1
2017-12-02,10000047,602,381330.83,300000,399995.01,6,4
2017-12-02,10000047,603,300000,300000,300000,1,1
2017-12-02,10000047,605,418284.69,412071.88,499000,4,4
2017-12-02,10000047,607,483331.67,475000,499995,3,2
2017-12-02,10000047,608,350000,350000,350000,2,2
2017-12-02,10000047,609,199000,199000,199000,1,1
2017-12-02,10000047,621,4306959.56,1587544,7700000,9,5
2017-12-02,10000047,622,7849995,7849995,7849995,1,1
2017-12-02,10000047,623,8032515.13,7365863.19,8365841.1,3,3
2017-12-02,10000047,624,8217619.11,7000000,9435238.21,2,2
2017-12-02,10000047,626,6362500,3750000,8975000,4,4
2017-12-02,10000047,628,7599663.34,6799000,7999995.01,3,3
2017-12-02,10000047,629,8999995,8999995,8999995,1,1
2017-12-02,10000047,630,5500000,5500000,5500000,1,1
2017-12-02,10000047,632,7166666.67,7000000,7500000,3,2
2017-12-02,10000047,633,8800000,8800000,8800000,1,1
2017-12-02,10000047,634,7562497.5,6999995,8750000,4,4
2017-12-02,10000047,638,189049765.03,185099530.05,193000000,2,2
2017-12-02,10000047,640,148899994.83,148899994.83,148899994.83,1,1
2017-12-02,10000047,641,140499999.46,121000003.92,159999995,2,2
2017-12-02,10000047,642,163749995,163749995,163749995,2,1
2017-12-02,10000047,643,169999998.93,169999998.93,169999998.93,1,1
2017-12-02,10000047,645,179799998.98,174999999.98,184999999.98,5,5
2017-12-02,10000047,648,1100000,1100000,1100000,1,1
2017-12-02,10000047,649,1749997.5,999995,2500000,2,2
2017-12-02,10000047,650,888888,888888,888888,2,2
2017-12-02,10000047,652,1600000,1600000,1600000,1,1
2017-12-02,10000047,654,1222743.77,1190976.08,1500000,4,4
2017-12-02,10000047,655,959721.13,888887,1200000,8,8
2017-12-02,10000047,656,1220000,1050000,1390000,2,2
2017-12-02,10000047,657,1648568.34,1499000,2096055.5,7,7
2017-12-02,10000047,672,51747.15,45000,69730.07,14,7
2017-12-02,10000047,689,5999999,5999999,5999999,1,1
2017-12-02,10000047,690,5999999,5999999,5999999,1,1
2017-12-02,10000047,837,999999,999999,999999,1,1
2017-12-02,10000047,946,6999999,6999999,6999999,1,1
2017-12-02,10000047,956,5999999,5999999,5999999,1,1
2017-12-02,10000047,967,999999,999999,999999,1,1
2017-12-02,10000047,1140,999999,999999,999999,1,1
2017-12-02,10000047,1161,999999,999999,999999,1,1
2017-12-02,10000047,1182,59374.08,55000,59998.95,16,6
2017-12-02,10000047,1183,632665.35,300000.25,699000,9,7
2017-12-02,10000047,1185,64200,64200,64200,3,1
2017-12-02,10000047,1201,70000,70000,70000,4,1
2017-12-02,10000047,1223,3005,3005,3005,964,2
2017-12-02,10000047,1231,61,61,61,352,1
2017-12-02,10000047,1236,690537.87,599000,749999.63,13,10
2017-12-02,10000047,1244,29998.88,20000,100000,9,3
2017-12-02,10000047,1245,999999,999999,999999,1,1
2017-12-02,10000047,1248,1155997.09,944996.45,1999999.69,5,3
2017-12-02,10000047,1266,599999.87,599999.87,599999.87,6,1
2017-12-02,10000047,1296,109000,109000,109000,1,1
2017-12-02,10000047,1306,282384.55,280000,297999.88,13,9
2017-12-02,10000047,1317,26546.87,24999.99,27950,16,5
2017-12-02,10000047,1319,397500,397000,398000,1008,42
2017-12-02,10000047,1335,287200,280000,320000,25,6
2017-12-02,10000047,1355,779498.2,749495,786999,5,5
2017-12-02,10000047,1403,21000.01,21000.01,21000.01,4,1
2017-12-02,10000047,1405,684357.34,595000,689900,78,28
2017-12-02,10000047,1422,849994.99,849994.99,849994.99,8,2
2017-12-02,10000047,1436,1799999.44,1799999.44,1799999.44,1,1
2017-12-02,10000047,1447,759410.81,699995,809999.85,17,13
2017-12-02,10000047,1541,1065674.53,1043989.92,1099997.5,15,10
2017-12-02,10000047,1830,75,75,75,1000,1
2017-12-02,10000047,1875,42500,20000,50000,4,2
2017-12-02,10000047,1877,865633.27,600000,1299999.93,59,6
2017-12-02,10000047,1944,1199996.67,1000000,1299995,3,3
2017-12-02,10000047,1952,1160369.35,800000,1202999.98,32,17
2017-12-02,10000047,1964,1349999.85,1349999.85,1349999.85,2,1
2017-12-02,10000047,1969,1759999.23,1699998.73,1849999.99,5,3
2017-12-02,10000047,1978,1304069.61,990019.35,1461094.74,3,3
2017-12-02,10000047,1987,1399997.84,999995.99,1999999.69,5,3
2017-12-02,10000047,1999,1007665.15,500000,1074998.5,12,10
2017-12-02,10000047,2024,1329999.78,1329999.78,1329999.78,3,2
2017-12-02,10000047,2032,454716.56,370041.5,479999.99,30,12
2017-12-02,10000047,2038,815893.9,799000,969999.45,66,6
2017-12-02,10000047,2046,10530.49,9000,12000,10,6
2017-12-02,10000047,2048,536617.19,484999.98,549999.94,140,92
2017-12-02,10000047,2117,2199999.99,2199999.99,2199999.99,3,1
2017-12-02,10000047,2173,15220.62,1200.73,24000.66,47,6
2017-12-02,10000047,2174,3999999,3999999,3999999,1,1
2017-12-02,10000047,2175,1087332.06,999999.99,1159899.7,92,12
2017-12-02,10000047,2183,46662.36,1000,999999.69,49,6
2017-12-02,10000047,2185,949995,949995,949995,478,18
2017-12-02,10000047,2193,109067.44,100000,120000,87,15
2017-12-02,10000047,2195,2099996.98,2099996.83,2300000,145,29
2017-12-02,10000047,2203,3000,2654.34,3000,290,12
2017-12-02,10000047,2204,999999,999999,999999,1,1
2017-12-02,10000047,2205,400000,395000,450000,188,29
2017-12-02,10000047,2254,269040.32,238080.64,300000,4,2
2017-12-02,10000047,2267,0.02,0.02,0.02,174288,1
2017-12-02,10000047,2268,0.7,0.7,0.7,17089,1
2017-12-02,10000047,2270,0.02,0.02,0.02,112275,1
2017-12-02,10000047,2272,0.02,0.02,0.02,58069,1
2017-12-02,10000047,2281,2979582.03,2000026.36,3447999.96,77,38
2017-12-02,10000047,2293,140000,140000,140000,1,1
2017-12-02,10000047,2295,94999.98,94999.98,94999.98,3,3
2017-12-02,10000047,2297,1839919.77,1600000,1899899.71,5,2
2017-12-02,10000047,2299,1539999.99,1499999.99,1700000,5,2
2017-12-02,10000047,2301,2557832.05,2447999.99,3249999.85,27,24
2017-12-02,10000047,2303,1963683.67,1699995,2199999.91,19,11
2017-12-02,10000047,2309,0.02,0.02,0.02,152976,1
2017-12-02,10000047,2310,0.02,0.02,0.02,1121,1
2017-12-02,10000047,2333,973554.13,926999.53,1099995,9,9
2017-12-02,10000047,2341,999999,999999,999999,1,1
2017-12-02,10000047,2349,78000,78000,78000,398,3
2017-12-02,10000047,2351,40000,40000,40000,327,1
2017-12-02,10000047,2361,60000,60000,60000,2,2
2017-12-02,10000047,2364,977610.06,899000,1099995,95,14
2017-12-02,10000047,2389,400,400,400,10820,1
2017-12-02,10000047,2392,605,605,605,110560,4
2017-12-02,10000047,2393,296.15,296.15,296.15,88220,3
2017-12-02,10000047,2395,789,789,789,10800,2
2017-12-02,10000047,2396,420,420,420,56032,2
2017-12-02,10000047,2397,700,700,700,75000,2
2017-12-02,10000047,2400,475,475,475,76880,2
2017-12-02,10000047,2403,8999999.99,8999999.99,8999999.99,1,1
2017-12-02,10000047,2404,1005164.02,880005.22,1267997.5,31,4
2017-12-02,10000047,2406,1399999.53,1399999.53,1399999.53,1,1
2017-12-02,10000047,2410,1200001.2,1000005.25,1299998.97,15,4
2017-12-02,10000047,2436,2082347.2,2049999.98,2099991.15,17,3
2017-12-02,10000047,2446,1763576.17,1650000,1812155.65,27,5
2017-12-02,10000047,2454,3403.12,2274.5,3481.18,74,13
2017-12-02,10000047,2456,445000,360000,445959.92,188,28
2017-12-02,10000047,2464,4000,4000,4000,13,2
2017-12-02,10000047,2466,238771.41,0.01,449989.73,29,5
2017-12-02,10000047,2478,1950000,1950000,1950000,2,1
2017-12-02,10000047,2486,5959.1,1900,8000,36,6
2017-12-02,10000047,2487,999999,999999,999999,1,1
2017-12-02,10000047,2488,426000,426000,445000,220,37
2017-12-02,10000047,2495,777630.05,749999.99,805260.1,2,2
2017-12-02,10000047,2505,799999.99,799999.99,799999.99,1,1
2017-12-02,10000047,2517,999999,999999,999999,1,1
2017-12-02,10000047,2524,150000,150000,150000,3,2
2017-12-02,10000047,2525,165033.33,75050,345000,3,3
2017-12-02,10000047,2531,629994.87,629994.87,629994.87,1,1
2017-12-02,10000047,2533,255000,150000,280000,6,4
2017-12-02,10000047,2534,218181.82,150000,350000,11,5
2017-12-02,10000047,2539,1059997.47,969995,1149999.94,2,2
2017-12-02,10000047,2549,356249.75,150000,499999,8,6
2017-12-02,10000047,2550,321269.86,300000,350000,12,7
2017-12-02,10000047,2551,187525,75050,299999.99,4,3
2017-12-02,10000047,2553,1025530.82,750003.42,1029995,9,9
2017-12-02,10000047,2559,1600000,1600000,1600000,1,1
2017-12-02,10000047,2563,1900000,1900000,1900000,1,1
2017-12-02,10000047,2571,1235292.97,1199997.95,1900000,17,6
2017-12-02,10000047,2575,2400000,2400000,2400000,1,1
2017-12-02,10000047,2603,10000,10000,10000,3,1
2017-12-02,10000047,2605,327309.9,316999,383999.85,56,28
2017-12-02,10000047,2613,98.94,98.94,98.94,9142,4
2017-12-02,10000047,2621,750,750,750,35316,4
2017-12-02,10000047,2629,549.99,549.99,549.99,12721,3
2017-12-02,10000047,2637,700,700,700,4028,1
2017-12-02,10000047,2679,323.84,323.84,323.84,5000,1
2017-12-02,10000047,2817,182.06,182.06,182.06,4500,3
2017-12-02,10000047,2867,2125000,1950000,2300000,16,2
2017-12-02,10000047,2868,2636454.73,2362053.65,3200000,82,6
2017-12-02,10000047,2869,1987222.22,800000,2000000,27,3
2017-12-02,10000047,2870,1189989,1189989,1189989,101,7
2017-12-02,10000047,2871,2000000,2000000,2000000,8,1
2017-12-02,10000047,2872,3286019.66,3250000,3520970,87,6
2017-12-02,10000047,2873,430005.91,430005.91,430005.91,7,2
2017-12-02,10000047,2875,900000,900000,900000,217,5
2017-12-02,10000047,2876,2955555.33,2599999,3100000,35,4
2017-12-02,10000047,2889,562244.72,559999.98,694994.86,53,11
2017-12-02,10000047,2897,1478571.43,1478000,1480000.01,7,4
2017-12-02,10000047,2905,793999.98,587999.96,999999.99,4,2
2017-12-02,10000047,2913,1749999.52,1749999,1749999.99,21,5
2017-12-02,10000047,2937,1500000,1500000,1500000,10,2
2017-12-02,10000047,2977,1231577.76,999997.37,1399999.86,19,4
2017-12-02,10000047,2998,71333332.67,64000000,74999999.01,3,3
2017-12-02,10000047,3001,400000,400000,400000,4,1
2017-12-02,10000047,3009,1999999.5,1999999.49,1999999.5,10,2
2017-12-02,10000047,3025,1499999,1499999,1499999,40,1
2017-12-02,10000047,3041,649997.7,649994.72,649999.94,7,4
2017-12-02,10000047,3057,4599997.27,2500000,5099995,22,3
2017-12-02,10000047,3074,927513.62,863747,978999.99,19,5
2017-12-02,10000047,3082,2623529.15,2200000,3999998.9,51,3
2017-12-02,10000047,3090,5390000,5390000,5390000,10,1
2017-12-02,10000047,3098,381265.11,359999.99,549900,43,5
2017-12-02,10000047,3122,4298999.99,4298999.99,4298999.99,4,1
2017-12-02,10000047,3130,1863343.51,1780061.08,1880000,6,2
2017-12-02,10000047,3146,2054999.99,2054999.99,2054999.99,3,1
2017-12-02,10000047,3162,625724.37,532879.83,700000,9,3
2017-12-02,10000047,3170,652306.59,500000,729998.9,17,6
2017-12-02,10000047,3178,785332.21,749998.91,849999.72,15,4
2017-12-02,10000047,3244,1648128.19,1600000,1799799.94,39,29
2017-12-02,10000047,3256,7500000,7500000,7500000,2,2
2017-12-02,10000047,3265,7389999.89,7389999.89,7389999.89,2,2
2017-12-02,10000047,3296,48299.67,40000,64899,3,2
2017-12-02,10000047,3297,49037.13,8999.99,100419.99,7,4
2017-12-02,10000047,3302,35066.66,30000,45200,3,3
2017-12-02,10000047,3303,30000,30000,30000,1,1
2017-12-02,10000047,3304,162499.92,124999.85,199999.99,2,2
2017-12-02,10000047,3306,123809.52,119999.99,131428.57,3,3
2017-12-02,10000047,3307,2399999.74,2399999.74,2399999.74,1,1
2017-12-02,10000047,3308,2474999.93,2449999.99,2499999.86,2,2
2017-12-02,10000047,3309,2425925.73,2399999.85,2477777.5,3,3
2017-12-02,10000047,3311,96000,96000,96000,1,1
2017-12-02,10000047,3312,71999.99,71999.99,71999.99,2,2
2017-12-02,10000047,3315,1199999.99,1199999.99,1199999.99,1,1
2017-12-02,10000047,3320,20000,19999.99,20000,4,4
2017-12-02,10000047,3322,30000,30000,30000,2,2
2017-12-02,10000047,3323,35999.99,35999.99,35999.99,1,1
2017-12-02,10000047,3324,149999.98,149999.98,149999.98,1,1
2017-12-02,10000047,3328,56734.39,56734.39,56734.39,1,1
2017-12-02,10000047,3329,62195,60000,64390,2,2
2017-12-02,10000047,3330,47999,47999,47999,1,1
2017-12-02,10000047,3332,649999.61,649999.61,649999.61,1,1
2017-12-02,10000047,3336,4799999.8,4799999.8,4799999.8,3,3
2017-12-02,10000047,3337,5500000,5500000,5500000,1,1
2017-12-02,10000047,3339,4699994.73,4699994.73,4699994.73,1,1
2017-12-02,10000047,3340,400000,400000,400000,1,1
2017-12-02,10000047,3342,325000,325000,325000,2,2
2017-12-02,10000047,3348,35000,35000,35000,1,1
2017-12-02,10000047,3350,249999.99,249999.99,249999.99,1,1
2017-12-02,10000047,3355,30000,30000,30000,1,1
2017-12-02,10000047,3363,49999.99,49999.99,49999.99,1,1
2017-12-02,10000047,3385,89999.99,89999.99,89999.99,1,1
2017-12-02,10000047,3389,399999.99,399999.99,399999.99,1,1
2017-12-02,10000047,3397,1249999.99,1249999.99,1249999.99,1,1
2017-12-02,10000047,3398,30000000,30000000,30000000,1,1
2017-12-02,10000047,3400,124999999.81,124999999.81,124999999.81,1,1
2017-12-02,10000047,3405,25000,25000,25000,2,1
2017-12-02,10000047,3406,400000,400000,400000,1,1
2017-12-02,10000047,3410,475000,400000,549999.99,2,2
2017-12-02,10000047,3412,538000,538000,538000,1,1
2017-12-02,10000047,3420,375000,375000,375000,1,1
2017-12-02,10000047,3425,120000,120000,120000,1,1
2017-12-02,10000047,3428,110000,110000,110000,1,1
2017-12-02,10000047,3431,120000,120000,120000,1,1
2017-12-02,10000047,3434,96000,96000,96000,2,2
2017-12-02,10000047,3440,259999.79,259999.79,259999.79,2,2
2017-12-02,10000047,3441,1000000.1,1000000.1,1000000.1,1,1
2017-12-02,10000047,3451,38999.92,38999.92,38999.92,1,1
2017-12-02,10000047,3454,407998,407998,407998,2,2
2017-12-02,10000047,3488,899993,899993,899993,1,1
2017-12-02,10000047,3496,2092277.33,1934554.66,2250000,2,2
2017-12-02,10000047,3504,2674999.98,2649999.95,2700000,2,2
2017-12-02,10000047,3520,1822498.25,1799998.99,1899999.99,12,4
2017-12-02,10000047,3530,1778570.7,1449997.55,1899999.95,14,11
2017-12-02,10000047,3540,1489142.86,1000000,2162000,7,4
2017-12-02,10000047,3542,471199999.99,471199999.99,471199999.99,1,1
2017-12-02,10000047,3552,520,520,520,169,1
2017-12-02,10000047,3554,1350,1350,1350,612,3
2017-12-02,10000047,3568,1030599.93,939000,1199999.99,20,18
2017-12-02,10000047,3578,2111794.36,2083989.48,2147998.92,5,4
2017-12-02,10000047,3645,452,415.57,452,102360,4
2017-12-02,10000047,3651,0.01,0.01,0.01,1,1
2017-12-02,10000047,3683,335.01,335.01,335.01,21621,2
2017-12-02,10000047,3685,1,1,1,18,1
2017-12-02,10000047,3689,9500,9500,9500,37418,7
2017-12-02,10000047,3756,31649486.98,5000000,42200000,6,4
2017-12-02,10000047,3766,400000,400000,400000,8,1
2017-12-02,10000047,3767,5999999,5999999,5999999,1,1
2017-12-02,10000047,3828,5000,5000,5000,1955,6
2017-12-02,10000047,3829,57291.23,44899,67000,10,6
2017-12-02,10000047,3831,801642.9,799995,1499999.69,21,15
2017-12-02,10000047,3839,50500,42000,59000,2,2
2017-12-02,10000047,3841,984632.3,620000.01,1099999.98,63,31
2017-12-02,10000047,3888,803248.08,573000.01,1099995,25,10
2017-12-02,10000047,3898,18699999.99,18699999.99,18699999.99,2,2
2017-12-02,10000047,3989,3999999.96,3999999.96,3999999.96,1,1
2017-12-02,10000047,3995,2499999.99,2499999.99,2499999.99,1,1
2017-12-02,10000047,4025,160400.02,20000.04,499999.97,25,14
2017-12-02,10000047,4027,128093.58,25000,499999.98,32,16
2017-12-02,10000047,4051,20600,20600,20600,7582,5
2017-12-02,10000047,4247,19461,19461,19461,28989,7
2017-12-02,10000047,4250,2271535.37,1000800.11,2399999.8,12,4
2017-12-02,10000047,4254,1051559,1020000,1098897.5,5,4
2017-12-02,10000047,4258,2775249.8,1000,3699999.73,4,2
2017-12-02,10000047,4260,1599999,1599999,1599999,2,2
2017-12-02,10000047,4308,69000000.01,69000000.01,69000000.01,1,1
2017-12-02,10000047,4310,54999999.99,54999999.99,54999999.99,1,1
2017-12-02,10000047,4383,964285.18,750000,1550000,14,6
2017-12-02,10000047,4385,4999999.99,4999999.99,4999999.99,2,2
2017-12-02,10000047,4391,250333.25,169000,290999.87,3,3
2017-12-02,10000047,4393,188000,188000,188000,5,2
2017-12-02,10000047,4394,3999999,3999999,3999999,1,1
2017-12-02,10000047,4395,732618.73,489999.71,799999.93,21,9
2017-12-02,10000047,4397,1899995,1899995,1899995,1,1
2017-12-02,10000047,4399,6089996.9,6089996.9,6089996.9,1,1
2017-12-02,10000047,4403,882329.64,600000,909999,14,14
2017-12-02,10000047,4405,1650000,1599995,1749999.93,127,43
2017-12-02,10000047,4471,45591.77,843.55,54999.72,11,6
2017-12-02,10000047,4531,102,102,102,1,1
2017-12-02,10000047,4535,118500.88,118500.88,118500.88,5,1
2017-12-02,10000047,4573,65311.25,245,88000,4,4
2017-12-02,10000047,4575,120000,120000,120000,3,2
2017-12-02,10000047,4609,1500,1500,1500,19,8
2017-12-02,10000047,4611,1,1,1,1,1
2017-12-02,10000047,4613,2000,2000,2000,12,2
2017-12-02,10000047,4787,34799.92,12000,49999.86,5,2
2017-12-02,10000047,4829,50999.98,50999.98,50999.98,1,1
2017-12-02,10000047,4831,214,214,214,1,1
2017-12-02,10000047,4833,97571.43,79000,144000,7,4
2017-12-02,10000047,4871,20366.33,2500,47499.98,15,11
2017-12-02,10000047,5009,132,132,132,3,3
2017-12-02,10000047,5011,14399.33,99,42999.99,3,3
2017-12-02,10000047,5047,1600.01,1600.01,1600.01,7,4
2017-12-02,10000047,5049,20000,20000,20000,9,6
2017-12-02,10000047,5051,43999.8,30000,99999,5,5
2017-12-02,10000047,5053,1308,1308,1308,8,6
2017-12-02,10000047,5137,69999.93,69999.93,69999.93,2,1
2017-12-02,10000047,5141,10465.28,700.42,29995,3,3
2017-12-02,10000047,5239,151,151,151,2,2
2017-12-02,10000047,5245,100,100,100,2,1
2017-12-02,10000047,5302,66490.76,31399,69999.94,33,3
2017-12-02,10000047,5320,26504.82,24913.23,28096.4,2,2
2017-12-02,10000047,5363,199999.84,199999.84,199999.84,2,2
2017-12-02,10000047,5399,6283.61,1118.18,29995,22,12
2017-12-02,10000047,5403,63000,62000,65000,3,3
2017-12-02,10000047,5405,29999.06,29997.57,29999.8,3,3
2017-12-02,10000047,5439,8667.82,558.09,20999.86,15,12
2017-12-02,10000047,5443,172559.34,157926.1,214999.86,7,7
2017-12-02,10000047,5445,48000,48000,48000,2,2
2017-12-02,10000047,5533,88497.92,87997.22,90000,4,2
2017-12-02,10000047,5649,17148.57,10,59995,7,2
2017-12-02,10000047,5683,50000,50000,50000,18,7
2017-12-02,10000047,5697,39999.98,39999.95,40000,17,8
2017-12-02,10000047,5723,50003.86,50003.85,50003.87,15,7
2017-12-02,10000047,5745,100,100,100,8,2
2017-12-02,10000047,5747,100,100,100,4,2
2017-12-02,10000047,5755,40000,40000,40000,16,7
2017-12-02,10000047,5757,1000,1000,1000,31,11
2017-12-02,10000047,5759,50003.05,50003.05,50003.05,11,7
2017-12-02,10000047,5839,932391.6,720002.37,1099998,23,15
2017-12-02,10000047,5849,42999.5,42999.5,42999.5,2,2
2017-12-02,10000047,5945,315499.99,310000.01,419999.69,20,7
2017-12-02,10000047,5955,81549.45,50000,139995,32,17
2017-12-02,10000047,5971,42674.72,41103.16,69898.72,41,21
2017-12-02,10000047,5973,361100.22,150001.64,767999.09,48,23
2017-12-02,10000047,5975,32783.49,1674.01,149999.99,27,10
2017-12-02,10000047,6001,27222.04,54,53783.17,8,8
2017-12-02,10000047,6003,20000,20000,20000,1,1
2017-12-02,10000047,6005,30070.59,18352.81,90000,6,6
2017-12-02,10000047,6073,99963.67,99900,99999.8,12,8
2017-12-02,10000047,6131,101,101,101,4,4
2017-12-02,10000047,6135,99999.71,99999.7,99999.71,3,2
2017-12-02,10000047,6159,49998.6,49998.6,49998.6,2,1
2017-12-02,10000047,6160,14095.35,100,39999.93,22,14
2017-12-02,10000047,6173,94999.71,90000,94999.99,7,4
2017-12-02,10000047,6296,125,125,125,1,1
2017-12-02,10000047,6325,39999.78,39999.55,40000,4,4
2017-12-02,10000047,6485,111.12,111.12,111.12,3,3
2017-12-02,10000047,6569,36995,36995,36995,2,1
2017-12-02,10000047,6675,193500.01,1500.02,321500,5,2
2017-12-02,10000047,6719,1050.04,1050.04,1050.04,4,2
2017-12-02,10000047,6923,619780.66,562142,648599.99,9,2
2017-12-02,10000047,6959,4050,4050,4050,2,1
2017-12-02,10000047,6963,223726,7457,439995,4,2
2017-12-02,10000047,6999,1305.44,1305.3,1306.25,7,4
2017-12-02,10000047,7001,30000.03,30000.02,30000.04,14,7
2017-12-02,10000047,7003,2002.49,2002.49,2002.49,3,1
2017-12-02,10000047,7005,7500,7500,7500,5,2
2017-12-02,10000047,7043,35000,35000,35000,5,3
2017-12-02,10000047,7045,40585.56,40585.37,40586.31,7,5
2017-12-02,10000047,7049,12000,12000,12000,3,2
2017-12-02,10000047,7085,100000,100000,100000,16,8
2017-12-02,10000047,7087,120000,120000,120000,3,2
2017-12-02,10000047,7123,150000,150000,150000,5,4
2017-12-02,10000047,7125,151111.11,150000,170000,18,9
2017-12-02,10000047,7127,180002.82,180002.39,180003.03,3,2
2017-12-02,10000047,7131,171002.13,171000.01,171003.47,20,10
2017-12-02,10000047,7167,200000,200000,200000,6,1
2017-12-02,10000047,7169,200000,200000,200000,14,7
2017-12-02,10000047,7171,200000,200000,200000,7,6
2017-12-02,10000047,7173,225000.2,225000.2,225000.2,10,7
2017-12-02,10000047,7367,1409548.48,1394999.97,1833520.27,45,9
2017-12-02,10000047,7447,598000,598000,598000,8,1
2017-12-02,10000047,7487,22500,22500,22500,1,1
2017-12-02,10000047,7535,4484.03,4484.03,4484.03,3,1
2017-12-02,10000047,7579,5996.1,5996.1,5996.1,1,1
2017-12-02,10000047,7663,584284.34,45000.18,799998,7,2
2017-12-02,10000047,7827,499999.8,499999.8,499999.8,4,1
2017-12-02,10000047,7997,238799,233998.99,239999,5,2
2017-12-02,10000047,8007,228000,228000,228000,5,1
2017-12-02,10000047,8027,2247995.24,2247995.24,2247995.24,6,2
2017-12-02,10000047,8089,534218,534218,534218,3,1
2017-12-02,10000047,8091,137854.64,100000,139995,14,4
2017-12-02,10000047,8105,2037776.62,800000,2269995,27,6
2017-12-02,10000047,8117,328999.99,328999.99,329000,9,4
2017-12-02,10000047,8175,10000,10000,10000,1,1
2017-12-02,10000047,8177,49894.72,49894.72,49894.72,1,1
2017-12-02,10000047,8225,29999.86,29999.86,29999.86,1,1
2017-12-02,10000047,8263,24995,24995,24995,1,1
2017-12-02,10000047,8427,100000,100000,100000,3,2
2017-12-02,10000047,8433,487497.3,450000.88,499995,4,3
2017-12-02,10000047,8517,2932681.43,1259209.42,3699799,10,6
2017-12-02,10000047,8521,245000,185000,305000,2,2
2017-12-02,10000047,8529,180552.85,167997.5,275000,9,6
2017-12-02,10000047,8535,201358.34,1698,999999.69,5,3
2017-12-02,10000047,8641,359997.18,359997.18,359997.18,3,1
2017-12-02,10000047,8869,450000.89,450000.89,450000.89,7,1
2017-12-02,10000047,8903,950000,950000,950000,7,1
2017-12-02,10000047,9497,724624.92,680000,798999.78,8,2
2017-12-02,10000047,9568,400000.01,400000.01,400000.01,1,1
2017-12-02,10000047,9580,138333.33,135000,140000,3,3
2017-12-02,10000047,9622,161830.12,49995,348221.99,8,4
2017-12-02,10000047,9632,234362.06,229995,249999.99,17,9
2017-12-02,10000047,9668,142933.97,142900.01,143000.01,53,21
2017-12-02,10000047,9670,801.89,801.89,801.89,2,2
2017-12-02,10000047,9678,214595.25,140400.01,400000,21,12
2017-12-02,10000047,9680,0.01,0.01,0.01,3,1
2017-12-02,10000047,9728,140000,140000,140000,16,5
2017-12-02,10000047,9734,140000,140000,140000,11,6
2017-12-02,10000047,9762,130000,130000,130000,12,6
2017-12-02,10000047,9772,152686.68,151600.01,200000,45,15
2017-12-02,10000047,9800,164000,140000,200000,30,7
2017-12-02,10000047,9808,144097.59,141200.01,200000.33,41,18
2017-12-02,10000047,9826,1,1,1,76,20
2017-12-02,10000047,9828,1150,1150,1150,98480,2
2017-12-02,10000047,9830,1200,1200,1200,546,3
2017-12-02,10000047,9832,6500,6500,6500,10000,1
2017-12-02,10000047,9834,93741,93741,93741,881,6
2017-12-02,10000047,9836,10400,10400,10400,10832,5
2017-12-02,10000047,9838,9001,9001,9001,9300,8
2017-12-02,10000047,9840,9830,8000,13000,300,9
2017-12-02,10000047,9842,16000,16000,16000,205,5
2017-12-02,10000047,9848,50000,50000,50000,411,7
2017-12-02,10000047,9899,12568570.28,11250000,12994998,7,7
2017-12-02,10000047,9941,11207585.23,10999999.98,12641721.36,11,8
2017-12-02,10000047,9942,12913995.94,12000000,12995993.93,6,6
2017-12-02,10000047,9943,11208318.49,10999984.69,13500000,12,10
2017-12-02,10000047,9947,4249999.99,4249999.99,4249999.99,1,1
2017-12-02,10000047,9950,3499995,3499995,3499995,5,2
2017-12-02,10000047,9956,9599998.04,9599997,9599998.38,4,4
2017-12-02,10000047,10155,10000000,10000000,10000000,1,1
2017-12-02,10000047,10190,1209808.37,1199995,1239999.61,47,23
2017-12-02,10000047,10208,25749997.5,25499995,25999999.99,2,2
2017-12-02,10000047,10209,165503583.34,149355375,197800000.01,3,3
2017-12-02,10000047,10212,25584998.73,24999995,25779999.96,4,4
2017-12-02,10000047,10213,156524998.76,134999994.99,163700000.02,4,2
2017-12-02,10000047,10216,24999997.99,24999995,24999999.99,5,5
2017-12-02,10000047,10217,171575000.01,134400000,183850000,4,4
2017-12-02,10000047,10221,24666664.99,23999995,24999999.99,3,3
2017-12-02,10000047,10222,135401666.67,135400000,135410000,6,6
2017-12-02,10000047,10225,24499997.5,23499995,25499999.99,4,4
2017-12-02,10000047,10246,7400,6000,9500,25,4
2017-12-02,10000047,10250,1156576.72,1099995,1229999.7,76,7
2017-12-02,10000047,10631,516394.33,250000,549997.2,30,9
2017-12-02,10000047,10678,68999.99,68999.99,69000,14,3
2017-12-02,10000047,10680,583499.94,400000,597999.99,17,3
2017-12-02,10000047,10688,135000,135000,135000,8,1
2017-12-02,10000047,10694,269995,269995,269995,2,1
2017-12-02,10000047,10836,85000,85000,85000,1,1
2017-12-02,10000047,10842,2467775.97,2401998.75,2499995,9,5
2017-12-02,10000047,10850,496403.32,300000.03,579995,16,8
2017-12-02,10000047,10858,1269997.5,1249995.01,1289999.98,2,2
2017-12-02,10000047,10872,99000,99000,99000,1,1
2017-12-02,10000047,10998,131989.63,50000,999999,44,20
2017-12-02,10000047,11084,1149999.99,1149999.99,1149999.99,2,2
2017-12-02,10000047,11105,281255.94,281000,281767.83,6,5
2017-12-02,10000047,11129,82499.5,64999,99999.99,6,4
2017-12-02,10000047,11134,70497.62,44998,131745.68,7,7
2017-12-02,10000047,11172,35749999.93,35000000,37999999.72,4,3
2017-12-02,10000047,11176,34000000,34000000,34000000,1,1
2017-12-02,10000047,11178,34900000,34900000,34900000,1,1
2017-12-02,10000047,11184,31999998.72,31999998.72,31999998.72,1,1
2017-12-02,10000047,11186,36916666.61,36500000,36999999.99,6,6
2017-12-02,10000047,11188,30500000,30000000,31000000,2,2
2017-12-02,10000047,11192,32000000.01,32000000.01,32000000.01,1,1
2017-12-02,10000047,11196,34000000,34000000,34000000,1,1
2017-12-02,10000047,11198,30875077.9,29726045.32,31000000,14,5
2017-12-02,10000047,11200,29375000,27500000,30000000,4,2
2017-12-02,10000047,11202,34000000,34000000,34000000,2,2
2017-12-02,10000047,11207,599998.75,599998.75,599998.75,2,2
2017-12-02,10000047,11267,199699.98,199699.98,199699.98,1,1
2017-12-02,10000047,11269,724321.46,575009.05,747033.39,46,25
2017-12-02,10000047,11283,2680,2680,2680,105,2
2017-12-02,10000047,11287,3200,3200,3200,728,3
2017-12-02,10000047,11289,305.52,305.52,305.52,1,1
2017-12-02,10000047,11309,66110.74,60000,142495,27,7
2017-12-02,10000047,11311,60000,60000,60000,13,9
2017-12-02,10000047,11317,181421.22,150000.02,348998.89,19,12
2017-12-02,10000047,11319,150001.34,150001.21,150001.65,27,9
2017-12-02,10000047,11325,375896.25,320000.01,499999.5,29,18
2017-12-02,10000047,11327,320000.01,320000.01,320000.02,32,14
2017-12-02,10000047,11341,1026.99,1026.99,1026.99,3,3
2017-12-02,10000047,11343,1432,1432,1432,3,3
2017-12-02,10000047,11349,5772.3,2087.54,119999.73,32,9
2017-12-02,10000047,11351,2699.99,2699.99,2699.99,23,4
2017-12-02,10000047,11370,1845870.78,1765320.23,2449999.86,17,17
2017-12-02,10000047,11377,28285714.25,28000000,29999999.72,7,3
2017-12-02,10000047,11399,9000.36,9000.36,9000.36,6177,16
2017-12-02,10000047,11441,9248000,9248000,9248000,1,1
2017-12-02,10000047,11443,10999999.93,10999999.93,10999999.93,2,2
2017-12-02,10000047,11446,10000000,10000000,10000000,1,1
2017-12-02,10000047,11478,250,250,250,1000,1
2017-12-02,10000047,11481,399,399,399,640,1
2017-12-02,10000047,11482,305,305,305,100,1
2017-12-02,10000047,11489,297341,297341,297341,2,1
2017-12-02,10000047,11531,27000,27000,27000,21,2
2017-12-02,10000047,11534,19000,19000,19000,11,2
2017-12-02,10000047,11539,80000,80000,80000,18,1
2017-12-02,10000047,11540,24000.21,24000.21,24000.21,146,2
2017-12-02,10000047,11541,43000,43000,43000,54,2
2017-12-02,10000047,11543,6000.09,6000.09,6000.09,2,1
2017-12-02,10000047,11544,401.3,401.3,401.3,9,2
2017-12-02,10000047,11545,12900,12900,12900,600,1
2017-12-02,10000047,11549,60000,60000,60000,12,2
2017-12-02,10000047,11554,76000,76000,76000,22,2
2017-12-02,10000047,11555,101,101,101,30,1
2017-12-02,10000047,11557,38000.22,38000.22,38000.22,19,2
2017-12-02,10000047,11558,1400.19,1400.19,1400.19,58,2
2017-12-02,10000047,11563,290999.23,289998.72,350000,5,3
2017-12-02,10000047,11566,199999.99,199999.99,200000,3,3
2017-12-02,10000047,11577,3794999.91,2130000.01,4099999.88,8,8
2017-12-02,10000047,11578,6201842.58,3230030.19,6699999.99,30,23
2017-12-02,10000047,11584,89999.99,89999.99,89999.99,2,2
2017-12-02,10000047,11614,999999,999999,999999,1,1
2017-12-02,10000047,11620,999999,999999,999999,1,1
2017-12-02,10000047,11640,606449.99,325016.21,679500,19,8
2017-12-02,10000047,11642,1297388.21,1150000.04,1299999,50,5
2017-12-02,10000047,11646,2039998.7,2039998.7,2039998.7,1,1
2017-12-02,10000047,11648,985714.94,800000.81,2099999.73,7,2
2017-12-02,10000047,11688,14000,14000,14000,60,2
2017-12-02,10000047,11689,15500.01,15000,20000.11,100,3
2017-12-02,10000047,11691,26000,26000,26000,76,3
2017-12-02,10000047,11694,100,100,100,47,1
2017-12-02,10000047,11993,249999999.98,249999999.98,249999999.98,1,1
2017-12-02,10000047,11995,379999999.99,379999999.99,379999999.99,1,1
2017-12-02,10000047,11999,193350321.31,126700642.63,259999999.99,2,2
2017-12-02,10000047,12005,265000000,265000000,265000000,2,2
2017-12-02,10000047,12032,37999998.3,37999998.3,37999998.3,1,1
2017-12-02,10000047,12034,25839933.12,25839933.12,25839933.12,1,1
2017-12-02,10000047,12038,26988990.15,26988990.15,26988990.15,1,1
2017-12-02,10000047,12042,30000000.01,30000000.01,30000000.01,1,1
2017-12-02,10000047,12052,262665.46,249995,269000.69,6,3
2017-12-02,10000047,12056,104996.84,79994.87,129998.81,2,2
2017-12-02,10000047,12058,2857886.4,2400008.85,3399995.28,19,11
2017-12-02,10000047,12068,3923122.65,2000012.03,4999995,11,7
2017-12-02,10000047,12076,6633388.85,2500500.01,6900000,9,9
2017-12-02,10000047,12084,8986500,8950000,9000000,20,4
2017-12-02,10000047,12109,4999999,4999999,4999999,1,1
2017-12-02,10000047,12180,480000,480000,480000,2,2
2017-12-02,10000047,12181,419999.99,419999.99,419999.99,2,2
2017-12-02,10000047,12182,384999.99,384999.99,384999.99,1,1
2017-12-02,10000047,12183,349999.99,299999.99,399999.99,2,2
2017-12-02,10000047,12184,349999.99,299999.99,399999.99,2,2
2017-12-02,10000047,12185,324999.99,299999.99,349999.99,2,2
2017-12-02,10000047,12187,209999.99,209999.99,209999.99,1,1
2017-12-02,10000047,12189,500000,500000,500000,1,1
2017-12-02,10000047,12194,599999.99,599999.99,599999.99,1,1
2017-12-02,10000047,12198,1424999.9,1400000,1499999.71,6,6
2017-12-02,10000047,12204,3449999.99,3399999.99,3499999.98,2,2
2017-12-02,10000047,12206,3597999.92,3597999.92,3597999.92,1,1
2017-12-02,10000047,12207,9999999.99,9999999.99,9999999.99,1,1
2017-12-02,10000047,12210,1200000,1200000,1200000,2,2
2017-12-02,10000047,12211,3499999.99,3499999.99,3499999.99,1,1
2017-12-02,10000047,12213,1196999.99,1196999.99,1196999.99,1,1
2017-12-02,10000047,12214,3498000,3498000,3498000,1,1
2017-12-02,10000047,12215,9500000,9500000,9500000,1,1
2017-12-02,10000047,12259,3989999.67,3950000,3999999.49,5,5
2017-12-02,10000047,12267,3709999.35,2000000,3899999.28,10,6
2017-12-02,10000047,12274,61888.11,60000,64248.25,9,4
2017-12-02,10000047,12305,129999.98,119999.96,139999.99,2,2
2017-12-02,10000047,12344,249699.69,249699.69,249699.69,4,1
2017-12-02,10000047,12356,3266217.89,3000000,3638922.94,12,2
2017-12-02,10000047,12365,169999.99,169999.99,169999.99,2,2
2017-12-02,10000047,12366,159999.99,159999.99,160000,3,3
2017-12-02,10000047,12367,170000,169999.99,170000,4,4
2017-12-02,10000047,12441,100000,99999.99,100000,2,2
2017-12-02,10000047,12442,223333.33,223333.33,223333.33,2,2
2017-12-02,10000047,12485,4373499.35,3999999.99,4497999.14,4,4
2017-12-02,10000047,12486,2399999.99,2399999.99,2399999.99,1,1
2017-12-02,10000047,12487,2399999.99,2399999.99,2399999.99,1,1
2017-12-02,10000047,12550,1,1,1,1,1
2017-12-02,10000047,12559,129000,129000,129000,8,1
2017-12-02,10000047,12563,79999.99,79999.99,79999.99,8,2
2017-12-02,10000047,12565,79999.98,79999.98,79999.98,15,2
2017-12-02,10000047,12608,59.95,59.95,59.95,84978,6
2017-12-02,10000047,12612,69.95,69.95,69.95,74320,10
2017-12-02,10000047,12614,39.8,36.87,39.9,27000,5
2017-12-02,10000047,12618,51.09,51.09,51.09,13780,4
2017-12-02,10000047,12620,47.14,47.14,47.14,5500,2
2017-12-02,10000047,12625,49.95,49.95,49.95,84000,2
2017-12-02,10000047,12631,114,114,114,8996,1
2017-12-02,10000047,12633,55.97,55.97,55.97,8952,1
2017-12-02,10000047,12743,220000000,220000000,220000000,1,1
2017-12-02,10000047,12747,229999999.99,229999999.99,229999999.99,1,1
2017-12-02,10000047,12771,223,223,223,2000,1
2017-12-02,10000047,12775,776.62,776.62,776.62,6040,1
2017-12-02,10000047,12777,168.99,168.99,168.99,1500,1
2017-12-02,10000047,12779,615.85,615.85,615.85,23000,2
2017-12-02,10000047,12785,89.95,89.95,89.95,9000,4
2017-12-02,10000047,12787,220,220,220,10500,2
2017-12-02,10000047,12789,95,95,95,9000,3
2017-12-02,10000047,12791,212,212,212,1500,1
2017-12-02,10000047,12801,222.61,222.61,222.61,5700,3
2017-12-02,10000047,12803,199.95,199.95,199.95,1876,1
2017-12-02,10000047,12805,145,145,145,17600,5
2017-12-02,10000047,12807,219.75,219.75,219.75,2094,1
2017-12-02,10000047,12814,373333.33,320000,399999.99,9,2
2017-12-02,10000047,12818,319999.99,319999.99,319999.99,9,2
2017-12-02,10000047,12822,251500,249000,260000,22,3
2017-12-02,10000047,12826,183931.24,183899.99,183999.99,16,3
2017-12-02,10000047,12828,372001.09,372001.09,372001.09,4,1
2017-12-02,10000047,13001,2383749.89,2270000,2399999.87,8,6
2017-12-02,10000047,13003,2519999.94,2299999.72,2599999.99,15,7
2017-12-02,10000047,13216,25000000,25000000,25000000,1,1
2017-12-02,10000047,13257,5499999.73,5499999.73,5499999.73,1,1
2017-12-02,10000047,13261,22166666.58,20750000,24999999.73,3,3
2017-12-02,10000047,13278,120000,120000,120000,1,1
2017-12-02,10000047,13279,299998.58,299998.58,299998.58,1,1
2017-12-02,10000047,13287,1448899.73,1448899.73,1448899.73,3,1
2017-12-02,10000047,13955,8850000.89,8850000.89,8850000.89,2,1
2017-12-02,10000047,13956,50999999.6,50999999.6,50999999.6,1,1
2017-12-02,10000047,13968,4092004,4092004,4092004,1,1
2017-12-02,10000047,13970,3918516.67,1200000,5277775,3,3
2017-12-02,10000047,13978,7555555,7111111,7999999,2,2
2017-12-02,10000047,13982,7450000,7450000,7450000,2,2
2017-12-02,10000047,14035,2299999.99,2299999.99,2299999.99,1,1
2017-12-02,10000047,14043,15000000,15000000,15000000,1,1
2017-12-02,10000047,14072,39987499.99,39950000,39999999.98,4,4
2017-12-02,10000047,14078,235000,235000,235000,1,1
2017-12-02,10000047,14234,35000000,35000000,35000000,1,1
2017-12-02,10000047,14246,62999994.38,62999994.38,62999994.38,1,1
2017-12-02,10000047,14256,59999999.99,59999999.99,59999999.99,1,1
2017-12-02,10000047,14274,1333333,1333333,1333333,5,1
2017-12-02,10000047,14278,2154999.98,2154999.98,2154999.98,1,1
2017-12-02,10000047,14295,5500000,5500000,5500000,1,1
2017-12-02,10000047,14296,5800000,5800000,5800000,1,1
2017-12-02,10000047,14297,5300000,5300000,5300000,1,1
2017-12-02,10000047,15331,556.45,556.45,556.45,498,61
2017-12-02,10000047,15479,4131578.95,4000000,6500000,19,3
2017-12-02,10000047,15480,14000000,13000000,15000000,2,2
2017-12-02,10000047,15510,31268.27,24000,33000,26,4
2017-12-02,10000047,15729,38999777,38999777,38999777,1,1
2017-12-02,10000047,15889,57999999.99,57999999.99,57999999.99,1,1
2017-12-02,10000047,16069,109999.99,109999.98,110000,2,2
2017-12-02,10000047,16227,48430470.7,48400018.61,51949998.97,7,7
2017-12-02,10000047,16229,40850502.81,30700000,52999999,6,5
2017-12-02,10000047,16231,23866666.67,23799999.99,23900000.01,3,3
2017-12-02,10000047,16233,39500000.01,39000000.01,40000000,2,2
2017-12-02,10000047,16236,800000,800000,800000,1,1
2017-12-02,10000047,16237,14999999,14999999,14999999,1,1
2017-12-02,10000047,16238,639572.58,639572.58,639572.58,1,1
2017-12-02,10000047,16242,437473,410000,449999,13,11
2017-12-02,10000047,16272,301.02,301.02,301.02,37590,2
2017-12-02,10000047,16273,69.5,65,69.6,65001,28
2017-12-02,10000047,16274,755,755,755,1225895,9
2017-12-02,10000047,16275,3385,3385,3385,12676,6
2017-12-02,10000047,16278,1999999.71,1999999.71,1999999.71,2,1
2017-12-02,10000047,16281,434808.33,428999.99,446425,3,2
2017-12-02,10000047,16303,999999.99,999999.99,999999.99,3,1
2017-12-02,10000047,16339,0.01,0.01,0.01,3,3
2017-12-02,10000047,16343,0.01,0.01,0.01,3,2
2017-12-02,10000047,16347,35.89,35.89,35.89,2,1
2017-12-02,10000047,16353,50000,50000,50000,11,8
2017-12-02,10000047,16355,50000,50000,50000,7,5
2017-12-02,10000047,16357,60517.53,50000,114398.95,17,8
2017-12-02,10000047,16359,50000,50000,50000,14,9
2017-12-02,10000047,16361,90001.01,90001.01,90001.01,13,7
2017-12-02,10000047,16363,90000,90000,90000,6,5
2017-12-02,10000047,16365,90000,90000,90000,14,7
2017-12-02,10000047,16367,90000,90000,90000,3,3
2017-12-02,10000047,16369,80000,80000,80000,13,10
2017-12-02,10000047,16371,80000,80000,80000,11,8
2017-12-02,10000047,16373,80000,80000,80000,9,4
2017-12-02,10000047,16375,95199.96,80000,99999.94,50,9
2017-12-02,10000047,16377,70000,70000,70000,7,6
2017-12-02,10000047,16379,70000,70000,70000,5,4
2017-12-02,10000047,16381,87499.9,70000,157499.5,10,6
2017-12-02,10000047,16383,69999.99,69999.82,70000,12,8
2017-12-02,10000047,16387,190000,190000,190000,2,1
2017-12-02,10000047,16389,120000,15000,225000,2,2
2017-12-02,10000047,16391,392425.68,317500,399995,7,5
2017-12-02,10000047,16395,1124,1124,1124,1,1
2017-12-02,10000047,16397,2451,2451,2451,2,1
2017-12-02,10000047,16413,3578,3578,3578,2,2
2017-12-02,10000047,16419,900,900,900,2,1
2017-12-02,10000047,16421,1000.01,1000.01,1000.01,1,1
2017-12-02,10000047,16439,244894.72,244894.72,244894.72,1,1
2017-12-02,10000047,16447,68148.21,62914.52,99995,10,4
2017-12-02,10000047,16467,134500,80000,189000,2,2
2017-12-02,10000047,16469,51284.39,2534.43,132534.31,8,7
2017-12-02,10000047,16475,80384.62,60000,115000,13,9
2017-12-02,10000047,16477,68571.43,60000,120000,14,9
2017-12-02,10000047,16481,1500,1500,1500,24,10
2017-12-02,10000047,16483,2500.99,2500.99,2500.99,8,4
2017-12-02,10000047,16485,1000,1000,1000,12,4
2017-12-02,10000047,16497,127272.71,80500.03,594997.35,22,13
2017-12-02,10000047,16499,80000,80000,80000,20,7
2017-12-02,10000047,16505,433.45,433.45,433.45,1,1
2017-12-02,10000047,16507,452,452,452,3,3
2017-12-02,10000047,16519,75000,75000,75000,5,1
2017-12-02,10000047,16527,485000,485000,485000,4,2
2017-12-02,10000047,16531,4499999.98,4499999.98,4499999.98,1,1
2017-12-02,10000047,16533,4950000,4950000,4950000,1,1
2017-12-02,10000047,16591,37999000,37999000,37999000,1,1
2017-12-02,10000047,16636,4000,4000,4000,5039,3
2017-12-02,10000047,16642,4000,4000,4000,261,1
2017-12-02,10000047,16670,200,200,200,78779,7
2017-12-02,10000047,16671,200,200,200,3335,4
2017-12-02,10000047,16672,254,254,254,1031871,7
2017-12-02,10000047,16673,150.03,150.03,150.03,21057,7
2017-12-02,10000047,16678,425,425,425,326554,9
2017-12-02,10000047,16679,900,900,900,1344,3
2017-12-02,10000047,16680,2550,2550,2550,391448,14
2017-12-02,10000047,16681,5255,5255,5255,51552,12
2017-12-02,10000047,16682,12396,12396,12396,148685,5
2017-12-02,10000047,16683,43000,43000,43000,4581,3
2017-12-02,10000047,17178,4500000,4500000,4500000,2,2
2017-12-02,10000047,17180,3500000,3500000,3500000,1,1
2017-12-02,10000047,17252,1,1,1,2,2
2017-12-02,10000047,17317,85998,85998,85998,10760,2
2017-12-02,10000047,17366,242574.97,49000,550000,40,13
2017-12-02,10000047,17440,10.01,10.01,10.01,90,1
2017-12-02,10000047,17444,60,60,60,97,1
2017-12-02,10000047,17466,200,200,200,88,1
2017-12-02,10000047,17476,21500000,8500000,23499999.99,6,5
2017-12-02,10000047,17478,19352411.81,5655000.01,20722152.99,11,2
2017-12-02,10000047,17480,18017045.39,16518795.28,19000000,11,10
2017-12-02,10000047,17482,2008145.61,1999999.99,2099999.99,89,17
2017-12-02,10000047,17526,29000000,25000000,33000000,2,2
2017-12-02,10000047,17619,16000000,16000000,16000000,4,1
2017-12-02,10000047,17634,59500099.29,59500098.52,59500100.06,2,2
2017-12-02,10000047,17703,23000000.01,23000000.01,23000000.01,1,1
2017-12-02,10000047,17715,209000950.38,209000950.38,209000950.38,1,1
2017-12-02,10000047,17718,80500004.2,80500004.2,80500004.2,1,1
2017-12-02,10000047,17841,1682949.74,1682949.74,1682949.74,1,1
2017-12-02,10000047,17843,74615020.74,67500000,86359450.38,29,28
2017-12-02,10000047,17867,5,5,5,78,1
2017-12-02,10000047,17887,939.72,939.72,939.72,188000,7
2017-12-02,10000047,17888,800,800,800,1594784,5
2017-12-02,10000047,17889,800,800,875,126255,6
2017-12-02,10000047,17893,35109.09,35100.01,35110,11,5
2017-12-02,10000047,17894,142420,142420,142420,2,2
2017-12-02,10000047,17895,30103.34,30100.01,30110,3,2
2017-12-02,10000047,17912,3587444.36,2000000.05,3948887.72,20,10
2017-12-02,10000047,17918,514499999.98,509999999.97,518999999.99,2,2
2017-12-02,10000047,17928,67497000,67497000,67497000,1,1
2017-12-02,10000047,17938,78994.14,40000,99999.09,21,16
2017-12-02,10000047,17940,749999.99,749999.99,749999.99,2,2
2017-12-02,10000047,17978,199000,199000,199000,1,1
2017-12-02,10000047,18025,424999.99,424999.99,424999.99,1,1
2017-12-02,10000047,18036,127332.78,125000,135000,18,4
2017-12-02,10000047,18038,90805.3,85000,99999.99,18,4
2017-12-02,10000047,18040,62571.43,55000,108000,14,2
2017-12-02,10000047,18042,91725,91725,91725,4,1
2017-12-02,10000047,18054,265559.63,265559.63,265559.63,1,1
2017-12-02,10000047,18064,65000,65000,65000,12,1
2017-12-02,10000047,18068,1499998.65,1499998.65,1499998.65,2,1
2017-12-02,10000047,18590,629995,629995,629995,126,2
2017-12-02,10000047,18592,650000,650000,650000,6,1
2017-12-02,10000047,18594,494998.19,450000,524996.98,20,4
2017-12-02,10000047,18600,320000,320000,320000,2,1
2017-12-02,10000047,18608,959999.99,959999.99,959999.99,2,1
2017-12-02,10000047,18614,250000,250000,250000,5,1
2017-12-02,10000047,18616,250000,250000,250000,3,1
2017-12-02,10000047,18639,60228.99,39980.77,100725.44,6,5
2017-12-02,10000047,18789,82000000,82000000,82000000,2,1
2017-12-02,10000047,19015,78600000.05,78600000.05,78600000.05,1,1
2017-12-02,10000047,19042,80000000,80000000,80000000,1,1
2017-12-02,10000047,19187,37342853.03,37342853.03,37342853.03,1,1
2017-12-02,10000047,19211,1200000,1200000,1200000,1,1
2017-12-02,10000047,19281,45412,45412,45412,1,1
2017-12-02,10000047,19282,154999000,154999000,154999000,1,1
2017-12-02,10000047,19283,12159027.47,11738541.21,13000000,3,3
2017-12-02,10000047,19284,44979999.99,44979999.99,44979999.99,1,1
2017-12-02,10000047,19295,229000000,229000000,229000000,1,1
2017-12-02,10000047,19419,67950000.07,67900000.13,68000000,2,2
2017-12-02,10000047,19660,25000,25000,25000,2,1
2017-12-02,10000047,19720,1521499999.96,1499999999.92,1543000000,2,2
2017-12-02,10000047,19724,1268550052.25,937100104.79,1599999999.71,2,2
2017-12-02,10000047,19739,2969406.6,2600009.26,3892899.96,42,4
2017-12-02,10000047,19744,799000,799000,799000,1,1
2017-12-02,10000047,19806,986508.28,753000.01,1074997.99,7,5
2017-12-02,10000047,19810,53330,49995,60000,3,2
2017-12-02,10000047,19812,35000,35000,35000,1,1
2017-12-02,10000047,19814,69995,69995,69995,2,1
2017-12-02,10000047,19921,119999.93,119999.93,119999.93,1,1
2017-12-02,10000047,19935,559.57,559.57,559.57,3,3
2017-12-02,10000047,20060,200000,200000,200000,1,1
2017-12-02,10000047,20062,89999999,89999999,89999999,1,1
2017-12-02,10000047,20171,86160.91,81042.12,90000.01,56,5
2017-12-02,10000047,20209,1199989.99,1199989.99,1199989.99,1,1
2017-12-02,10000047,20211,3600000,3600000,3600000,1,1
2017-12-02,10000047,20212,7980000,7980000,7980000,1,1
2017-12-02,10000047,20213,10400000,9999999.99,10800000,2,2
2017-12-02,10000047,20306,0.5,0.5,0.5,8260,3
2017-12-02,10000047,20312,599999.99,599999.98,599999.99,2,2
2017-12-02,10000047,20314,175000,100000,249999.99,2,2
2017-12-02,10000047,20345,300000,300000,300000,1,1
2017-12-02,10000047,20347,618914.35,599998.54,647287.99,5,5
2017-12-02,10000047,20349,917699.98,893999.98,1200000,10,8
2017-12-02,10000047,20351,1318329.89,700000,1627494.84,3,3
2017-12-02,10000047,20353,3433299.65,3000000,3649949.48,3,3
2017-12-02,10000047,20411,197319.78,84999,229000,50,4
2017-12-02,10000047,20413,85125.88,83001,100000,40,5
2017-12-02,10000047,20414,72000,72000,72000,19,1
2017-12-02,10000047,20416,95000,95000,95000,5,1
2017-12-02,10000047,20418,103000,103000,103000,100,1
2017-12-02,10000047,20419,125000,125000,125000,100,1
2017-12-02,10000047,20421,31002,31002,31002,29,3
2017-12-02,10000047,20424,24500,24500,24500,35,3
2017-12-02,10000047,20494,149999.99,149999.99,149999.99,1,1
2017-12-02,10000047,21071,99999.99,99999.99,99999.99,1,1
2017-12-02,10000047,21076,120000.04,120000.04,120000.04,1,1
2017-12-02,10000047,21096,2227552.79,1749999.72,3499999.99,25,12
2017-12-02,10000047,21603,27415820.98,27399998,27447466.94,3,2
2017-12-02,10000047,21610,24000000,24000000,24000000,2,2
2017-12-02,10000047,21638,1160866.09,1099995.01,1299999.99,23,3
2017-12-02,10000047,21640,1141174.37,1099997.5,1219997.98,17,4
2017-12-02,10000047,21668,17499999.99,17499999.99,17499999.99,1,1
2017-12-02,10000047,21718,120000,120000,120000,1,1
2017-12-02,10000047,21740,1099.93,1099.93,1099.93,7010,4
2017-12-02,10000047,21802,30000000,30000000,30000000,1,1
2017-12-02,10000047,21815,705000,705000,705000,43,1
2017-12-02,10000047,21857,40.01,0.01,120,3,3
2017-12-02,10000047,21896,749.96,749.96,749.96,2762,2
2017-12-02,10000047,21898,599.95,570,599.95,28063,13
2017-12-02,10000047,21902,1299.95,1299.95,1299.95,400,1
2017-12-02,10000047,21906,744.96,744.96,744.96,4218,3
2017-12-02,10000047,21918,1280,1280,1280,400,1
2017-12-02,10000047,21922,420,420,420,4291,2
2017-12-02,10000047,21924,749.9,749.9,749.9,7297,6
2017-12-02,10000047,21931,489.6,489.6,489.6,1000,1
2017-12-02,10000047,21939,620,620,620,9000,2
2017-12-02,10000047,22175,77825.62,65000,99998.24,23,12
2017-12-02,10000047,22177,72952.12,65000,75000,23,13
2017-12-02,10000047,22229,3678946.58,3600000,4099995,19,5
2017-12-02,10000047,22242,99999996.55,99999996.54,99999996.55,2,2
2017-12-02,10000047,22291,853001,853000.91,999998.94,119,26
2017-12-02,10000047,22430,1399999999.71,1399999999.71,1399999999.71,1,1
2017-12-02,10000047,22452,50100090.57,50100090.57,50100090.57,1,1
2017-12-02,10000047,22456,76000000,76000000,76000000,1,1
2017-12-02,10000047,22460,65950950,65950950,65950950,1,1
2017-12-02,10000047,22534,25999997.5,24999995,26999999.99,2,2
2017-12-02,10000047,22541,11150000,10800000,11499999.99,2,2
2017-12-02,10000047,22542,46644.04,45000,53999.49,36,9
2017-12-02,10000047,22544,350000000,300000000,400000000,2,2
2017-12-02,10000047,22546,319999999.99,319999999.98,319999999.99,2,2
2017-12-02,10000047,22548,303928427.72,297856855.43,310000000,2,2
2017-12-02,10000047,22551,33500000,33500000,33500000,1,1
2017-12-02,10000047,22559,74821425.43,64999995,89999999.73,8,5
2017-12-02,10000047,22761,39000000,39000000,39000000,1,1
2017-12-02,10000047,22778,108324.05,76003.59,166500.89,98,4
2017-12-02,10000047,22782,1800000,1800000,1800000,1,1
2017-12-02,10000047,22806,135000,130000,140000,2,2
2017-12-02,10000047,22807,150000,140000,160000,2,2
2017-12-02,10000047,22808,140000,140000,140000,1,1
2017-12-02,10000047,22809,133333.33,130000,140000,3,3
2017-12-02,10000047,22961,495,495,495,1180,2
2017-12-02,10000047,22977,899.99,899.99,899.99,44000,3
2017-12-02,10000047,23009,444.95,444.95,444.95,50577,12
2017-12-02,10000047,23015,649.92,649.92,649.92,7200,2
2017-12-02,10000047,23025,716,414.98,759.95,33284,17
2017-12-02,10000047,23029,1050,1050,1050,4000,1
2017-12-02,10000047,23031,780,700.84,889.95,22044,10
2017-12-02,10000047,23033,949.95,949.95,949.95,3000,1
2017-12-02,10000047,23035,720,720,720,216,1
2017-12-02,10000047,23039,899.91,899.91,899.91,7536,6
2017-12-02,10000047,23041,1388.95,1388.95,1388.95,3000,1
2017-12-02,10000047,23051,1599.95,1599.95,1599.95,3000,1
2017-12-02,10000047,23053,1022.24,1022.24,1022.24,1400,1
2017-12-02,10000047,23055,3251836.25,2900000,3299995,68,7
2017-12-02,10000047,23060,238959999.99,238959999.99,238959999.99,1,1
2017-12-02,10000047,23062,238949999.99,238949999.99,238949999.99,1,1
2017-12-02,10000047,23071,344998.92,330000,399999.95,14,5
2017-12-02,10000047,23089,573488.81,185218.81,599999.97,82,9
2017-12-02,10000047,23091,648999.23,648999.23,648999.23,3,1
2017-12-02,10000047,23097,708695.21,699999.99,900000,23,5
2017-12-02,10000047,23101,699995,699995,699995,2,1
2017-12-02,10000047,23103,639999.11,639995,639999.93,12,2
2017-12-02,10000047,23105,1199999.92,1199999.92,1199999.92,6,1
2017-12-02,10000047,23109,1049999.99,1049999.99,1049999.99,11,2
2017-12-02,10000047,23135,1000.02,1000.02,1000.02,1,1
2017-12-02,10000047,23145,1001.1,1001.1,1001.1,1,1
2017-12-02,10000047,23158,1,1,1,146,3
2017-12-02,10000047,23159,1,1,1,381,7
2017-12-02,10000047,23160,1,1,1,236,4
2017-12-02,10000047,23161,1,1,1,103,4
2017-12-02,10000047,23175,1001.08,1001.08,1001.08,1,1
2017-12-02,10000047,23525,5166.67,2000,40000,12,11
2017-12-02,10000047,23527,358416.12,323000,399999.88,32,21
2017-12-02,10000047,23533,124889.72,124889.72,124889.72,3,2
2017-12-02,10000047,23566,490000,480000,500000,2,2
2017-12-02,10000047,23594,600000.1,600000.1,600000.1,1,1
2017-12-02,10000047,23705,89999.72,89999.72,89999.72,5,1
2017-12-02,10000047,23707,5999.99,5999.99,6000,128,21
2017-12-02,10000047,23709,59999.71,59999.71,59999.71,1,1
2017-12-02,10000047,23711,28331.66,14995,35000,15,4
2017-12-02,10000047,24242,9999998.99,9999998.99,9999998.99,1,1
2017-12-02,10000047,24270,9999999.99,9999999.99,9999999.99,1,1
2017-12-02,10000047,24283,50417592.49,48126388.73,55000000,3,2
2017-12-02,10000047,24305,4249999.73,3999999.71,4499999.74,4,2
2017-12-02,10000047,24348,1427774,1399995,1511111,4,2
2017-12-02,10000047,24395,258543.62,239995,260000.13,11,10
2017-12-02,10000047,24417,1667643.99,1549994.72,2000000,17,8
2017-12-02,10000047,24427,1193496.59,1000011.74,1349995,63,26
2017-12-02,10000047,24438,1285262.08,1249999.99,1399999.93,19,10
2017-12-02,10000047,24443,879997.5,824997.5,1300000,9,5
2017-12-02,10000047,24445,999999.69,999999.69,999999.69,1,1
2017-12-02,10000047,24471,130,130,130,13100,3
2017-12-02,10000047,24473,89.95,89.95,89.95,51250,4
2017-12-02,10000047,24475,99.95,99.95,99.95,4000,1
2017-12-02,10000047,24483,891200000.56,891200000.56,891200000.56,1,1
2017-12-02,10000047,24486,119.76,119.76,119.76,8000,2
2017-12-02,10000047,24488,100.99,100.99,100.99,21345,2
2017-12-02,10000047,24490,249.95,249.95,249.95,247660,10
2017-12-02,10000047,24493,199,199,199,4500,1
2017-12-02,10000047,24494,96.98,96.98,96.98,3000,1
2017-12-02,10000047,24495,110,110,110,19645,6
2017-12-02,10000047,24497,99.95,99.95,99.95,30000,1
2017-12-02,10000047,24499,135.42,135.42,135.42,2500,1
2017-12-02,10000047,24501,220,220,220,700,1
2017-12-02,10000047,24507,534.94,534.94,534.94,4939,3
2017-12-02,10000047,24509,520,520,520,102000,9
2017-12-02,10000047,24511,549.92,549.92,549.92,5000,1
2017-12-02,10000047,24517,444,444,444,7000,2
2017-12-02,10000047,24519,2000,2000,2000,500,1
2017-12-02,10000047,24523,1600,1600,1600,500,1
2017-12-02,10000047,24531,55,55,55,18190,1
2017-12-02,10000047,24535,625,625,625,22307,6
2017-12-02,10000047,24692,197000000,197000000,197000000,1,1
2017-12-02,10000047,24698,33799996.14,16400000.03,42499994.19,3,3
2017-12-02,10000047,24702,27000004.12,27000000,27000010.31,5,3
2017-12-02,10000047,25563,1923061.61,1879999,1966124.21,2,2
2017-12-02,10000047,25565,150000,149999.99,150000,2,2
2017-12-02,10000047,25588,8000.21,8000.21,8000.21,63,1
2017-12-02,10000047,25589,4000.24,4000.21,4000.24,66,2
2017-12-02,10000047,25590,99000.39,99000.32,99500,1804,46
2017-12-02,10000047,25591,210000.14,210000.14,210000.14,194,4
2017-12-02,10000047,25592,5300.37,5300.36,5300.38,1894,46
2017-12-02,10000047,25593,9000.03,9000.03,9000.03,53,2
2017-12-02,10000047,25594,39000.43,39000.4,39000.44,938,29
2017-12-02,10000047,25595,17010.12,17010.12,17010.12,68,2
2017-12-02,10000047,25596,32000.29,32000.29,32000.29,509,4
2017-12-02,10000047,25597,4200.22,4200.2,4200.23,1436,32
2017-12-02,10000047,25598,11511.21,11511.21,11511.24,3218,51
2017-12-02,10000047,25599,904.34,904.33,904.36,3483,56
2017-12-02,10000047,25600,29500.26,29500.23,29500.29,2338,49
2017-12-02,10000047,25601,4630.08,4630.08,4630.08,3652,52
2017-12-02,10000047,25602,19553.64,13942.24,20000,95,2
2017-12-02,10000047,25603,33290.01,33290.01,33290.04,1226,37
2017-12-02,10000047,25604,40000,40000,40000,125,3
2017-12-02,10000047,25605,36000.09,36000.02,42755.36,2958,51
2017-12-02,10000047,25606,50000,50000,50000,5,1
2017-12-02,10000047,25608,581003.24,581003.24,581003.24,1,1
2017-12-02,10000047,25609,268000.13,268000.13,268000.13,296,13
2017-12-02,10000047,25610,400000.01,400000.01,400000.01,1,1
2017-12-02,10000047,25611,70865.77,70042.13,72002,64,11
2017-12-02,10000047,25612,550000.09,550000.09,550000.09,1,1
2017-12-02,10000047,25613,602008.27,602008.27,602008.27,8,1
2017-12-02,10000047,25616,7622.83,7622.83,7622.83,150,18
2017-12-02,10000047,25617,400000.03,400000.03,400000.03,241,16
2017-12-02,10000047,25618,18000,16500.01,23811.83,190,18
2017-12-02,10000047,25619,750000,750000,750000,170,13
2017-12-02,10000047,25620,42100.08,42100.06,42100.09,164,19
2017-12-02,10000047,25623,41001.01,41001.01,41001.01,1,1
2017-12-02,10000047,25624,3850100.02,3850100,3850100.03,293,21
2017-12-02,10000047,25715,1367335.63,1350000,1499999.94,29,5
2017-12-02,10000047,25718,3499999.99,3499999.99,3499999.99,2,2
2017-12-02,10000047,25719,134999.99,119999.99,149999.99,2,2
2017-12-02,10000047,25736,5949999.36,5900000,5999998.71,2,2
2017-12-02,10000047,25739,550000,550000,550000,1,1
2017-12-02,10000047,25810,560000,560000,560000,1,1
2017-12-02,10000047,25811,560000,560000,560000,1,1
2017-12-02,10000047,25812,4999999.86,4999999.86,4999999.86,4,2
2017-12-02,10000047,25861,112368.35,90000,149999.98,43,13
2017-12-02,10000047,25888,12653288,12653288,12653288,1,1
2017-12-02,10000047,25892,10899894.7,10899894.7,10899894.7,1,1
2017-12-02,10000047,25894,10999999.8,10999999.79,10999999.8,3,2
2017-12-02,10000047,25896,13959989.39,12999994.98,14599986,5,4
2017-12-02,10000047,25898,22658945.92,22658945.92,22658945.92,1,1
2017-12-02,10000047,25948,5006960.01,4500000,5399999.99,25,8
2017-12-02,10000047,25954,8999994.99,8999994.99,8999994.99,1,1
2017-12-02,10000047,26020,12999498.04,7000000.42,18998995.65,2,2
2017-12-02,10000047,26026,9999995.01,9999995.01,9999995.01,2,1
2017-12-02,10000047,26072,8499999.95,8499999.95,8499999.95,1,1
2017-12-02,10000047,26076,663911.42,650000,748694.96,7,4
2017-12-02,10000047,26082,849496.89,799994.8,898998.98,2,2
2017-12-02,10000047,26088,7800000.42,7800000.42,7800000.42,3,2
2017-12-02,10000047,26255,120000,120000,120000,2,2
2017-12-02,10000047,26260,119999.99,119999.99,119999.99,1,1
2017-12-02,10000047,26261,120000,120000,120000,1,1
2017-12-02,10000047,26374,47999999.99,47999999.99,47999999.99,2,1
2017-12-02,10000047,26380,19999999.98,19999999.98,19999999.98,1,1
2017-12-02,10000047,26402,33500000,33500000,33500000,1,1
2017-12-02,10000047,26436,19789999.99,19789999.99,19789999.99,1,1
2017-12-02,10000047,26442,19383330.97,18836661.94,19930000,2,2
2017-12-02,10000047,26912,2000000.01,2000000.01,2000000.01,1,1
2017-12-02,10000047,26913,101000,101000,101000,1,1
2017-12-02,10000047,26929,240922.7,147999.93,350000,13,8
2017-12-02,10000047,26931,2799999.99,2599999.99,2999999.98,2,2
2017-12-02,10000047,27127,823624.77,799999.74,989000,8,4
2017-12-02,10000047,27131,2999998,2999998,2999998,1,1
2017-12-02,10000047,27143,999997.99,999997.99,999997.99,1,1
2017-12-02,10000047,27315,899.98,899.98,899.98,2263,3
2017-12-02,10000047,27327,999.99,999.99,999.99,1000,1
2017-12-02,10000047,27333,795,795,795,2000,1
2017-12-02,10000047,27339,2656.46,2656.46,2656.46,4608,3
2017-12-02,10000047,27345,2248.92,2248.92,2248.92,5057,2
2017-12-02,10000047,27349,999.99,999.99,999.99,1000,1
2017-12-02,10000047,27351,2699.93,2699.93,2699.93,1350,2
2017-12-02,10000047,27359,24.55,24.55,24.55,7433,2
2017-12-02,10000047,27361,985.99,975.19,989.98,31392,13
2017-12-02,10000047,27371,1099.99,600,1149.99,15219,8
2017-12-02,10000047,27381,500,500,500,16554,4
2017-12-02,10000047,27387,1079.91,600,1099.98,17556,6
2017-12-02,10000047,27405,1379.99,1379.99,1379.99,1000,1
2017-12-02,10000047,27413,1397.94,1397.94,1397.94,24000,5
2017-12-02,10000047,27419,1399,1399,1399,35000,2
2017-12-02,10000047,27423,2400,2400,2400,10000,1
2017-12-02,10000047,27435,1596.56,1596.56,1596.56,4684,5
2017-12-02,10000047,27441,1199.95,1199.95,1199.95,3800,3
2017-12-02,10000047,27447,1299.94,1299.94,1299.94,1355,2
2017-12-02,10000047,27777,2050000,2050000,2050000,12,1
2017-12-02,10000047,27912,1100000,1100000,1100000,5,1
2017-12-02,10000047,27914,1451735.5,1430000,1495950,24,6
2017-12-02,10000047,27916,420000.22,420000.22,420000.22,1,1
2017-12-02,10000047,27918,460000.21,460000.21,460000.21,13,2
2017-12-02,10000047,27920,1128399.98,1095999.95,1150000,5,2
2017-12-02,10000047,27922,1000.1,1000.1,1000.1,5,1
2017-12-02,10000047,28073,9999999.93,9999999.93,9999999.93,1,1
2017-12-02,10000047,28164,5499999.99,5499999.99,5499999.99,1,1
2017-12-02,10000047,28201,779599.6,779000,779999,5,3
2017-12-02,10000047,28211,743000,743000,743000,5,2
2017-12-02,10000047,28213,1273494.37,1249995,1399999,12,5
2017-12-02,10000047,28215,736062.45,734999.94,740000,80,4
2017-12-02,10000047,28282,1497997.99,1497995,1497998.98,4,2
2017-12-02,10000047,28290,4124997.91,3999995,4299999.99,24,3
2017-12-02,10000047,28336,9.78,9.78,9.78,836,1
2017-12-02,10000047,28352,2200000000,2200000000,2200000000,1,1
2017-12-02,10000047,28430,1750.01,1750.01,1750.01,2418,1
2017-12-02,10000047,28432,1800,1800,1800,70000,1
2017-12-02,10000047,28437,450000,450000,450000,83,1
2017-12-02,10000047,28576,947130.02,850000,957993.77,83,15
2017-12-02,10000047,28578,823621.06,799995,921621.63,14,6
2017-12-02,10000047,28646,5399999.93,5399999.93,5399999.93,1,1
2017-12-02,10000047,28652,24999999.83,24999999.83,24999999.83,1,1
2017-12-02,10000047,28667,73948999.99,73948999.99,73948999.99,1,1
2017-12-02,10000047,28668,24000,24000,24000,9879,48
2017-12-02,10000047,28670,250000,250000,250000,16,1
2017-12-02,10000047,28756,37997999.94,37899999.99,38699999.99,5,5
2017-12-02,10000047,28758,38000000,34000000,40000000,3,3
2017-12-02,10000047,28879,1299999.99,1249999.99,1349999.99,4,4
2017-12-02,10000047,28974,40000,40000,40000,540,1
2017-12-02,10000047,28999,15355.19,12000,19900,79,14
2017-12-02,10000047,29001,20084.77,19995,30000,32,12
2017-12-02,10000047,29003,100000,100000,100000,20,1
2017-12-02,10000047,29005,14863.64,13500,15000,11,2
2017-12-02,10000047,29007,13572.94,12000,24656.5,18,7
2017-12-02,10000047,29009,17778.79,10000,19695,29,18
2017-12-02,10000047,29011,17012.64,200,19999.28,75,21
2017-12-02,10000047,29013,16248.6,12499,19998.2,6,3
2017-12-02,10000047,29015,17499.3,15000,19998.6,6,3
2017-12-02,10000047,29248,399998.5,399998,399999,2,2
2017-12-02,10000047,29266,20000.13,20000.13,20000.13,1,1
2017-12-02,10000047,29344,80000000.01,80000000.01,80000000.01,1,1
2017-12-02,10000047,29637,65000000,65000000,65000000,1,1
2017-12-02,10000047,29984,197999999.95,197999999.91,197999999.98,2,2
2017-12-02,10000047,29986,174989938.31,174989938.31,174989938.31,1,1
2017-12-02,10000047,30013,9998,9998,9998,132,10
2017-12-02,10000047,30028,51659.55,755.28,59750,82,5
2017-12-02,10000047,30486,499999.94,499999.94,499999.94,107,11
2017-12-02,10000047,30488,475999.91,454999.99,475999.93,296,25
2017-12-02,10000047,30544,6000000,6000000,6000000,1,1
2017-12-02,10000047,30650,1800000,1800000,1800000,1,1
2017-12-02,10000047,30651,1600000,1600000,1600000,1,1
2017-12-02,10000047,30832,1572249.92,1498999.98,2000000,8,8
2017-12-02,10000047,30834,1695454.42,1593181.64,1900000,3,3
2017-12-02,10000047,30836,1244816.78,1200000,1289997.5,22,9
2017-12-02,10000047,30987,499053.79,498899.99,499899.71,13,8
2017-12-02,10000047,30993,54000000,54000000,54000000,3,1
2017-12-02,10000047,30999,1522930.31,1499995,1689999,92,4
2017-12-02,10000047,31005,29090000,29090000,29090000,1,1
2017-12-02,10000047,31009,329996.18,299995,399999.99,4,3
2017-12-02,10000047,31011,2183266.44,1549999.36,2499899.98,6,6
2017-12-02,10000047,31015,10766666.68,8500000.42,11899999.81,3,3
2017-12-02,10000047,31021,431828.78,299995,727330.42,4,3
2017-12-02,10000047,31023,1108979.08,1099994.35,1259965.31,69,6
2017-12-02,10000047,31033,371997.4,299995.01,419998.99,5,2
2017-12-02,10000047,31035,1830365.59,1641100.43,2099999,6,6
2017-12-02,10000047,31039,8600000,8600000,8600000,1,1
2017-12-02,10000047,31041,32300000.02,32300000.02,32300000.02,2,2
2017-12-02,10000047,31045,799899.99,799899.99,799899.99,2,1
2017-12-02,10000047,31047,2453412.28,2352189.46,2580000,12,6
2017-12-02,10000047,31051,9585499.99,9585499.99,9585499.99,1,1
2017-12-02,10000047,31053,35399999.99,35399999.99,35399999.99,2,1
2017-12-02,10000047,31055,1838408.36,1800000.42,1950000,39,17
2017-12-02,10000047,31057,9100000,9100000,9100000,1,1
2017-12-02,10000047,31059,20393166.1,18999999,21321944.17,5,2
2017-12-02,10000047,31063,418999.97,418999.97,418999.97,1,1
2017-12-02,10000047,31065,2819275.58,2819275.58,2819275.58,4,4
2017-12-02,10000047,31083,900315.94,749993.9,1125798.99,5,2
2017-12-02,10000047,31085,1851664.9,1750000,1900000,10,3
2017-12-02,10000047,31091,33499999.99,33499999.99,33499999.99,2,1
2017-12-02,10000047,31105,249995,249995,249995,2,1
2017-12-02,10000047,31111,4160000,4160000,4160000,1,1
2017-12-02,10000047,31117,357500.05,200000.42,379999.99,8,4
2017-12-02,10000047,31119,1035916,999995,1179600,5,3
2017-12-02,10000047,31123,3800000.42,3800000.42,3800000.42,2,1
2017-12-02,10000047,31125,9357141.43,8999995,9500000,7,3
2017-12-02,10000047,31153,492797.58,369999.99,999999,17,9
2017-12-02,10000047,31155,1410277.08,1389999.99,1411111,8,5
2017-12-02,10000047,31159,766663.33,399995,1499999.99,6,2
2017-12-02,10000047,31161,1582320.99,1164642,1999999.98,2,2
2017-12-02,10000047,31165,9999999.98,9999999.98,9999999.98,2,1
2017-12-02,10000047,31167,15000000.42,15000000.42,15000000.42,3,1
2017-12-02,10000047,31173,9908333.68,9750000.42,10699999.99,6,3
2017-12-02,10000047,31179,1271684.64,999998.71,1399999.99,8,6
2017-12-02,10000047,31183,5777430.8,2999995,9943584.49,10,6
2017-12-02,10000047,31185,12999999.99,12999999.99,12999999.99,1,1
2017-12-02,10000047,31201,339929.64,220000.42,459999,7,7
2017-12-02,10000047,31203,2593699,2593699,2593699,2,1
2017-12-02,10000047,31207,5619997,2999995,9550000,5,4
2017-12-02,10000047,31213,89570.56,69995,119999,32,10
2017-12-02,10000047,31220,3600000,3600000,3600000,2,1
2017-12-02,10000047,31238,247982.79,148949.87,299999,6,6
2017-12-02,10000047,31252,390000,390000,390000,2,1
2017-12-02,10000047,31276,1299997.85,1299995,1299999.99,7,4
2017-12-02,10000047,31288,399997.41,399994.9,399999.92,4,2
2017-12-02,10000047,31299,999999,999999,999999,1,1
2017-12-02,10000047,31322,396796.82,308124.87,449999.99,8,4
2017-12-02,10000047,31324,1319995,1319995,1319995,1,1
2017-12-02,10000047,31328,3499997.71,3000000.42,3999995,12,6
2017-12-02,10000047,31330,15999995,15999995,15999995,2,2
2017-12-02,10000047,31358,587996,549995,739999.98,5,5
2017-12-02,10000047,31360,3118200.27,3000000.42,3500000,27,18
2017-12-02,10000047,31364,4899994.99,4499995,4999994.99,5,5
2017-12-02,10000047,31366,23000000,23000000,23000000,4,1
2017-12-02,10000047,31370,220498.72,189000,239000,8,5
2017-12-02,10000047,31372,1524370.75,1079899.99,2999999.69,25,15
2017-12-02,10000047,31376,4377272.39,4000000.42,4754544.36,6,4
2017-12-02,10000047,31378,10977082.44,9999995,11399658.96,22,15
2017-12-02,10000047,31406,399995.01,399995.01,399995.01,1,1
2017-12-02,10000047,31408,2142857.14,1500000,2499999.99,14,3
2017-12-02,10000047,31442,250000,250000,250000,1,1
2017-12-02,10000047,31444,474999.98,474999.98,474999.98,1,1
2017-12-02,10000047,31454,100749.17,94900,106598.34,2,2
2017-12-02,10000047,31474,16699999.99,16699999.99,16699999.99,1,1
2017-12-02,10000047,31486,3999999.97,3999999.97,3999999.97,1,1
2017-12-02,10000047,31498,13700000,13700000,13700000,1,1
2017-12-02,10000047,31527,999999,999999,999999,1,1
2017-12-02,10000047,31540,3849998.95,3849998.92,3849999,3,2
2017-12-02,10000047,31562,1629959.47,1629959.47,1629959.47,2,1
2017-12-02,10000047,31586,482865,349995.01,549299.99,3,3
2017-12-02,10000047,31592,4499099.99,4499099.99,4499099.99,1,1
2017-12-02,10000047,31598,749900,749900,749900,3,3
2017-12-02,10000047,31600,1247688.95,1199995.01,1300000.42,13,3
2017-12-02,10000047,31604,4499995.92,4499995.92,4499995.92,2,1
2017-12-02,10000047,31606,12926500,12900000,12979500,3,2
2017-12-02,10000047,31620,524997.01,499995,549999.01,2,2
2017-12-02,10000047,31644,1699999,1699999,1699999,1,1
2017-12-02,10000047,31656,799499.46,399000,1199998.91,2,2
2017-12-02,10000047,31668,299994.9,299994.9,299994.9,1,1
2017-12-02,10000047,31674,9800000,9800000,9800000,4,4
2017-12-02,10000047,31680,985197.01,985196.99,985197.02,2,2
2017-12-02,10000047,31682,199995,199995,199995,1,1
2017-12-02,10000047,31686,3999995,3999995,3999995,1,1
2017-12-02,10000047,31688,15749997.51,14999995,16500000.02,2,2
2017-12-02,10000047,31692,639998.97,639998.97,639998.97,2,1
2017-12-02,10000047,31716,165000,164999.99,165000,7,4
2017-12-02,10000047,31718,340311.49,299995,399899,63,25
2017-12-02,10000047,31722,2999499.69,2899999.81,3999999.96,4,4
2017-12-02,10000047,31724,5516930.01,4199995,11999999.69,75,20
2017-12-02,10000047,31728,78894.71,78894.71,78894.71,1,1
2017-12-02,10000047,31740,99884.71,99884.71,99884.71,1,1
2017-12-02,10000047,31742,154420.98,137200,154995.01,62,3
2017-12-02,10000047,31748,7250000,6999999.99,7500000,2,2
2017-12-02,10000047,31752,168722.16,149888.71,175000,4,4
2017-12-02,10000047,31754,305540.11,299995,349999.99,46,14
2017-12-02,10000047,31760,6642856.34,5749997.71,6999999.99,7,7
2017-12-02,10000047,31788,465811.42,449994.99,499999.99,11,5
2017-12-02,10000047,31790,1997829.41,1948997.99,2050000,65,27
2017-12-02,10000047,31792,42000000,42000000,42000000,2,1
2017-12-02,10000047,31794,8249998.74,7499995,8499999.99,12,7
2017-12-02,10000047,31796,22744910.56,21999994.99,22787599.97,17,11
2017-12-02,10000047,31802,1852959.22,1699995,1977699.98,13,6
2017-12-02,10000047,31812,25999999.99,25999999.99,25999999.99,8,4
2017-12-02,10000047,31864,2799995,2799995,2799995,10,1
2017-12-02,10000047,31866,3599994.54,3599994,3599995,28,7
2017-12-02,10000047,31868,5748309.72,4599995,5999995,89,4
2017-12-02,10000047,31870,5295000,4999995,5600000,111,25
2017-12-02,10000047,31876,3899999.99,3899999.99,3899999.99,5,2
2017-12-02,10000047,31880,1790908.62,1699994.95,1799999.99,11,2
2017-12-02,10000047,31882,2166663.33,1999995,2500000,3,2
2017-12-02,10000047,31884,3236442.65,3199994.85,3287469.58,12,3
2017-12-02,10000047,31888,1407820,1407820,1407820,6,1
2017-12-02,10000047,31890,2268995,2268995,2268995,3,2
2017-12-02,10000047,31900,44999998.81,44999998.81,44999998.81,2,1
2017-12-02,10000047,31928,16299999.99,16299999.99,16299999.99,2,2
2017-12-02,10000047,31930,37199999.99,37199999.99,37199999.99,1,1
2017-12-02,10000047,31936,10999998.92,10999998.92,10999998.92,1,1
2017-12-02,10000047,31982,34459.99,34459.99,34459.99,90,3
2017-12-02,10000047,31990,66444.39,61999.87,70000,90,4
2017-12-02,10000047,31998,61995.67,59799.93,67924.18,74,4
2017-12-02,10000047,32006,174999.73,149995,299999.99,566,27
2017-12-02,10000047,32014,249995,249995,249995,205,18
2017-12-02,10000047,32027,4399999.99,4399999.99,4400000,3,2
2017-12-02,10000047,32043,1999994.8,1999994.8,1999994.8,4,2
2017-12-02,10000047,32047,34999995,34999995,34999995,4,2
2017-12-02,10000047,32059,1924997.71,1850000.42,1999995,2,2
2017-12-02,10000047,32311,300100149.29,300100149.27,300100149.3,2,2
2017-12-02,10000047,32772,682020.04,642070.28,700000,7,5
2017-12-02,10000047,32774,47799.98,47799.98,47799.98,1,1
2017-12-02,10000047,32780,1074365.5,979000,1199999.89,11,5
2017-12-02,10000047,32787,26284.72,26284.72,26284.72,120,9
2017-12-02,10000047,32817,1050000,1050000,1050000,3,1
2017-12-02,10000047,32819,878999.77,878999.77,878999.77,1,1
2017-12-02,10000047,32858,999999,999999,999999,1,1
2017-12-02,10000047,32872,700000,699999.99,700000,3,3
2017-12-02,10000047,32874,869997.5,800000,939995,2,2
2017-12-02,10000047,32876,1099995,1099995,1099995,1,1
2017-12-02,10000047,32880,285466.77,275000,300000,30,8
2017-12-02,10000047,33003,185124.86,153657.74,263792.66,7,4
2017-12-02,10000047,33005,444444,444444,444444,5,1
2017-12-02,10000047,33011,38000,38000,38000,10,1
2017-12-02,10000047,33076,186374.3,171999,600000,60,12
2017-12-02,10000047,33078,1500000,1500000,1500000,1,1
2017-12-02,10000047,33091,139999.93,139999.93,139999.93,1,1
2017-12-02,10000047,33092,200000000,200000000,200000000,1,1
2017-12-02,10000047,33094,134033.82,124994.73,143072.91,4,4
2017-12-02,10000047,33095,1198999.99,1198999.99,1198999.99,1,1
2017-12-02,10000047,33097,1299998.16,1299994.73,1299999.87,3,3
2017-12-02,10000047,33101,607499.96,600000,649999.91,12,7
2017-12-02,10000047,33103,199995,199995,199995,2,2
2017-12-02,10000047,33151,184999999.72,184999999.72,184999999.72,1,1
2017-12-02,10000047,33155,196265268.18,196265268.18,196265268.18,1,1
2017-12-02,10000047,33157,154055001.6,140110003.19,168000000,2,2
2017-12-02,10000047,33176,203215.52,189000,250000,4,4
2017-12-02,10000047,33178,121599.92,100000,159999.79,5,3
2017-12-02,10000047,33180,161456.91,150000,169999.36,14,8
2017-12-02,10000047,33195,403.01,403.01,403.01,44,10
2017-12-02,10000047,33199,1660000,1600000,1900000.01,5,2
2017-12-02,10000047,33201,1249894.73,1249894.73,1249894.73,1,1
2017-12-02,10000047,33285,99999996.99,99999996.99,99999996.99,4,1
2017-12-02,10000047,33332,23512.95,22995,23999.93,85,3
2017-12-02,10000047,33334,49889.73,49889.73,49889.73,103,1
2017-12-02,10000047,33359,18000.01,18000.01,18000.01,5,1
2017-12-02,10000047,33360,25680,25680,25680,532,3
2017-12-02,10000047,33361,19500,19500,19500,7021,4
2017-12-02,10000047,33362,25000,25000,25000,3,1
2017-12-02,10000047,33400,7399999.99,7399999.99,7399999.99,1,1
2017-12-02,10000047,33440,119998.34,119998.34,119998.34,5,1
2017-12-02,10000047,33450,3174398,3169995,3199000,15,3
2017-12-02,10000047,33468,70789999.48,67999999.71,77474999,5,5
2017-12-02,10000047,33470,214990000,214990000,214990000,1,1
2017-12-02,10000047,33472,351000039.76,351000039.76,351000039.76,1,1
2017-12-02,10000047,33474,1791428.57,1790000,1800000,7,6
2017-12-02,10000047,33475,8782203.18,8276179.95,9999999.99,74,43
2017-12-02,10000047,33571,500,500,500,400,2
2017-12-02,10000047,33572,500,500,500,700,3
2017-12-02,10000047,33681,87000000,86999999.99,87000000,7,3
2017-12-02,10000047,33697,38000000,38000000,38000000,2,2
2017-12-02,10000047,33699,125000,120000,140000,4,4
2017-12-02,10000047,33818,240000000,240000000,240000000,1,1
2017-12-02,10000047,33822,149994.72,149994.72,149994.72,1,1
2017-12-02,10000047,33824,1505822.31,1199000,1599999.99,17,7
2017-12-02,10000047,33890,810908.15,799999,1000000.01,55,2
2017-12-02,10000047,33892,4279999.85,4279999.85,4279999.88,11,5
2017-12-02,10000047,33896,8457140.71,7999995,9400000,7,3
2017-12-02,10000047,33898,17999995,17999995,17999995,3,1
2017-12-02,10000047,33915,399434.49,250248.87,449993.99,9,7
2017-12-02,10000047,33951,104999999,104999999,104999999,1,1
2017-12-02,10000047,34201,165000.26,165000.24,165000.29,12,6
2017-12-02,10000047,34202,1600000.01,1600000.01,1600000.01,1,1
2017-12-02,10000047,34203,652500.07,648000,656000.12,16,6
2017-12-02,10000047,34204,846700.01,599000,850000.01,10,9
2017-12-02,10000047,34205,160000.38,160000.38,160000.38,7,4
2017-12-02,10000047,34206,195000.39,195000.39,195000.39,1,1
2017-12-02,10000047,34207,2000000,2000000,2000000,1,1
2017-12-02,10000047,34260,250000,250000,250000,17,1
2017-12-02,10000047,34264,3499999.88,3499999.88,3499999.88,2,1
2017-12-02,10000047,34268,2399999.98,2399999.98,2399999.98,1,1
2017-12-02,10000047,34306,7777777.77,7777777.77,7777777.77,1,1
2017-12-02,10000047,34317,52449999.97,49899999.99,54999999.95,2,2
2017-12-02,10000047,34496,1700000,1700000,1700000,1,1
2017-12-02,10000047,34562,52368867.95,51999999.72,56499997.5,8,8
2017-12-02,10000047,34828,64499999.33,57999999.72,66666665.81,4,4
2017-12-02,10000047,35656,88079.33,99.99,89000.72,15,9
2017-12-02,10000047,35657,75884.01,40003.02,110000,17,13
2017-12-02,10000047,35658,23373.78,23373.78,23373.78,104,14
2017-12-02,10000047,35659,61612.24,44999.97,74000,34,24
2017-12-02,10000047,35660,77111.08,69995,79997.95,7,6
2017-12-02,10000047,35661,245281.16,240000.01,314998.99,32,16
2017-12-02,10000047,35662,224069.77,205000.01,299999.99,43,17
2017-12-02,10000047,35680,1150000,1150000,1150000,2,2
2017-12-02,10000047,35683,59900000,59900000,59900000,1,1
2017-12-02,10000047,35771,1094990.4,1094990.4,1094990.4,3,2
2017-12-02,10000047,35788,88888.87,88888.87,88888.87,1,1
2017-12-02,10000047,35790,1420007.53,900020.83,1649997.99,5,4
2017-12-02,10000047,35794,26800,25000,29000,10,3
2017-12-02,10000047,35795,32182.62,24999.99,35000,5,3
2017-12-02,10000047,36909,5876188.31,5314284.96,6999995.01,3,2
2017-12-02,10000047,36910,7029999.92,6749999.95,7099999.91,5,3
2017-12-02,10000047,37135,45000000,45000000,45000000,1,1
2017-12-02,10000047,37451,1389999.93,1389999.93,1389999.93,1,1
2017-12-02,10000047,37454,25000000,25000000,25000000,1,1
2017-12-02,10000047,37456,16000000,16000000,16000000,1,1
2017-12-02,10000047,37479,771999.63,743999.99,799999.27,2,2
2017-12-02,10000047,37480,74500000,74500000,74500000,1,1
2017-12-02,10000047,37607,900000000.25,900000000.25,900000000.25,1,1
2017-12-02,10000047,37608,2099999.93,2099999.93,2099999.93,5,1
2017-12-02,10000047,40346,5000000,5000000,5000000,3,1
2017-12-02,10000047,40347,6801538.46,5900000,7269230.77,15,3
2017-12-02,10000047,40351,170999999.78,170999999.78,170999999.78,2,2
2017-12-02,10000047,40519,320000108.61,320000105.68,320000111.54,10,3
2017-12-02,10000047,40520,836721523.31,819893999.71,866999999,21,19
2017-12-02,10000047,40556,12499999.97,12499999.95,12500000,23,2
2017-12-02,10000047,40557,12899999.73,12899999.73,12899999.73,20,1
2017-12-02,10000047,40558,13399999.19,13399998.99,13399999.87,18,4
2017-12-02,10000047,40662,173999999.99,173999999.99,173999999.99,1,1
2017-12-02,10000047,41031,100000,100000,100000,1,1
2017-12-02,10000047,41032,1000000,1000000,1000000,1,1
2017-12-02,10000047,41033,405713.5,405713.5,405713.5,1,1
2017-12-02,10000047,41034,135140.71,109000,169995,7,2
2017-12-02,10000047,41054,371031.37,256000.09,400000,96,15
2017-12-02,10000047,41055,258871.66,250051.06,400000,17,12
2017-12-02,10000047,41056,317499.8,300000.06,474997.5,20,15
2017-12-02,10000047,41057,4399999.87,4399999.87,4399999.87,3,3
2017-12-02,10000047,41155,19083.17,15000,24000,6,5
2017-12-02,10000047,41218,35999999.98,35999999.98,35999999.98,1,1
2017-12-02,10000047,41336,7000000,7000000,7000000,3,1
2017-12-02,10000047,41405,32999999.99,32999999.99,32999999.99,1,1
2017-12-02,10000047,41406,34000000,34000000,34000000,1,1
2017-12-02,10000047,41409,31999999.99,31999999.99,31999999.99,1,1
2017-12-02,10000047,41411,42000000,42000000,42000000,2,2
2017-12-02,10000047,41415,172891000,172891000,172891000,2,1
2017-12-02,10000047,41489,12500,12500,12500,111,3
2017-12-02,10000047,41490,1094157.46,955003.7,1179999.73,83,10
2017-12-02,10000047,41491,35999999.81,30000000,38999999.71,3,2
2017-12-02,10000047,41493,135000000,135000000,135000000,1,1
2017-12-02,10000047,41534,142000000,142000000,142000000,1,1
2017-12-02,10000047,42244,54366666.66,40000000,61550000,3,3
2017-12-02,10000047,42526,569974.55,569974.55,569974.55,1,1
2017-12-02,10000047,42527,549999.95,549999.95,549999.95,1,1
2017-12-02,10000047,42528,800000,800000,800000,2,1
2017-12-02,10000047,42529,549999.87,549999.87,549999.87,1,1
2017-12-02,10000047,42530,689998.18,689998.18,689998.18,1,1
2017-12-02,10000047,42685,20499997.5,20000000,20999995,2,2
2017-12-02,10000047,42695,400,400,400,5000,1
2017-12-02,10000047,42696,1300,1300,1300,205,2
2017-12-02,10000047,42829,520.85,520.85,520.85,10216,4
2017-12-02,10000047,42830,525.4,525.4,525.4,12701,5
2017-12-02,10000047,42831,450,450,450,12500,3
2017-12-02,10000047,42832,869.99,869.99,869.99,1021,3
2017-12-02,10000047,42833,599.99,599.99,599.99,2020,2
2017-12-02,10000047,42834,899.99,899.99,899.99,1000,1
2017-12-02,10000047,42835,550,550,550,3250,2
2017-12-02,10000047,42836,899.99,899.99,899.99,580,3
2017-12-02,10000047,42837,949.99,949.99,949.99,490,2
2017-12-02,10000047,42838,999.99,999.99,999.99,100,1
2017-12-02,10000047,42839,1398.9,1398.9,1398.9,100,1
2017-12-02,10000047,42840,1000,1000,1000,100,1
2017-12-02,10000047,43551,3197691.36,3000000,3542305.56,40,7
2017-12-02,10000047,43552,2934811.96,2870623.92,2999000,4,3
2017-12-02,10000047,43554,2977899.96,2977899.96,2977899.96,1,1
2017-12-02,10000047,43556,2800000,2800000,2800000,3,1
2017-12-02,10000047,43694,72499997.5,71999995,73000000,10,2
2017-12-02,10000047,43699,69495,69495,69495,10,1
2017-12-02,10000047,43702,95666.66,94999.99,96000,3,3
2017-12-02,10000047,43703,20999999.99,20999999.99,20999999.99,1,1
2017-12-02,10000047,43896,1299000,1299000,1299000,1,1
2017-12-02,10000047,44110,1010,1010,1010,300,1
2017-12-02,10000047,44992,3200000,3200000,3200000,7333,15
2017-12-02,10000047,45010,154999.93,154999.93,154999.93,20,1
2017-12-02,10000047,45586,52999999.73,52999999.73,52999999.73,1,1
2017-12-02,10000047,45589,46499999.87,40000000,52999999.73,2,2
2017-12-02,10000047,45590,32999999.99,32999999.99,32999999.99,1,1
2017-12-02,10000047,45598,39899000,39899000,39899000,1,1
2017-12-02,10000047,45601,41399999.99,41399999.99,41399999.99,1,1
2017-12-02,10000047,45612,37999999.93,37999999.93,37999999.93,1,1
2017-12-02,10000047,45613,69999999,69999999,69999999,1,1
2017-12-02,10000047,45618,19999999,19999999,19999999,1,1
2017-12-02,10000047,45621,55000000,55000000,55000000,1,1
2017-12-02,10000047,45623,39999992.39,39999992.39,39999992.39,1,1
2017-12-02,10000047,45625,24000000,24000000,24000000,1,1
2017-12-02,10000047,45627,33999999.99,33999999.99,33999999.99,1,1
2017-12-02,10000047,45630,36000000,36000000,36000000,1,1
2017-12-02,10000047,45635,197798328.32,197775993.99,197909999.97,6,6
2017-12-02,10000047,45746,1100000,1100000,1100000,1,1
2017-12-02,10000047,45754,160000,160000,160000,1,1
2017-12-02,10000047,45879,480000,480000,480000,1,1
2017-12-02,10000047,45998,2999999.99,2999999.99,2999999.99,1,1
2017-12-02,10000047,46002,4083333.33,3250000,5999999.99,6,4
2017-12-02,10000047,46003,15000000,15000000,15000000,1,1
2017-12-02,10000047,46004,3999999.99,3999999.99,3999999.99,1,1
2017-12-02,10000047,46152,12704757.62,12557138.93,12999995,3,3
2017-12-02,10000047,46153,24999995,24999995,24999995,1,1
2017-12-02,10000047,46154,24999995,24999995,24999995,1,1
2017-12-02,10000047,46355,277856.29,250000,347497,14,3
2017-12-02,10000047,46356,895000,895000,895000,8,2
2017-12-02,10000047,46366,998367.11,998367.11,998367.11,18,3
2017-12-02,10000047,46368,1149995,1149995,1149995,12,1
2017-12-02,10000047,46369,499999.78,499999.78,499999.78,12,1
2017-12-02,10000047,46370,929999.99,929999.99,929999.99,8,2
2017-12-02,10000047,46372,1099997.5,999995,1199999.99,16,3
2017-12-02,10000048,18,41.1,41.1,41.1,230362,16
2017-12-02,10000048,20,399.95,399.95,399.95,8000,1
2017-12-02,10000048,34,4.8,4.02,4.85,7431400,60
2017-12-02,10000048,35,4.31,2.01,5,1991990,31
2017-12-02,10000048,36,73,73,73,4894358,28
2017-12-02,10000048,37,43.02,43.02,43.02,118454,26
2017-12-02,10000048,38,375,317,499,31433,24
2017-12-02,10000048,39,1204.28,1204.28,1204.28,67880,15
2017-12-02,10000048,40,1005.01,1005.01,1449.84,11162,21
2017-12-02,10000048,42,1708.58,1708.58,1708.58,10,1
2017-12-02,10000048,182,0.11,0.11,0.11,100,1
2017-12-02,10000048,184,0.11,0.11,0.11,100,1
2017-12-02,10000048,185,15.99,15.99,15.99,500,1
2017-12-02,10000048,189,43.75,43.75,43.75,4000,1
2017-12-02,10000048,190,46,46,46,1000,1
2017-12-02,10000048,199,1.51,1.51,1.51,1215,1
2017-12-02,10000048,210,8,8,8,13251,9
2017-12-02,10000048,211,8.5,8.5,8.5,5000,3
2017-12-02,10000048,212,20.31,20.31,20.31,9500,3
2017-12-02,10000048,213,8.24,8.24,8.24,7100,5
2017-12-02,10000048,215,3.09,3,4.8,11200,6
2017-12-02,10000048,217,5.76,5.76,5.76,5500,3
2017-12-02,10000048,218,0.1,0.1,0.1,400,2
2017-12-02,10000048,220,4.11,4.11,4.11,76301,4
2017-12-02,10000048,221,12.99,12.99,12.99,3101,3
2017-12-02,10000048,222,29.99,24.95,29.99,242904,33
2017-12-02,10000048,225,0.1,0.1,0.1,200,1
2017-12-02,10000048,226,34.32,34.32,34.32,2000,1
2017-12-02,10000048,227,58.65,58.65,58.65,2100,2
2017-12-02,10000048,228,42,42,42,120,1
2017-12-02,10000048,229,0.1,0.1,0.1,100,1
2017-12-02,10000048,230,69.69,69.69,69.69,107680,14
2017-12-02,10000048,239,100,100,100,3,1
2017-12-02,10000048,245,7000,7000,7000,8,1
2017-12-02,10000048,246,44314.22,5099.99,93332,18,3
2017-12-02,10000048,255,32427,32427,32427,8,1
2017-12-02,10000048,262,88500,88500,88500,2,1
2017-12-02,10000048,263,370,370,370,727,2
2017-12-02,10000048,264,999.99,999.99,999.99,190,7
2017-12-02,10000048,266,0.1,0.1,0.1,100,1
2017-12-02,10000048,377,38991.21,14588.1,99998.98,7,3
2017-12-02,10000048,380,899999.5,800000,999999,4,2
2017-12-02,10000048,399,25000,25000,25000,1,1
2017-12-02,10000048,400,625999.99,500000,688999.98,3,3
2017-12-02,10000048,438,2545450.93,1999999.98,3999986.8,11,7
2017-12-02,10000048,439,15160.97,14000,16321.94,10,6
2017-12-02,10000048,440,5367097.98,4899999.99,5989895.28,7,5
2017-12-02,10000048,442,150000,149999.99,150000,2,2
2017-12-02,10000048,444,21895.42,19988.98,26899.83,29,5
2017-12-02,10000048,447,135000,119999.99,150000,2,2
2017-12-02,10000048,448,1849512.2,1820000,1899999.9,18,15
2017-12-02,10000048,454,750000,750000,750000,15,2
2017-12-02,10000048,482,1795000,1775000,1800000,5,2
2017-12-02,10000048,483,18172.81,14999.99,22138.84,18,7
2017-12-02,10000048,519,1556031.24,1100000,1899979.74,9,5
2017-12-02,10000048,520,150000,150000,150000,2,1
2017-12-02,10000048,523,79200,33400,125000,2,2
2017-12-02,10000048,526,150000,150000,150000,1,1
2017-12-02,10000048,527,1118375.07,982000.01,1499978.05,11,9
2017-12-02,10000048,562,35000.01,35000.01,35000.01,3,1
2017-12-02,10000048,563,52000,52000,52000,3,2
2017-12-02,10000048,564,35555,35555,35555,40,1
2017-12-02,10000048,565,16810.32,3520.63,30100,6,2
2017-12-02,10000048,570,287500,249999.99,300000,4,2
2017-12-02,10000048,577,60000,60000,60000,1,1
2017-12-02,10000048,578,499750,499749.97,499750,45,5
2017-12-02,10000048,583,316666.66,274999.99,400000,6,6
2017-12-02,10000048,585,345000,345000,345000,1,1
2017-12-02,10000048,586,390000,390000,390000,1,1
2017-12-02,10000048,587,29999.99,29999.99,29999.99,1,1
2017-12-02,10000048,588,45000,45000,45000,1,1
2017-12-02,10000048,591,650000,650000,650000,1,1
2017-12-02,10000048,592,291800,262700,350000,3,3
2017-12-02,10000048,593,505781.64,433450,699999,11,10
2017-12-02,10000048,594,405000,400000,410000,2,2
2017-12-02,10000048,597,558333.33,337500,1000000,3,3
2017-12-02,10000048,598,347499.4,300000,489997.61,4,2
2017-12-02,10000048,602,83591.97,29999.99,100441.91,64,3
2017-12-02,10000048,603,402777.78,350000,415000,9,5
2017-12-02,10000048,605,570000,440000,700000,4,4
2017-12-02,10000048,606,0.01,0.01,0.01,2,2
2017-12-02,10000048,607,533332.99,466666,599999.98,6,6
2017-12-02,10000048,608,361928.56,308000,420999.99,14,14
2017-12-02,10000048,622,13999999.98,13999999.98,13999999.98,1,1
2017-12-02,10000048,623,12499999.98,12499999.98,12499999.98,3,3
2017-12-02,10000048,626,12399799.8,9649500,12850000,5,5
2017-12-02,10000048,629,11599998.98,11599998.98,11599998.98,2,2
2017-12-02,10000048,632,8333333.33,8000000,8499999.99,3,3
2017-12-02,10000048,641,168890000,168890000,168890000,3,2
2017-12-02,10000048,643,160000000,160000000,160000000,1,1
2017-12-02,10000048,645,234899999,234899999,234899999,1,1
2017-12-02,10000048,648,2483900.53,2483900.53,2483900.53,1,1
2017-12-02,10000048,650,1398000,1398000,1398000,1,1
2017-12-02,10000048,651,2000000,2000000,2000000,1,1
2017-12-02,10000048,652,1334199.67,751300,2499999,3,3
2017-12-02,10000048,654,1399999.99,1399999.99,1399999.99,1,1
2017-12-02,10000048,655,1799999.99,1799999.99,1799999.99,2,2
2017-12-02,10000048,656,2447500,1995000,2900000,2,2
2017-12-02,10000048,657,2674999.75,2500000,2849999.5,4,4
2017-12-02,10000048,672,51458.11,10499.49,77292.64,5,5
2017-12-02,10000048,788,300000,300000,300000,9,2
2017-12-02,10000048,790,999960,999960,999960,10,1
2017-12-02,10000048,811,150000,150000,150000,1,1
2017-12-02,10000048,813,180000,180000,180000,1,1
2017-12-02,10000048,939,2525000,2525000,2525000,4,1
2017-12-02,10000048,940,2825000,2825000,2825000,4,1
2017-12-02,10000048,941,2825000,2825000,2825000,1,1
2017-12-02,10000048,954,2725000,2725000,2725000,2,2
2017-12-02,10000048,955,2125000,2125000,2125000,1,1
2017-12-02,10000048,956,2325000,2325000,2325000,4,1
2017-12-02,10000048,971,83250000,83250000,83250000,1,1
2017-12-02,10000048,972,82250000,82250000,82250000,1,1
2017-12-02,10000048,978,81250000,81250000,81250000,1,1
2017-12-02,10000048,979,80250000,80250000,80250000,1,1
2017-12-02,10000048,985,3100000,3100000,3100000,1,1
2017-12-02,10000048,989,3425000,3425000,3425000,2,2
2017-12-02,10000048,990,6000000,6000000,6000000,1,1
2017-12-02,10000048,991,4287500,4287500,4287500,2,1
2017-12-02,10000048,992,11250000,11250000,11250000,1,1
2017-12-02,10000048,1099,200000,200000,200000,1,1
2017-12-02,10000048,1113,60000,60000,60000,1,1
2017-12-02,10000048,1114,90000,90000,90000,2,2
2017-12-02,10000048,1118,200000,200000,200000,1,1
2017-12-02,10000048,1119,1200000,1200000,1200000,1,1
2017-12-02,10000048,1120,900000,900000,900000,2,2
2017-12-02,10000048,1123,2000000,2000000,2000000,1,1
2017-12-02,10000048,1125,15000000,15000000,15000000,1,1
2017-12-02,10000048,1137,100000,100000,100000,3,3
2017-12-02,10000048,1141,175000,175000,175000,1,1
2017-12-02,10000048,1144,325000,325000,325000,2,2
2017-12-02,10000048,1145,400000,400000,400000,2,2
2017-12-02,10000048,1153,1000000,1000000,1000000,1,1
2017-12-02,10000048,1182,64119.63,64100,64139.25,2,2
2017-12-02,10000048,1183,727316.89,473792.63,774999,8,8
2017-12-02,10000048,1185,18000,18000,18000,1,1
2017-12-02,10000048,1214,5000000,5000000,5000000,1,1
2017-12-02,10000048,1221,9000000,9000000,9000000,2,2
2017-12-02,10000048,1224,43,43,43,33,1
2017-12-02,10000048,1226,300,300,300,15,1
2017-12-02,10000048,1227,51.01,51.01,51.01,25585,7
2017-12-02,10000048,1228,15.08,15.08,15.08,803974,10
2017-12-02,10000048,1230,12.59,12.59,12.59,686911,18
2017-12-02,10000048,1231,5994,5994,5994,16000,5
2017-12-02,10000048,1236,734164.15,641000,1199989.89,6,6
2017-12-02,10000048,1248,1199999.99,1199999.99,1199999.99,2,2
2017-12-02,10000048,1304,35000,35000,35000,3,2
2017-12-02,10000048,1306,299534.73,250000,324302.1,3,3
2017-12-02,10000048,1317,11975.25,9072.42,14749.99,13,8
2017-12-02,10000048,1319,991622.12,798000,1198758.02,19,9
2017-12-02,10000048,1335,573247.33,346499.36,799995.29,12,3
2017-12-02,10000048,1353,55555,55555,55555,1,1
2017-12-02,10000048,1355,1149898.25,949986.72,1249854.02,3,3
2017-12-02,10000048,1403,27142.56,21249.5,34999.98,7,3
2017-12-02,10000048,1405,851042.91,609998.48,974997.09,72,34
2017-12-02,10000048,1447,997665.65,746498.48,1500000,3,3
2017-12-02,10000048,1539,55599.59,55599.59,55599.59,1,1
2017-12-02,10000048,1541,1762271.94,1762271.91,1762271.96,2,2
2017-12-02,10000048,1559,2499999,2499999,2499999,1,1
2017-12-02,10000048,1808,90000,90000,90000,1,1
2017-12-02,10000048,1952,2530357.96,2530357.96,2530358,7,6
2017-12-02,10000048,1969,2699998.98,2699998.98,2699998.98,1,1
2017-12-02,10000048,1978,2199999.73,2199999.73,2199999.73,2,2
2017-12-02,10000048,1999,1285713.5,999999.99,1399998.91,7,5
2017-12-02,10000048,2024,1190000,1190000,1190000,1,1
2017-12-02,10000048,2032,529986,529985.99,529986,13,8
2017-12-02,10000048,2038,1549998.12,1499999.99,1599996.24,2,2
2017-12-02,10000048,2046,27045.97,23999.75,59998.98,56,16
2017-12-02,10000048,2048,601486.89,549999.97,689982.82,40,35
2017-12-02,10000048,2117,3999997.5,3999997.5,3999997.5,1,1
2017-12-02,10000048,2173,40900.99,40900.99,40900.99,8,2
2017-12-02,10000048,2174,1700000,1700000,1700000,1,1
2017-12-02,10000048,2175,1975999.96,1975999.96,1975999.96,8,3
2017-12-02,10000048,2183,64614,35000,128000,12,4
2017-12-02,10000048,2184,1800000,1800000,1800000,1,1
2017-12-02,10000048,2185,1146980.2,999999,1199998.91,53,12
2017-12-02,10000048,2203,6864.38,3990,14999,39,6
2017-12-02,10000048,2204,200000,200000,200000,2,2
2017-12-02,10000048,2205,452300.51,439997.84,499998.38,87,15
2017-12-02,10000048,2254,81000,81000,81000,2,1
2017-12-02,10000048,2281,3576238.58,3134947.82,3874949.98,18,12
2017-12-02,10000048,2291,75000,75000,75000,1,1
2017-12-02,10000048,2295,125000,125000,125000,1,1
2017-12-02,10000048,2297,2177776.94,2177776.94,2177776.94,1,1
2017-12-02,10000048,2299,2559999.97,1599999.99,3199999.96,5,2
2017-12-02,10000048,2301,2999991.52,2999991.52,2999991.52,1,1
2017-12-02,10000048,2303,2999999,2999999,2999999,3,1
2017-12-02,10000048,2333,1458000,1458000,1458000,1,1
2017-12-02,10000048,2364,1359999.99,1349999.99,1400000,5,4
2017-12-02,10000048,2392,650.38,650.38,650.38,13000,2
2017-12-02,10000048,2393,240.03,240.03,240.03,3640,1
2017-12-02,10000048,2400,410,410,410,14000,1
2017-12-02,10000048,2404,1209298.98,1099000,1250000,15,4
2017-12-02,10000048,2406,1000000,1000000,1000000,2,1
2017-12-02,10000048,2444,79999.85,79999.85,79999.85,4,1
2017-12-02,10000048,2445,7000000,7000000,7000000,2,2
2017-12-02,10000048,2446,2209983.35,1999989.81,2498973.46,19,3
2017-12-02,10000048,2454,4860.4,4860.4,5150,236,25
2017-12-02,10000048,2456,410000,383999.98,411496.85,114,24
2017-12-02,10000048,2465,300000,300000,300000,1,1
2017-12-02,10000048,2466,818666.16,799999.98,999998.93,15,3
2017-12-02,10000048,2477,4000000,4000000,4000000,1,1
2017-12-02,10000048,2486,8793.08,7500,10697.49,12,6
2017-12-02,10000048,2487,400000,400000,400000,1,1
2017-12-02,10000048,2488,409999.99,409999.99,410000,121,20
2017-12-02,10000048,2495,500000,500000,500000,1,1
2017-12-02,10000048,2505,500000,500000,500000,1,1
2017-12-02,10000048,2507,7000000,7000000,7000000,1,1
2017-12-02,10000048,2512,5.45,5.45,5.45,3000,3
2017-12-02,10000048,2513,35000,35000,35000,1,1
2017-12-02,10000048,2514,4.4,4.4,4.4,2000,1
2017-12-02,10000048,2524,80833.33,80500,81000,3,2
2017-12-02,10000048,2525,81000,81000,81000,2,1
2017-12-02,10000048,2534,81000,81000,81000,2,1
2017-12-02,10000048,2539,1849999.47,1199999.94,2499999,2,2
2017-12-02,10000048,2549,88500,88500,88500,2,2
2017-12-02,10000048,2553,1238440.23,1188888,1287992.47,4,4
2017-12-02,10000048,2563,2000000,2000000,2000000,10,1
2017-12-02,10000048,2603,8800,8800,8800,3,1
2017-12-02,10000048,2605,597894.29,434868.32,889997.13,31,26
2017-12-02,10000048,2613,150,150,150,3000,1
2017-12-02,10000048,2629,1490,1490,1490,29500,6
2017-12-02,10000048,2867,1800000,1800000,1800000,170,4
2017-12-02,10000048,2876,2800000,2800000,2800000,18,1
2017-12-02,10000048,2889,734492.47,609999.94,1069879.31,24,4
2017-12-02,10000048,2897,2298415.97,2298415.97,2298415.97,5,1
2017-12-02,10000048,2969,2828570.85,2599998.76,2999999.91,14,3
2017-12-02,10000048,2977,1249395.8,1249395.8,1249395.8,2,1
2017-12-02,10000048,3017,887998.99,887998.99,887998.99,4,1
2017-12-02,10000048,3033,1809996.86,1699996.08,2250000,10,2
2017-12-02,10000048,3041,694222.04,549999.92,1198999.45,18,3
2017-12-02,10000048,3074,1269481.17,930000,1288880.09,37,2
2017-12-02,10000048,3082,2994959.52,2400000,3248999.83,13,4
2017-12-02,10000048,3090,6199999.98,6199999.98,6199999.98,7,2
2017-12-02,10000048,3098,490000,490000,490000,3,1
2017-12-02,10000048,3130,2500000.01,2500000.01,2500000.01,3,1
2017-12-02,10000048,3138,1499998.21,250000.01,2499996.77,9,5
2017-12-02,10000048,3146,2424999.94,2424999.94,2424999.94,6,1
2017-12-02,10000048,3170,689999.97,689999.97,689999.97,3,1
2017-12-02,10000048,3178,999897.57,749999,1199993.28,35,10
2017-12-02,10000048,3184,1600000,1600000,1600000,1,1
2017-12-02,10000048,3242,119999.99,119999.99,119999.99,1,1
2017-12-02,10000048,3244,1532458.19,853500.44,1699999.99,12,11
2017-12-02,10000048,3265,7433140.3,7433140.3,7433140.3,1,1
2017-12-02,10000048,3293,49999.99,49999.99,49999.99,4,4
2017-12-02,10000048,3296,100000,100000,100000,5,4
2017-12-02,10000048,3302,20000,20000,20000,1,1
2017-12-02,10000048,3304,100000,100000,100000,5,5
2017-12-02,10000048,3305,100000,100000,100000,1,1
2017-12-02,10000048,3306,100000,100000,100000,2,2
2017-12-02,10000048,3307,2000000,2000000,2000000,1,1
2017-12-02,10000048,3308,2000000,2000000,2000000,52,3
2017-12-02,10000048,3309,2000000,2000000,2000000,1,1
2017-12-02,10000048,3310,40000,40000,40000,3,3
2017-12-02,10000048,3311,80000,80000,80000,1,1
2017-12-02,10000048,3312,60000,60000,60000,2,2
2017-12-02,10000048,3315,1000000,1000000,1000000,2,2
2017-12-02,10000048,3316,70000,70000,70000,1,1
2017-12-02,10000048,3317,100000,100000,100000,2,2
2017-12-02,10000048,3320,10000,10000,10000,2,2
2017-12-02,10000048,3321,20000,20000,20000,2,2
2017-12-02,10000048,3322,25000,25000,25000,3,3
2017-12-02,10000048,3323,30000,30000,30000,3,3
2017-12-02,10000048,3324,100000,100000,100000,1,1
2017-12-02,10000048,3325,400000,400000,400000,1,1
2017-12-02,10000048,3328,40000,40000,40000,2,2
2017-12-02,10000048,3330,40000,40000,40000,2,2
2017-12-02,10000048,3331,40000,40000,40000,1,1
2017-12-02,10000048,3332,500000,500000,500000,5,5
2017-12-02,10000048,3334,500000,500000,500000,4,4
2017-12-02,10000048,3335,500000,500000,500000,3,3
2017-12-02,10000048,3336,4000000,4000000,4000000,1,1
2017-12-02,10000048,3337,4000000,4000000,4000000,4,4
2017-12-02,10000048,3338,4000000,4000000,4000000,52,3
2017-12-02,10000048,3339,4000000,4000000,4000000,4,4
2017-12-02,10000048,3340,300000,300000,300000,2,2
2017-12-02,10000048,3341,300000,300000,300000,2,2
2017-12-02,10000048,3345,5500000000,5500000000,5500000000,1,1
2017-12-02,10000048,3348,19500,17500,20000,5,5
2017-12-02,10000048,3349,75000,75000,75000,1,1
2017-12-02,10000048,3350,100000,100000,100000,1,1
2017-12-02,10000048,3351,400000,400000,400000,1,1
2017-12-02,10000048,3352,400000,400000,400000,2,2
2017-12-02,10000048,3355,20000,20000,20000,5,5
2017-12-02,10000048,3356,60000,60000,60000,4,4
2017-12-02,10000048,3357,180000,180000,180000,4,4
2017-12-02,10000048,3358,100000,100000,100000,1,1
2017-12-02,10000048,3359,200000,200000,200000,4,4
2017-12-02,10000048,3361,200000,200000,200000,2,2
2017-12-02,10000048,3363,20000,20000,20000,3,3
2017-12-02,10000048,3380,17500,15000,20000,2,2
2017-12-02,10000048,3385,50000,50000,50000,2,2
2017-12-02,10000048,3387,140000,130000,150000,2,2
2017-12-02,10000048,3388,250000,250000,250000,1,1
2017-12-02,10000048,3389,280000,280000,280000,2,2
2017-12-02,10000048,3393,30000,30000,30000,1,1
2017-12-02,10000048,3394,60000,60000,60000,1,1
2017-12-02,10000048,3403,300000,300000,300000,1,1
2017-12-02,10000048,3405,25000,25000,25000,2,2
2017-12-02,10000048,3406,300000,300000,300000,1,1
2017-12-02,10000048,3408,15000000,15000000,15000000,1,1
2017-12-02,10000048,3409,350000,350000,350000,3,3
2017-12-02,10000048,3410,450000,450000,450000,2,2
2017-12-02,10000048,3416,35000,35000,35000,3,3
2017-12-02,10000048,3421,130000,130000,130000,1,1
2017-12-02,10000048,3422,80000,80000,80000,1,1
2017-12-02,10000048,3423,75000,75000,75000,5,5
2017-12-02,10000048,3427,120000,120000,120000,2,2
2017-12-02,10000048,3431,75000,75000,75000,1,1
2017-12-02,10000048,3433,100000,100000,100000,2,2
2017-12-02,10000048,3434,80000,80000,80000,4,4
2017-12-02,10000048,3435,149999.11,149998.21,150000,2,2
2017-12-02,10000048,3436,20000,20000,20000,1,1
2017-12-02,10000048,3437,40000,40000,40000,3,3
2017-12-02,10000048,3438,40000,40000,40000,4,4
2017-12-02,10000048,3439,200000,200000,200000,2,2
2017-12-02,10000048,3440,220000,220000,220000,53,4
2017-12-02,10000048,3441,380000,380000,380000,1,1
2017-12-02,10000048,3442,500000,500000,500000,4,4
2017-12-02,10000048,3443,20000,20000,20000,1,1
2017-12-02,10000048,3446,100000,100000,100000,4,4
2017-12-02,10000048,3451,30000,30000,30000,2,2
2017-12-02,10000048,3452,40000,40000,40000,6,6
2017-12-02,10000048,3456,9633333.33,8900000,10000000,3,3
2017-12-02,10000048,3467,5000,5000,5000,3,1
2017-12-02,10000048,3488,1849998.8,1849998.8,1849998.8,1,1
2017-12-02,10000048,3496,3299967.96,3299967.96,3299967.96,2,2
2017-12-02,10000048,3504,3512521.55,3373843.6,3789877.45,3,3
2017-12-02,10000048,3530,1881669.08,1588887.96,2114458,6,5
2017-12-02,10000048,3551,36000,36000,36000,1,1
2017-12-02,10000048,3554,3000.03,3000.03,3000.03,10,1
2017-12-02,10000048,3566,25000.01,25000.01,25000.01,1,1
2017-12-02,10000048,3568,1109500,970000,1248999.99,2,2
2017-12-02,10000048,3643,68,68,68,28486,4
2017-12-02,10000048,3689,8000,8000,8000,8440,1
2017-12-02,10000048,3697,13213.14,13213.14,13213.14,7285,1
2017-12-02,10000048,3713,10846,10846,10846,7560,6
2017-12-02,10000048,3756,55000000,55000000,55000000,1,1
2017-12-02,10000048,3777,2409.9,2409.9,2409.9,1615534,12
2017-12-02,10000048,3779,860,860,860,8000,1
2017-12-02,10000048,3828,13900,13900,13900,23,1
2017-12-02,10000048,3829,34554.33,33887.99,35887,3,2
2017-12-02,10000048,3831,1168421.54,860000,1999999.99,19,10
2017-12-02,10000048,3841,1709941.63,1598989.7,1757492.45,10,6
2017-12-02,10000048,3888,1279998.46,1178999,1380997.92,4,4
2017-12-02,10000048,3895,30999999,30999999,30999999,1,1
2017-12-02,10000048,3898,7000000,7000000,7000000,1,1
2017-12-02,10000048,4025,94349.92,11000.01,248899.97,38,13
2017-12-02,10000048,4027,303332.11,10000.01,487774.92,14,10
2017-12-02,10000048,4051,23500,23500,23500,40000,3
2017-12-02,10000048,4247,23790,23790,23790,500,1
2017-12-02,10000048,4250,4201000.17,4201000.17,4201000.17,1,1
2017-12-02,10000048,4254,1699000,1699000,1699000,1,1
2017-12-02,10000048,4258,1988887.99,1988887.99,1988888,5,3
2017-12-02,10000048,4260,2649999.96,2649999.96,2649999.96,1,1
2017-12-02,10000048,4308,76000669,76000669,76000669,1,1
2017-12-02,10000048,4312,21725,21725,21725,10480,2
2017-12-02,10000048,4383,3002199.71,3002199.71,3002199.71,5,5
2017-12-02,10000048,4393,78399.8,69500,125000,10,6
2017-12-02,10000048,4395,1699996.84,1699996.84,1699996.84,2,2
2017-12-02,10000048,4397,8999999,8999999,8999999,1,1
2017-12-02,10000048,4399,6992699.6,6992699.6,6992699.6,1,1
2017-12-02,10000048,4403,980133.78,570497.96,1499999,5,5
2017-12-02,10000048,4405,1278892.65,1249999.92,1398989.93,69,8
2017-12-02,10000048,4435,126788.94,126788.94,126788.94,2,1
2017-12-02,10000048,4471,191666.93,37502.5,499995.8,3,3
2017-12-02,10000048,4477,32997.83,15000,68993.48,3,3
2017-12-02,10000048,4533,799899,799899,799899,3,2
2017-12-02,10000048,4573,849449.5,849000,849899,2,2
2017-12-02,10000048,4787,100000,100000,100000,1,1
2017-12-02,10000048,4833,489995,489995,489995,1,1
2017-12-02,10000048,4871,74250.02,4.99,98998.36,8,2
2017-12-02,10000048,5011,510000,510000,510000,1,1
2017-12-02,10000048,5093,50,50,50,14,3
2017-12-02,10000048,5137,42901.33,5,64349.5,3,3
2017-12-02,10000048,5141,78181.83,10000,85000.01,22,3
2017-12-02,10000048,5239,86361.08,12000,99999.91,18,8
2017-12-02,10000048,5302,51175.36,1090.05,95000,15,5
2017-12-02,10000048,5320,50,50,50,2,2
2017-12-02,10000048,5321,200,50,500,3,3
2017-12-02,10000048,5363,1,1,1,1,1
2017-12-02,10000048,5399,24088.55,24088.55,24088.55,2,2
2017-12-02,10000048,5403,589998.28,589998.28,589998.28,1,1
2017-12-02,10000048,5405,94995.64,94995.64,94995.64,1,1
2017-12-02,10000048,5439,175714.93,10000.01,590002.24,7,3
2017-12-02,10000048,5443,278666.39,227999.65,379999.88,3,3
2017-12-02,10000048,5445,122666.51,5000.01,299999.99,9,5
2017-12-02,10000048,5493,158999.99,158999.99,158999.99,2,1
2017-12-02,10000048,5533,75000,75000,75000,5,3
2017-12-02,10000048,5631,95250,95250,95250,4,2
2017-12-02,10000048,5647,199999.98,199999.98,199999.98,2,1
2017-12-02,10000048,5721,49999.99,49999.99,49999.99,1,1
2017-12-02,10000048,5747,500,500,500,1,1
2017-12-02,10000048,5839,894562.27,600000,1644439.88,14,5
2017-12-02,10000048,5849,790000,790000,790000,4,3
2017-12-02,10000048,5933,399962.22,399962.22,399962.22,10,1
2017-12-02,10000048,5945,5,5,5,2,1
2017-12-02,10000048,5971,168580.71,129998.98,225999,11,11
2017-12-02,10000048,5973,575539.74,459997.32,669998.88,30,24
2017-12-02,10000048,5975,7.02,7.02,7.02,1,1
2017-12-02,10000048,6001,33580.41,19000.51,90000,5,5
2017-12-02,10000048,6003,32496.49,9999.54,54993.45,4,4
2017-12-02,10000048,6005,229666.5,28998,309999,6,6
2017-12-02,10000048,6160,504544.83,5000,789999.02,11,4
2017-12-02,10000048,6173,690000.32,690000.31,690000.32,5,2
2017-12-02,10000048,6437,499944.25,499944.25,499944.25,3,3
2017-12-02,10000048,6671,1000000,1000000,1000000,2,1
2017-12-02,10000048,6673,219999.98,219999.98,219999.98,2,1
2017-12-02,10000048,7171,412078.95,412078.95,412078.95,32,1
2017-12-02,10000048,7251,183332.85,150000,199999.28,3,2
2017-12-02,10000048,7253,370000,370000,370000,4,1
2017-12-02,10000048,7287,2500,2500,2500,1,1
2017-12-02,10000048,7289,175199.99,173999.99,179999.99,5,3
2017-12-02,10000048,7333,300000,300000,300000,1,1
2017-12-02,10000048,7367,1876333.3,210000,2800000,10,5
2017-12-02,10000048,7369,369499.5,349999,388999.99,4,2
2017-12-02,10000048,7487,1690000.19,1690000.19,1690000.19,9,3
2017-12-02,10000048,7491,55250,55250,55250,20,1
2017-12-02,10000048,7539,55250,55250,55250,3,1
2017-12-02,10000048,7541,290802.37,280000,299999.97,6,3
2017-12-02,10000048,7581,398999.85,398999.85,398999.85,8,1
2017-12-02,10000048,7585,824999,824999,824999,2,1
2017-12-02,10000048,7667,5000,5000,5000,3,2
2017-12-02,10000048,7703,258100.96,105801.35,714999.77,16,3
2017-12-02,10000048,7709,2500,2500,2500,1,1
2017-12-02,10000048,7743,5,5,5,1,1
2017-12-02,10000048,7747,4.99,4.99,4.99,1,1
2017-12-02,10000048,7997,670000,450000,890000,2,2
2017-12-02,10000048,8027,1390000,1390000,1390000,4,2
2017-12-02,10000048,8089,438000,438000,438000,4,3
2017-12-02,10000048,8091,487002.5,5,974000,2,2
2017-12-02,10000048,8117,328284.49,5,437710.99,4,2
2017-12-02,10000048,8263,299999,299999,299999,1,1
2017-12-02,10000048,8433,20090.45,20090.45,20090.45,2,1
2017-12-02,10000048,8517,4338089.34,3300000,4459989.11,21,8
2017-12-02,10000048,8521,842777.33,717000,999999,9,7
2017-12-02,10000048,8529,115662.67,3500,339988,3,2
2017-12-02,10000048,8748,749998,749998,749998,1,1
2017-12-02,10000048,8909,299000,299000,299000,1,1
2017-12-02,10000048,9417,1999998.98,1999998.98,1999998.98,1,1
2017-12-02,10000048,9632,449666.33,448999,450000,3,3
2017-12-02,10000048,9728,75002.52,5.04,150000,2,2
2017-12-02,10000048,9784,5.01,5.01,5.01,1,1
2017-12-02,10000048,9828,300,300,300,49692,1
2017-12-02,10000048,9899,10599005.61,10590897.5,10890897.61,37,3
2017-12-02,10000048,9941,11049986.67,10999991.1,11099982.24,2,2
2017-12-02,10000048,9942,11242147.71,10489993.41,11994302,2,2
2017-12-02,10000048,9943,11999988.22,11999978.92,11999989.77,7,4
2017-12-02,10000048,9944,82000,82000,82000,2,2
2017-12-02,10000048,9950,3419995.99,3000000,3499999.99,5,4
2017-12-02,10000048,9956,8998999.99,8998999.99,8998999.99,1,1
2017-12-02,10000048,10156,28999999.99,28999999.99,28999999.99,1,1
2017-12-02,10000048,10190,1141652.14,560000.01,1250000,23,18
2017-12-02,10000048,10212,22898994.97,22898994.97,22898994.97,1,1
2017-12-02,10000048,10216,22998884.22,22998884.22,22998884.22,1,1
2017-12-02,10000048,10246,29998.98,29998.97,29998.99,47,7
2017-12-02,10000048,10247,19986000,19986000,19986000,1,1
2017-12-02,10000048,10250,1166000,1099999.99,1199000,15,2
2017-12-02,10000048,10629,15000,15000,15000,3,1
2017-12-02,10000048,10630,30000,30000,30000,4,4
2017-12-02,10000048,10631,296369.59,178700.14,619960.58,15,2
2017-12-02,10000048,10678,19854.66,18975,19990,15,3
2017-12-02,10000048,10680,750000,700000,799999.99,16,2
2017-12-02,10000048,10688,190000,190000,190000,2,1
2017-12-02,10000048,10692,200000,200000,200000,7,1
2017-12-02,10000048,10694,423166.54,397999.88,700000,12,4
2017-12-02,10000048,10836,40666,40000,40999,3,2
2017-12-02,10000048,10837,364640,364640,364640,2,2
2017-12-02,10000048,10850,498775.99,498775.99,498775.99,1,1
2017-12-02,10000048,10858,1381388,1378887.99,1383888,2,2
2017-12-02,10000048,10872,499999.92,499999.92,499999.92,1,1
2017-12-02,10000048,10998,42281.43,25687.96,90000,62,23
2017-12-02,10000048,11082,1000000,1000000,1000000,2,2
2017-12-02,10000048,11084,4989988.92,4989988.92,4989988.92,1,1
2017-12-02,10000048,11105,536014.72,440000,548546.94,33,12
2017-12-02,10000048,11129,29537.84,18000,99000,39,25
2017-12-02,10000048,11130,50000,50000,50000,3,2
2017-12-02,10000048,11132,19999.99,19999.99,19999.99,1,1
2017-12-02,10000048,11134,43999.4,19999,79999.5,5,5
2017-12-02,10000048,11172,39704165.77,39704165.77,39704165.77,1,1
2017-12-02,10000048,11176,40624999.38,38999999.99,42249998.77,2,2
2017-12-02,10000048,11178,41999999.99,41999999.99,41999999.99,1,1
2017-12-02,10000048,11184,31999999.99,31999999.99,31999999.99,3,3
2017-12-02,10000048,11196,34999996.72,34999996.72,34999996.72,2,2
2017-12-02,10000048,11198,46828135.72,46828135.72,46828135.72,1,1
2017-12-02,10000048,11200,40332965.92,36999999.99,41999448.89,3,3
2017-12-02,10000048,11202,35849998,35849998,35849998,1,1
2017-12-02,10000048,11207,500000,500000,500000,3,3
2017-12-02,10000048,11229,1323988.44,1299996.82,1347980.05,2,2
2017-12-02,10000048,11269,1197078.59,799999.98,1499820.41,14,10
2017-12-02,10000048,11285,5200,5200,5200,10,1
2017-12-02,10000048,11287,6900,6900,6900,43,4
2017-12-02,10000048,11305,650000,650000,650000,2,2
2017-12-02,10000048,11309,110000.01,25000.01,240000,7,4
2017-12-02,10000048,11311,45002.5,5.01,89999.99,2,2
2017-12-02,10000048,11325,844732.72,567649.08,1398899.99,3,2
2017-12-02,10000048,11341,5.01,5.01,5.01,2,2
2017-12-02,10000048,11343,4.89,4.55,5,4,3
2017-12-02,10000048,11349,66428.58,15000.01,375000,7,3
2017-12-02,10000048,11351,5.01,5.01,5.01,1,1
2017-12-02,10000048,11370,1899857.05,1799999.87,2500000,7,7
2017-12-02,10000048,11377,39999999.76,39999999.76,39999999.76,1,1
2017-12-02,10000048,11399,13749,13749,13749,30,1
2017-12-02,10000048,11433,10000000,10000000,10000000,1,1
2017-12-02,10000048,11442,10000000,10000000,10000000,1,1
2017-12-02,10000048,11443,10000000,10000000,10000000,12,3
2017-12-02,10000048,11444,10000000,10000000,10000000,1,1
2017-12-02,10000048,11447,10000000,10000000,10000000,1,1
2017-12-02,10000048,11450,10000000,10000000,10000000,1,1
2017-12-02,10000048,11453,10000000,10000000,10000000,1,1
2017-12-02,10000048,11455,10000000,10000000,10000000,1,1
2017-12-02,10000048,11529,10000000,10000000,10000000,1,1
2017-12-02,10000048,11534,42000,42000,42000,68,1
2017-12-02,10000048,11547,207674.99,207674.99,207674.99,3,1
2017-12-02,10000048,11563,230030.69,50092.06,320000,3,3
2017-12-02,10000048,11566,120000,120000,120000,2,2
2017-12-02,10000048,11577,4672193.78,1430000,4889886.81,9,9
2017-12-02,10000048,11578,7953498.67,6299998.78,9731997.93,8,8
2017-12-02,10000048,11584,75000,75000,75000,5,5
2017-12-02,10000048,11613,99940,99940,99940,5,1
2017-12-02,10000048,11640,1215291.96,819999.99,1299997.36,17,8
2017-12-02,10000048,11644,2878798.79,2878798.79,2878798.79,1,1
2017-12-02,10000048,11646,2545172.95,1410120.07,2995899.3,6,6
2017-12-02,10000048,11963,285500000,280000000,291000000,2,2
2017-12-02,10000048,11987,157646010.99,157646010.99,157646010.99,1,1
2017-12-02,10000048,12052,160000,160000,160000,1,1
2017-12-02,10000048,12056,54999.8,54999.8,54999.8,1,1
2017-12-02,10000048,12058,2499996.18,2000000,2999992.35,2,2
2017-12-02,10000048,12068,5288776,5288776,5288776,1,1
2017-12-02,10000048,12076,5855003.55,2020010.32,7400010.02,4,4
2017-12-02,10000048,12093,4000000,4000000,4000000,2,2
2017-12-02,10000048,12095,4000000,4000000,4000000,5,2
2017-12-02,10000048,12109,3500000,3500000,3500000,1,1
2017-12-02,10000048,12180,375000,375000,375000,1,1
2017-12-02,10000048,12190,125000,125000,125000,1,1
2017-12-02,10000048,12191,75000,75000,75000,1,1
2017-12-02,10000048,12198,1850849.87,1850849.87,1850849.87,5,4
2017-12-02,10000048,12201,4744994.47,4500000,4989988.93,2,2
2017-12-02,10000048,12206,3000000,3000000,3000000,1,1
2017-12-02,10000048,12208,6599898.25,6599898.25,6599898.25,1,1
2017-12-02,10000048,12210,1000000,1000000,1000000,1,1
2017-12-02,10000048,12211,3000000,3000000,3000000,2,2
2017-12-02,10000048,12212,6400000,6400000,6400000,10,1
2017-12-02,10000048,12214,3199697.9,3199697.9,3199697.9,1,1
2017-12-02,10000048,12274,134999,134999,134999,14,2
2017-12-02,10000048,12305,100000,100000,100000,5,5
2017-12-02,10000048,12345,1000000,1000000,1000000,2,2
2017-12-02,10000048,12365,120000,120000,120000,1,1
2017-12-02,10000048,12366,120000,120000,120000,1,1
2017-12-02,10000048,12367,120000,120000,120000,1,1
2017-12-02,10000048,12484,7489897.83,7489897.83,7489897.83,1,1
2017-12-02,10000048,12486,6499999.99,3999999.99,8999999.99,2,2
2017-12-02,10000048,12537,58060.65,58060.65,58060.65,2,2
2017-12-02,10000048,12538,10280.58,10280.58,10280.58,6,4
2017-12-02,10000048,12539,257259,257259,257259,1,1
2017-12-02,10000048,12563,146292.61,119999,198879.84,6,3
2017-12-02,10000048,12565,65599.99,48999.99,98799.99,12,2
2017-12-02,10000048,12608,64.97,64.97,64.97,28197,4
2017-12-02,10000048,12612,71,71,71,10800,4
2017-12-02,10000048,12614,72.49,72.49,72.49,11952,6
2017-12-02,10000048,12618,41.85,41.85,41.95,9333,4
2017-12-02,10000048,12620,72.97,43,72.98,7333,3
2017-12-02,10000048,12625,69.44,69.44,69.44,5700,2
2017-12-02,10000048,12735,237999998.77,237999998.77,237999998.77,1,1
2017-12-02,10000048,12745,264999999.97,264999999.97,264999999.97,2,1
2017-12-02,10000048,12767,320,320,320,1000,1
2017-12-02,10000048,12771,308.86,308.86,308.86,1749,2
2017-12-02,10000048,12773,131,131,131,5817,2
2017-12-02,10000048,12777,186.6,162,199.89,11000,3
2017-12-02,10000048,12785,107.95,107.95,107.95,28823,7
2017-12-02,10000048,12787,364.21,364.21,364.21,520,1
2017-12-02,10000048,12789,98.89,98.89,98.89,63126,8
2017-12-02,10000048,12791,230,230,230,11520,3
2017-12-02,10000048,12801,178.9,178.9,178.9,90000,2
2017-12-02,10000048,12805,167.99,167.99,167.99,50000,1
2017-12-02,10000048,12807,289.96,289.96,289.96,3000,1
2017-12-02,10000048,12814,448982.51,448982.51,448982.51,1,1
2017-12-02,10000048,12820,600000,600000,600000,6,1
2017-12-02,10000048,13001,2472743.92,2449999.99,2595999.99,42,4
2017-12-02,10000048,13003,4596993,4596992.99,4596993,2,2
2017-12-02,10000048,13216,22446666.67,22446666.67,22446666.67,1,1
2017-12-02,10000048,13224,14500000,14500000,14500000,1,1
2017-12-02,10000048,13278,100000,100000,100000,1,1
2017-12-02,10000048,13279,250000,250000,250000,2,1
2017-12-02,10000048,14074,25000000,25000000,25000000,1,1
2017-12-02,10000048,14076,2000000,2000000,2000000,1,1
2017-12-02,10000048,14172,19999999.95,19999999.95,19999999.95,1,1
2017-12-02,10000048,14278,300000,300000,300000,1,1
2017-12-02,10000048,15331,850,850,850,416,32
2017-12-02,10000048,15477,9932768.01,9932768.01,9932768.01,2,1
2017-12-02,10000048,15479,4720737.46,4650921.83,5000000,5,4
2017-12-02,10000048,15509,1600000,1600000,1600000,1,1
2017-12-02,10000048,15511,1500000,1500000,1500000,1,1
2017-12-02,10000048,15592,100000.02,100000.02,100000.02,1,1
2017-12-02,10000048,15596,4500,4500,4500,16,1
2017-12-02,10000048,15597,8000,8000,8000,5,1
2017-12-02,10000048,15599,15430.79,200.09,20000,13,6
2017-12-02,10000048,15601,30000.09,30000.09,30000.09,1,1
2017-12-02,10000048,15602,13000,13000,13000,4,3
2017-12-02,10000048,15607,4500,4500,4500,9,2
2017-12-02,10000048,15608,8000,8000,8000,19,3
2017-12-02,10000048,15610,20000,20000,20000,1,1
2017-12-02,10000048,15611,30000,30000,30000,2,1
2017-12-02,10000048,15612,50000,50000,50000,3,1
2017-12-02,10000048,15613,60000,60000,60000,7,1
2017-12-02,10000048,15656,20000,20000,20000,4,3
2017-12-02,10000048,15672,100000,100000,100000,66,3
2017-12-02,10000048,15891,147499999.99,147499999.99,147499999.99,1,1
2017-12-02,10000048,15992,25000,25000,25000,1,1
2017-12-02,10000048,16002,15000,15000,15000,3,1
2017-12-02,10000048,16069,85000,85000,85000,4,4
2017-12-02,10000048,16236,1850998.99,1850998.99,1850998.99,2,2
2017-12-02,10000048,16238,500152,50304,950000,2,2
2017-12-02,10000048,16240,1095534.23,1009944.88,1250000,18,12
2017-12-02,10000048,16241,7887800,7887800,7887800,18,4
2017-12-02,10000048,16242,900000,900000,900000,1,1
2017-12-02,10000048,16273,195,140,460,36839,38
2017-12-02,10000048,16274,955.5,955.5,955.5,137984,4
2017-12-02,10000048,16275,6700,6700,6700,13400,2
2017-12-02,10000048,16278,2317887.99,2317887.99,2317887.99,2,1
2017-12-02,10000048,16279,15003680,15003680,15003680,1,1
2017-12-02,10000048,16281,500000,375000,750000,3,3
2017-12-02,10000048,16303,1188556.08,1176959.13,1199989.47,10,4
2017-12-02,10000048,16311,599999,599999,599999,3,2
2017-12-02,10000048,16355,5.02,5.02,5.02,1,1
2017-12-02,10000048,16391,399999.99,399999.99,399999.99,6,1
2017-12-02,10000048,16467,580000,580000,580000,6,1
2017-12-02,10000048,16475,1359999,1359999,1359999,1,1
2017-12-02,10000048,16527,1099985.08,799980.44,1999999,4,2
2017-12-02,10000048,16531,599999.98,599999.98,599999.98,1,1
2017-12-02,10000048,16591,32000000,32000000,32000000,1,1
2017-12-02,10000048,16598,3500000,3500000,3500000,4,4
2017-12-02,10000048,17217,109500,109500,109500,1,1
2017-12-02,10000048,17264,0.01,0.01,0.01,1,1
2017-12-02,10000048,17270,487500,25000,950000,2,2
2017-12-02,10000048,17366,508863.3,443673.85,899999.98,7,4
2017-12-02,10000048,17367,449999.33,449999.33,449999.33,1,1
2017-12-02,10000048,17455,55.97,55.97,55.97,211835,15
2017-12-02,10000048,17456,56.08,56.08,56.08,163219,17
2017-12-02,10000048,17463,16.5,16.5,16.5,71838,2
2017-12-02,10000048,17464,19.48,19.48,19.48,118776,3
2017-12-02,10000048,17470,13.01,13.01,13.01,97106,3
2017-12-02,10000048,17471,13.23,13.23,13.23,195928,7
2017-12-02,10000048,17480,21799999.28,11299999.66,24099999.99,6,6
2017-12-02,10000048,17482,2572371.1,2298796.01,2699663,49,8
2017-12-02,10000048,17483,16130080,16130080,16130080,1,1
2017-12-02,10000048,17709,30770000,30770000,30770000,1,1
2017-12-02,10000048,17715,265106.99,265106.99,265106.99,2,1
2017-12-02,10000048,17720,129334000,129334000,129334000,1,1
2017-12-02,10000048,17726,226004010.99,226004010.99,226004010.99,1,1
2017-12-02,10000048,17738,408775033.19,352033000,580000000,4,4
2017-12-02,10000048,17841,16977102.68,16977102.68,16977102.68,1,1
2017-12-02,10000048,17843,53000000.01,51000000.02,55000000,2,2
2017-12-02,10000048,17867,0.01,0.01,0.01,220,3
2017-12-02,10000048,17868,43.8,43.8,43.8,20989,5
2017-12-02,10000048,17887,1379.97,1379.97,1379.97,296586,15
2017-12-02,10000048,17888,1295.77,1295.77,1295.77,50000,3
2017-12-02,10000048,17889,1199.99,1199.99,1199.99,20000,1
2017-12-02,10000048,17893,102500.51,100001.01,105000,2,2
2017-12-02,10000048,17894,112502.51,110005.01,115000,2,2
2017-12-02,10000048,17895,400000,400000,400000,1,1
2017-12-02,10000048,17897,1,1,1,2,1
2017-12-02,10000048,17912,4287191.36,3989998.99,4584383.72,8,3
2017-12-02,10000048,17930,64899999.99,64899999.99,64899999.99,1,1
2017-12-02,10000048,17932,48699999,48699999,48699999,1,1
2017-12-02,10000048,17938,18714.12,17998.99,19500,26,10
2017-12-02,10000048,17940,500000,500000,500000,2,2
2017-12-02,10000048,18025,400000,400000,400000,1,1
2017-12-02,10000048,18050,100000,100000,100000,10,1
2017-12-02,10000048,18051,400000,400000,400000,2,1
2017-12-02,10000048,18056,76199.8,76199.8,76199.8,10,1
2017-12-02,10000048,18057,300000,300000,300000,2,1
2017-12-02,10000048,18058,69799.84,69799.84,69799.84,10,1
2017-12-02,10000048,18059,250000,250000,250000,2,1
2017-12-02,10000048,18062,78593.94,78593.94,78593.94,4,1
2017-12-02,10000048,18606,699999.91,699999.91,699999.91,5,2
2017-12-02,10000048,18610,499999,499999,499999,5,2
2017-12-02,10000048,18612,720000,720000,720000,7,3
2017-12-02,10000048,18614,499999.96,499999.96,499999.96,2,1
2017-12-02,10000048,18616,247146.63,193579.96,289999.96,9,3
2017-12-02,10000048,18618,209998.96,209998.94,209998.99,5,2
2017-12-02,10000048,18635,348998.99,348998.99,394999,192,6
2017-12-02,10000048,18639,93988.16,49999.99,137976.32,2,2
2017-12-02,10000048,19325,69999999.97,69999999.97,69999999.97,1,1
2017-12-02,10000048,19400,11000,11000,11000,4,1
2017-12-02,10000048,19416,43200000,43200000,43200000,1,1
2017-12-02,10000048,19417,51680000,51680000,51680000,1,1
2017-12-02,10000048,19720,1900000000,1900000000,1900000000,1,1
2017-12-02,10000048,19759,200000,200000,200000,1,1
2017-12-02,10000048,19760,160000,160000,160000,1,1
2017-12-02,10000048,19761,1000000,1000000,1000000,1,1
2017-12-02,10000048,19810,790000,790000,790000,1,1
2017-12-02,10000048,19814,317000.82,317000.82,317000.82,1,1
2017-12-02,10000048,19931,790001.01,790001.01,790001.01,1,1
2017-12-02,10000048,20211,2300000,2300000,2300000,1,1
2017-12-02,10000048,20212,59000000,59000000,59000000,1,1
2017-12-02,10000048,20213,10900000,10900000,10900000,1,1
2017-12-02,10000048,20307,58.09,58.09,58.09,16000,3
2017-12-02,10000048,20308,52.5,52.5,52.5,50000,1
2017-12-02,10000048,20312,1299500,1299500,1299500,1,1
2017-12-02,10000048,20327,70000000,70000000,70000000,1,1
2017-12-02,10000048,20342,50000000,50000000,50000000,12,3
2017-12-02,10000048,20347,799999.99,799999.99,799999.99,2,2
2017-12-02,10000048,20353,4122366.42,3783606.19,4799886.87,3,2
2017-12-02,10000048,20410,200000,200000,200000,125,3
2017-12-02,10000048,20411,200000,200000,200000,220,3
2017-12-02,10000048,20416,200000,200000,200000,100,1
2017-12-02,10000048,20418,200000,200000,200000,80,1
2017-12-02,10000048,20424,20000,20000,20000,1,1
2017-12-02,10000048,20494,100000,100000,100000,1,1
2017-12-02,10000048,20525,159999999.94,159999999.94,159999999.94,1,1
2017-12-02,10000048,20528,139999986.29,139999986.29,139999986.29,1,1
2017-12-02,10000048,20532,169999999.96,169999999.96,169999999.96,1,1
2017-12-02,10000048,20533,400000000,400000000,400000000,3,3
2017-12-02,10000048,20961,500,500,500,5000,1
2017-12-02,10000048,21059,120000,120000,120000,2,2
2017-12-02,10000048,21096,2138969.12,2074999.82,3333333.33,30,23
2017-12-02,10000048,21384,50,50,50,246,1
2017-12-02,10000048,21603,10000000,10000000,10000000,1,1
2017-12-02,10000048,21610,20000000,20000000,20000000,4,4
2017-12-02,10000048,21611,30000000,30000000,30000000,3,3
2017-12-02,10000048,21638,1408332.92,999999,1700000,12,2
2017-12-02,10000048,21640,967791.81,600000,1098999.96,24,5
2017-12-02,10000048,21718,100000,100000,100000,1,1
2017-12-02,10000048,21740,1298.99,1298.99,1298.99,10520,2
2017-12-02,10000048,21790,10000000,10000000,10000000,1,1
2017-12-02,10000048,21815,6200000.02,6200000.02,6200000.02,29,1
2017-12-02,10000048,21857,2226.83,2226.83,2226.83,1,1
2017-12-02,10000048,21894,1997.94,1997.94,1997.94,8000,2
2017-12-02,10000048,21896,896,896,896,6359,6
2017-12-02,10000048,21898,798.91,798.91,798.91,6980,5
2017-12-02,10000048,21902,1899.98,1899.98,1899.98,8000,3
2017-12-02,10000048,21904,814.5,814.5,814.5,5200,3
2017-12-02,10000048,21906,584.3,584.3,584.3,1200,1
2017-12-02,10000048,21918,1492.87,1492.87,1492.87,3000,1
2017-12-02,10000048,21922,550.5,550.5,550.5,10700,6
2017-12-02,10000048,21924,614,614,614,5980,3
2017-12-02,10000048,21948,200000000,200000000,200000000,1,1
2017-12-02,10000048,21950,200000000,200000000,200000000,1,1
2017-12-02,10000048,22043,25000000,25000000,25000000,1,1
2017-12-02,10000048,22175,231861.14,219990.99,234500,12,12
2017-12-02,10000048,22177,162982.36,90000,219923,7,7
2017-12-02,10000048,22242,75000000,75000000,75000000,1,1
2017-12-02,10000048,22291,798906.8,505001.5,1239998.91,32,7
2017-12-02,10000048,22464,99999999,99999999,99999999,1,1
2017-12-02,10000048,22542,70776.74,30000,275989,27,5
2017-12-02,10000048,22543,250000,250000,250000,2,2
2017-12-02,10000048,22546,349426604.5,339999999,358853210,2,2
2017-12-02,10000048,22576,62133.33,62133.33,62133.33,6,1
2017-12-02,10000048,22577,250000,250000,250000,1,1
2017-12-02,10000048,22578,80000,80000,80000,2,2
2017-12-02,10000048,22761,32000000,32000000,32000000,2,2
2017-12-02,10000048,22778,219554.66,219554.66,219554.66,142,3
2017-12-02,10000048,22782,1799977.41,1799977.41,1799977.41,1,1
2017-12-02,10000048,22806,120000,120000,120000,2,2
2017-12-02,10000048,22807,120000,120000,120000,2,2
2017-12-02,10000048,22808,120000,120000,120000,2,2
2017-12-02,10000048,22809,120000,120000,120000,2,2
2017-12-02,10000048,22875,987,987,987,1,1
2017-12-02,10000048,22961,720,700,723,31446,17
2017-12-02,10000048,22977,712,712,712,2000,1
2017-12-02,10000048,22991,800,800,800,10000,1
2017-12-02,10000048,23009,978.69,962.13,978.69,31670,15
2017-12-02,10000048,23025,800,746.88,809.34,37521,7
2017-12-02,10000048,23059,5000000,5000000,5000000,10,1
2017-12-02,10000048,23061,3350741.95,3350741.95,3350741.95,10,1
2017-12-02,10000048,23069,50000000,50000000,50000000,4,1
2017-12-02,10000048,23071,419725.97,399657.96,499998,10,2
2017-12-02,10000048,23085,399998.9,399998.9,399998.9,8,1
2017-12-02,10000048,23163,1,1,1,208,1
2017-12-02,10000048,23527,760395.48,296998.99,850000,10,5
2017-12-02,10000048,23561,100000,100000,100000,3,1
2017-12-02,10000048,23566,400134.77,400000,407142.71,53,4
2017-12-02,10000048,23606,150000,150000,150000,3,3
2017-12-02,10000048,23618,50000,50000,50000,8,8
2017-12-02,10000048,23707,24204.87,7979.48,199979.92,71,6
2017-12-02,10000048,23911,848112120.99,848112120.99,848112120.99,1,1
2017-12-02,10000048,23950,64000000,64000000,64000000,5,2
2017-12-02,10000048,24241,50000,50000,50000,6,6
2017-12-02,10000048,24242,1000000,1000000,1000000,5,5
2017-12-02,10000048,24268,7500000,7500000,7500000,1,1
2017-12-02,10000048,24270,7500000,7500000,7500000,1,1
2017-12-02,10000048,24312,500000000,500000000,500000000,2,1
2017-12-02,10000048,24313,500000000,500000000,500000000,1,1
2017-12-02,10000048,24314,500000000,500000000,500000000,1,1
2017-12-02,10000048,24348,1497992,1497992,1497992,1,1
2017-12-02,10000048,24349,90000,90000,90000,4,1
2017-12-02,10000048,24395,280000,280000,280000,2,1
2017-12-02,10000048,24427,1524435.48,1339989.91,3000000,18,3
2017-12-02,10000048,24443,2199999.98,2199999.98,2199999.98,2,1
2017-12-02,10000048,24473,80.88,80.88,80.88,1000,1
2017-12-02,10000048,24475,67.93,67.93,67.93,1320,3
2017-12-02,10000048,24477,35.75,35.75,35.75,8000,1
2017-12-02,10000048,24486,247.94,247.94,247.94,6000,1
2017-12-02,10000048,24492,499.9,499.9,499.9,7296,2
2017-12-02,10000048,24494,389.86,389.86,389.86,6000,1
2017-12-02,10000048,24495,187,165,348.98,7000,3
2017-12-02,10000048,24497,89.98,89.98,89.98,3000,1
2017-12-02,10000048,24499,133.88,127.5,185.94,20000,4
2017-12-02,10000048,24511,780,780,780,500,1
2017-12-02,10000048,24513,750,750,750,2000,1
2017-12-02,10000048,24562,50000000,50000000,50000000,2,2
2017-12-02,10000048,24563,250000000,250000000,250000000,1,1
2017-12-02,10000048,24571,10000000,10000000,10000000,20,1
2017-12-02,10000048,24624,20000000,20000000,20000000,1,1
2017-12-02,10000048,24625,20000000,20000000,20000000,2,2
2017-12-02,10000048,24702,42024005,28748010.99,55299999,2,2
2017-12-02,10000048,25235,150000,150000,150000,1,1
2017-12-02,10000048,25274,49000,49000,49000,700,2
2017-12-02,10000048,25276,67000,67000,67000,500,2
2017-12-02,10000048,25277,67000,67000,67000,500,1
2017-12-02,10000048,25544,30900000,30900000,30900000,1,1
2017-12-02,10000048,25588,11940.79,6610.57,12000.01,91,2
2017-12-02,10000048,25589,946.05,946.05,946.05,157,12
2017-12-02,10000048,25590,103000,100000,111000,48,11
2017-12-02,10000048,25591,175000,175000,175000,219,15
2017-12-02,10000048,25592,7500.01,7500.01,7500.01,1,1
2017-12-02,10000048,25593,7570.02,7570.02,7570.02,23,2
2017-12-02,10000048,25594,40000.02,40000.02,40000.02,6,2
2017-12-02,10000048,25595,16153.6,16153.6,16153.6,18,2
2017-12-02,10000048,25596,22500,22200.04,22500.01,174,11
2017-12-02,10000048,25597,1952.38,1207.01,2500,85,10
2017-12-02,10000048,25598,6841.13,6841.13,6841.13,346,16
2017-12-02,10000048,25599,1205.23,1205.23,1205.23,259,15
2017-12-02,10000048,25600,21200.01,21200.01,21200.01,288,14
2017-12-02,10000048,25601,1000,1000,1000,70,6
2017-12-02,10000048,25603,9005.04,9005.04,9005.04,1,1
2017-12-02,10000048,25604,6000.02,6000.01,6000.03,85,9
2017-12-02,10000048,25605,33073.18,20000.01,48500,41,7
2017-12-02,10000048,25606,45001.23,45001.23,45001.23,20,1
2017-12-02,10000048,25608,116543.03,116543.03,116543.03,3,1
2017-12-02,10000048,25610,36638.62,36638.62,36638.62,3,1
2017-12-02,10000048,25613,300000,300000,300000,13,1
2017-12-02,10000048,25615,1800000.36,1800000.36,1800000.36,5,1
2017-12-02,10000048,25617,205016.28,205016.2,205016.84,17,2
2017-12-02,10000048,25618,8056.59,8056.59,8056.59,3,2
2017-12-02,10000048,25619,401026.63,401026.63,401026.63,4,1
2017-12-02,10000048,25620,15133.59,15133.59,15133.59,7,1
2017-12-02,10000048,25623,5001.15,5001.15,5001.15,2,1
2017-12-02,10000048,25715,1899981.52,1899981.52,1899981.52,4,1
2017-12-02,10000048,25719,250500,250500,250500,1,1
2017-12-02,10000048,25739,450000,450000,450000,1,1
2017-12-02,10000048,25810,450000,450000,450000,1,1
2017-12-02,10000048,25811,450000,450000,450000,1,1
2017-12-02,10000048,25861,111029.06,95000,157494,34,19
2017-12-02,10000048,25862,349000,349000,349000,1,1
2017-12-02,10000048,25863,1000000,1000000,1000000,1,1
2017-12-02,10000048,25887,100000,100000,100000,22,1
2017-12-02,10000048,26006,17000000,17000000,17000000,1,1
2017-12-02,10000048,26088,8190990,8190990,8190990,3,1
2017-12-02,10000048,26252,57777.78,50000,60000,9,9
2017-12-02,10000048,26253,100000,100000,100000,4,4
2017-12-02,10000048,26254,20000,20000,20000,5,5
2017-12-02,10000048,26255,100000,100000,100000,3,3
2017-12-02,10000048,26256,100000,100000,100000,4,4
2017-12-02,10000048,26257,100000,100000,100000,2,2
2017-12-02,10000048,26258,100000,100000,100000,2,2
2017-12-02,10000048,26259,100000,100000,100000,3,3
2017-12-02,10000048,26260,100000,100000,100000,3,3
2017-12-02,10000048,26261,100000,100000,100000,6,6
2017-12-02,10000048,26448,149799989.97,149799989.97,149799989.97,1,1
2017-12-02,10000048,26759,300000,300000,300000,8,1
2017-12-02,10000048,26929,207468.17,199983.99,277777.77,10,8
2017-12-02,10000048,26931,4999998.54,4999998.54,4999998.54,1,1
2017-12-02,10000048,27127,1250835.52,1023381.11,1705744.33,6,6
2017-12-02,10000048,27129,975000,975000,975000,1,1
2017-12-02,10000048,27143,1413048.56,1326170.63,1499926.49,2,2
2017-12-02,10000048,27315,1500,1500,1500,3280,2
2017-12-02,10000048,27321,468.5,468.5,468.5,300,1
2017-12-02,10000048,27327,458.55,458.55,458.55,200,1
2017-12-02,10000048,27333,1189,1189,1189,1435,3
2017-12-02,10000048,27361,1384.96,1384.96,1384.96,13028,5
2017-12-02,10000048,27381,1150.93,1150.93,1150.93,200,2
2017-12-02,10000048,27387,1100,1100,1100,1348,3
2017-12-02,10000048,27401,1898.35,1898.35,1898.35,10000,1
2017-12-02,10000048,27413,1490,1490,1490,12000,4
2017-12-02,10000048,27441,1417.98,1417.98,1417.98,30550,5
2017-12-02,10000048,27447,1488.76,1488.76,1488.76,500,1
2017-12-02,10000048,27902,100000,100000,100000,3,3
2017-12-02,10000048,27915,19000000,19000000,19000000,1,1
2017-12-02,10000048,27920,2500000,2500000,2500000,3,1
2017-12-02,10000048,28209,1499998.39,1499998.39,1499998.39,10,1
2017-12-02,10000048,28213,1150000,1150000,1150000,5,1
2017-12-02,10000048,28215,108002.2,108002.2,108002.2,4,1
2017-12-02,10000048,28274,999998,999998,999998,2,1
2017-12-02,10000048,28334,435.87,435.87,435.87,1066,1
2017-12-02,10000048,28361,500.05,500.05,500.05,561,1
2017-12-02,10000048,28362,191044.78,150000,200000,67,2
2017-12-02,10000048,28364,21000,21000,21000,229,1
2017-12-02,10000048,28429,2000,2000,2000,5814,1
2017-12-02,10000048,28576,1379981.83,1294972.74,1699999.98,9,5
2017-12-02,10000048,28578,1449999.95,1449999.95,1449999.95,1,1
2017-12-02,10000048,28615,4000000,4000000,4000000,3,3
2017-12-02,10000048,28646,4947998.99,4947998.99,4947998.99,1,1
2017-12-02,10000048,28668,27599.3,27599.3,27599.3,4693,20
2017-12-02,10000048,28701,800,800,800,1000,1
2017-12-02,10000048,28758,40332666,38898999,43200000,3,3
2017-12-02,10000048,28879,1000000,1000000,1000000,3,3
2017-12-02,10000048,28880,5000000,5000000,5000000,3,3
2017-12-02,10000048,28999,15553.98,15553.98,15553.98,2,1
2017-12-02,10000048,29001,21463.07,12076.98,25217.5,7,3
2017-12-02,10000048,29005,27500,27500,27500,1,1
2017-12-02,10000048,29009,99999.99,99999.99,99999.99,21,4
2017-12-02,10000048,29011,33889.55,25000,299999.98,67,9
2017-12-02,10000048,29015,66749.5,50000,83499,2,2
2017-12-02,10000048,29029,100000000,100000000,100000000,4,2
2017-12-02,10000048,29248,898000,497500,2499999.99,5,5
2017-12-02,10000048,29337,2000000,2000000,2000000,1,1
2017-12-02,10000048,29637,50000000,50000000,50000000,4,1
2017-12-02,10000048,29986,102146010.99,102146010.99,102146010.99,1,1
2017-12-02,10000048,29988,168857000,168857000,168857000,1,1
2017-12-02,10000048,30013,6787.97,6245,6787.98,180,15
2017-12-02,10000048,30028,77222.21,75000,79999.98,18,2
2017-12-02,10000048,30486,430796.43,125002.68,479900,50,6
2017-12-02,10000048,30488,485789.35,484485,486900,66,8
2017-12-02,10000048,30544,5000000,5000000,5000000,1,1
2017-12-02,10000048,30545,5000000,5000000,5000000,21,2
2017-12-02,10000048,30547,5000000,5000000,5000000,1,1
2017-12-02,10000048,30548,5000000,5000000,5000000,21,2
2017-12-02,10000048,30549,4999999,4999999,4999999,1,1
2017-12-02,10000048,30550,5000000,5000000,5000000,1,1
2017-12-02,10000048,30551,5000000,5000000,5000000,1,1
2017-12-02,10000048,30552,5000000,5000000,5000000,1,1
2017-12-02,10000048,30554,5000000,5000000,5000000,1,1
2017-12-02,10000048,30650,1500000,1500000,1500000,1,1
2017-12-02,10000048,30651,1500000,1500000,1500000,2,2
2017-12-02,10000048,30652,1500000,1500000,1500000,1,1
2017-12-02,10000048,30744,200000,200000,200000,9,1
2017-12-02,10000048,30832,2499996.5,2499995,2499997.99,2,2
2017-12-02,10000048,30834,2099999.33,2000000,2149999,3,3
2017-12-02,10000048,30987,856996.33,849999.22,877987.66,4,3
2017-12-02,10000048,30997,593998.8,593998.8,593998.8,2,2
2017-12-02,10000048,30999,2421581.5,2421580,2421589.01,12,2
2017-12-02,10000048,31009,1346971.48,499993.95,2399998.99,7,7
2017-12-02,10000048,31011,1999999.99,1999999.99,1999999.99,20,1
2017-12-02,10000048,31021,590000,590000,590000,1,1
2017-12-02,10000048,31023,2450000,2450000,2450000,3,1
2017-12-02,10000048,31033,547500,545000,549999.99,4,3
2017-12-02,10000048,31045,1510999.74,1399999.99,1843999,4,3
2017-12-02,10000048,31047,5499998.93,5499998.93,5499998.93,1,1
2017-12-02,10000048,31051,13999979.04,13999979.04,13999979.04,1,1
2017-12-02,10000048,31053,41979999.99,41979999.99,41979999.99,1,1
2017-12-02,10000048,31055,2782621.52,2699996.98,2947870.61,3,2
2017-12-02,10000048,31057,11950000,11950000,11950000,3,2
2017-12-02,10000048,31059,21185799.91,21185799.91,21185799.91,4,3
2017-12-02,10000048,31069,17987564.12,17987564.12,17987564.12,1,1
2017-12-02,10000048,31105,404136.64,320989.99,599999.33,7,6
2017-12-02,10000048,31117,380989.97,380989.97,380989.97,3,1
2017-12-02,10000048,31125,8789999.99,8789999.99,8789999.99,2,1
2017-12-02,10000048,31153,799999.44,799999.43,799999.44,3,2
2017-12-02,10000048,31155,1250990,1250990,1250990,1,1
2017-12-02,10000048,31159,1199995.97,599999.99,1499993.96,6,3
2017-12-02,10000048,31161,1750796.83,1590668.92,1990988.7,5,2
2017-12-02,10000048,31165,6724799.2,6174402.27,6999997.66,6,3
2017-12-02,10000048,31167,19999999.98,19999999.98,19999999.98,1,1
2017-12-02,10000048,31171,4821992.76,4643985.52,4999999.99,2,2
2017-12-02,10000048,31177,533998.41,368998.85,599998.23,7,5
2017-12-02,10000048,31183,5912855.04,5912855.02,5912855.06,2,2
2017-12-02,10000048,31185,15299998.73,15299998.73,15299998.73,2,2
2017-12-02,10000048,31201,495000,490000,500000,2,2
2017-12-02,10000048,31213,161071.27,150984.34,178297.86,11,8
2017-12-02,10000048,31220,4450000,4450000,4450000,2,1
2017-12-02,10000048,31238,280000,280000,280000,3,2
2017-12-02,10000048,31274,650000,650000,650000,2,1
2017-12-02,10000048,31358,976706.55,749999.53,1253982.5,14,11
2017-12-02,10000048,31360,4631373.31,3732763.09,5313344.08,14,11
2017-12-02,10000048,31361,750000,750000,750000,1,1
2017-12-02,10000048,31364,5999999.99,5999999.99,5999999.99,1,1
2017-12-02,10000048,31366,27100000,27100000,27100000,1,1
2017-12-02,10000048,31370,419333.02,379000,499999.06,3,3
2017-12-02,10000048,31372,1190990,1190990,1190990,3,3
2017-12-02,10000048,31376,6584441.31,6584441.31,6584441.31,3,2
2017-12-02,10000048,31378,16399998.33,13419994.98,17890000,3,2
2017-12-02,10000048,31382,990990,990990,990990,1,1
2017-12-02,10000048,31406,770989,770989,770989,3,2
2017-12-02,10000048,31408,3400000,3400000,3400000,1,1
2017-12-02,10000048,31442,178998.96,178998.96,178998.96,1,1
2017-12-02,10000048,31454,277888,277888,277888,2,2
2017-12-02,10000048,31526,1270597.5,999999,1676495.25,5,3
2017-12-02,10000048,31532,3899999.99,3899999.99,3899999.99,1,1
2017-12-02,10000048,31538,1297493.75,1190990,1700000,16,5
2017-12-02,10000048,31598,450000,450000,450000,1,1
2017-12-02,10000048,31668,239999.99,239999.99,239999.99,3,1
2017-12-02,10000048,31682,1999999.99,1999999.99,1999999.99,2,2
2017-12-02,10000048,31716,147418.28,122999.95,207000,18,8
2017-12-02,10000048,31718,517775.98,497397,599313.24,5,3
2017-12-02,10000048,31722,2199999.74,1999999.99,2799999,4,3
2017-12-02,10000048,31724,6999899.95,6999899.95,6999899.95,3,1
2017-12-02,10000048,31740,115000,115000,115000,5,1
2017-12-02,10000048,31742,499996.53,499996.53,499996.53,1,1
2017-12-02,10000048,31746,3999000,3999000,3999000,1,1
2017-12-02,10000048,31752,150249.93,141999.99,200000,16,6
2017-12-02,10000048,31754,599511.91,599511.91,599511.91,1,1
2017-12-02,10000048,31758,4593496.5,3998999.99,5187993.01,2,2
2017-12-02,10000048,31760,7500000,7500000,7500000,1,1
2017-12-02,10000048,31764,190000,190000,190000,1,1
2017-12-02,10000048,31788,505902.46,428998.5,547500,18,11
2017-12-02,10000048,31790,2561719.28,2099000,2999999.99,14,10
2017-12-02,10000048,31794,8838499.91,8789999.85,8886999.97,2,2
2017-12-02,10000048,31796,25439940.14,24979999.99,25899880.29,4,3
2017-12-02,10000048,31802,2157656.65,1990989.98,3490990,9,2
2017-12-02,10000048,31882,2677890.37,2656780.97,2698999.76,4,2
2017-12-02,10000048,31900,5800000,5800000,5800000,2,1
2017-12-02,10000048,31932,43199999.99,43199999.99,43199999.99,2,1
2017-12-02,10000048,31936,13039885.93,13039885.93,13039885.93,1,1
2017-12-02,10000048,31982,48000,48000,48000,50,1
2017-12-02,10000048,31990,119999.99,119999.99,119999.99,3,1
2017-12-02,10000048,31998,100602.75,1.22,101999.99,73,4
2017-12-02,10000048,32006,217755.06,199999.99,275000,98,8
2017-12-02,10000048,32014,324000,223999.99,364999.99,203,13
2017-12-02,10000048,32027,2000000,2000000,2000000,1,1
2017-12-02,10000048,32041,549999.99,549999.99,549999.99,1,1
2017-12-02,10000048,32043,2399999.96,2200000,2999999.82,4,3
2017-12-02,10000048,32047,57000000,57000000,57000000,1,1
2017-12-02,10000048,32059,3500000,3500000,3500000,2,2
2017-12-02,10000048,32339,100000000,100000000,100000000,3,1
2017-12-02,10000048,32772,328795,202500.06,599999.99,27,4
2017-12-02,10000048,32774,200,200,200,18,1
2017-12-02,10000048,32787,61397.16,38400,69999.97,51,14
2017-12-02,10000048,32819,1000000,1000000,1000000,2,1
2017-12-02,10000048,32868,2500000,2500000,2500000,1,1
2017-12-02,10000048,32872,1401499.8,1200000,1599999,10,10
2017-12-02,10000048,32873,8242751,8242751,8242751,1,1
2017-12-02,10000048,32880,318095.19,285000,474999.5,21,17
2017-12-02,10000048,32881,5899999.92,5899999.92,5899999.92,5,1
2017-12-02,10000048,32918,40000,40000,40000,4,4
2017-12-02,10000048,32982,29986000,29986000,29986000,1,1
2017-12-02,10000048,33000,200000,200000,200000,2,2
2017-12-02,10000048,33001,200000,200000,200000,1,1
2017-12-02,10000048,33076,592498.53,499986.73,1229993.18,51,13
2017-12-02,10000048,33078,1000000,1000000,1000000,4,4
2017-12-02,10000048,33091,100000,100000,100000,2,2
2017-12-02,10000048,33092,100000,100000,100000,2,2
2017-12-02,10000048,33093,100000,100000,100000,2,2
2017-12-02,10000048,33095,1000000,1000000,1000000,3,3
2017-12-02,10000048,33096,1000000,1000000,1000000,1,1
2017-12-02,10000048,33101,639898.45,639898.45,639898.45,2,2
2017-12-02,10000048,33139,2000011.01,2000011.01,2000011.01,5,3
2017-12-02,10000048,33140,15545449.97,12000000,24999983.22,22,4
2017-12-02,10000048,33141,15666222.23,12200000.01,19999000,9,5
2017-12-02,10000048,33151,225000000,225000000,225000000,1,1
2017-12-02,10000048,33155,136106010.99,136106010.99,136106010.99,1,1
2017-12-02,10000048,33157,181999999.99,181999999.99,181999999.99,1,1
2017-12-02,10000048,33180,787496.52,275000,1299993.04,4,3
2017-12-02,10000048,33270,820442,820442,820442,1,1
2017-12-02,10000048,33272,4240000,4240000,4240000,1,1
2017-12-02,10000048,33332,49999,49999,49999,115,3
2017-12-02,10000048,33399,5000000,5000000,5000000,1,1
2017-12-02,10000048,33407,36000000,36000000,36000000,1,1
2017-12-02,10000048,33468,71748999,71748999,71748999,1,1
2017-12-02,10000048,33470,215484000,215484000,215484000,1,1
2017-12-02,10000048,33474,2169997.07,2169997.07,2169997.07,2,1
2017-12-02,10000048,33475,9399999.97,9349999.99,9449999.95,2,2
2017-12-02,10000048,33517,1000000,1000000,1000000,1,1
2017-12-02,10000048,33519,30000000,30000000,30000000,1,1
2017-12-02,10000048,33681,107727712.57,99998998,154100000,7,3
2017-12-02,10000048,33699,100000,100000,100000,6,6
2017-12-02,10000048,33816,75000000,75000000,75000000,1,1
2017-12-02,10000048,33856,4000000,4000000,4000000,1,1
2017-12-02,10000048,33890,1224037.22,908145,1550000,25,8
2017-12-02,10000048,33892,4182307.44,4180000,4189998.92,13,2
2017-12-02,10000048,33894,5119959.26,4999898.91,5999999,10,3
2017-12-02,10000048,34390,1000000,1000000,1000000,1,1
2017-12-02,10000048,34496,2500003,2500003,2500003,1,1
2017-12-02,10000048,34533,1000000,1000000,1000000,1,1
2017-12-02,10000048,34828,67500000,67500000,67500000,2,2
2017-12-02,10000048,35656,88400.5,2401,174400,4,4
2017-12-02,10000048,35657,389000,389000,389000,1,1
2017-12-02,10000048,35658,223180.86,94999.9,235998.96,11,2
2017-12-02,10000048,35659,152750.19,15000.01,159000.52,16,13
2017-12-02,10000048,35660,118377.34,118377.34,118377.34,1,1
2017-12-02,10000048,35661,450000,450000,450000,3,3
2017-12-02,10000048,35680,1000000,1000000,1000000,1,1
2017-12-02,10000048,35685,1000000,1000000,1000000,1,1
2017-12-02,10000048,35789,2794500,2794500,2794500,1,1
2017-12-02,10000048,37456,24498498.97,18996997.95,29999999.99,2,2
2017-12-02,10000048,37545,55,55,55,1,1
2017-12-02,10000048,37604,808001010.99,808001010.99,808001010.99,1,1
2017-12-02,10000048,37606,1230000000,1230000000,1230000000,1,1
2017-12-02,10000048,37608,1008182.91,700000,1250000,11,8
2017-12-02,10000048,37610,1057111.11,1002000,1250000.01,9,7
2017-12-02,10000048,37611,1042000,912000,1250000,13,9
2017-12-02,10000048,37615,20000000,20000000,20000000,1,1
2017-12-02,10000048,38660,3500000,3500000,3500000,7,3
2017-12-02,10000048,40328,4000000,4000000,4000000,1,1
2017-12-02,10000048,40520,821244527.27,810800000,827800000,22,14
2017-12-02,10000048,40558,14000000,14000000,14000000,3,1
2017-12-02,10000048,40572,100000000,100000000,100000000,4,2
2017-12-02,10000048,40573,100000000,100000000,100000000,4,2
2017-12-02,10000048,41034,46513.43,7599,280000,7,3
2017-12-02,10000048,41054,500000,500000,500000,1,1
2017-12-02,10000048,41055,300991.2,239239,548000,5,4
2017-12-02,10000048,41056,266221.33,243249,449999.99,9,5
2017-12-02,10000048,41155,162500,150000,199999.99,4,2
2017-12-02,10000048,41330,2000000,2000000,2000000,6,1
2017-12-02,10000048,41482,4999998.99,4999998.99,4999998.99,1,1
2017-12-02,10000048,41490,1083688.6,889982.92,1199912,16,4
2017-12-02,10000048,41537,250000000,250000000,250000000,1,1
2017-12-02,10000048,42244,60000000,60000000,60000000,1,1
2017-12-02,10000048,42526,1858584.41,1717171.71,1999997.11,2,2
2017-12-02,10000048,42528,2379999.95,2379999.95,2379999.95,2,1
2017-12-02,10000048,42530,1398268.03,1398268.03,1398268.03,1,1
2017-12-02,10000048,42695,6784.57,6784.57,6784.57,600,1
2017-12-02,10000048,42696,1077.05,1077.05,1077.05,600,1
2017-12-02,10000048,42829,849.95,849.95,849.95,13200,3
2017-12-02,10000048,42830,849.95,849.95,849.95,7786,4
2017-12-02,10000048,42833,3327.49,3327.49,3327.49,300,1
2017-12-02,10000048,42835,1500,1500,1500,600,1
2017-12-02,10000048,42837,1500,1500,1500,600,1
2017-12-02,10000048,42839,2200,2200,2200,300,1
2017-12-02,10000048,42840,1850,1850,1850,450,2
2017-12-02,10000048,43551,6892932.98,5053866.95,8731999,4,2
2017-12-02,10000048,43552,4999898.91,4999898.91,4999898.91,1,1
2017-12-02,10000048,43554,4699997,4699997,4699997,2,1
2017-12-02,10000048,43555,3983621.15,3983621.15,3983621.15,2,1
2017-12-02,10000048,43702,160000,160000,160000,1,1
2017-12-02,10000048,43911,30000000,30000000,30000000,1,1
2017-12-02,10000048,44067,250000000,250000000,250000000,4,1
2017-12-02,10000048,44992,3132009.74,3132008.09,3132009.76,3961,15
2017-12-02,10000048,45618,20000000,20000000,20000000,1,1
2017-12-02,10000048,45746,1000000,1000000,1000000,4,4
2017-12-02,10000048,45836,148108,148108,148108,1,1
2017-12-02,10000048,45888,9999999,9999999,9999999,1,1
2017-12-02,10000048,46001,1500000,1500000,1500000,2,2
2017-12-02,10000048,46003,32000000,32000000,32000000,1,1
2017-12-02,10000048,46004,2477272.73,742857.14,10250000,11,5
2017-12-02,10000048,46005,9999999,9999999,9999999,3,2
2017-12-02,10000048,46372,3750000,3750000,3750000,2,1
2017-12-02,10000048,46707,8000000,8000000,8000000,1,1
2017-12-02,10000049,20,216,216,216.99,18012,5
2017-12-02,10000049,34,4.53,4.53,4.53,2943370,18
2017-12-02,10000049,35,4.02,4.02,4.02,8089057,12
2017-12-02,10000049,36,59.98,59.98,59.98,1584520,13
2017-12-02,10000049,37,35.01,35.01,35.01,7040,8
2017-12-02,10000049,38,320,320,320,407371,11
2017-12-02,10000049,39,1099,1099,1099,107,4
2017-12-02,10000049,40,1000.33,1000,1001,9,3
2017-12-02,10000049,44,10000,10000,10000,655,1
2017-12-02,10000049,207,75,75,75,5000,2
2017-12-02,10000049,211,19.43,19.43,19.43,20000,1
2017-12-02,10000049,222,20.99,20.99,20.99,10000,1
2017-12-02,10000049,242,1,1,1,1,1
2017-12-02,10000049,254,15000,15000,15000,6,2
2017-12-02,10000049,377,19999.99,19999.99,19999.99,2,1
2017-12-02,10000049,380,575950.95,575950.95,575950.95,2,1
2017-12-02,10000049,400,999999.99,999999.99,999999.99,1,1
2017-12-02,10000049,434,149000,149000,149000,1,1
2017-12-02,10000049,438,3050000.45,3050000,3050000.89,2,2
2017-12-02,10000049,439,89000,89000,89000,4,4
2017-12-02,10000049,440,5266599.93,4999899.89,5800000,3,3
2017-12-02,10000049,448,1849900.88,1849900.88,1849900.88,1,1
2017-12-02,10000049,456,320000,320000,320000,2,1
2017-12-02,10000049,459,189999,189999,189999,2,1
2017-12-02,10000049,482,1600000,1200000,2000000,4,2
2017-12-02,10000049,483,20867.35,20867.35,20867.35,2,1
2017-12-02,10000049,519,1499999.89,1499999.89,1499999.89,1,1
2017-12-02,10000049,533,35000,35000,35000,2,1
2017-12-02,10000049,564,50000,50000,50000,6,1
2017-12-02,10000049,586,525000,525000,525000,2,1
2017-12-02,10000049,589,369999.98,369999.98,369999.98,1,1
2017-12-02,10000049,591,350000,350000,350000,1,1
2017-12-02,10000049,601,1000,1000,1000,1,1
2017-12-02,10000049,602,400000,400000,400000,3,2
2017-12-02,10000049,603,397500,395000,400000,2,2
2017-12-02,10000049,605,541500,541500,541500,1,1
2017-12-02,10000049,606,740000,740000,740000,1,1
2017-12-02,10000049,607,1500000,1500000,1500000,1,1
2017-12-02,10000049,608,505487.75,455024.55,555950.95,2,2
2017-12-02,10000049,609,650000,650000,650000,2,2
2017-12-02,10000049,628,10490990,10490990,10490990,1,1
2017-12-02,10000049,648,2399888.34,799777,3999999.68,2,2
2017-12-02,10000049,651,900000,900000,900000,1,1
2017-12-02,10000049,652,3800000,3800000,3800000,1,1
2017-12-02,10000049,656,2734718.52,2534937.38,2934499.67,4,4
2017-12-02,10000049,657,3911487.31,3911487.31,3911487.31,1,1
2017-12-02,10000049,672,28415.82,16249.89,45414.6,5,4
2017-12-02,10000049,1183,945000.01,650000.02,1240000,2,2
2017-12-02,10000049,1198,899999,899999,899999,1,1
2017-12-02,10000049,1224,30.1,30.1,30.1,308867,7
2017-12-02,10000049,1228,18.53,18.53,18.53,40178,1
2017-12-02,10000049,1230,12.56,12.56,12.56,436714,2
2017-12-02,10000049,1236,629899.89,629899.89,629899.89,3,1
2017-12-02,10000049,1244,48463.21,48463.21,48463.21,2,1
2017-12-02,10000049,1248,2095000,2095000,2095000,2,2
2017-12-02,10000049,1317,4969.47,4664.11,5000,11,4
2017-12-02,10000049,1319,1009135.26,743500,1290000,31,14
2017-12-02,10000049,1403,75950.95,75950.95,75950.95,13,2
2017-12-02,10000049,1405,1200000,1200000,1200000,1,1
2017-12-02,10000049,1436,2999999.94,2999999.94,2999999.94,1,1
2017-12-02,10000049,1447,2390000,2390000,2390000,4,2
2017-12-02,10000049,1539,150000,150000,150000,2,2
2017-12-02,10000049,1877,1585536.99,1585536.99,1585536.99,2,1
2017-12-02,10000049,1944,2238571.42,1977142.85,2499999.99,2,2
2017-12-02,10000049,1952,1500000,1500000,1500000,1,1
2017-12-02,10000049,2032,1179000,1179000,1179000,3,1
2017-12-02,10000049,2038,2279997.53,2279997.53,2279997.53,1,1
2017-12-02,10000049,2046,45258.82,20518.63,69999,2,2
2017-12-02,10000049,2048,1115133.13,206000.02,1249899.89,6,6
2017-12-02,10000049,2173,30000,30000,30000,15,1
2017-12-02,10000049,2183,44899.89,44899.89,44899.89,10,1
2017-12-02,10000049,2185,1147604.92,1000000,1199975.28,21,3
2017-12-02,10000049,2203,2500,2500,2500,6,2
2017-12-02,10000049,2254,167001.61,160002.42,181000,3,3
2017-12-02,10000049,2281,3620768.37,3202950,4000000,12,6
2017-12-02,10000049,2301,2813355.18,2366710.36,3260000,2,2
2017-12-02,10000049,2333,2380000,2380000,2380000,1,1
2017-12-02,10000049,2404,1319949.99,1319949.99,1319949.99,2,1
2017-12-02,10000049,2454,6513.53,3999.97,12490,31,6
2017-12-02,10000049,2456,394916.5,185000,650000,36,7
2017-12-02,10000049,2464,19800,19800,19800,4,1
2017-12-02,10000049,2486,11962.96,7400,25000,27,2
2017-12-02,10000049,2488,499995.83,499995.83,499995.83,6,2
2017-12-02,10000049,2505,550000,550000,550000,1,1
2017-12-02,10000049,2512,16.49,16.49,16.49,112,1
2017-12-02,10000049,2524,200987.74,181000,260950.95,4,3
2017-12-02,10000049,2525,240200.58,240200.58,240200.58,1,1
2017-12-02,10000049,2533,160002.22,160002.22,160002.22,1,1
2017-12-02,10000049,2534,181000,181000,181000,1,1
2017-12-02,10000049,2537,30000,30000,30000,1,1
2017-12-02,10000049,2539,1393887.15,1393887.15,1393887.15,1,1
2017-12-02,10000049,2549,210658.5,181000,240317,2,2
2017-12-02,10000049,2550,186855.25,160003.42,240558.9,3,3
2017-12-02,10000049,2553,1720272.54,1635964.82,1888888,3,3
2017-12-02,10000049,2605,282107.9,41000.01,530899.89,14,5
2017-12-02,10000049,2817,100,100,100,4000,1
2017-12-02,10000049,2998,80000000,80000000,80000000,1,1
2017-12-02,10000049,3098,488888,488888,488888,39,1
2017-12-02,10000049,3178,777777,777777,777777,9,3
2017-12-02,10000049,3184,2549250.29,2499000.09,2700000.87,4,2
2017-12-02,10000049,3244,1600000,1600000,1600000,1,1
2017-12-02,10000049,3297,158000,158000,158000,5,1
2017-12-02,10000049,3302,199000.08,199000.08,199000.08,1,1
2017-12-02,10000049,3303,146000.44,22000,270000.87,2,2
2017-12-02,10000049,3304,110000,110000,110000,1,1
2017-12-02,10000049,3305,199000.09,199000.09,199000.09,1,1
2017-12-02,10000049,3306,380000.65,110000,470000.87,4,4
2017-12-02,10000049,3308,3399000.08,3399000.08,3399000.08,1,1
2017-12-02,10000049,3315,1100000,1100000,1100000,1,1
2017-12-02,10000049,3316,77000,77000,77000,1,1
2017-12-02,10000049,3317,368500.45,368000.82,369000.08,2,2
2017-12-02,10000049,3323,33000,33000,33000,1,1
2017-12-02,10000049,3328,299000.08,299000.08,299000.08,1,1
2017-12-02,10000049,3329,99000.07,99000.07,99000.07,1,1
2017-12-02,10000049,3332,674500,550000,799000,2,2
2017-12-02,10000049,3333,799000.08,799000.08,799000.08,1,1
2017-12-02,10000049,3336,5999000,5999000,5999000,1,1
2017-12-02,10000049,3337,4849500.05,4400000,5299000.09,2,2
2017-12-02,10000049,3341,330000,330000,330000,1,1
2017-12-02,10000049,3348,199000,199000,199000,3,1
2017-12-02,10000049,3349,82500,82500,82500,1,1
2017-12-02,10000049,3350,110000,110000,110000,1,1
2017-12-02,10000049,3354,2750000,2750000,2750000,1,1
2017-12-02,10000049,3357,210000,210000,210000,1,1
2017-12-02,10000049,3363,138000.29,22000,370000.87,3,3
2017-12-02,10000049,3380,20000,20000,20000,1,1
2017-12-02,10000049,3385,55000,55000,55000,1,1
2017-12-02,10000049,3387,232000,165000,299000,4,3
2017-12-02,10000049,3388,275000,275000,275000,1,1
2017-12-02,10000049,3395,88000,88000,88000,1,1
2017-12-02,10000049,3403,330000,330000,330000,1,1
2017-12-02,10000049,3405,30000,30000,30000,2,2
2017-12-02,10000049,3406,397600.03,330000,499000.07,5,4
2017-12-02,10000049,3410,970000.87,970000.87,970000.87,1,1
2017-12-02,10000049,3412,495000,495000,495000,1,1
2017-12-02,10000049,3416,38500,38500,38500,1,1
2017-12-02,10000049,3417,44000,44000,44000,1,1
2017-12-02,10000049,3418,187000,187000,187000,1,1
2017-12-02,10000049,3421,143000,143000,143000,1,1
2017-12-02,10000049,3423,82500,82500,82500,1,1
2017-12-02,10000049,3427,135000,135000,135000,1,1
2017-12-02,10000049,3428,100000,100000,100000,1,1
2017-12-02,10000049,3431,82500,82500,82500,1,1
2017-12-02,10000049,3438,108000.27,44000,236000.82,3,3
2017-12-02,10000049,3439,395000.44,220000,570000.88,2,2
2017-12-02,10000049,3441,599000.44,418000,780000.87,2,2
2017-12-02,10000049,3446,110000,110000,110000,2,2
2017-12-02,10000049,3451,117250.22,33000,370000.87,4,4
2017-12-02,10000049,3452,44000,44000,44000,2,2
2017-12-02,10000049,3453,27500,27500,27500,1,1
2017-12-02,10000049,3455,33000,33000,33000,1,1
2017-12-02,10000049,3456,14999000,14999000,14999000,2,1
2017-12-02,10000049,3465,31000,31000,31000,1,1
2017-12-02,10000049,3540,3049999.66,2299998.99,3425000,3,2
2017-12-02,10000049,3683,400,400,400,47439,1
2017-12-02,10000049,3689,9000,9000,9000,230,1
2017-12-02,10000049,3731,440000,440000,440000,1,1
2017-12-02,10000049,3756,59999999,59999999,59999999,1,1
2017-12-02,10000049,3831,1614282.14,1100000,1699999,7,5
2017-12-02,10000049,3841,1500000,1500000,1500000,1,1
2017-12-02,10000049,3887,51322.86,49999,52646.71,2,2
2017-12-02,10000049,3888,1500950.95,1500950.95,1500950.95,1,1
2017-12-02,10000049,4051,28499.95,28499.95,28499.95,460,1
2017-12-02,10000049,4247,27998.98,27998.98,27998.98,1500,2
2017-12-02,10000049,4250,2558157.6,2558157.6,2558157.6,1,1
2017-12-02,10000049,4383,1787500,1750000,1800000,4,2
2017-12-02,10000049,4385,5970000.87,5970000.87,5970000.87,1,1
2017-12-02,10000049,4391,50000,50000,50000,5,1
2017-12-02,10000049,4393,71000,71000,71000,1,1
2017-12-02,10000049,4403,750000,750000,750000,1,1
2017-12-02,10000049,4405,1923029.79,1681854.99,2870000,13,7
2017-12-02,10000049,4411,660000,660000,660000,1,1
2017-12-02,10000049,4477,141800,100000,183600,2,2
2017-12-02,10000049,4531,94000,94000,94000,1,1
2017-12-02,10000049,5137,74089.88,74089.88,74089.88,1,1
2017-12-02,10000049,5239,20044.38,20044.38,20044.38,1,1
2017-12-02,10000049,5399,25000,25000,25000,1,1
2017-12-02,10000049,5533,790000.19,790000.19,790000.19,6,3
2017-12-02,10000049,5599,123751.25,123751.25,123751.25,1,1
2017-12-02,10000049,5839,1500000,1500000,1500000,1,1
2017-12-02,10000049,5955,80426.67,80426.67,80426.67,1,1
2017-12-02,10000049,5971,112616.95,69925.42,198000,3,3
2017-12-02,10000049,5973,401830.56,50000,577745.84,3,3
2017-12-02,10000049,5975,44102.68,44102.68,44102.68,2,2
2017-12-02,10000049,6160,127634.61,47951.92,287000,3,2
2017-12-02,10000049,6176,1420,1420,1420,1,1
2017-12-02,10000049,6675,1,1,1,1,1
2017-12-02,10000049,8091,980000.31,980000.31,980000.31,1,1
2017-12-02,10000049,8225,639000.4,639000.4,639000.4,3,1
2017-12-02,10000049,8517,3500000,3500000,3500000,1,1
2017-12-02,10000049,8529,228678.16,196670,330714.29,5,3
2017-12-02,10000049,9622,149920,149920,149920,1,1
2017-12-02,10000049,9632,381499.5,275999,487000,2,2
2017-12-02,10000049,9660,45412,45412,45412,1,1
2017-12-02,10000049,9832,8000,8000,8000,20,1
2017-12-02,10000049,9848,85000,85000,85000,197,1
2017-12-02,10000049,9899,12835651.79,12835651.79,12835651.79,1,1
2017-12-02,10000049,10221,17000000,17000000,17000000,1,1
2017-12-02,10000049,10246,18556.6,6800.89,22950.95,29,8
2017-12-02,10000049,10998,38999.2,34999,55000,5,3
2017-12-02,10000049,11083,3044994.47,1100000,4989988.94,2,2
2017-12-02,10000049,11129,26403.1,20000,39999.99,4,4
2017-12-02,10000049,11132,17999.99,17999.99,17999.99,2,2
2017-12-02,10000049,11134,20885.72,19999.99,25000,21,19
2017-12-02,10000049,11178,42000000,42000000,42000000,1,1
2017-12-02,10000049,11196,36999999,36999999,36999999,1,1
2017-12-02,10000049,11198,39499899.89,39499899.89,39499899.89,1,1
2017-12-02,10000049,11200,38000000,38000000,38000000,1,1
2017-12-02,10000049,11370,2509157.97,1999949.94,2647944.98,5,5
2017-12-02,10000049,11399,9018.01,9018.01,9018.01,4617,1
2017-12-02,10000049,11400,29000000,29000000,29000000,1,1
2017-12-02,10000049,11444,11000000,11000000,11000000,1,1
2017-12-02,10000049,11445,11000000,11000000,11000000,1,1
2017-12-02,10000049,11449,11000000,11000000,11000000,1,1
2017-12-02,10000049,11450,11000000,11000000,11000000,1,1
2017-12-02,10000049,11452,11000000,11000000,11000000,1,1
2017-12-02,10000049,11454,11000000,11000000,11000000,1,1
2017-12-02,10000049,11489,385000,385000,385000,1,1
2017-12-02,10000049,11529,11000000,11000000,11000000,1,1
2017-12-02,10000049,11563,387910,275400,500420,2,2
2017-12-02,10000049,11578,6999998.65,6999998.3,6999998.99,2,2
2017-12-02,10000049,11579,5970000.87,5970000.87,5970000.87,2,2
2017-12-02,10000049,11584,85000,85000,85000,1,1
2017-12-02,10000049,11640,1153999.49,1100000,1199998.97,6,4
2017-12-02,10000049,12015,189999999.99,189999999.99,189999999.99,1,1
2017-12-02,10000049,12032,30000000,30000000,30000000,4,2
2017-12-02,10000049,12038,33000000,33000000,33000000,1,1
2017-12-02,10000049,12052,355500,355000,355999.99,2,2
2017-12-02,10000049,12056,250000,250000,250000,1,1
2017-12-02,10000049,12066,500000,500000,500000,1,1
2017-12-02,10000049,12076,7000000,7000000,7000000,1,1
2017-12-02,10000049,12092,1000000,1000000,1000000,1,1
2017-12-02,10000049,12093,4400000,4400000,4400000,2,1
2017-12-02,10000049,12096,30800000,30800000,30800000,1,1
2017-12-02,10000049,12108,788999,788999,788999,2,1
2017-12-02,10000049,12192,110000,110000,110000,1,1
2017-12-02,10000049,12198,1353093.52,1349899.9,1500000,47,18
2017-12-02,10000049,12199,4049899.89,4049899.89,4049899.89,1,1
2017-12-02,10000049,12202,5999000,5999000,5999000,1,1
2017-12-02,10000049,12204,4499000.08,4499000.08,4499000.08,1,1
2017-12-02,10000049,12205,11999000,11999000,11999000,1,1
2017-12-02,10000049,12208,4499000,4499000,4499000,1,1
2017-12-02,10000049,12214,3499000.07,3499000.07,3499000.07,1,1
2017-12-02,10000049,12215,10999000,10999000,10999000,1,1
2017-12-02,10000049,12259,5999899.89,5999899.89,5999899.89,3,1
2017-12-02,10000049,12442,110000,110000,110000,1,1
2017-12-02,10000049,12484,7049625.55,7049625.55,7049625.55,1,1
2017-12-02,10000049,12485,8398000.82,8398000.82,8398000.82,1,1
2017-12-02,10000049,12486,5364184.67,5355555,5368499.5,3,3
2017-12-02,10000049,12487,7670000.82,7670000.82,7670000.82,1,1
2017-12-02,10000049,12612,72.2,72.2,72.2,10000,1
2017-12-02,10000049,12733,209000000,209000000,209000000,1,1
2017-12-02,10000049,12743,219000000,219000000,219000000,1,1
2017-12-02,10000049,12753,240000000,240000000,240000000,1,1
2017-12-02,10000049,12820,650000,650000,650000,4,1
2017-12-02,10000049,13001,4000000,4000000,4000000,1,1
2017-12-02,10000049,13279,275000,275000,275000,1,1
2017-12-02,10000049,14140,32938649.71,32938649.71,32938649.71,1,1
2017-12-02,10000049,14296,7500000,7500000,7500000,1,1
2017-12-02,10000049,15331,49.19,49.19,49.19,35,7
2017-12-02,10000049,15480,15999995.21,15999995.21,15999995.21,6,1
2017-12-02,10000049,15510,49400,49400,49400,10,1
2017-12-02,10000049,15625,4500,4500,4500,97,1
2017-12-02,10000049,15626,8000,8000,8000,64,1
2017-12-02,10000049,15627,15000,15000,15000,19,1
2017-12-02,10000049,15628,20000,20000,20000,45,1
2017-12-02,10000049,15629,25000,25000,25000,11,1
2017-12-02,10000049,15630,60000,60000,60000,12,1
2017-12-02,10000049,15631,100000,100000,100000,22,1
2017-12-02,10000049,15660,30000,30000,30000,19,1
2017-12-02,10000049,15674,20000,20000,20000,4,1
2017-12-02,10000049,15681,135000000,135000000,135000000,1,1
2017-12-02,10000049,15806,172500000,172500000,172500000,1,1
2017-12-02,10000049,15997,30000,30000,30000,5,1
2017-12-02,10000049,15998,50000,50000,50000,1,1
2017-12-02,10000049,16236,1200000,1200000,1200000,1,1
2017-12-02,10000049,16238,1124990,1124990,1124990,2,2
2017-12-02,10000049,16240,950000,950000,950000,4,1
2017-12-02,10000049,16262,175000,175000,175000,50,2
2017-12-02,10000049,16273,5,5,5,659334,21
2017-12-02,10000049,16274,874.8,874.8,874.8,50000,1
2017-12-02,10000049,16275,3000.05,3000.05,3000.05,5137,1
2017-12-02,10000049,16278,2150000,2150000,2150000,2,1
2017-12-02,10000049,16281,670000.87,670000.87,670000.87,1,1
2017-12-02,10000049,16391,1680000,1680000,1680000,2,1
2017-12-02,10000049,16469,80000,80000,80000,1,1
2017-12-02,10000049,16533,9999999.99,9999999.99,9999999.99,1,1
2017-12-02,10000049,16682,5.86,5.86,5.86,6,2
2017-12-02,10000049,17192,900000,900000,900000,1,1
2017-12-02,10000049,17222,1,1,1,2,1
2017-12-02,10000049,17366,311960,254600,398000,5,5
2017-12-02,10000049,17448,320.01,320.01,320.01,1570,1
2017-12-02,10000049,17449,330,330,330,346,1
2017-12-02,10000049,17452,137.12,137.12,137.12,15005,3
2017-12-02,10000049,17459,26,26,26,41425,2
2017-12-02,10000049,17460,32.02,32.02,32.02,205477,6
2017-12-02,10000049,17463,9,9,9,196580,3
2017-12-02,10000049,17471,13.67,13.67,13.67,59550,1
2017-12-02,10000049,17476,30000000,30000000,30000000,1,1
2017-12-02,10000049,17478,12200000,12200000,12200000,1,1
2017-12-02,10000049,17480,23400000,23400000,23400000,1,1
2017-12-02,10000049,17843,86999999.99,86999999.99,86999999.99,1,1
2017-12-02,10000049,17867,47.02,47.02,47.02,113782,1
2017-12-02,10000049,17868,44.06,44.06,44.06,25023,1
2017-12-02,10000049,17887,979.55,979.55,979.55,10000,1
2017-12-02,10000049,17888,810,810,810,327000,1
2017-12-02,10000049,17889,1699.99,1699.99,1699.99,78847,3
2017-12-02,10000049,17893,35000.04,35000.04,35000.04,1,1
2017-12-02,10000049,17912,1000000.01,1000000.01,1000000.01,4,2
2017-12-02,10000049,17938,41499.95,32999.89,50000,2,2
2017-12-02,10000049,17939,60000,60000,60000,1,1
2017-12-02,10000049,18056,39000,39000,39000,6,1
2017-12-02,10000049,18060,14900,14900,14900,4,2
2017-12-02,10000049,18606,460000.89,460000.89,460000.89,8,1
2017-12-02,10000049,18614,400000,400000,400000,3,2
2017-12-02,10000049,18616,109999.98,109999.98,109999.98,2,2
2017-12-02,10000049,19400,10999.99,10999.99,10999.99,8,1
2017-12-02,10000049,19406,600000,600000,600000,4,2
2017-12-02,10000049,19407,1200000,1200000,1200000,4,2
2017-12-02,10000049,19418,61200000,61200000,61200000,1,1
2017-12-02,10000049,19419,80000000,80000000,80000000,6,2
2017-12-02,10000049,19420,101640000,101640000,101640000,1,1
2017-12-02,10000049,19421,133837000,133837000,133837000,4,2
2017-12-02,10000049,19660,800000,800000,800000,8,1
2017-12-02,10000049,19719,33000000,33000000,33000000,2,2
2017-12-02,10000049,19810,468000,468000,468000,1,1
2017-12-02,10000049,19921,100000,100000,100000,2,2
2017-12-02,10000049,20209,1100000,1100000,1100000,1,1
2017-12-02,10000049,20210,1100000,1100000,1100000,1,1
2017-12-02,10000049,20494,110000,110000,110000,1,1
2017-12-02,10000049,20495,110000,110000,110000,1,1
2017-12-02,10000049,20524,91999000,91999000,91999000,1,1
2017-12-02,10000049,20527,97799000.82,97799000.82,97799000.82,1,1
2017-12-02,10000049,20532,124999000,124999000,124999000,1,1
2017-12-02,10000049,21059,135000,135000,135000,2,2
2017-12-02,10000049,21096,2651969.42,2015950.95,2999999,14,11
2017-12-02,10000049,21603,11100000,11100000,11100000,1,1
2017-12-02,10000049,21640,1000000,1000000,1000000,5,2
2017-12-02,10000049,21667,19800000,19800000,19800000,1,1
2017-12-02,10000049,21898,850,850,850,800,1
2017-12-02,10000049,21922,999,999,999,1500,1
2017-12-02,10000049,22175,117920.65,100000,124899,4,4
2017-12-02,10000049,22177,143200.61,99999.88,164800.97,3,3
2017-12-02,10000049,22229,4000000,4000000,4000000,4,1
2017-12-02,10000049,22536,474250.06,100000,599000.08,4,2
2017-12-02,10000049,22541,12300000.44,9900000,14700000.87,2,2
2017-12-02,10000049,22542,42500,42500,42500,1,1
2017-12-02,10000049,22552,824250.06,600000,899000.08,4,2
2017-12-02,10000049,22576,49999.81,49999.81,49999.81,3,1
2017-12-02,10000049,22578,199000,199000,199000,1,1
2017-12-02,10000049,22806,135000,135000,135000,2,2
2017-12-02,10000049,22807,135000,135000,135000,2,2
2017-12-02,10000049,22808,135000,135000,135000,2,2
2017-12-02,10000049,22809,135000,135000,135000,2,2
2017-12-02,10000049,23025,750.77,750.77,750.77,3000,1
2017-12-02,10000049,23061,2300000,2300000,2300000,17,1
2017-12-02,10000049,23087,200000,200000,200000,1,1
2017-12-02,10000049,23089,890000,890000,890000,2,1
2017-12-02,10000049,23158,1,1,1,27,1
2017-12-02,10000049,23527,290222.7,290222.7,290222.7,1,1
2017-12-02,10000049,23561,250000,250000,250000,10,1
2017-12-02,10000049,23566,440000,440000,440000,2,2
2017-12-02,10000049,23594,495000,495000,495000,1,1
2017-12-02,10000049,23606,165000,165000,165000,1,1
2017-12-02,10000049,23618,55000,55000,55000,1,1
2017-12-02,10000049,23707,7517.51,6028.01,10000,8,2
2017-12-02,10000049,24241,55000,55000,55000,1,1
2017-12-02,10000049,24242,2470000.87,2470000.87,2470000.87,1,1
2017-12-02,10000049,24270,9999000.08,9999000.08,9999000.08,2,1
2017-12-02,10000049,24348,2629500,2389000,2870000,8,2
2017-12-02,10000049,24417,1999998.99,1999998.99,1999998.99,1,1
2017-12-02,10000049,24427,1369217.67,1369217.67,1369217.67,1,1
2017-12-02,10000049,24445,599999,599999,599999,3,1
2017-12-02,10000049,24471,100,100,100,1600,1
2017-12-02,10000049,24473,100,100,100,5000,2
2017-12-02,10000049,24475,100,100,100,4000,1
2017-12-02,10000049,24494,200,200,200,600,1
2017-12-02,10000049,24562,55000000,55000000,55000000,2,2
2017-12-02,10000049,24571,13700000.87,13700000.87,13700000.87,1,1
2017-12-02,10000049,24625,23999000,23999000,23999000,2,1
2017-12-02,10000049,24702,26556035.73,26556035.73,26556035.73,1,1
2017-12-02,10000049,25266,1999997.73,1999997.73,1999997.73,2,1
2017-12-02,10000049,25544,24124958.34,24000000,26999000.09,24,5
2017-12-02,10000049,25589,2350.5,2350.5,2350.5,2,1
2017-12-02,10000049,25590,21006.28,21006.21,21006.45,7,4
2017-12-02,10000049,25591,125150,90000,160300,2,2
2017-12-02,10000049,25592,3151.15,3151.15,3151.15,2,2
2017-12-02,10000049,25593,6000.01,6000.01,6000.01,52,2
2017-12-02,10000049,25594,30429.05,30429.05,30429.05,9,5
2017-12-02,10000049,25595,16956.65,16956.65,16956.65,81,3
2017-12-02,10000049,25596,33000.01,33000.01,33000.01,11,2
2017-12-02,10000049,25597,3650.65,3650.65,3650.65,37,3
2017-12-02,10000049,25598,10951.55,10951.55,10951.55,10,1
2017-12-02,10000049,25599,1155.25,1155.25,1155.25,56,5
2017-12-02,10000049,25600,12202.3,12202.3,12202.3,26,3
2017-12-02,10000049,25601,4104.5,4104.5,4104.5,7,2
2017-12-02,10000049,25602,5071.6,5071.6,5071.6,41,3
2017-12-02,10000049,25603,5002.4,5002.4,5002.4,2,2
2017-12-02,10000049,25604,9001.06,9001.06,9001.06,1,1
2017-12-02,10000049,25605,16275.1,16001.04,16300.01,12,4
2017-12-02,10000049,25613,356000,356000,356000,1,1
2017-12-02,10000049,25620,7985.95,7985.95,7985.95,1,1
2017-12-02,10000049,25622,586000,550000,595000,10,2
2017-12-02,10000049,25715,1800000,1800000,1800000,3,1
2017-12-02,10000049,25739,495000,495000,495000,1,1
2017-12-02,10000049,25810,780000.87,780000.87,780000.87,1,1
2017-12-02,10000049,25811,495000,495000,495000,2,2
2017-12-02,10000049,25861,165300.29,159000.89,200000,10,6
2017-12-02,10000049,25863,1547500.45,1299000.08,1796000.81,2,2
2017-12-02,10000049,25916,16990000,16990000,16990000,1,1
2017-12-02,10000049,26253,110000,110000,110000,1,1
2017-12-02,10000049,26254,23000,23000,23000,1,1
2017-12-02,10000049,26255,110000,110000,110000,2,2
2017-12-02,10000049,26256,110000,110000,110000,1,1
2017-12-02,10000049,26257,110000,110000,110000,1,1
2017-12-02,10000049,26258,110000,110000,110000,1,1
2017-12-02,10000049,26260,110000,110000,110000,1,1
2017-12-02,10000049,26892,7999999,7999999,7999999,2,1
2017-12-02,10000049,27143,1999979.18,1999979.18,1999979.18,1,1
2017-12-02,10000049,27361,1054.74,1054.74,1054.74,497,1
2017-12-02,10000049,27387,1470,1470,1470,2000,1
2017-12-02,10000049,27902,110000,110000,110000,1,1
2017-12-02,10000049,28073,8800000,8800000,8800000,1,1
2017-12-02,10000049,28164,4950000,4950000,4950000,2,2
2017-12-02,10000049,28290,4500000.42,4500000.42,4500000.42,5,1
2017-12-02,10000049,28576,532618.88,380000.01,990475.48,8,4
2017-12-02,10000049,28578,919997.99,919997.99,919997.99,1,1
2017-12-02,10000049,28615,4400000,4400000,4400000,1,1
2017-12-02,10000049,28668,34988.97,25777.76,35000,1078,5
2017-12-02,10000049,28758,42175000,36850000,47500000,2,2
2017-12-02,10000049,28879,1100000,1100000,1100000,1,1
2017-12-02,10000049,29007,14165.87,14165.87,14165.87,1,1
2017-12-02,10000049,29011,11899.89,11899.89,11899.89,2,1
2017-12-02,10000049,29248,795000.93,795000.93,795000.93,1,1
2017-12-02,10000049,29637,55000000,55000000,55000000,1,1
2017-12-02,10000049,30013,12058.07,9998.99,17690,26,4
2017-12-02,10000049,30486,628030.3,628030.3,628030.3,8,1
2017-12-02,10000049,30488,747067.46,549998.99,850000,48,5
2017-12-02,10000049,30532,5749500.04,5500000,5999000.08,2,2
2017-12-02,10000049,30537,5500000,5500000,5500000,2,2
2017-12-02,10000049,30538,5500000,5500000,5500000,1,1
2017-12-02,10000049,30539,5500000,5500000,5500000,1,1
2017-12-02,10000049,30540,5500000,5500000,5500000,1,1
2017-12-02,10000049,30545,5500000,5500000,5500000,2,2
2017-12-02,10000049,30547,5500000,5500000,5500000,1,1
2017-12-02,10000049,30550,5500000,5500000,5500000,1,1
2017-12-02,10000049,30551,5999000.09,5999000.09,5999000.09,1,1
2017-12-02,10000049,30554,5500000,5500000,5500000,1,1
2017-12-02,10000049,30650,1650000,1650000,1650000,1,1
2017-12-02,10000049,30836,3089949.95,1899899.89,4280000,8,2
2017-12-02,10000049,31083,2199999.99,2199999.99,2199999.99,3,2
2017-12-02,10000049,31085,6890000,6890000,6890000,3,1
2017-12-02,10000049,31105,345899.89,345899.89,345899.89,2,1
2017-12-02,10000049,31117,1500000,1500000,1500000,1,1
2017-12-02,10000049,31119,3900000,3900000,3900000,2,1
2017-12-02,10000049,31125,26633332.67,19999999,39900000,3,3
2017-12-02,10000049,31153,879998,879998,879998,2,1
2017-12-02,10000049,31165,6493339,6493339,6493339,2,1
2017-12-02,10000049,31177,420000,420000,420000,4,2
2017-12-02,10000049,31213,233479.25,112499,538500,8,5
2017-12-02,10000049,31238,586000,586000,586000,2,1
2017-12-02,10000049,31274,1380990,1380990,1380990,2,2
2017-12-02,10000049,31358,665000,665000,665000,1,1
2017-12-02,10000049,31360,3489990.54,3489990.54,3489990.54,1,1
2017-12-02,10000049,31366,29999999.99,29999999.99,29999999.99,1,1
2017-12-02,10000049,31370,299999,299999,299999,1,1
2017-12-02,10000049,31376,6999999,6999999,6999999,3,2
2017-12-02,10000049,31378,11672430.54,11672430.54,11672430.54,2,1
2017-12-02,10000049,31632,1200000,1200000,1200000,1,1
2017-12-02,10000049,31644,1200000,1200000,1200000,2,1
2017-12-02,10000049,31718,317000,317000,317000,2,1
2017-12-02,10000049,31722,5889795,5889795,5889795,1,1
2017-12-02,10000049,31758,6999999,6999999,6999999,1,1
2017-12-02,10000049,31790,2000000,2000000,2000000,2,2
2017-12-02,10000049,31794,8499997.1,8499997.1,8499997.1,1,1
2017-12-02,10000049,31802,2999997.02,2999997.02,2999997.02,3,1
2017-12-02,10000049,31894,3500000,3500000,3500000,5,1
2017-12-02,10000049,32006,119999,119999,119999,4,1
2017-12-02,10000049,32014,80000,80000,80000,3,1
2017-12-02,10000049,32772,520000,520000,520000,4,2
2017-12-02,10000049,32787,66818.26,35000.89,70000,11,4
2017-12-02,10000049,32797,550000,550000,550000,1,1
2017-12-02,10000049,32874,1050000,1050000,1050000,1,1
2017-12-02,10000049,32876,999000,999000,999000,3,2
2017-12-02,10000049,32880,358667.13,236678.65,699000,4,4
2017-12-02,10000049,32999,220000,220000,220000,3,3
2017-12-02,10000049,33000,220000,220000,220000,1,1
2017-12-02,10000049,33001,220000,220000,220000,1,1
2017-12-02,10000049,33002,220000,220000,220000,1,1
2017-12-02,10000049,33005,249999,249999,249999,1,1
2017-12-02,10000049,33078,1899000.09,1899000.09,1899000.09,1,1
2017-12-02,10000049,33091,110000,110000,110000,1,1
2017-12-02,10000049,33093,304500.05,110000,499000.09,2,2
2017-12-02,10000049,33094,369000,369000,369000,1,1
2017-12-02,10000049,33095,1970000.87,1970000.87,1970000.87,1,1
2017-12-02,10000049,33097,1967500.43,1967000,1968000.86,2,2
2017-12-02,10000049,33098,1969000,1969000,1969000,1,1
2017-12-02,10000049,33178,99999.6,99999.6,99999.6,2,1
2017-12-02,10000049,33180,448819.73,399899.89,799900,9,4
2017-12-02,10000049,33399,5500000,5500000,5500000,1,1
2017-12-02,10000049,33407,39600000,39600000,39600000,2,1
2017-12-02,10000049,33475,7998333.33,7000000,8497500,3,3
2017-12-02,10000049,33591,6999000,6999000,6999000,3,1
2017-12-02,10000049,33699,290000.44,110000,470000.87,2,2
2017-12-02,10000049,33816,65000000,65000000,65000000,1,1
2017-12-02,10000049,33824,2499999.95,2499999.95,2499999.95,2,1
2017-12-02,10000049,33856,4400000,4400000,4400000,1,1
2017-12-02,10000049,33915,499999,499999,499999,7,1
2017-12-02,10000049,33966,3000000,3000000,3000000,1,1
2017-12-02,10000049,34203,200001.25,200001.25,200001.25,1,1
2017-12-02,10000049,34268,7417416.99,7417416.99,7417416.99,2,2
2017-12-02,10000049,34327,38500000,38500000,38500000,1,1
2017-12-02,10000049,35656,79899.89,79899.89,79899.89,1,1
2017-12-02,10000049,35658,102500,31000,173999.99,2,2
2017-12-02,10000049,35788,20000,20000,20000,2,1
2017-12-02,10000049,37457,29000000,29000000,29000000,1,1
2017-12-02,10000049,37479,404170.4,340852,420000,5,2
2017-12-02,10000049,40328,4000000,4000000,4000000,1,1
2017-12-02,10000049,40519,335203993.05,335203993.05,335203993.05,10,2
2017-12-02,10000049,40520,816836842.11,809800000,943500000,19,6
2017-12-02,10000049,41403,33000000,33000000,33000000,1,1
2017-12-02,10000049,41404,31000000,31000000,31000000,1,1
2017-12-02,10000049,42528,999000.89,999000.89,999000.89,1,1
2017-12-02,10000049,42829,689.89,689.89,689.89,2601,3
2017-12-02,10000049,43702,100000,100000,100000,2,2
2017-12-02,10000049,43703,19800000,19800000,19800000,1,1
2017-12-02,10000049,43894,2499999,2499999,2499999,1,1
2017-12-02,10000049,44992,3188103.75,3188103.75,3188103.75,7950,18
2017-12-02,10000049,45635,198299999.99,174799999.99,268800000,4,2
2017-12-02,10000049,45746,1499000.09,1499000.09,1499000.09,1,1
2017-12-02,10000049,46365,300000,300000,300000,4,1
2017-12-02,10000049,46366,600000,600000,600000,4,2
2017-12-02,10000049,46367,300000,300000,300000,4,1
2017-12-02,10000049,46368,650000,650000,650000,2,1
2017-12-02,10000050,34,5.2,5.2,5.2,769777997,19
2017-12-02,10000050,35,3.36,3.36,3.36,85121719,7
2017-12-02,10000050,36,64.97,64.97,64.97,100883869,20
2017-12-02,10000050,38,313.88,313,313.9,585830,10
2017-12-02,10000050,39,947.98,947.98,947.98,361318,15
2017-12-02,10000050,40,1083.96,1083.96,1083.96,142735,9
2017-12-02,10000050,201,181.76,181.76,181.76,3000,1
2017-12-02,10000050,202,279.12,279.12,279.12,11000,2
2017-12-02,10000050,203,215.89,215.89,215.89,8000,1
2017-12-02,10000050,238,124,124,124,1000,1
2017-12-02,10000050,377,20000,20000,20000,1,1
2017-12-02,10000050,380,1000000,1000000,1000000,5,1
2017-12-02,10000050,444,100000,100000,100000,1,1
2017-12-02,10000050,447,49000,49000,49000,6,2
2017-12-02,10000050,448,2226578.95,1850000,2645000,19,7
2017-12-02,10000050,519,1336666.67,1250000,1380000,3,2
2017-12-02,10000050,527,1385000.12,1385000.12,1385000.12,3,2
2017-12-02,10000050,578,120000,120000,120000,7,4
2017-12-02,10000050,583,350000,350000,350000,3,1
2017-12-02,10000050,584,600000,600000,600000,1,1
2017-12-02,10000050,585,400000,400000,400000,1,1
2017-12-02,10000050,605,500000,500000,500000,1,1
2017-12-02,10000050,608,675000,675000,675000,1,1
2017-12-02,10000050,626,8790000,8790000,8790000,1,1
2017-12-02,10000050,634,7500000,7500000,7500000,1,1
2017-12-02,10000050,645,179000000,168000000,190000000,2,2
2017-12-02,10000050,650,1538500,1538500,1538500,2,2
2017-12-02,10000050,651,1500000,1500000,1500000,1,1
2017-12-02,10000050,656,2572222.22,2572222.22,2572222.22,1,1
2017-12-02,10000050,657,1500000,1500000,1500000,2,2
2017-12-02,10000050,1182,100001,100001,100001,5,1
2017-12-02,10000050,1319,699999,699999,699999,16,6
2017-12-02,10000050,1405,799206.19,780515.46,820000,21,10
2017-12-02,10000050,1541,1250000.12,1250000.12,1250000.12,5,2
2017-12-02,10000050,1877,1604554.12,1604554.12,1604554.12,5,1
2017-12-02,10000050,1952,2174885,1849770,2500000,2,2
2017-12-02,10000050,1969,1699999,1699999,1699999,3,3
2017-12-02,10000050,1977,80000,80000,80000,4,2
2017-12-02,10000050,1978,1212142.85,1212142.85,1212142.85,5,1
2017-12-02,10000050,2032,550000,550000,550000,2,2
2017-12-02,10000050,2048,812500,550000,900000,4,4
2017-12-02,10000050,2175,1399125,1399000,1400000,16,3
2017-12-02,10000050,2185,700000,700000,700000,5,1
2017-12-02,10000050,2195,2401690.77,2290000,2491043.39,9,2
2017-12-02,10000050,2205,573571.43,560000,579000,21,5
2017-12-02,10000050,2281,3500000,3500000,3500000,1,1
2017-12-02,10000050,2303,2350112.12,2350112.12,2350112.12,1,1
2017-12-02,10000050,2404,1400000.12,1400000.12,1400000.12,4,2
2017-12-02,10000050,2444,149999,149999,149999,4,1
2017-12-02,10000050,2454,4527,4527,4527,2,1
2017-12-02,10000050,2456,398296.67,398296.67,398296.67,14,4
2017-12-02,10000050,2488,504519,445000,587845.6,48,5
2017-12-02,10000050,2524,1250000,1250000,1250000,8,3
2017-12-02,10000050,2533,500000,500000,500000,2,1
2017-12-02,10000050,2534,400000,399999.99,400000,7,5
2017-12-02,10000050,2539,1077499.56,1055000.12,1099999,2,2
2017-12-02,10000050,2550,160000,160000,160000,2,1
2017-12-02,10000050,2551,290000,180000,399999.99,4,2
2017-12-02,10000050,2553,1199999.97,1199999.97,1199999.97,1,1
2017-12-02,10000050,2605,441666.66,439999.99,450000,6,5
2017-12-02,10000050,2913,2250000.12,2250000.12,2250000.12,4,1
2017-12-02,10000050,3146,2522510.12,2522510.12,2522510.12,6,1
2017-12-02,10000050,3178,735000.12,735000.12,735000.12,2,1
2017-12-02,10000050,3186,2750909.12,2750909.12,2750909.12,8,1
2017-12-02,10000050,3244,1984999.64,1294999.5,2100000,14,14
2017-12-02,10000050,3265,7549999.95,7549999.95,7549999.95,1,1
2017-12-02,10000050,3293,12000,12000,12000,7,2
2017-12-02,10000050,3504,4000000,4000000,4000000,2,2
2017-12-02,10000050,3540,1750000,1750000,1750000,1,1
2017-12-02,10000050,3578,3000000,3000000,3000000,2,2
2017-12-02,10000050,3596,213859.47,213859.47,213859.47,3,1
2017-12-02,10000050,3616,24659510,24659510,24659510,1,1
2017-12-02,10000050,3645,400,400,400,20000,1
2017-12-02,10000050,3685,510,510,510,53275,1
2017-12-02,10000050,3689,12000,12000,12000,1800,1
2017-12-02,10000050,3831,940300.12,940300.12,940300.12,7,3
2017-12-02,10000050,3841,1200000,1200000,1200000,1,1
2017-12-02,10000050,3888,1300000,1300000,1300000,10,1
2017-12-02,10000050,3898,9999999.99,9999999.99,9999999.99,2,1
2017-12-02,10000050,4025,100000,100000,100000,7,3
2017-12-02,10000050,4247,20499.99,20499.99,20499.99,30000,2
2017-12-02,10000050,4383,1799100,1799100,1799100,3,3
2017-12-02,10000050,4393,72000,72000,72000,1,1
2017-12-02,10000050,4403,511418.79,511418.79,511418.79,1,1
2017-12-02,10000050,4405,1607945.62,1560927.82,1748999,4,2
2017-12-02,10000050,5302,199999.75,199999,200000.12,3,3
2017-12-02,10000050,5599,135000.12,135000.12,135000.12,1,1
2017-12-02,10000050,5839,1750000.12,1750000.12,1750000.12,1,1
2017-12-02,10000050,6003,14999.12,14999.12,14999.12,1,1
2017-12-02,10000050,6005,1000000,1000000,1000000,1,1
2017-12-02,10000050,6527,500000,500000,500000,1,1
2017-12-02,10000050,8517,3333331,3333331,3333331,1,1
2017-12-02,10000050,9327,2000000,2000000,2000000,16,3
2017-12-02,10000050,9568,99200.12,99200.12,99200.12,1,1
2017-12-02,10000050,9580,99999.12,99999.12,99999.12,1,1
2017-12-02,10000050,9622,135000.12,135000.12,135000.12,1,1
2017-12-02,10000050,9678,299000,299000,299000,2,1
2017-12-02,10000050,10190,1150412.17,1150412.17,1150412.17,10,1
2017-12-02,10000050,10208,25940000.05,24925000.06,30000000,5,5
2017-12-02,10000050,10212,26000000,26000000,26000000,1,1
2017-12-02,10000050,10217,137500000.12,137500000.12,137500000.12,1,1
2017-12-02,10000050,10221,26000000,26000000,26000000,3,3
2017-12-02,10000050,10246,6308.59,6000,9085.89,10,2
2017-12-02,10000050,10250,1023971.98,910814.47,1274115.49,25,4
2017-12-02,10000050,10858,1499999.95,1499999.95,1499999.95,1,1
2017-12-02,10000050,11176,50000000,50000000,50000000,1,1
2017-12-02,10000050,11239,750000.12,750000.12,750000.12,1,1
2017-12-02,10000050,11259,1123455,1123455,1123455,1,1
2017-12-02,10000050,11269,656701.32,656701.32,656701.32,5,4
2017-12-02,10000050,11287,5250,5000,5300,60,2
2017-12-02,10000050,11317,338999.12,338999.12,338999.12,1,1
2017-12-02,10000050,11325,561550.99,561550.99,561550.99,3,1
2017-12-02,10000050,11370,2000000,2000000,2000000,1,1
2017-12-02,10000050,11489,420000,420000,420000,1,1
2017-12-02,10000050,11577,10000000,10000000,10000000,1,1
2017-12-02,10000050,11640,700000,700000,700000,6,2
2017-12-02,10000050,11642,1609000.02,1600000,1645000.12,5,2
2017-12-02,10000050,11644,2875000,2875000,2875000,1,1
2017-12-02,10000050,11648,2085000.12,2085000.11,2085000.12,3,3
2017-12-02,10000050,11989,178999999.12,178999999.12,178999999.12,1,1
2017-12-02,10000050,12034,30350000.12,30350000.12,30350000.12,1,1
2017-12-02,10000050,12052,348000,348000,348000,1,1
2017-12-02,10000050,12199,2500000,2500000,2500000,1,1
2017-12-02,10000050,12200,12500000,12500000,12500000,3,1
2017-12-02,10000050,12271,7999321.12,7999321.12,7999321.12,4,2
2017-12-02,10000050,12274,100000,100000,100000,1,1
2017-12-02,10000050,12346,1650000,1650000,1650000,4,1
2017-12-02,10000050,12625,54.12,54.12,54.12,3290,2
2017-12-02,10000050,12761,599,599,599,1000,1
2017-12-02,10000050,12775,499.12,499.12,499.12,8120,2
2017-12-02,10000050,12779,300,300,300,3694,2
2017-12-02,10000050,12791,192.78,192.78,192.78,1500,1
2017-12-02,10000050,12816,600000,600000,600000,20,1
2017-12-02,10000050,13256,49699999.99,49699999.99,49699999.99,1,1
2017-12-02,10000050,14295,5700000.12,5700000.12,5700000.12,1,1
2017-12-02,10000050,15963,165000000,165000000,165000000,1,1
2017-12-02,10000050,16004,175000000,175000000,175000000,1,1
2017-12-02,10000050,16272,895,750,896,952089,14
2017-12-02,10000050,16273,79,79,79,40191,18
2017-12-02,10000050,16274,899,899,899,542723,6
2017-12-02,10000050,16275,4199,4199,4199,13655,6
2017-12-02,10000050,16433,4996.03,4996.03,4996.03,1,1
2017-12-02,10000050,16477,150000,150000,150000,6,3
2017-12-02,10000050,16519,250000.12,250000.12,250000.12,10,2
2017-12-02,10000050,17366,200000,200000,200000,8,3
2017-12-02,10000050,17476,25000000,25000000,25000000,1,1
2017-12-02,10000050,17482,2458138.22,2346506.79,2500000,11,6
2017-12-02,10000050,17887,1159.12,1159.12,1159.12,657537,19
2017-12-02,10000050,17889,1121.34,1121.34,1121.34,50000,1
2017-12-02,10000050,17912,4117525.75,4101000.12,4150577,3,2
2017-12-02,10000050,17920,294000000,294000000,294000000,1,1
2017-12-02,10000050,18048,250000,250000,250000,4,1
2017-12-02,10000050,18606,600000,600000,600000,4,1
2017-12-02,10000050,18608,901998,901998,901998,2,1
2017-12-02,10000050,18618,150000,150000,150000,10,1
2017-12-02,10000050,19812,249999.12,249999.12,249999.12,1,1
2017-12-02,10000050,20353,3399998.12,3399998.12,3399998.12,5,3
2017-12-02,10000050,20701,60000000,60000000,60000000,1,1
2017-12-02,10000050,21096,1862412.5,1600000,1899900,8,8
2017-12-02,10000050,21640,1228570.86,1000000,1399999,7,3
2017-12-02,10000050,21894,1250,1250,1250,24600,6
2017-12-02,10000050,21896,874.12,874.12,874.12,6500,2
2017-12-02,10000050,21898,650.12,650.12,650.12,2177,2
2017-12-02,10000050,21918,1399.11,1399.11,1399.11,3500,2
2017-12-02,10000050,21935,1100,1100,1100,2000,1
2017-12-02,10000050,22175,199999,199999,199999,2,2
2017-12-02,10000050,22177,99999,99999,99999,1,1
2017-12-02,10000050,22456,90000000,90000000,90000000,1,1
2017-12-02,10000050,22542,37000,37000,37000,2,1
2017-12-02,10000050,22778,108570.86,100000,129998,70,2
2017-12-02,10000050,22782,1590000.12,1590000.12,1590000.12,1,1
2017-12-02,10000050,23009,999.12,999.12,999.12,2000,1
2017-12-02,10000050,23055,3200000,3200000,3200000,117,8
2017-12-02,10000050,23059,3200000,3200000,3200000,20,1
2017-12-02,10000050,23527,499999.99,499999.99,499999.99,4,1
2017-12-02,10000050,23707,8375.09,8375.09,8375.09,10,2
2017-12-02,10000050,24283,54980127,54668952.49,55135714.25,3,3
2017-12-02,10000050,24305,4300000.02,4300000.02,4300000.02,2,1
2017-12-02,10000050,24348,1526624.12,1526624.12,1526624.12,3,1
2017-12-02,10000050,24417,1786584.08,1735000.12,1889752,3,2
2017-12-02,10000050,24427,1478886.68,1450000.12,1499998.53,22,5
2017-12-02,10000050,24438,1420496.12,1350000,1499993,19,5
2017-12-02,10000050,24495,88,88,88,1500,2
2017-12-02,10000050,24499,150,150,150,500,1
2017-12-02,10000050,24509,520.02,520.02,520.02,1500,1
2017-12-02,10000050,25590,103000.12,103000.12,103000.12,4,1
2017-12-02,10000050,25592,4500.12,4500.12,4500.12,7,1
2017-12-02,10000050,25594,32986.6,31000.12,34505.68,30,2
2017-12-02,10000050,25598,10800,10800,10800,15,1
2017-12-02,10000050,25599,750.12,750.12,750.12,31,1
2017-12-02,10000050,25600,19800.12,19800.12,19800.12,8,1
2017-12-02,10000050,25601,2805,2805,2805,46,1
2017-12-02,10000050,25603,27001.03,27001.03,27001.03,67,1
2017-12-02,10000050,25605,28500,28500,28500,40,1
2017-12-02,10000050,25894,13000000,13000000,13000000,3,1
2017-12-02,10000050,25948,5404419.16,5404419.16,5404419.16,1,1
2017-12-02,10000050,27339,2000,2000,2000,362,2
2017-12-02,10000050,27387,900,900,900,285,1
2017-12-02,10000050,28213,1660614.49,1660614.12,1660614.95,18,3
2017-12-02,10000050,28290,3900000,3900000,3900000,10,1
2017-12-02,10000050,28332,1100,1100,1100,2600,2
2017-12-02,10000050,28576,818750,800000,875000,4,2
2017-12-02,10000050,28668,20000,20000,20000,148,1
2017-12-02,10000050,28758,37999999.11,37999999.11,37999999.11,1,1
2017-12-02,10000050,28999,13200,13200,13200,26,5
2017-12-02,10000050,29001,11540.39,10253.64,20547.67,8,5
2017-12-02,10000050,29009,18353.23,13500,20779.85,3,2
2017-12-02,10000050,29011,20034.79,20034.79,20034.79,2,2
2017-12-02,10000050,29013,12500,12500,12500,2,2
2017-12-02,10000050,29015,14499.99,14499.99,14499.99,1,1
2017-12-02,10000050,29988,135000000,135000000,135000000,1,1
2017-12-02,10000050,30987,230000,230000,230000,1,1
2017-12-02,10000050,30993,57999999,57999999,57999999,1,1
2017-12-02,10000050,31055,2500000,2500000,2500000,1,1
2017-12-02,10000050,31063,650000,650000,650000,1,1
2017-12-02,10000050,31085,4399000.01,4399000.01,4399000.01,3,1
2017-12-02,10000050,31119,1350000,1350000,1350000,2,1
2017-12-02,10000050,31159,390001,390001,390001,6,3
2017-12-02,10000050,31177,299000,299000,299000,4,2
2017-12-02,10000050,31358,749000.12,749000.12,749000.12,1,1
2017-12-02,10000050,31360,2884999.12,2884999.12,2884999.12,2,1
2017-12-02,10000050,31372,1199973.76,1199973.76,1199973.76,1,1
2017-12-02,10000050,31716,350000.12,350000.12,350000.12,1,1
2017-12-02,10000050,31788,499999,499999,499999,2,1
2017-12-02,10000050,31870,4999000,4999000,4999000,5,1
2017-12-02,10000050,31936,10000000,10000000,10000000,1,1
2017-12-02,10000050,31942,59999999,59999999,59999999,2,1
2017-12-02,10000050,32006,100000,100000,100000,2614,4
2017-12-02,10000050,32014,349998.97,339472.87,375000,109,6
2017-12-02,10000050,32774,69000.12,69000.12,69000.12,1,1
2017-12-02,10000050,32880,250000,250000,250000,1,1
2017-12-02,10000050,33003,1000000,1000000,1000000,2,2
2017-12-02,10000050,33076,629729.01,629000,630458.02,2,2
2017-12-02,10000050,33098,1500000,1500000,1500000,1,1
2017-12-02,10000050,33287,875000000,870000000,880000000,2,2
2017-12-02,10000050,33450,3600000.12,3600000.12,3600000.12,3,1
2017-12-02,10000050,33474,2090000,2090000,2090000,4,3
2017-12-02,10000050,33475,10999999.28,10999999,13999999.99,18,9
2017-12-02,10000050,33520,55999999.38,55999999.38,55999999.38,1,1
2017-12-02,10000050,33824,1489062.55,1471249.84,1495000.12,4,2
2017-12-02,10000050,33983,30006001,30006001,30006001,3,1
2017-12-02,10000050,34202,2200000.02,2200000.02,2200000.02,98,1
2017-12-02,10000050,34593,15000000,15000000,15000000,4,2
2017-12-02,10000050,35658,47499.56,45000,49999.12,2,2
2017-12-02,10000050,35661,525000,525000,525000,3,3
2017-12-02,10000050,35662,275000,275000,275000,1,1
2017-12-02,10000050,40348,39500000,39500000,39500000,2,1
2017-12-02,10000050,40553,13000000,13000000,13000000,3,1
2017-12-02,10000050,40556,14999998.99,14999998.99,14999999,46,4
2017-12-02,10000050,40560,38284614,38284614,38284614,2,1
2017-12-02,10000050,40561,38099998.99,38099998.99,38099998.99,6,1
2017-12-02,10000050,40659,36500000,36500000,36500000,2,1
2017-12-02,10000050,41030,1191000000,1179000000,1199000000,5,4
2017-12-02,10000050,41055,469997.57,469997.57,469997.57,4,4
2017-12-02,10000050,41236,34620000,34620000,34620000,1,1
2017-12-02,10000050,41411,36999999,36999999,36999999,1,1
2017-12-02,10000050,41463,98200788.01,98200788,98200788.01,2,2
2017-12-02,10000050,41484,5500000,5500000,5500000,2,2
2017-12-02,10000050,41489,12000,12000,12000,300,1
2017-12-02,10000050,41490,1500000,1500000,1500000,34,3
2017-12-02,10000050,41491,50000000,50000000,50000000,2,2
2017-12-02,10000050,42244,65000000,65000000,65000000,1,1
2017-12-02,10000050,42526,750000,750000,750000,1,1
2017-12-02,10000050,42528,399999.99,399999.99,399999.99,2,2
2017-12-02,10000050,42529,1000000,1000000,1000000,1,1
2017-12-02,10000050,42829,600,600,600,6000,2
2017-12-02,10000050,42830,600,600,600,5500,2
2017-12-02,10000050,43552,3299999.99,3299999.99,3299999.99,1,1
2017-12-02,10000050,43699,73621.12,73621.12,73621.12,2,1
2017-12-02,10000050,44992,2850002.69,2850002.69,2850002.69,1655,2
2017-12-02,10000050,45593,15000000,15000000,15000000,1,1
2017-12-02,10000050,45604,20000000,20000000,20000000,1,1
2017-12-02,10000050,45618,18000000,18000000,18000000,1,1
2017-12-02,10000050,45629,20000000,20000000,20000000,1,1
2017-12-02,10000050,45635,175000000,175000000,175000000,4,1
2017-12-02,10000051,34,3.25,3.25,3.25,3224000,7
2017-12-02,10000051,35,2,2,5.89,1712671,7
2017-12-02,10000051,36,25,25,25,275593,6
2017-12-02,10000051,37,30.13,30.13,40,112437,6
2017-12-02,10000051,38,120,120,120,13454,6
2017-12-02,10000051,39,450,450,450,9181,4
2017-12-02,10000051,40,399,399,399,4259,7
2017-12-02,10000051,193,70,70,70,1000,1
2017-12-02,10000051,230,45,45,45,2200,1
2017-12-02,10000051,266,8.19,8.19,8.19,1000,1
2017-12-02,10000051,380,650000,550000,750000,4,2
2017-12-02,10000051,434,50000,50000,50000,1,1
2017-12-02,10000051,444,150000,150000,150000,1,1
2017-12-02,10000051,453,50000,50000,50000,12,1
2017-12-02,10000051,519,1236565.25,1200000,1273130.49,4,2
2017-12-02,10000051,520,51750,51750,51750,1,1
2017-12-02,10000051,593,350000,350000,350000,1,1
2017-12-02,10000051,603,100000,100000,100000,6,1
2017-12-02,10000051,605,555555,555555,555555,1,1
2017-12-02,10000051,609,595000,500000,750000,10,3
2017-12-02,10000051,621,11000000,11000000,11000000,1,1
2017-12-02,10000051,624,9500000,9500000,9500000,1,1
2017-12-02,10000051,626,6900000,6800000,7000000,2,2
2017-12-02,10000051,627,11200000,11200000,11200000,4,3
2017-12-02,10000051,632,5450000.05,900000.1,10000000,2,2
2017-12-02,10000051,650,2500000,2500000,2500000,1,1
2017-12-02,10000051,655,1833333.33,1500000,2000000,3,3
2017-12-02,10000051,656,1431250,1350000,1625000,8,7
2017-12-02,10000051,672,20000,20000,20000,1,1
2017-12-02,10000051,1201,99000,99000,99000,5,1
2017-12-02,10000051,1229,1250,1250,1250,4761,1
2017-12-02,10000051,1306,400000,400000,400000,1,1
2017-12-02,10000051,1405,755508.54,755508.54,755508.54,3,1
2017-12-02,10000051,1952,1500000,1500000,1500000,2,2
2017-12-02,10000051,1999,1400000,1400000,1400000,1,1
2017-12-02,10000051,2024,1500000,1500000,1500000,1,1
2017-12-02,10000051,2046,20000,20000,20000,1,1
2017-12-02,10000051,2048,600274.07,600000,600548.14,6,4
2017-12-02,10000051,2183,124000,124000,124000,40,1
2017-12-02,10000051,2185,1200000,1200000,1200000,2,1
2017-12-02,10000051,2205,543384.75,506269.48,752231.99,19,5
2017-12-02,10000051,2254,900000,900000,900000,4,2
2017-12-02,10000051,2281,3213095.34,3213095.34,3213095.34,3,1
2017-12-02,10000051,2299,2159700,2159700,2159700,1,1
2017-12-02,10000051,2303,2162000,2162000,2162000,1,1
2017-12-02,10000051,2436,2575999.96,2575999.96,2575999.96,8,2
2017-12-02,10000051,2456,542985.51,390000,650075.38,17,4
2017-12-02,10000051,2464,10000,10000,10000,20,1
2017-12-02,10000051,2466,675000,675000,675000,3,1
2017-12-02,10000051,2476,50000,50000,50000,15,1
2017-12-02,10000051,2486,25000,25000,25000,12,2
2017-12-02,10000051,2488,637500,550000,700000,12,3
2017-12-02,10000051,2512,25,25,25,1000,1
2017-12-02,10000051,2524,900000,900000,900000,6,4
2017-12-02,10000051,2533,113274.88,113274.88,113274.88,1,1
2017-12-02,10000051,2534,576500,253000,900000,2,2
2017-12-02,10000051,2549,900000,900000,900000,7,3
2017-12-02,10000051,2551,148344.24,148344.24,148344.24,2,1
2017-12-02,10000051,2605,367992.51,367992.51,367992.51,4,2
2017-12-02,10000051,2998,50000000,50000000,50000000,2,2
2017-12-02,10000051,3082,2525000,2500000,2600000,4,2
2017-12-02,10000051,3334,778549.99,778549.99,778549.99,1,1
2017-12-02,10000051,3828,10000,10000,10000,4,1
2017-12-02,10000051,3831,896996.86,896996.86,896996.86,3,3
2017-12-02,10000051,3841,1487495.53,1437477.65,1500000,5,3
2017-12-02,10000051,3888,1485720,1485720,1485720,1,1
2017-12-02,10000051,4254,1500000,1500000,1500000,1,1
2017-12-02,10000051,4258,2500000,2500000,2500000,1,1
2017-12-02,10000051,4393,89999.99,89999.99,89999.99,4,1
2017-12-02,10000051,4405,1601344.09,1600000,1793548.39,9,3
2017-12-02,10000051,4571,23000,23000,23000,1,1
2017-12-02,10000051,5011,300000,300000,300000,3,2
2017-12-02,10000051,5301,150001.34,150001.34,150001.34,1,1
2017-12-02,10000051,5399,20000,20000,20000,1,1
2017-12-02,10000051,5405,19000,19000,19000,1,1
2017-12-02,10000051,5955,151000,151000,151000,2,2
2017-12-02,10000051,5971,58874,50000,67748,2,2
2017-12-02,10000051,5973,690000,690000,690000,3,3
2017-12-02,10000051,5975,30000,30000,30000,2,2
2017-12-02,10000051,6005,25000,25000,25000,1,1
2017-12-02,10000051,7367,1400000,1400000,1400000,6,1
2017-12-02,10000051,7535,400000,400000,400000,7,1
2017-12-02,10000051,8023,30000,30000,30000,1,1
2017-12-02,10000051,8225,50000,50000,50000,5,1
2017-12-02,10000051,8263,162500.67,75000,250001.34,4,2
2017-12-02,10000051,8295,250000.92,250000.92,250000.92,1,1
2017-12-02,10000051,9457,700000,700000,700000,6,1
2017-12-02,10000051,9632,130000,130000,130000,1,1
2017-12-02,10000051,9840,9000,9000,9000,2,1
2017-12-02,10000051,10246,50000,50000,50000,10,1
2017-12-02,10000051,10250,1138499.89,1138499.89,1138499.89,5,1
2017-12-02,10000051,11134,23509,23509,23509,3,3
2017-12-02,10000051,11184,36931051.69,36931051.69,36931051.69,1,1
2017-12-02,10000051,11287,5750,5750,5750,20,1
2017-12-02,10000051,11370,2333000,1999000,2500000,3,3
2017-12-02,10000051,11578,7750000,7500000,8000000,2,2
2017-12-02,10000051,12056,50000,50000,50000,1,1
2017-12-02,10000051,12612,70,70,70,10000,1
2017-12-02,10000051,12805,200,200,200,2000,1
2017-12-02,10000051,15508,49100,49000,50000,50,2
2017-12-02,10000051,16227,53500000,53500000,53500000,3,3
2017-12-02,10000051,16238,1300000,1300000,1300000,1,1
2017-12-02,10000051,16273,25.05,25.05,25.05,80651,10
2017-12-02,10000051,16275,4500,4500,4500,200,1
2017-12-02,10000051,17366,800000,800000,800000,1,1
2017-12-02,10000051,17478,22000000,22000000,22000000,6,1
2017-12-02,10000051,17482,2206508.13,2200000,2239048.79,12,3
2017-12-02,10000051,17843,75000000,75000000,75000000,2,1
2017-12-02,10000051,17889,1100,1100,1100,3000,1
2017-12-02,10000051,17912,4882387.34,4882387.34,4882387.34,12,4
2017-12-02,10000051,18064,344998.8,344998.8,344998.8,2,1
2017-12-02,10000051,18624,698000,698000,698000,1,1
2017-12-02,10000051,20351,1850000,1850000,1850000,1,1
2017-12-02,10000051,21096,117596153.91,2250000,1500000000.01,13,7
2017-12-02,10000051,21638,1350000,1350000,1350000,2,1
2017-12-02,10000051,21896,1000,1000,1000,700,1
2017-12-02,10000051,21922,1000,1000,1000,700,1
2017-12-02,10000051,21928,1000,1000,1000,700,1
2017-12-02,10000051,22977,800,800,800,4720,3
2017-12-02,10000051,22983,1300,1300,1300,8000,2
2017-12-02,10000051,22987,1000,1000,1000,6000,1
2017-12-02,10000051,23009,250,250,250,2000,1
2017-12-02,10000051,23025,900,900,900,4029,2
2017-12-02,10000051,23057,3750000,3750000,3750000,10,1
2017-12-02,10000051,23061,5000000,5000000,5000000,5,1
2017-12-02,10000051,23527,398915.8,398326.37,399000,8,2
2017-12-02,10000051,23705,50000,50000,50000,3,1
2017-12-02,10000051,23707,10000,10000,10000,2,1
2017-12-02,10000051,24348,1200000,1200000,1200000,8,2
2017-12-02,10000051,24427,1799999.5,1799999.5,1799999.5,2,1
2017-12-02,10000051,24702,44000000,44000000,44000000,1,1
2017-12-02,10000051,25274,44500,44500,44500,3597,7
2017-12-02,10000051,25597,7000,7000,7000,67,1
2017-12-02,10000051,25739,1100000,1100000,1100000,1,1
2017-12-02,10000051,25861,55384.62,45000,60000,13,6
2017-12-02,10000051,27387,1174,1174,1174,200,1
2017-12-02,10000051,27918,1000000,1000000,1000000,5,2
2017-12-02,10000051,28209,1316749.99,1316749.99,1316749.99,5,1
2017-12-02,10000051,28420,320000,320000,320000,82,4
2017-12-02,10000051,28576,977500,977500,977500,27,8
2017-12-02,10000051,28668,29000,29000,29000,35,1
2017-12-02,10000051,29009,13000,13000,13000,1,1
2017-12-02,10000051,30486,1000000,1000000,1000000,8,1
2017-12-02,10000051,30488,550000,550000,550000,16,1
2017-12-02,10000051,30832,1700000,1700000,1700000,1,1
2017-12-02,10000051,30834,1785720,1785720,1785720,1,1
2017-12-02,10000051,30836,1495000,1495000,1495000,3,1
2017-12-02,10000051,31011,2300000,2300000,2300000,1,1
2017-12-02,10000051,31047,3000000,3000000,3000000,2,2
2017-12-02,10000051,31055,2500000,2500000,2500000,3,1
2017-12-02,10000051,31153,300000,300000,300000,1,1
2017-12-02,10000051,31155,1300000,1300000,1300000,3,2
2017-12-02,10000051,31159,450000,450000,450000,1,1
2017-12-02,10000051,31179,1400000,1400000,1400000,2,1
2017-12-02,10000051,31201,250000,250000,250000,1,1
2017-12-02,10000051,31213,149974.68,149962.02,150000,3,2
2017-12-02,10000051,31276,1400000,1400000,1400000,1,1
2017-12-02,10000051,31358,574849.99,574849.98,574849.99,2,2
2017-12-02,10000051,31378,19000000,19000000,19000000,1,1
2017-12-02,10000051,31538,1400000,1400000,1400000,2,1
2017-12-02,10000051,31598,450000,450000,450000,1,1
2017-12-02,10000051,31600,1950000,1950000,1950000,1,1
2017-12-02,10000051,31608,300000,300000,300000,1,1
2017-12-02,10000051,31610,2000000,2000000,2000000,2,2
2017-12-02,10000051,31718,349000,349000,349000,6,2
2017-12-02,10000051,31742,300000,300000,300000,1,1
2017-12-02,10000051,31754,300000,300000,300000,2,1
2017-12-02,10000051,31788,450000,450000,450000,3,1
2017-12-02,10000051,31790,2200000,2200000,2200000,13,4
2017-12-02,10000051,31876,4749999.98,3750000,4999999.98,25,4
2017-12-02,10000051,32006,135211.27,100000,150000,71,2
2017-12-02,10000051,32772,765000,765000,765000,1,1
2017-12-02,10000051,32880,399999.75,399999,400000,4,3
2017-12-02,10000051,33076,500000,500000,500000,2,1
2017-12-02,10000051,33092,169049.99,169049.99,169049.99,1,1
2017-12-02,10000051,33180,759698.98,759698.98,759698.98,2,1
2017-12-02,10000051,33270,360000,360000,360000,2,1
2017-12-02,10000051,33474,5000000,5000000,5000000,1,1
2017-12-02,10000051,33475,11777777.77,11499999.99,12500000,9,8
2017-12-02,10000051,33824,1800000,1800000,1800000,1,1
2017-12-02,10000051,35657,150000,150000,150000,1,1
2017-12-02,10000051,35659,149771.73,149771.73,149771.73,1,1
2017-12-02,10000051,42244,70000000,70000000,70000000,1,1
2017-12-02,10000051,46355,259323.85,259323.85,259323.85,4,1
2017-12-02,10000051,46365,476087.2,476087.2,476087.2,8,2
2017-12-02,10000051,46367,766666.66,766666.66,766666.66,4,1
2017-12-02,10000051,46369,393299.99,393299.99,393299.99,4,1
2017-12-02,10000051,46371,230000,230000,230000,4,1
2017-12-02,10000052,19,100,100,100,37,1
2017-12-02,10000052,20,152.13,152.13,152.13,148502,27
2017-12-02,10000052,21,441.13,441.13,441.13,10000,2
2017-12-02,10000052,34,4.08,4.06,4.6,13186754,46
2017-12-02,10000052,35,4.02,4.02,4.02,1413364,30
2017-12-02,10000052,36,61.25,61.25,61.25,1154575,32
2017-12-02,10000052,37,35,35,35,937840,27
2017-12-02,10000052,38,330,330,330,118428,24
2017-12-02,10000052,39,1350,1350,1350,104893,15
2017-12-02,10000052,40,1400,1400,1400,65743,18
2017-12-02,10000052,41,14,14,14,415398,20
2017-12-02,10000052,42,1708.25,1708.25,1708.25,3360,14
2017-12-02,10000052,43,320.37,319.16,374.06,289044,40
2017-12-02,10000052,178,16.91,16.91,16.91,20000,1
2017-12-02,10000052,179,3,3,3,100,1
2017-12-02,10000052,185,16,16,16,6000,1
2017-12-02,10000052,189,1.05,1.05,1.05,100,1
2017-12-02,10000052,191,71.4,71.4,71.4,1500,1
2017-12-02,10000052,192,60,60,60,1230,1
2017-12-02,10000052,202,391.55,391.55,391.55,5000,1
2017-12-02,10000052,204,373.99,373.99,373.99,5000,1
2017-12-02,10000052,206,46,46,46,2000,1
2017-12-02,10000052,207,70,70,70,2000,1
2017-12-02,10000052,211,0.11,0.11,0.11,100,1
2017-12-02,10000052,215,0.14,0.14,0.14,100,1
2017-12-02,10000052,222,18.5,18.5,18.5,1000,1
2017-12-02,10000052,230,180,180,180,5100,2
2017-12-02,10000052,235,1,1,1,100,1
2017-12-02,10000052,242,6,6,6,1,1
2017-12-02,10000052,244,6,6,6,1,1
2017-12-02,10000052,245,13,13,13,3,1
2017-12-02,10000052,246,100,100,100,1,1
2017-12-02,10000052,252,8,8,8,1,1
2017-12-02,10000052,269,1,1,1,100,1
2017-12-02,10000052,377,14999.99,14999.98,15000,3,2
2017-12-02,10000052,393,28999.99,28999.99,28999.99,1,1
2017-12-02,10000052,439,20000,20000,20000,1,1
2017-12-02,10000052,444,25000,25000,25000,1,1
2017-12-02,10000052,447,64000,64000,64000,1,1
2017-12-02,10000052,482,1200000,1200000,1200000,2,1
2017-12-02,10000052,483,35000,35000,35000,2,1
2017-12-02,10000052,523,50000,50000,50000,1,1
2017-12-02,10000052,578,136333.3,14000,197499.96,3,3
2017-12-02,10000052,586,10000,10000,10000,1,1
2017-12-02,10000052,589,100000,100000,100000,1,1
2017-12-02,10000052,591,400000,400000,400000,1,1
2017-12-02,10000052,597,100000,100000,100000,1,1
2017-12-02,10000052,605,450000,450000,450000,1,1
2017-12-02,10000052,607,600000,600000,600000,1,1
2017-12-02,10000052,641,145066666.7,145066666.7,145066666.7,1,1
2017-12-02,10000052,649,2000000,2000000,2000000,1,1
2017-12-02,10000052,654,1600000,1600000,1600000,1,1
2017-12-02,10000052,655,1762500,1762500,1762500,1,1
2017-12-02,10000052,656,1287500,1200000,1550000,4,4
2017-12-02,10000052,657,1899857,1899857,1899857,1,1
2017-12-02,10000052,672,20000,20000,20000,2,2
2017-12-02,10000052,936,2175000,2175000,2175000,1,1
2017-12-02,10000052,944,2875000,2875000,2875000,2,2
2017-12-02,10000052,1182,99999.99,99999.99,99999.99,61,2
2017-12-02,10000052,1183,1990000,1990000,1990000,4,1
2017-12-02,10000052,1224,41,41,41,1351009,11
2017-12-02,10000052,1226,250.12,250.12,250.12,83060,12
2017-12-02,10000052,1227,222.99,222.99,222.99,10014,2
2017-12-02,10000052,1228,18.76,18.76,18.76,193452,8
2017-12-02,10000052,1230,13.2,13.2,13.2,2738897,17
2017-12-02,10000052,1231,450.11,450.11,450.11,19621,2
2017-12-02,10000052,1236,1275000,1275000,1275000,1,1
2017-12-02,10000052,1317,1500,1500,1500,7,2
2017-12-02,10000052,1319,1300000,1241000,1477000,4,2
2017-12-02,10000052,1403,18000,18000,18000,3,1
2017-12-02,10000052,1405,1540000,1540000,1540000,4,1
2017-12-02,10000052,1541,1200000,1200000,1200000,1,1
2017-12-02,10000052,1814,1.03,1.03,1.03,100,1
2017-12-02,10000052,1816,1,1,1,100,1
2017-12-02,10000052,1820,1,1,1,100,1
2017-12-02,10000052,1824,1,1,1,100,1
2017-12-02,10000052,1830,1,1,1,100,1
2017-12-02,10000052,1944,1100000,1100000,1100000,2,2
2017-12-02,10000052,1945,4977500,4977500,4977500,1,1
2017-12-02,10000052,1973,42000,42000,42000,1,1
2017-12-02,10000052,1977,14999.99,14999.99,14999.99,1,1
2017-12-02,10000052,2046,10752.5,10505.99,10999,2,2
2017-12-02,10000052,2048,1325000,1325000,1325000,1,1
2017-12-02,10000052,2162,2375000,2375000,2375000,1,1
2017-12-02,10000052,2175,1191220,1191220,1191220,10,1
2017-12-02,10000052,2183,42420.42,42420.42,42420.42,5,1
2017-12-02,10000052,2185,1199995,1199995,1199995,1,1
2017-12-02,10000052,2203,2970.85,2500,3199.55,45,4
2017-12-02,10000052,2205,474000,474000,474000,1,1
2017-12-02,10000052,2254,81000,81000,81000,11,2
2017-12-02,10000052,2281,4289000,4289000,4289000,2,1
2017-12-02,10000052,2294,750000,750000,750000,1,1
2017-12-02,10000052,2403,7500000,7500000,7500000,2,2
2017-12-02,10000052,2406,1000000,1000000,1000000,1,1
2017-12-02,10000052,2410,3123714.29,3111000,3200000,7,2
2017-12-02,10000052,2454,4418.18,3600,4900,22,4
2017-12-02,10000052,2456,455952.33,433500,484000,21,4
2017-12-02,10000052,2486,14000,14000,14000,2,1
2017-12-02,10000052,2505,500000,500000,500000,1,1
2017-12-02,10000052,2524,81000,81000,81000,10,1
2017-12-02,10000052,2525,81000,81000,81000,11,2
2017-12-02,10000052,2533,81000,81000,81000,10,1
2017-12-02,10000052,2534,81000,81000,81000,13,2
2017-12-02,10000052,2539,34999.99,34999.99,34999.99,1,1
2017-12-02,10000052,2549,81000,81000,81000,10,1
2017-12-02,10000052,2550,81000,81000,81000,13,3
2017-12-02,10000052,2551,81000,81000,81000,11,2
2017-12-02,10000052,2553,141000.01,141000.01,141000.01,1,1
2017-12-02,10000052,2605,461347.12,444000,624000,52,4
2017-12-02,10000052,2889,1240000,1240000,1240000,1,1
2017-12-02,10000052,3242,85000.5,85000.5,85000.5,1,1
2017-12-02,10000052,3301,20000,20000,20000,1,1
2017-12-02,10000052,3302,20000,20000,20000,1,1
2017-12-02,10000052,3303,20000,20000,20000,1,1
2017-12-02,10000052,3306,100000,100000,100000,1,1
2017-12-02,10000052,3309,2000000,2000000,2000000,1,1
2017-12-02,10000052,3310,40000,40000,40000,1,1
2017-12-02,10000052,3311,80000,80000,80000,1,1
2017-12-02,10000052,3312,60000,60000,60000,1,1
2017-12-02,10000052,3315,1000000,1000000,1000000,1,1
2017-12-02,10000052,3316,70000,70000,70000,1,1
2017-12-02,10000052,3317,100000,100000,100000,1,1
2017-12-02,10000052,3326,350000,350000,350000,1,1
2017-12-02,10000052,3329,40000,40000,40000,2,2
2017-12-02,10000052,3330,40000,40000,40000,1,1
2017-12-02,10000052,3333,500000,500000,500000,1,1
2017-12-02,10000052,3334,500000,500000,500000,1,1
2017-12-02,10000052,3336,4000000,4000000,4000000,1,1
2017-12-02,10000052,3337,4000000,4000000,4000000,3,3
2017-12-02,10000052,3338,4000000,4000000,4000000,2,2
2017-12-02,10000052,3339,4000000,4000000,4000000,2,2
2017-12-02,10000052,3340,300000,300000,300000,1,1
2017-12-02,10000052,3341,300000,300000,300000,1,1
2017-12-02,10000052,3350,90000,90000,90000,1,1
2017-12-02,10000052,3351,400000,400000,400000,2,2
2017-12-02,10000052,3352,400000,400000,400000,2,2
2017-12-02,10000052,3355,20000,20000,20000,3,3
2017-12-02,10000052,3356,60000,60000,60000,2,2
2017-12-02,10000052,3357,180000,180000,180000,2,2
2017-12-02,10000052,3358,100000,100000,100000,1,1
2017-12-02,10000052,3359,200000,200000,200000,4,4
2017-12-02,10000052,3361,200000,200000,200000,1,1
2017-12-02,10000052,3363,20000,20000,20000,2,2
2017-12-02,10000052,3368,40000,40000,40000,1,1
2017-12-02,10000052,3373,1000000,1000000,1000000,1,1
2017-12-02,10000052,3385,48000,48000,48000,2,2
2017-12-02,10000052,3387,150000,150000,150000,2,2
2017-12-02,10000052,3400,100000000,100000000,100000000,1,1
2017-12-02,10000052,3405,25000,25000,25000,1,1
2017-12-02,10000052,3406,300000,300000,300000,1,1
2017-12-02,10000052,3409,350000,350000,350000,2,2
2017-12-02,10000052,3410,450000,450000,450000,1,1
2017-12-02,10000052,3421,130000,130000,130000,1,1
2017-12-02,10000052,3422,80000,80000,80000,1,1
2017-12-02,10000052,3423,75000,75000,75000,1,1
2017-12-02,10000052,3427,120000,120000,120000,1,1
2017-12-02,10000052,3428,88000,88000,88000,1,1
2017-12-02,10000052,3430,500000,500000,500000,4,4
2017-12-02,10000052,3433,100000,100000,100000,1,1
2017-12-02,10000052,3434,80000,80000,80000,1,1
2017-12-02,10000052,3435,150000,150000,150000,1,1
2017-12-02,10000052,3438,40000,40000,40000,3,3
2017-12-02,10000052,3439,200000,200000,200000,3,3
2017-12-02,10000052,3441,380000,380000,380000,1,1
2017-12-02,10000052,3444,100000,100000,100000,2,2
2017-12-02,10000052,3446,100000,100000,100000,1,1
2017-12-02,10000052,3447,7500000,7500000,7500000,1,1
2017-12-02,10000052,3451,30000,30000,30000,2,2
2017-12-02,10000052,3452,40000,40000,40000,2,2
2017-12-02,10000052,3456,10000000,10000000,10000000,2,2
2017-12-02,10000052,3496,1900000,1900000,1900000,1,1
2017-12-02,10000052,3530,2071000,2071000,2071000,1,1
2017-12-02,10000052,3567,112500,112500,112500,1,1
2017-12-02,10000052,3643,77.46,77.45,119.52,409062,24
2017-12-02,10000052,3647,302.49,302.49,302.49,9366,3
2017-12-02,10000052,3685,560,560,560,309977,17
2017-12-02,10000052,3687,860,860,860,322615,31
2017-12-02,10000052,3689,9999,9999,9999,1691,4
2017-12-02,10000052,3699,58.64,58.63,58.65,42248,2
2017-12-02,10000052,3713,8393.93,8370.26,8417.46,10000,8
2017-12-02,10000052,3715,90.17,90.17,90.17,1011296,40
2017-12-02,10000052,3721,101.01,101.01,101.01,18,1
2017-12-02,10000052,3723,2480.78,2480.6,2480.78,6000,16
2017-12-02,10000052,3731,400000,400000,400000,1,1
2017-12-02,10000052,3732,8000000,8000000,8000000,1,1
2017-12-02,10000052,3773,651.57,651.57,651.57,99,1
2017-12-02,10000052,3777,11.03,11.03,11.03,10,1
2017-12-02,10000052,3812,141.05,141.05,141.05,143656,14
2017-12-02,10000052,3814,28.49,28.48,28.5,858,2
2017-12-02,10000052,3828,8000.08,8000.08,8000.08,21,2
2017-12-02,10000052,3839,70000,70000,70000,1,1
2017-12-02,10000052,3888,1300000,1300000,1300000,1,1
2017-12-02,10000052,3893,55500000,55500000,55500000,1,1
2017-12-02,10000052,4385,4500000,4500000,4500000,5,5
2017-12-02,10000052,4397,2090000,2090000,2090000,1,1
2017-12-02,10000052,4435,1150.01,1150.01,1150.01,2,1
2017-12-02,10000052,4471,11000,11000,11000,1,1
2017-12-02,10000052,4477,8001.01,8001.01,8001.01,1,1
2017-12-02,10000052,4573,779000,779000,779000,1,1
2017-12-02,10000052,4615,76000,76000,76000,3,1
2017-12-02,10000052,5245,44950,44950,44950,2,1
2017-12-02,10000052,5439,150,150,150,1,1
2017-12-02,10000052,5533,154999.99,154999.99,154999.99,3,1
2017-12-02,10000052,5747,1,1,1,1,1
2017-12-02,10000052,5839,1313124.99,5000.02,1499999.98,8,2
2017-12-02,10000052,5933,111435.71,100,120000,14,2
2017-12-02,10000052,5971,100000,100000,100000,3,1
2017-12-02,10000052,5975,151,151,151,1,1
2017-12-02,10000052,6001,130000,130000,130000,1,1
2017-12-02,10000052,6003,151,151,151,1,1
2017-12-02,10000052,6569,80250,79500,81000,2,2
2017-12-02,10000052,6673,0.01,0.01,0.01,1,1
2017-12-02,10000052,6965,1,1,1,1,1
2017-12-02,10000052,7169,584130.28,584130.28,584130.28,6,1
2017-12-02,10000052,7171,1299999.98,1299999.98,1299999.98,23,1
2017-12-02,10000052,8335,225000,225000,225000,1,1
2017-12-02,10000052,8419,179000,179000,179000,37,1
2017-12-02,10000052,8427,300000.6,300000.6,300000.6,16,2
2017-12-02,10000052,8433,1310869.84,1250000,1390000.64,46,2
2017-12-02,10000052,8529,538000.01,538000.01,538000.01,2,1
2017-12-02,10000052,9622,164428.57,164428.57,164428.57,1,1
2017-12-02,10000052,9632,349999,349999,349999,1,1
2017-12-02,10000052,9660,75284.33,75284.33,75284.33,1,1
2017-12-02,10000052,9826,339.6,337,385.81,49149,32
2017-12-02,10000052,9832,9000,9000,9000,34698,3
2017-12-02,10000052,9834,7500.01,7500.01,7500.01,4,1
2017-12-02,10000052,9838,11000.04,11000.04,11000.04,200,1
2017-12-02,10000052,9842,10260.06,10260.01,10260.1,8,2
2017-12-02,10000052,9848,68105.22,68105.22,68105.22,4,1
2017-12-02,10000052,9850,513.69,453.62,525.58,240288,17
2017-12-02,10000052,9852,59.32,59.32,59.32,130156,12
2017-12-02,10000052,9956,12002848.51,12002848.51,12002848.51,2,1
2017-12-02,10000052,10246,10690.89,10690.89,10690.89,5,1
2017-12-02,10000052,10678,148000,148000,148000,5,1
2017-12-02,10000052,10690,90000,90000,90000,1,1
2017-12-02,10000052,10836,95000,95000,95000,2,2
2017-12-02,10000052,10838,499999.99,499999.99,499999.99,1,1
2017-12-02,10000052,10998,104333.33,86000,196000,6,3
2017-12-02,10000052,11129,18750.25,1,20000,4,4
2017-12-02,10000052,11132,22500.5,1,45000,2,2
2017-12-02,10000052,11134,30313.65,12000,35000,23,14
2017-12-02,10000052,11207,500000,500000,500000,5,5
2017-12-02,10000052,11317,486000,486000,486000,2,1
2017-12-02,10000052,11325,230006.41,230006.41,230006.41,4,2
2017-12-02,10000052,11341,1.06,1.06,1.06,1,1
2017-12-02,10000052,11370,241000,241000,241000,1,1
2017-12-02,10000052,11395,500000,500000,500000,2,2
2017-12-02,10000052,11399,7232.78,6500,9138,18,3
2017-12-02,10000052,11443,10000000,10000000,10000000,1,1
2017-12-02,10000052,11449,10000000,10000000,10000000,1,1
2017-12-02,10000052,11453,10000000,10000000,10000000,1,1
2017-12-02,10000052,11489,425000,300000,550000,4,3
2017-12-02,10000052,11530,4740,4740,4740,7,2
2017-12-02,10000052,11538,8750,8750,8750,6,1
2017-12-02,10000052,11558,500,500,500,2,1
2017-12-02,10000052,11566,120000,120000,120000,2,2
2017-12-02,10000052,11572,400000,400000,400000,1,1
2017-12-02,10000052,11574,2000000,2000000,2000000,1,1
2017-12-02,10000052,11579,3500000,3500000,3500000,2,2
2017-12-02,10000052,11584,75000,75000,75000,1,1
2017-12-02,10000052,11689,753.13,753.13,753.13,13,2
2017-12-02,10000052,11692,500,500,500,30,1
2017-12-02,10000052,11693,500,500,500,59,1
2017-12-02,10000052,11694,500,500,500,30,1
2017-12-02,10000052,11889,282640,282640,282640,1,1
2017-12-02,10000052,11890,282640,282640,282640,6,3
2017-12-02,10000052,12058,5890000,5890000,5890000,2,2
2017-12-02,10000052,12092,1000000,1000000,1000000,2,2
2017-12-02,10000052,12093,4000000,4000000,4000000,1,1
2017-12-02,10000052,12096,28000000,28000000,28000000,3,3
2017-12-02,10000052,12180,375000,375000,375000,1,1
2017-12-02,10000052,12182,325000,325000,325000,1,1
2017-12-02,10000052,12183,275000,275000,275000,1,1
2017-12-02,10000052,12184,250000,250000,250000,1,1
2017-12-02,10000052,12187,175000,175000,175000,1,1
2017-12-02,10000052,12188,150000,150000,150000,1,1
2017-12-02,10000052,12205,9000000,9000000,9000000,1,1
2017-12-02,10000052,12215,9000000,9000000,9000000,1,1
2017-12-02,10000052,12305,100000,100000,100000,2,2
2017-12-02,10000052,12365,120000,120000,120000,2,2
2017-12-02,10000052,12366,120000,120000,120000,3,3
2017-12-02,10000052,12367,120000,120000,120000,2,2
2017-12-02,10000052,12484,9000000,9000000,9000000,1,1
2017-12-02,10000052,12614,1,1,1,3000,1
2017-12-02,10000052,12618,1,1,1,2164,1
2017-12-02,10000052,12791,250,250,250,10000,1
2017-12-02,10000052,12816,717500,715000,725000,16,2
2017-12-02,10000052,12820,549999.99,549999.99,549999.99,18,1
2017-12-02,10000052,13263,200000,200000,200000,1,1
2017-12-02,10000052,14072,33000000,33000000,33000000,2,1
2017-12-02,10000052,14292,1,1,1,1,1
2017-12-02,10000052,15331,950.1,950.1,950.1,197,20
2017-12-02,10000052,15508,50000,50000,50000,3,1
2017-12-02,10000052,15588,100.01,100.01,100.01,6,2
2017-12-02,10000052,15589,1505.41,1505.41,1505.41,2,1
2017-12-02,10000052,15590,1102.12,1102.12,1102.12,9,1
2017-12-02,10000052,15591,3001.49,3001.49,3001.49,1,1
2017-12-02,10000052,15592,300020.23,300020.23,300020.23,7,1
2017-12-02,10000052,15593,50005.02,50005.02,50005.02,21,1
2017-12-02,10000052,15594,525000,525000,525000,1,1
2017-12-02,10000052,15673,525000,525000,525000,8,1
2017-12-02,10000052,15994,2501.04,2501.04,2501.04,12,2
2017-12-02,10000052,16002,3201.04,3201.04,3201.04,3,1
2017-12-02,10000052,16069,85000,85000,85000,1,1
2017-12-02,10000052,16240,949000,949000,949000,7,1
2017-12-02,10000052,16242,1550000.5,1550000.5,1550000.5,1,1
2017-12-02,10000052,16262,185007,185007,185007,3112,4
2017-12-02,10000052,16272,430,430,430,480663,3
2017-12-02,10000052,16273,249.99,249.99,249.99,10000,1
2017-12-02,10000052,16274,498.06,498.06,498.06,94770,2
2017-12-02,10000052,16275,4500.17,4500.17,4500.17,2025,2
2017-12-02,10000052,16278,2383599.99,2383599.99,2383600,8,3
2017-12-02,10000052,16281,375000,375000,375000,2,1
2017-12-02,10000052,16423,155000,155000,155000,1,1
2017-12-02,10000052,16495,350000,350000,350000,1,1
2017-12-02,10000052,16594,1500000,1500000,1500000,2,2
2017-12-02,10000052,16595,12500000,12500000,12500000,1,1
2017-12-02,10000052,16596,35000000,35000000,35000000,2,2
2017-12-02,10000052,16598,3500000,3500000,3500000,3,2
2017-12-02,10000052,16622,5000000,5000000,5000000,1,1
2017-12-02,10000052,17192,200100,200100,200100,3,3
2017-12-02,10000052,17359,5000000,5000000,5000000,1,1
2017-12-02,10000052,17366,69266.63,30000,99999.88,15,5
2017-12-02,10000052,17440,455.05,455.05,455.05,6000,2
2017-12-02,10000052,17444,462.21,462.21,462.21,9906,2
2017-12-02,10000052,17445,476.16,476.16,476.16,1400,2
2017-12-02,10000052,17448,300.17,300.17,300.17,29736,8
2017-12-02,10000052,17449,250.01,250.01,250.01,13435,3
2017-12-02,10000052,17452,178.01,178.01,178.01,114507,22
2017-12-02,10000052,17453,181.08,181.08,181.08,68098,16
2017-12-02,10000052,17459,44.28,44.28,44.28,1070167,24
2017-12-02,10000052,17460,44,44,44,167677,8
2017-12-02,10000052,17463,17.65,17.65,17.65,376517,11
2017-12-02,10000052,17464,18.24,18.24,18.24,526875,8
2017-12-02,10000052,17470,13.65,13.65,13.65,1796817,16
2017-12-02,10000052,17471,13.82,13.82,13.82,860623,14
2017-12-02,10000052,17476,30000000,30000000,30000000,2,2
2017-12-02,10000052,17480,21999999,21999999,21999999,8,1
2017-12-02,10000052,17482,800800,201000,3000000,5,3
2017-12-02,10000052,17867,35,35,35,42,1
2017-12-02,10000052,17868,37.01,37.01,37.01,428,1
2017-12-02,10000052,17938,25820,100,40000,5,4
2017-12-02,10000052,17940,500000,500000,500000,1,1
2017-12-02,10000052,18614,249499.99,249499.99,249499.99,10,1
2017-12-02,10000052,18618,200000,200000,200000,20,1
2017-12-02,10000052,19744,1151000,1151000,1151000,1,1
2017-12-02,10000052,19745,4977500,4977500,4977500,1,1
2017-12-02,10000052,19759,200000,200000,200000,1,1
2017-12-02,10000052,19760,160000,160000,160000,1,1
2017-12-02,10000052,19810,326000,326000,326000,1,1
2017-12-02,10000052,19922,600000,600000,600000,1,1
2017-12-02,10000052,19950,20000,20000,20000,1,1
2017-12-02,10000052,20158,239999999,239999999,239999999,1,1
2017-12-02,10000052,20211,2350000,2350000,2350000,1,1
2017-12-02,10000052,20307,1.01,1.01,1.01,12222,1
2017-12-02,10000052,20308,1,1,1,10000,1
2017-12-02,10000052,20411,100000.26,100000.26,100000.26,16,1
2017-12-02,10000052,20424,9991.4,9991.4,9991.4,1,1
2017-12-02,10000052,20495,100000,100000,100000,1,1
2017-12-02,10000052,21059,120000,120000,120000,1,1
2017-12-02,10000052,21803,17500000,17500000,17500000,1,1
2017-12-02,10000052,22131,10000000,10000000,10000000,1,1
2017-12-02,10000052,22175,107349.99,90000,124699.97,2,2
2017-12-02,10000052,22177,88571.56,1000.98,96999.98,7,7
2017-12-02,10000052,22229,4700000,4700000,4700000,2,1
2017-12-02,10000052,22291,1560420.27,1560420.27,1560420.27,3,1
2017-12-02,10000052,22541,9000000,9000000,9000000,4,4
2017-12-02,10000052,22542,50050.01,100.01,100000,4,3
2017-12-02,10000052,22551,28000000,28000000,28000000,1,1
2017-12-02,10000052,22576,30000,30000,30000,1,1
2017-12-02,10000052,22578,80000,80000,80000,2,2
2017-12-02,10000052,22761,32000000,32000000,32000000,3,3
2017-12-02,10000052,22806,120000,120000,120000,2,2
2017-12-02,10000052,22807,120000,120000,120000,2,2
2017-12-02,10000052,22808,120000,120000,120000,2,2
2017-12-02,10000052,22809,120000,120000,120000,2,2
2017-12-02,10000052,22961,1,1,1,16,1
2017-12-02,10000052,23069,50000000,50000000,50000000,1,1
2017-12-02,10000052,23091,360000,360000,360000,10,1
2017-12-02,10000052,23158,1,1,1,53,1
2017-12-02,10000052,23160,1,1,1,14,1
2017-12-02,10000052,23527,1000000,1000000,1000000,1,1
2017-12-02,10000052,23533,100000,100000,100000,1,1
2017-12-02,10000052,23566,400000,400000,400000,1,1
2017-12-02,10000052,23594,433333.33,400000,450000,3,3
2017-12-02,10000052,23606,150000,150000,150000,1,1
2017-12-02,10000052,23618,50000,50000,50000,1,1
2017-12-02,10000052,24241,50000,50000,50000,1,1
2017-12-02,10000052,24268,7500000,7500000,7500000,2,2
2017-12-02,10000052,24270,7500000,7500000,7500000,2,2
2017-12-02,10000052,24348,2299500,1688000,2911000,2,2
2017-12-02,10000052,24445,400000,400000,400000,1,1
2017-12-02,10000052,24483,1100000000,1100000000,1100000000,1,1
2017-12-02,10000052,24486,5.02,5.02,5.02,4352,1
2017-12-02,10000052,24492,150,150,150,14517,2
2017-12-02,10000052,24494,5.02,5.02,5.02,4016,1
2017-12-02,10000052,24568,10000000,10000000,10000000,2,2
2017-12-02,10000052,24571,10000000,10000000,10000000,1,1
2017-12-02,10000052,24572,10000000,10000000,10000000,2,2
2017-12-02,10000052,24613,15000000,15000000,15000000,1,1
2017-12-02,10000052,24624,20000000,20000000,20000000,1,1
2017-12-02,10000052,24625,20000000,20000000,20000000,2,2
2017-12-02,10000052,24698,49999999.99,49999999.99,49999999.99,1,1
2017-12-02,10000052,24764,20000000,20000000,20000000,1,1
2017-12-02,10000052,25266,2450000,2450000,2450000,2,1
2017-12-02,10000052,25544,28899990.96,28899990.96,28899990.96,1,1
2017-12-02,10000052,25588,4001.01,4001.01,4001.01,6,2
2017-12-02,10000052,25589,726.84,726.84,726.84,13,2
2017-12-02,10000052,25590,75116.19,75116.18,75116.19,43,5
2017-12-02,10000052,25591,130000,130000,130000,5,3
2017-12-02,10000052,25592,7500.02,7500.02,7500.02,14,4
2017-12-02,10000052,25593,5008.88,5000.04,5010,71,3
2017-12-02,10000052,25594,30948.31,25000.06,40000,58,5
2017-12-02,10000052,25595,11272.48,8200.75,12000,47,3
2017-12-02,10000052,25596,8160.01,8160.01,8160.01,18,3
2017-12-02,10000052,25597,1101.23,1101.23,1101.23,2,2
2017-12-02,10000052,25598,9451,9451,9451,229,8
2017-12-02,10000052,25599,1000,1000,1000,144,3
2017-12-02,10000052,25600,20500,20500,20500,125,6
2017-12-02,10000052,25601,3699.35,3699.35,3699.35,111,5
2017-12-02,10000052,25602,5000,5000,5000,27,1
2017-12-02,10000052,25603,6020.01,6020.01,6020.01,12,4
2017-12-02,10000052,25604,5205.01,5205.01,5205.01,3,2
2017-12-02,10000052,25605,11900.38,11900.38,11900.38,20,5
2017-12-02,10000052,25609,146000.47,146000.47,146000.47,2,1
2017-12-02,10000052,25715,2500000,2500000,2500000,2,1
2017-12-02,10000052,25718,5000000,5000000,5000000,1,1
2017-12-02,10000052,25739,450000,450000,450000,2,2
2017-12-02,10000052,25810,450000,450000,450000,1,1
2017-12-02,10000052,25811,425000,400000,450000,2,2
2017-12-02,10000052,25861,62571.03,55000,75000,7,3
2017-12-02,10000052,26253,100000,100000,100000,1,1
2017-12-02,10000052,26256,100000,100000,100000,1,1
2017-12-02,10000052,26257,100000,100000,100000,2,2
2017-12-02,10000052,26258,75000,50000,100000,2,2
2017-12-02,10000052,26261,100000,100000,100000,1,1
2017-12-02,10000052,27413,6.11,6.11,6.11,5136,1
2017-12-02,10000052,27419,5.02,5.02,5.02,3547,1
2017-12-02,10000052,27902,100000,100000,100000,2,2
2017-12-02,10000052,27906,25000000,25000000,25000000,1,1
2017-12-02,10000052,27911,12000000,12000000,12000000,1,1
2017-12-02,10000052,27914,2068128.07,2068128.07,2068128.07,4,2
2017-12-02,10000052,27936,10000000,10000000,10000000,1,1
2017-12-02,10000052,28361,1000,1000,1000,114,1
2017-12-02,10000052,28362,80000,80000,80000,100,1
2017-12-02,10000052,28576,1018427.26,1000000,1089998.99,15,5
2017-12-02,10000052,28578,874999.99,874999.98,875000,4,2
2017-12-02,10000052,28585,25000000,25000000,25000000,1,1
2017-12-02,10000052,28609,32000000,32000000,32000000,1,1
2017-12-02,10000052,28615,4000000,4000000,4000000,1,1
2017-12-02,10000052,28656,64000000,64000000,64000000,1,1
2017-12-02,10000052,28667,64000000,64000000,64000000,3,3
2017-12-02,10000052,28758,38900009,38900009,38900009,1,1
2017-12-02,10000052,28879,1000000,1000000,1000000,1,1
2017-12-02,10000052,28880,5000000,5000000,5000000,1,1
2017-12-02,10000052,29029,100000000,100000000,100000000,1,1
2017-12-02,10000052,29248,292500,85000,500000,2,2
2017-12-02,10000052,29249,2775000,2775000,2775000,2,2
2017-12-02,10000052,30013,40.05,40.05,40.05,12,1
2017-12-02,10000052,30488,697090.9,521207,872974.8,16,2
2017-12-02,10000052,30497,0.01,0.01,0.01,2,1
2017-12-02,10000052,30540,5000000,5000000,5000000,1,1
2017-12-02,10000052,30545,5000000,5000000,5000000,1,1
2017-12-02,10000052,30546,5000000,5000000,5000000,1,1
2017-12-02,10000052,30547,5000000,5000000,5000000,2,2
2017-12-02,10000052,30550,5000000,5000000,5000000,1,1
2017-12-02,10000052,30551,5000000,5000000,5000000,2,2
2017-12-02,10000052,30553,5000000,5000000,5000000,1,1
2017-12-02,10000052,30554,5000000,5000000,5000000,1,1
2017-12-02,10000052,30653,1500000,1500000,1500000,1,1
2017-12-02,10000052,30744,200000,200000,200000,1031,9
2017-12-02,10000052,30745,500000,500000,500000,1141,10
2017-12-02,10000052,30746,1500000,1500000,1500000,352,8
2017-12-02,10000052,30747,5000000,5000000,5000000,355,6
2017-12-02,10000052,30834,1485333.09,1485333.09,1485333.09,1,1
2017-12-02,10000052,30987,1200000,1200000,1200000,3,1
2017-12-02,10000052,31010,125000,125000,125000,1,1
2017-12-02,10000052,31034,125000,125000,125000,1,1
2017-12-02,10000052,31119,1988999.76,1988999.76,1988999.76,3,1
2017-12-02,10000052,31161,3980000,3980000,3980000,2,1
2017-12-02,10000052,31201,1480000,1480000,1480000,1,1
2017-12-02,10000052,31213,98571.04,90000,99999.55,14,3
2017-12-02,10000052,31238,679000,679000,679000,2,2
2017-12-02,10000052,31275,125000,125000,125000,1,1
2017-12-02,10000052,31287,125000,125000,125000,1,1
2017-12-02,10000052,31347,125000,125000,125000,1,1
2017-12-02,10000052,31359,125000,125000,125000,1,1
2017-12-02,10000052,31646,4500000,4500000,4500000,1,1
2017-12-02,10000052,31716,300000,300000,300000,1,1
2017-12-02,10000052,31752,500000,500000,500000,1,1
2017-12-02,10000052,31760,11980000,11980000,11980000,1,1
2017-12-02,10000052,31788,1200000,1200000,1200000,1,1
2017-12-02,10000052,31790,3521100,3521100,3521100,3,1
2017-12-02,10000052,31802,3911000,3911000,3911000,2,1
2017-12-02,10000052,31922,4000000,4000000,4000000,1,1
2017-12-02,10000052,32339,100000000,100000000,100000000,1,1
2017-12-02,10000052,32774,40000,40000,40000,1,1
2017-12-02,10000052,32787,100,100,100,3,1
2017-12-02,10000052,32797,500000,500000,500000,1,1
2017-12-02,10000052,32872,1375000,1300000,1450000,2,2
2017-12-02,10000052,32880,209200,199000,250000,5,5
2017-12-02,10000052,32918,39999.99,39999.99,39999.99,1,1
2017-12-02,10000052,33000,200000,200000,200000,1,1
2017-12-02,10000052,33002,200000,200000,200000,2,2
2017-12-02,10000052,33011,54000,54000,54000,10,2
2017-12-02,10000052,33078,1000000,1000000,1000000,1,1
2017-12-02,10000052,33092,100000,100000,100000,1,1
2017-12-02,10000052,33094,100000,100000,100000,2,2
2017-12-02,10000052,33096,1000000,1000000,1000000,1,1
2017-12-02,10000052,33098,1000000,1000000,1000000,2,2
2017-12-02,10000052,33195,500,500,500,5,1
2017-12-02,10000052,33468,70000000,70000000,70000000,2,2
2017-12-02,10000052,33474,2875239.78,2350479.55,3400000,2,2
2017-12-02,10000052,33475,9360000,9200000,9600000,5,3
2017-12-02,10000052,33856,4000000,4000000,4000000,1,1
2017-12-02,10000052,34203,1000000,1000000,1000000,1,1
2017-12-02,10000052,34204,1000000,1000000,1000000,1,1
2017-12-02,10000052,34206,230000.68,230000.67,230000.68,3,2
2017-12-02,10000052,34390,1000000,1000000,1000000,2,2
2017-12-02,10000052,34533,1000000,1000000,1000000,1,1
2017-12-02,10000052,35660,285000,285000,285000,1,1
2017-12-02,10000052,35680,1000000,1000000,1000000,1,1
2017-12-02,10000052,35685,1000000,1000000,1000000,1,1
2017-12-02,10000052,37615,20000000,20000000,20000000,1,1
2017-12-02,10000052,40328,4000000,4000000,4000000,1,1
2017-12-02,10000052,40520,804874666.67,799700000,808990000,15,7
2017-12-02,10000052,40573,100000000,100000000,100000000,1,1
2017-12-02,10000052,40719,36000000,36000000,36000000,1,1
2017-12-02,10000052,40720,72000000,72000000,72000000,1,1
2017-12-02,10000052,41371,300000000,300000000,300000000,1,1
2017-12-02,10000052,43699,129500,129500,129500,5,1
2017-12-02,10000052,43702,80000,80000,80000,2,2
2017-12-02,10000052,43703,18000000,18000000,18000000,1,1
2017-12-02,10000052,44992,3112832.68,3112832.68,3112832.68,3379,8
2017-12-02,10000052,45635,169466666.66,169399999.99,169500000,3,3
2017-12-02,10000052,45746,1000000,1000000,1000000,2,2
2017-12-02,10000052,45748,5000000,5000000,5000000,2,2
2017-12-02,10000052,45749,25000000,25000000,25000000,2,2
2017-12-02,10000052,45750,15000000,15000000,15000000,1,1
2017-12-02,10000052,46177,10000000,10000000,10000000,1,1
2017-12-02,10000052,46178,10000000,10000000,10000000,1,1
2017-12-02,10000052,46179,10000000,10000000,10000000,1,1
2017-12-02,10000052,46180,10000000,10000000,10000000,1,1
2017-12-02,10000052,46182,10000000,10000000,10000000,1,1
2017-12-02,10000052,46184,10000000,10000000,10000000,1,1
2017-12-02,10000052,46185,10000000,10000000,10000000,1,1
2017-12-02,10000052,46186,10000000,10000000,10000000,1,1
2017-12-02,10000052,46196,10000000,10000000,10000000,1,1
2017-12-02,10000052,46197,10000000,10000000,10000000,1,1
2017-12-02,10000052,46198,10000000,10000000,10000000,1,1
2017-12-02,10000052,46202,10000000,10000000,10000000,1,1
2017-12-02,10000052,46203,10000000,10000000,10000000,1,1
2017-12-02,10000052,46204,20000000,20000000,20000000,1,1
2017-12-02,10000052,46207,20000000,20000000,20000000,1,1
2017-12-02,10000052,46216,20000000,20000000,20000000,1,1
2017-12-02,10000053,34,3.9,3.9,3.9,33448381,2
2017-12-02,10000053,35,5.47,5.47,5.47,65384492,2
2017-12-02,10000053,36,78.6,78.6,78.6,3502373,6
2017-12-02,10000053,38,400,400,400,2554,2
2017-12-02,10000053,202,295,295,295,3000,1
2017-12-02,10000053,204,224.75,224.75,224.75,28000,4
2017-12-02,10000053,222,16.8,16.8,16.8,32000,2
2017-12-02,10000053,230,60,60,60,15000,1
2017-12-02,10000053,380,549999.6,549999,550000,5,2
2017-12-02,10000053,394,449000,449000,449000,1,1
2017-12-02,10000053,400,340000,340000,340000,1,1
2017-12-02,10000053,434,83713.2,50000,150010.99,9,4
2017-12-02,10000053,438,2999000,2999000,2999000,1,1
2017-12-02,10000053,440,5158304.08,4975000,5268286.53,8,4
2017-12-02,10000053,442,99999.99,99999.99,99999.99,1,1
2017-12-02,10000053,447,20000,20000,20000,1,1
2017-12-02,10000053,448,2414999.18,2399999,2474999.88,10,6
2017-12-02,10000053,519,1147499.25,1139997,1200000,4,4
2017-12-02,10000053,526,40952.38,40952.38,40952.38,6,1
2017-12-02,10000053,530,65000,65000,65000,6,1
2017-12-02,10000053,562,85000,85000,85000,3,1
2017-12-02,10000053,567,20000,20000,20000,3,1
2017-12-02,10000053,578,115454.64,115454.64,115454.64,2,2
2017-12-02,10000053,603,299999,299999,299999,1,1
2017-12-02,10000053,605,390000,390000,390000,5,1
2017-12-02,10000053,607,500000,500000,500000,2,2
2017-12-02,10000053,608,449550,400000,499100,4,4
2017-12-02,10000053,621,6950000,6950000,6950000,5,2
2017-12-02,10000053,629,8250000,8250000,8250000,1,1
2017-12-02,10000053,645,100000000,100000000,100000000,1,1
2017-12-02,10000053,650,1148000,1148000,1148000,2,1
2017-12-02,10000053,651,2000000,2000000,2000000,2,2
2017-12-02,10000053,654,1416527.77,1345555.53,1487500,4,4
2017-12-02,10000053,656,1592393.75,1184787.5,2000000,2,2
2017-12-02,10000053,657,1433077.7,1241190.48,1495560.15,4,4
2017-12-02,10000053,672,16000,16000,16000,2,1
2017-12-02,10000053,1185,225000,225000,225000,2,2
2017-12-02,10000053,1195,1000000,1000000,1000000,11,3
2017-12-02,10000053,1236,649999,649999,649999,4,2
2017-12-02,10000053,1248,1898999.33,1898999,1899000,9,3
2017-12-02,10000053,1256,600000,600000,600000,1,1
2017-12-02,10000053,1276,499999,499999,499999,1,1
2017-12-02,10000053,1306,800000,800000,800000,1,1
2017-12-02,10000053,1317,83030.15,80000,99999,33,6
2017-12-02,10000053,1319,962227.94,929999,1137428.79,20,8
2017-12-02,10000053,1335,675000,675000,675000,1,1
2017-12-02,10000053,1353,80000,80000,80000,1,1
2017-12-02,10000053,1355,1199999,1199999,1199999,2,2
2017-12-02,10000053,1403,20000,20000,20000,3,1
2017-12-02,10000053,1405,975171.76,923857.56,1299999,79,20
2017-12-02,10000053,1422,924999.75,699999,1000000,4,2
2017-12-02,10000053,1447,1200000,1200000,1200000,8,3
2017-12-02,10000053,1541,833333,830000,839999,6,4
2017-12-02,10000053,1816,29.99,29.99,29.99,2000,1
2017-12-02,10000053,1832,289.49,289.49,289.49,10,1
2017-12-02,10000053,1875,28363.63,12000,47999.99,11,2
2017-12-02,10000053,1877,1099999.88,1099999,1100000,33,5
2017-12-02,10000053,1944,1250000,1250000,1250000,1,1
2017-12-02,10000053,1952,1268342.84,1268342.84,1268342.84,2,1
2017-12-02,10000053,1964,1998660,1998660,1998660,2,1
2017-12-02,10000053,1973,100000,100000,100000,1,1
2017-12-02,10000053,1978,1251904.76,1250000,1255714.29,3,3
2017-12-02,10000053,1987,1000000,1000000,1000000,3,3
2017-12-02,10000053,1999,1216666.17,1199999,1233333.33,2,2
2017-12-02,10000053,2020,800000,800000,800000,1,1
2017-12-02,10000053,2032,661643.61,649999,667465.91,30,9
2017-12-02,10000053,2046,10000,10000,10000,33,3
2017-12-02,10000053,2048,815079.36,798999,1000000,25,18
2017-12-02,10000053,2082,250000000,250000000,250000000,1,1
2017-12-02,10000053,2161,300000,300000,300000,17,1
2017-12-02,10000053,2175,1339025.44,1318798.8,1599999.99,53,8
2017-12-02,10000053,2185,1191866.33,1190000,1197066,30,5
2017-12-02,10000053,2195,2476238.1,2476238.1,2476238.1,12,2
2017-12-02,10000053,2203,5999.99,5999.99,5999.99,70,2
2017-12-02,10000053,2205,453225.65,450000,479999,31,5
2017-12-02,10000053,2281,3251551.55,3199000,3999999.99,29,22
2017-12-02,10000053,2293,157142.86,100000,499999.99,7,5
2017-12-02,10000053,2295,100000,100000,100000,1,1
2017-12-02,10000053,2297,1800000,1800000,1800000,1,1
2017-12-02,10000053,2299,1999999,1999999,1999999,1,1
2017-12-02,10000053,2301,2862068.89,2862068.89,2862068.89,1,1
2017-12-02,10000053,2303,1642466.66,1640000,1644933.32,2,2
2017-12-02,10000053,2317,11400,11400,11400,990,1
2017-12-02,10000053,2333,2470000,2470000,2470000,1,1
2017-12-02,10000053,2364,1000000,1000000,1000000,2,1
2017-12-02,10000053,2389,450,450,450,24754,2
2017-12-02,10000053,2392,450,450,450,10980,1
2017-12-02,10000053,2393,320.9,320.9,320.9,9900,1
2017-12-02,10000053,2397,550,550,550,7720,1
2017-12-02,10000053,2398,600,600,600,70080,2
2017-12-02,10000053,2399,550,550,550,54400,2
2017-12-02,10000053,2401,851,851,851,90496,2
2017-12-02,10000053,2404,1500000,1500000,1500000,2,1
2017-12-02,10000053,2446,2439999.99,2200000,2499999.99,25,2
2017-12-02,10000053,2456,472532.53,460000,478798.8,30,5
2017-12-02,10000053,2486,7000,7000,7000,239,3
2017-12-02,10000053,2488,453154.24,424999,485990.4,99,15
2017-12-02,10000053,2524,1500000,1500000,1500000,16,4
2017-12-02,10000053,2525,1000000,1000000,1000000,3,1
2017-12-02,10000053,2533,1000000,1000000,1000000,3,2
2017-12-02,10000053,2550,300000,300000,300000,5,1
2017-12-02,10000053,2551,1000000,1000000,1000000,6,1
2017-12-02,10000053,2563,1994778,1994778,1994778,4,1
2017-12-02,10000053,2567,2432064,2432064,2432064,4,1
2017-12-02,10000053,2571,1940600,1940600,1940600,4,1
2017-12-02,10000053,2605,800000,800000,800000,7,6
2017-12-02,10000053,2621,699.95,699.95,699.95,85621,1
2017-12-02,10000053,2801,1800,1800,1800,1000,1
2017-12-02,10000053,2873,982903,982903,982903,13,2
2017-12-02,10000053,2881,800000,800000,800000,1,1
2017-12-02,10000053,2961,4199999,4199999,4199999,4,1
2017-12-02,10000053,2998,74900000,74900000,74900000,1,1
2017-12-02,10000053,3074,959997.6,959997.6,959997.6,3,1
2017-12-02,10000053,3178,1000000,1000000,1000000,1,1
2017-12-02,10000053,3242,37500,37500,37500,3,1
2017-12-02,10000053,3244,1742944.22,1733000,1750000,11,6
2017-12-02,10000053,3265,8159998.8,8159998.8,8159998.8,1,1
2017-12-02,10000053,3297,23250,22500,25000,16,4
2017-12-02,10000053,3302,26000,26000,26000,2,2
2017-12-02,10000053,3306,129999.99,129999.99,129999.99,3,3
2017-12-02,10000053,3308,2599999.99,2599999.99,2599999.99,1,1
2017-12-02,10000053,3309,2599999.98,2599999.98,2599999.98,1,1
2017-12-02,10000053,3325,520000,520000,520000,1,1
2017-12-02,10000053,3330,51999.98,51999.98,51999.98,2,2
2017-12-02,10000053,3331,51999.99,51999.99,51999.99,2,2
2017-12-02,10000053,3334,649999.98,649999.98,649999.98,2,2
2017-12-02,10000053,3335,649999.99,649999.99,649999.99,1,1
2017-12-02,10000053,3336,5200000,5200000,5200000,1,1
2017-12-02,10000053,3338,5199999.99,5199999.99,5199999.99,1,1
2017-12-02,10000053,3343,389999.99,389999.99,389999.99,1,1
2017-12-02,10000053,3358,129999.99,129999.99,129999.99,1,1
2017-12-02,10000053,3361,259999.99,259999.99,259999.99,1,1
2017-12-02,10000053,3385,64999.99,64999.99,64999.99,5,2
2017-12-02,10000053,3389,364000,364000,364000,5,2
2017-12-02,10000053,3405,32500,32500,32500,1,1
2017-12-02,10000053,3409,454999.99,454999.99,454999.99,5,2
2017-12-02,10000053,3416,45499.99,45499.99,45499.99,5,3
2017-12-02,10000053,3417,47500,40000,50000,4,2
2017-12-02,10000053,3419,220999.99,220999.99,220999.99,3,1
2017-12-02,10000053,3421,168999.98,168999.98,168999.98,1,1
2017-12-02,10000053,3423,97500,97500,97500,3,3
2017-12-02,10000053,3424,102699.99,102699.99,102699.99,5,2
2017-12-02,10000053,3427,155999.99,155999.99,155999.99,4,1
2017-12-02,10000053,3428,114399.99,114399.99,114399.99,4,1
2017-12-02,10000053,3430,650000,650000,650000,4,2
2017-12-02,10000053,3431,97499.99,97499.99,97499.99,2,1
2017-12-02,10000053,3433,130000,130000,130000,1,1
2017-12-02,10000053,3434,104000,104000,104000,11,4
2017-12-02,10000053,3438,52000,52000,52000,1,1
2017-12-02,10000053,3439,250000,250000,250000,1,1
2017-12-02,10000053,3440,246000,246000,246000,2,2
2017-12-02,10000053,3441,493999.99,493999.99,493999.99,2,2
2017-12-02,10000053,3442,650000,650000,650000,4,1
2017-12-02,10000053,3444,130000,130000,130000,1,1
2017-12-02,10000053,3450,25500,25500,25500,3,1
2017-12-02,10000053,3452,51999.99,51999.99,51999.99,4,1
2017-12-02,10000053,3453,32499.99,32499.99,32499.99,4,1
2017-12-02,10000053,3454,441999.99,441999.99,441999.99,4,2
2017-12-02,10000053,3455,38999.99,38999.99,38999.99,4,1
2017-12-02,10000053,3504,2999999.99,2999999.99,2999999.99,2,1
2017-12-02,10000053,3530,1999999,1999999,1999999,2,2
2017-12-02,10000053,3540,2000000,2000000,2000000,2,2
2017-12-02,10000053,3554,1489.66,1468.97,1500,30,2
2017-12-02,10000053,3578,2299999,2299999,2299999,2,1
2017-12-02,10000053,3645,375,375,375,21680,2
2017-12-02,10000053,3683,390,390,390,39260,2
2017-12-02,10000053,3766,350000,350000,350000,1,1
2017-12-02,10000053,3779,420,420,420,5520,1
2017-12-02,10000053,3829,109999.94,109999.94,109999.94,3,3
2017-12-02,10000053,3831,974999.67,974999,975000,3,3
2017-12-02,10000053,3841,1374861.06,1358005.6,1389999,17,6
2017-12-02,10000053,3888,1279982.3,999999,1699957.26,10,7
2017-12-02,10000053,3898,15000000,15000000,15000000,1,1
2017-12-02,10000053,3995,6000000,6000000,6000000,2,1
2017-12-02,10000053,4025,99999.99,99999.99,99999.99,4,2
2017-12-02,10000053,4258,2033333.32,1900000,2099999.98,3,2
2017-12-02,10000053,4347,1050000000.89,1050000000.89,1050000000.89,2,1
2017-12-02,10000053,4383,1605520.58,1250000,1961041.16,2,2
2017-12-02,10000053,4385,5849999.99,5849999.99,5849999.99,1,1
2017-12-02,10000053,4391,2279000,2279000,2279000,1,1
2017-12-02,10000053,4395,620545.67,544654.8,1000000,6,2
2017-12-02,10000053,4399,11000000,11000000,11000000,1,1
2017-12-02,10000053,4403,300000,300000,300000,3,2
2017-12-02,10000053,4405,1688887.48,1550000,1699998,27,12
2017-12-02,10000053,4477,125000,125000,125000,4,1
2017-12-02,10000053,4833,179271.6,179271.6,179271.6,1,1
2017-12-02,10000053,5239,12500,12500,12500,3,2
2017-12-02,10000053,5302,186999.97,24000,349999.94,6,2
2017-12-02,10000053,5320,36000,36000,36000,78,2
2017-12-02,10000053,5439,124400,124400,124400,1,1
2017-12-02,10000053,5443,100000,100000,100000,2,2
2017-12-02,10000053,5839,1724968.48,1724968.48,1724968.48,3,3
2017-12-02,10000053,5945,494444.36,494444.36,494444.36,1,1
2017-12-02,10000053,5955,499545.45,499545.45,499545.45,2,1
2017-12-02,10000053,5973,461918.4,461918.4,461918.4,35,8
2017-12-02,10000053,5975,159799.19,99999,398999.97,5,5
2017-12-02,10000053,6001,633333.33,100000,900000,3,2
2017-12-02,10000053,6003,100000,100000,100000,1,1
2017-12-02,10000053,6005,49999,49999,49999,3,3
2017-12-02,10000053,6160,88750,88750,88750,3,2
2017-12-02,10000053,6437,65000,65000,65000,1,1
2017-12-02,10000053,6569,620000,620000,620000,1,1
2017-12-02,10000053,7367,3000000,3000000,3000000,8,2
2017-12-02,10000053,7487,624480,624480,624480,3,1
2017-12-02,10000053,7579,669996,5996,1333996,4,2
2017-12-02,10000053,8517,3500000,3500000,3500000,5,4
2017-12-02,10000053,8521,200000,200000,200000,1,1
2017-12-02,10000053,8529,475216.15,475200,475296.88,6,4
2017-12-02,10000053,9828,500,500,500,57700,3
2017-12-02,10000053,9899,12250000,12000000,12500000,2,2
2017-12-02,10000053,9941,12500000,12500000,12500000,1,1
2017-12-02,10000053,9942,12500000,12500000,12500000,1,1
2017-12-02,10000053,9944,69998.72,69998.72,69998.72,6,1
2017-12-02,10000053,10208,25000000,25000000,25000000,1,1
2017-12-02,10000053,10209,162000000.01,162000000.01,162000000.01,1,1
2017-12-02,10000053,10212,25000000,25000000,25000000,3,3
2017-12-02,10000053,10213,160000000.01,160000000.01,160000000.01,1,1
2017-12-02,10000053,10216,27111110.89,27000000,27222221.78,2,2
2017-12-02,10000053,10217,160000000.01,160000000.01,160000000.01,1,1
2017-12-02,10000053,10221,25730769.13,25500000,26192307.39,3,3
2017-12-02,10000053,10225,25049999.5,25049999.5,25049999.5,2,2
2017-12-02,10000053,10246,16666.67,10000,20000,15,2
2017-12-02,10000053,10250,1074999.99,1074999.99,1075000,25,3
2017-12-02,10000053,10836,500000,500000,500000,1,1
2017-12-02,10000053,10850,1500000,1500000,1500000,1,1
2017-12-02,10000053,10858,1600000,1600000,1600000,2,2
2017-12-02,10000053,10998,89705.87,89705.87,89705.87,12,2
2017-12-02,10000053,11082,1299999.98,1299999.98,1299999.98,3,3
2017-12-02,10000053,11129,28906.33,22752.23,28934.31,8,8
2017-12-02,10000053,11132,17000,17000,17000,1,1
2017-12-02,10000053,11178,40000000,40000000,40000000,1,1
2017-12-02,10000053,11196,30999999.98,30999999.98,30999999.98,1,1
2017-12-02,10000053,11198,39500000,39000000,40000000,4,3
2017-12-02,10000053,11207,649999.99,649999.99,649999.99,1,1
2017-12-02,10000053,11269,893999.6,890000,899999,5,5
2017-12-02,10000053,11325,649000,649000,649000,1,1
2017-12-02,10000053,11359,300000,300000,300000,1,1
2017-12-02,10000053,11370,2216666.67,2200000,2300000,6,2
2017-12-02,10000053,11377,25000000,25000000,25000000,1,1
2017-12-02,10000053,11395,650000,650000,650000,1,1
2017-12-02,10000053,11399,9500.88,9500.88,9500.88,10144,3
2017-12-02,10000053,11400,25000000,25000000,25000000,1,1
2017-12-02,10000053,11445,13000000,13000000,13000000,1,1
2017-12-02,10000053,11446,13000000,13000000,13000000,1,1
2017-12-02,10000053,11454,12999999.99,12999999.99,12999999.99,1,1
2017-12-02,10000053,11455,12999999.99,12999999.99,12999999.99,1,1
2017-12-02,10000053,11478,319,319,319,45,1
2017-12-02,10000053,11545,14000,14000,14000,500,1
2017-12-02,10000053,11561,400000,400000,400000,1,1
2017-12-02,10000053,11563,300000,300000,300000,1,1
2017-12-02,10000053,11566,155999.99,155999.99,155999.99,1,1
2017-12-02,10000053,11569,520000,520000,520000,1,1
2017-12-02,10000053,11577,5477777,5400000,5499999,9,7
2017-12-02,10000053,11578,7526341.22,7499950,7640256.21,9,7
2017-12-02,10000053,11579,4550000,4550000,4550000,1,1
2017-12-02,10000053,11584,97499.99,97499.99,97499.99,1,1
2017-12-02,10000053,11640,980495.64,980495.64,980495.64,7,2
2017-12-02,10000053,11642,2523913,2497826.05,2549999.95,8,3
2017-12-02,10000053,11644,3499166.67,3499166.67,3499166.67,8,2
2017-12-02,10000053,11646,2300000,2300000,2300000,8,3
2017-12-02,10000053,11648,2311111.11,2000000,2500000,9,3
2017-12-02,10000053,12034,20000000,20000000,20000000,1,1
2017-12-02,10000053,12056,290999,232000,349997.99,2,2
2017-12-02,10000053,12058,3050000,3050000,3050000,5,5
2017-12-02,10000053,12076,7374000,7374000,7374000,1,1
2017-12-02,10000053,12092,1300000,1300000,1300000,3,3
2017-12-02,10000053,12098,25999999.99,25999999.99,25999999.99,1,1
2017-12-02,10000053,12180,487499.99,487499.99,487499.99,4,1
2017-12-02,10000053,12181,454999.99,454999.99,454999.99,4,1
2017-12-02,10000053,12182,422500,422500,422500,4,1
2017-12-02,10000053,12183,357500,357500,357500,4,1
2017-12-02,10000053,12184,325000,325000,325000,5,2
2017-12-02,10000053,12189,520000,520000,520000,1,1
2017-12-02,10000053,12194,390000,390000,390000,4,1
2017-12-02,10000053,12209,11699999.98,11699999.98,11699999.98,1,1
2017-12-02,10000053,12215,11700000,11700000,11700000,1,1
2017-12-02,10000053,12259,3999999,3999999,3999999,3,1
2017-12-02,10000053,12267,4099000,4099000,4099000,1,1
2017-12-02,10000053,12271,7750000,7750000,7750000,2,1
2017-12-02,10000053,12305,130000,130000,130000,1,1
2017-12-02,10000053,12365,155999.98,155999.98,155999.98,1,1
2017-12-02,10000053,12366,155999.98,155999.98,155999.98,1,1
2017-12-02,10000053,12367,155999.96,155999.96,155999.96,1,1
2017-12-02,10000053,12484,11700000,11700000,11700000,1,1
2017-12-02,10000053,12608,73.58,73.58,73.58,2000,2
2017-12-02,10000053,12612,60,60,60,22222,1
2017-12-02,10000053,12614,40,40,40,37665,4
2017-12-02,10000053,12618,53.78,53.78,53.78,400,1
2017-12-02,10000053,12625,45.82,45.82,45.82,1400,1
2017-12-02,10000053,12709,69999.98,69999.98,69999.98,3,1
2017-12-02,10000053,12761,680,680,680,2000,1
2017-12-02,10000053,12765,550,550,550,2000,1
2017-12-02,10000053,12777,130,130,130,10000,1
2017-12-02,10000053,12789,125,125,125,5000,1
2017-12-02,10000053,12801,186,186,186,1001,2
2017-12-02,10000053,12805,225.6,225.6,225.6,1001,2
2017-12-02,10000053,13216,25000000,25000000,25000000,1,1
2017-12-02,10000053,13261,23053197.6,23053197.6,23053197.6,3,1
2017-12-02,10000053,13279,324999.99,324999.99,324999.99,1,1
2017-12-02,10000053,16240,1000000,1000000,1000000,7,2
2017-12-02,10000053,16242,380000,380000,380000,1,1
2017-12-02,10000053,16272,565,565,565,162328,5
2017-12-02,10000053,16273,45,45,45,10429902,23
2017-12-02,10000053,16274,915.99,915.99,915.99,521895,6
2017-12-02,10000053,16275,2800,2800,2800,81618,8
2017-12-02,10000053,16278,1750500.28,1501000.55,2000000,4,3
2017-12-02,10000053,16519,80118,80118,80118,24,4
2017-12-02,10000053,16591,41600000,41600000,41600000,2,2
2017-12-02,10000053,16622,6500000,6500000,6500000,1,1
2017-12-02,10000053,16641,6999,6999,6999,17046,1
2017-12-02,10000053,17366,82999.47,80000,94997.35,10,3
2017-12-02,10000053,17368,772998.76,772998.76,772998.76,1,1
2017-12-02,10000053,17392,5000,5000,5000,47,1
2017-12-02,10000053,17476,26000000,22000000,27000000,5,3
2017-12-02,10000053,17482,1975000,1899999.99,2100000,12,4
2017-12-02,10000053,17634,70000000,70000000,70000000,1,1
2017-12-02,10000053,17682,750,750,750,6,1
2017-12-02,10000053,17684,750,750,750,6,1
2017-12-02,10000053,17715,250000000,250000000,250000000,1,1
2017-12-02,10000053,17843,98494448.97,98000000,98988897.93,2,2
2017-12-02,10000053,17887,800,750,820,514149,12
2017-12-02,10000053,17888,890,890,890,70000,4
2017-12-02,10000053,17889,850,850,850,242190,7
2017-12-02,10000053,17912,4214824.56,4090000,4750000,12,5
2017-12-02,10000053,17918,495000000,495000000,495000000,1,1
2017-12-02,10000053,17938,83846.15,83846.15,83846.15,2,2
2017-12-02,10000053,18038,100000,100000,100000,5,1
2017-12-02,10000053,18592,500000,500000,500000,7,1
2017-12-02,10000053,18594,749833.33,749000,750000,12,2
2017-12-02,10000053,18608,1400000,1400000,1400000,3,1
2017-12-02,10000053,18624,803552.84,800000,846779.1,79,2
2017-12-02,10000053,18635,200000,200000,200000,10,1
2017-12-02,10000053,18639,200000,200000,200000,5,1
2017-12-02,10000053,19187,99800000.01,99800000.01,99800000.01,1,1
2017-12-02,10000053,19243,7499999.95,7499999.95,7499999.95,1,1
2017-12-02,10000053,19295,326250000.01,326250000.01,326250000.01,1,1
2017-12-02,10000053,19335,435000000,435000000,435000000,1,1
2017-12-02,10000053,19759,259999.99,259999.99,259999.99,1,1
2017-12-02,10000053,19760,207999.99,207999.99,207999.99,1,1
2017-12-02,10000053,19806,1300000,1300000,1300000,2,1
2017-12-02,10000053,20185,1000000000,1000000000,1000000000,1,1
2017-12-02,10000053,20212,11699999.99,11699999.99,11699999.99,1,1
2017-12-02,10000053,20312,649999.99,649999.99,649999.99,1,1
2017-12-02,10000053,20315,1299999.99,1299999.99,1299999.99,1,1
2017-12-02,10000053,20347,1370000,1370000,1370000,3,1
2017-12-02,10000053,20353,3438498,3377996,3499000,2,2
2017-12-02,10000053,20528,97500000,97500000,97500000,2,1
2017-12-02,10000053,20703,64000000,64000000,64000000,1,1
2017-12-02,10000053,21059,155999.99,155999.99,155999.99,6,4
2017-12-02,10000053,21096,2042715.17,2000000,2660485.41,30,13
2017-12-02,10000053,21603,13000000,13000000,13000000,1,1
2017-12-02,10000053,21640,976250,975000,1000000,20,5
2017-12-02,10000053,21666,19499999.99,19499999.99,19499999.99,1,1
2017-12-02,10000053,21790,1299999.98,1299999.98,1299999.98,1,1
2017-12-02,10000053,21791,1299999.99,1299999.99,1299999.99,2,2
2017-12-02,10000053,21802,32500000,32500000,32500000,1,1
2017-12-02,10000053,21815,7906897.59,7000010,8500000,29,12
2017-12-02,10000053,21894,1438.8,1438.8,1438.8,15000,1
2017-12-02,10000053,21896,1400,1400,1400,1523,1
2017-12-02,10000053,22175,99998.99,99998.99,99998.99,2,2
2017-12-02,10000053,22177,200000,200000,200000,2,2
2017-12-02,10000053,22229,5999999,5999999,5999999,6,1
2017-12-02,10000053,22291,1409631.58,1399000,1500000,19,3
2017-12-02,10000053,22534,28000000,28000000,28000000,1,1
2017-12-02,10000053,22542,49988.82,49883.05,49999,11,4
2017-12-02,10000053,22544,439000000,439000000,439000000,1,1
2017-12-02,10000053,22546,301500000,284999999.99,318000000,2,2
2017-12-02,10000053,22576,54877.22,54877.22,54877.22,1,1
2017-12-02,10000053,22761,41599999.99,41599999.99,41599999.99,1,1
2017-12-02,10000053,22765,128938,128938,128938,5,1
2017-12-02,10000053,22806,155999.99,155999.99,155999.99,1,1
2017-12-02,10000053,22807,155999.99,155999.99,155999.99,1,1
2017-12-02,10000053,22808,155999.99,155999.99,155999.99,1,1
2017-12-02,10000053,22809,155999.99,155999.99,155999.99,1,1
2017-12-02,10000053,23009,508.8,508.8,508.8,5520,4
2017-12-02,10000053,23025,898.8,898.8,898.8,23343,14
2017-12-02,10000053,23035,899.99,899.99,899.99,3001,4
2017-12-02,10000053,23037,684,684,684,2000,1
2017-12-02,10000053,23039,777.6,777.6,777.6,2001,3
2017-12-02,10000053,23055,3188059.7,3000000,3300000,67,8
2017-12-02,10000053,23087,1300000,1300000,1300000,1,1
2017-12-02,10000053,23105,1600000,1600000,1600000,12,1
2017-12-02,10000053,23523,103006,103006,103006,10,1
2017-12-02,10000053,23525,1188333.33,129999.98,1400000,6,2
2017-12-02,10000053,23527,249833.33,245000,250000,30,5
2017-12-02,10000053,23533,400000,400000,400000,1,1
2017-12-02,10000053,23566,520000,520000,520000,9,3
2017-12-02,10000053,23606,194999.99,194999.99,194999.99,5,2
2017-12-02,10000053,23618,65000,65000,65000,1,1
2017-12-02,10000053,23707,7275.22,5885.53,8000,67,6
2017-12-02,10000053,23711,8000,8000,8000,3,1
2017-12-02,10000053,24241,65000,65000,65000,1,1
2017-12-02,10000053,24268,9750000,9750000,9750000,1,1
2017-12-02,10000053,24283,44600000,43000000,45000000,5,3
2017-12-02,10000053,24305,3999999,3999999,3999999,4,2
2017-12-02,10000053,24313,550000000,550000000,550000000,1,1
2017-12-02,10000053,24427,1939245.45,1549090.9,2499000,10,4
2017-12-02,10000053,24438,2500000,2500000,2500000,1,1
2017-12-02,10000053,24443,899999,899999,899999,2,2
2017-12-02,10000053,24483,110010000.12,110010000.12,110010000.12,1,1
2017-12-02,10000053,24495,250,250,250,5000,1
2017-12-02,10000053,24499,250,250,250,10000,1
2017-12-02,10000053,24501,250,250,250,5000,1
2017-12-02,10000053,24525,1800,1800,1800,1000,1
2017-12-02,10000053,24527,2000,2000,2000,1000,1
2017-12-02,10000053,24529,1300,1300,1300,1000,1
2017-12-02,10000053,25588,20000,20000,20000,7,1
2017-12-02,10000053,25593,15000,15000,15000,6,1
2017-12-02,10000053,25600,29000,29000,29000,29,1
2017-12-02,10000053,25602,16806.45,16806.45,16806.45,3,1
2017-12-02,10000053,25603,48000,48000,48000,4,1
2017-12-02,10000053,25605,35000,35000,35000,3,1
2017-12-02,10000053,25719,99999,99999,99999,1,1
2017-12-02,10000053,25861,49000,49000,49000,8,1
2017-12-02,10000053,25896,15000000,15000000,15000000,1,1
2017-12-02,10000053,25948,7700000,7700000,7700000,6,3
2017-12-02,10000053,25956,16200023.99,16200023.99,16200023.99,1,1
2017-12-02,10000053,26076,1500000,1500000,1500000,1,1
2017-12-02,10000053,26088,12974999.97,12974999.97,12974999.97,1,1
2017-12-02,10000053,26255,129999.99,129999.99,129999.99,1,1
2017-12-02,10000053,26256,129999.98,129999.98,129999.98,1,1
2017-12-02,10000053,26259,130000,130000,130000,1,1
2017-12-02,10000053,26374,79869681.41,74439063.12,85300299.69,2,2
2017-12-02,10000053,26442,15999999,15999999,15999999,1,1
2017-12-02,10000053,26888,41000000,41000000,41000000,1,1
2017-12-02,10000053,26914,6250000,6250000,6250000,1,1
2017-12-02,10000053,26929,90000,90000,90000,1,1
2017-12-02,10000053,27361,999.99,999.99,999.99,16500,3
2017-12-02,10000053,27387,1170,1170,1170,3500,3
2017-12-02,10000053,27902,130000,130000,130000,1,1
2017-12-02,10000053,27914,1500000,1500000,1500000,2,1
2017-12-02,10000053,27916,1549333.33,1300000,1674000,15,3
2017-12-02,10000053,27918,1222994.6,1200000,1337967.6,12,4
2017-12-02,10000053,28073,10400000,10400000,10400000,1,1
2017-12-02,10000053,28209,1050000,1050000,1050000,15,3
2017-12-02,10000053,28211,1210000,1200000,1250000,5,2
2017-12-02,10000053,28213,1410664.36,999999,1439997.6,15,3
2017-12-02,10000053,28262,340000,340000,340000,11,2
2017-12-02,10000053,28282,1700000,1700000,1700000,30,1
2017-12-02,10000053,28290,2998000,2998000,2998000,2,1
2017-12-02,10000053,28361,8450,8450,8450,1092,5
2017-12-02,10000053,28362,275000,275000,275000,471,6
2017-12-02,10000053,28363,200000,166000,274809.16,301,5
2017-12-02,10000053,28364,26000,26000,26000,235,3
2017-12-02,10000053,28365,29000,29000,29000,321,3
2017-12-02,10000053,28366,2900000,2900000,2900000,283,5
2017-12-02,10000053,28399,116000,116000,116000,398,1
2017-12-02,10000053,28419,280000,280000,280000,35,1
2017-12-02,10000053,28576,1201249.61,911170.36,1299999.99,63,6
2017-12-02,10000053,28578,1788888.22,1499999.98,1799999,9,4
2017-12-02,10000053,28646,3867346.79,3867346.79,3867346.79,1,1
2017-12-02,10000053,28667,83199999.99,83199999.99,83199999.99,1,1
2017-12-02,10000053,28668,26494.99,26494.99,26494.99,4256,8
2017-12-02,10000053,28758,42390000,42390000,42390000,1,1
2017-12-02,10000053,28999,11359.98,11359.77,11360,12,5
2017-12-02,10000053,29001,10123.09,10107.37,10138.8,2,2
2017-12-02,10000053,29005,11999.98,11999.98,11999.98,78,2
2017-12-02,10000053,29007,34999.96,34999.96,34999.96,26,1
2017-12-02,10000053,29009,26000,25000,30000,5,3
2017-12-02,10000053,29011,10500,10500,10500,13,3
2017-12-02,10000053,29013,9600,9600,9600,36,1
2017-12-02,10000053,29015,13090.8,13090.8,13090.8,9,2
2017-12-02,10000053,30028,58500,58500,58500,8,1
2017-12-02,10000053,30486,599999.98,599999.98,599999.98,8,1
2017-12-02,10000053,30488,635200.5,634914.77,635914.83,56,5
2017-12-02,10000053,30651,1949999.99,1949999.99,1949999.99,1,1
2017-12-02,10000053,30836,1999999,1999999,1999999,2,1
2017-12-02,10000053,30993,70750000.01,70750000.01,70750000.01,2,1
2017-12-02,10000053,31011,4500000,4500000,4500000,1,1
2017-12-02,10000053,31055,2464409.72,2464409.72,2464409.72,6,1
2017-12-02,10000053,31061,500000000,500000000,500000000,1,1
2017-12-02,10000053,31083,999999,999999,999999,3,1
2017-12-02,10000053,31119,2300000,2300000,2300000,9,3
2017-12-02,10000053,31153,499999.99,499999.99,499999.99,44,8
2017-12-02,10000053,31155,2300000,2300000,2300000,4,2
2017-12-02,10000053,31201,750000,750000,750000,1,1
2017-12-02,10000053,31213,499999,499999,499999,2,1
2017-12-02,10000053,31238,699999.98,699999.98,699999.98,1,1
2017-12-02,10000053,31358,743888.89,695000,841666.67,3,2
2017-12-02,10000053,31360,3172797.6,3172797.6,3172797.6,6,3
2017-12-02,10000053,31370,500000,500000,500000,1,1
2017-12-02,10000053,31372,3292067.91,2838101.87,4199999.99,3,3
2017-12-02,10000053,31374,32408333.34,32408333.34,32408333.34,4,1
2017-12-02,10000053,31378,16615203.65,16230407.31,16999999.99,4,2
2017-12-02,10000053,31526,2000000,2000000,2000000,6,1
2017-12-02,10000053,31716,449995,449995,449995,1,1
2017-12-02,10000053,31718,579999.2,499999,900000,5,4
2017-12-02,10000053,31724,4882758.21,4882758.21,4882758.21,11,6
2017-12-02,10000053,31754,1800000,1800000,1800000,3,3
2017-12-02,10000053,31760,4800000,4800000,4800000,1,1
2017-12-02,10000053,31788,749999.97,749999.97,749999.97,1,1
2017-12-02,10000053,31790,2130434.77,1999999.99,3000000,23,8
2017-12-02,10000053,31796,24000000,24000000,24000000,5,3
2017-12-02,10000053,31798,400000000,400000000,400000000,2,1
2017-12-02,10000053,31812,28790000,28790000,28790000,4,2
2017-12-02,10000053,31866,5000000,5000000,5000000,15,1
2017-12-02,10000053,31868,6100000,6100000,6100000,4,1
2017-12-02,10000053,31870,5564877.55,5564877.55,5564877.55,5,1
2017-12-02,10000053,31878,8000000,8000000,8000000,2,1
2017-12-02,10000053,31886,3200000,3200000,3200000,2,1
2017-12-02,10000053,31888,1890000,1890000,1890000,5,1
2017-12-02,10000053,31894,3446639.2,3400000,3491598,5,5
2017-12-02,10000053,31932,58599999.99,58599999.99,58599999.99,4,2
2017-12-02,10000053,31942,72111111,72111111,72111111,1,1
2017-12-02,10000053,31952,36000000,36000000,36000000,2,1
2017-12-02,10000053,32006,139669.2,139669.2,139669.2,218,10
2017-12-02,10000053,32339,130000000,130000000,130000000,1,1
2017-12-02,10000053,32819,2274999.5,1299999,4999999.99,4,3
2017-12-02,10000053,32874,375000,350000,400000,2,2
2017-12-02,10000053,32880,200000,200000,200000,2,2
2017-12-02,10000053,33003,172120.96,144241.91,200000,12,5
2017-12-02,10000053,33007,95000,95000,95000,2,1
2017-12-02,10000053,33076,3109000,3109000,3109000,1,1
2017-12-02,10000053,33078,1300000,1300000,1300000,2,2
2017-12-02,10000053,33091,129999.99,129999.99,129999.99,1,1
2017-12-02,10000053,33092,130000,130000,130000,2,2
2017-12-02,10000053,33096,1300000,1300000,1300000,2,2
2017-12-02,10000053,33101,500000,500000,500000,2,1
2017-12-02,10000053,33270,239999.97,239999.97,239999.97,1,1
2017-12-02,10000053,33393,148700000.03,148700000.03,148700000.03,1,1
2017-12-02,10000053,33399,6499999.99,6499999.99,6499999.99,1,1
2017-12-02,10000053,33470,210000000,210000000,210000000,1,1
2017-12-02,10000053,33472,374950000,374950000,374950000,1,1
2017-12-02,10000053,33474,2024866,1966488,2200000,8,3
2017-12-02,10000053,33475,11499999.33,11499998.99,11500000,3,2
2017-12-02,10000053,33520,48999999.99,48999999.99,48999999.99,4,1
2017-12-02,10000053,33528,383999999.96,383999999.96,383999999.96,1,1
2017-12-02,10000053,33671,103006,103006,103006,10,1
2017-12-02,10000053,33681,105659999.31,105659999.31,105659999.31,2,1
2017-12-02,10000053,33699,130000,130000,130000,2,2
2017-12-02,10000053,33700,20000000,20000000,20000000,1,1
2017-12-02,10000053,33706,8000,8000,8000,3,1
2017-12-02,10000053,33822,149999.99,149999.99,149999.99,10,1
2017-12-02,10000053,33824,1659999,1659999,1659999,2,2
2017-12-02,10000053,33826,53333332.83,53333332.83,53333332.83,2,1
2017-12-02,10000053,33828,17000000,17000000,17000000,3,3
2017-12-02,10000053,34533,1300000,1300000,1300000,1,1
2017-12-02,10000053,35656,27346.8,27346.8,27346.8,3,3
2017-12-02,10000053,35658,89999,89999,89999,10,7
2017-12-02,10000053,35659,1999916.61,1999916.61,1999916.61,6,2
2017-12-02,10000053,35660,374992.99,374992.99,374992.99,1,1
2017-12-02,10000053,35661,545995.2,545995.2,545995.2,1,1
2017-12-02,10000053,35680,1299999.99,1299999.99,1299999.99,1,1
2017-12-02,10000053,35790,2200000,2200000,2200000,1,1
2017-12-02,10000053,37304,340948700,340948700,340948700,3,1
2017-12-02,10000053,40346,7175882.35,7064705.88,7250000,15,4
2017-12-02,10000053,40347,5312499.98,5312499.98,5312499.98,6,1
2017-12-02,10000053,40348,43750000,43000000,44000000,4,2
2017-12-02,10000053,40357,146735115.6,146700000,146840462.41,4,2
2017-12-02,10000053,40359,2500000,2500000,2500000,10,1
2017-12-02,10000053,40360,3300000,3300000,3300000,20,1
2017-12-02,10000053,40361,2000000,2000000,2000000,54,2
2017-12-02,10000053,40520,926541666.67,924750000,930000000,6,5
2017-12-02,10000053,40556,14750000,14750000,14750000,108,7
2017-12-02,10000053,40560,32273793.1,32000000,33000000,29,6
2017-12-02,10000053,40714,70000000,70000000,70000000,1,1
2017-12-02,10000053,41030,1041666666.33,999999999,1050000000,6,5
2017-12-02,10000053,41155,17647.06,17647.06,17647.06,4,1
2017-12-02,10000053,41403,35099999.99,35099999.99,35099999.99,1,1
2017-12-02,10000053,41405,35100000,35100000,35100000,1,1
2017-12-02,10000053,41411,63780841.4,63780841.4,63780841.4,1,1
2017-12-02,10000053,41415,211289999.97,199999999.94,222580000,6,5
2017-12-02,10000053,41486,51587500.01,51587500.01,51587500.01,1,1
2017-12-02,10000053,41489,25000,25000,25000,2207,14
2017-12-02,10000053,41490,999999,999999,999999,383,7
2017-12-02,10000053,41491,39933333.16,39899999.74,40000000,3,2
2017-12-02,10000053,41537,299999999.99,299999999.99,299999999.99,1,1
2017-12-02,10000053,42244,65000000,65000000,65000000,1,1
2017-12-02,10000053,42522,125000000,125000000,125000000,2,1
2017-12-02,10000053,42829,546.09,546.09,546.09,1000,1
2017-12-02,10000053,42830,550,550,550,1000,1
2017-12-02,10000053,42832,802.8,802.8,802.8,1000,1
2017-12-02,10000053,42833,779.17,779.17,779.17,1000,1
2017-12-02,10000053,42834,764.4,764.4,764.4,1000,1
2017-12-02,10000053,42890,118666666.67,118666666.67,118666666.67,3,1
2017-12-02,10000053,43551,7999999,7999999,7999999,2,1
2017-12-02,10000053,43694,65000000,65000000,65000000,10,1
2017-12-02,10000053,44992,3250000,2510000.9,4020000,2100,9
2017-12-02,10000053,45009,150000000,150000000,150000000,1,1
2017-12-02,10000053,45635,241200000,241200000,241200000,1,1
2017-12-02,10000053,46152,11000000,11000000,11000000,1,1
2017-12-02,10000053,46153,19499999.99,19499999.99,19499999.99,1,1
2017-12-02,10000053,46355,600000,600000,600000,6,1
2017-12-02,10000053,46356,990000,990000,990000,7,2
2017-12-02,10000053,46365,553125,525000,600000,16,3
2017-12-02,10000053,46366,1250000,1250000,1250000,4,2
2017-12-02,10000053,46367,600000,600000,600000,6,2
2017-12-02,10000053,46369,600000,600000,600000,6,2
2017-12-02,10000053,46370,1654000,1654000,1654000,2,1
2017-12-02,10000053,46371,600000,600000,600000,6,2
2017-12-02,10000053,46372,2500000,2500000,2500000,2,1
2017-12-02,10000054,34,3.6,3.6,3.6,264066,11
2017-12-02,10000054,35,0.1,0.1,0.1,72741,8
2017-12-02,10000054,36,51.28,51.28,51.28,15024,7
2017-12-02,10000054,37,29.99,29.99,29.99,8603,8
2017-12-02,10000054,38,282.69,282.69,282.69,2259,9
2017-12-02,10000054,39,990.3,990.3,990.3,542,8
2017-12-02,10000054,40,1131.03,1131.03,1131.03,187,4
2017-12-02,10000054,184,23,23,23,2000,1
2017-12-02,10000054,185,45,45,45,2000,1
2017-12-02,10000054,207,265,265,265,884,1
2017-12-02,10000054,208,126,126,126,1500,1
2017-12-02,10000054,212,55,55,55,5100,1
2017-12-02,10000054,242,1000,1000,1000,1,1
2017-12-02,10000054,246,1.5,1.5,1.5,1,1
2017-12-02,10000054,377,1600000,1600000,1600000,1,1
2017-12-02,10000054,393,35000,35000,35000,1,1
2017-12-02,10000054,399,40000,40000,40000,2,1
2017-12-02,10000054,434,470000,470000,470000,1,1
2017-12-02,10000054,442,580000,580000,580000,1,1
2017-12-02,10000054,454,50000,50000,50000,8,2
2017-12-02,10000054,488,845000,845000,845000,6,1
2017-12-02,10000054,499,125000,125000,125000,5,1
2017-12-02,10000054,501,530000,530000,530000,2,1
2017-12-02,10000054,527,3000000,3000000,3000000,1,1
2017-12-02,10000054,563,170000,170000,170000,2,1
2017-12-02,10000054,583,490000,480000,500000,2,2
2017-12-02,10000054,586,750000,750000,750000,2,2
2017-12-02,10000054,597,521000,520000,525000,5,2
2017-12-02,10000054,626,10000000,10000000,10000000,1,1
2017-12-02,10000054,630,10100000,10100000,10100000,1,1
2017-12-02,10000054,657,4599666.67,4599666.67,4599666.67,1,1
2017-12-02,10000054,672,300000,300000,300000,1,1
2017-12-02,10000054,1195,90000,90000,90000,1,1
2017-12-02,10000054,1317,61188.89,57000,76944.44,5,3
2017-12-02,10000054,1319,1243749.93,1150000,1299999.89,8,4
2017-12-02,10000054,1403,280000,280000,280000,12,1
2017-12-02,10000054,1808,290000,290000,290000,1,1
2017-12-02,10000054,2203,88000,88000,88000,8,1
2017-12-02,10000054,2295,365000,365000,365000,1,1
2017-12-02,10000054,2444,70000,70000,70000,4,1
2017-12-02,10000054,2454,149333.33,49000,350000,12,2
2017-12-02,10000054,2456,400000,400000,400000,10,3
2017-12-02,10000054,2486,10400,10400,10400,7,1
2017-12-02,10000054,2488,380000,380000,380000,20,1
2017-12-02,10000054,2605,975000,975000,975000,4,1
2017-12-02,10000054,3303,20000,20000,20000,1,1
2017-12-02,10000054,3305,100000,100000,100000,1,1
2017-12-02,10000054,3306,100000,100000,100000,1,1
2017-12-02,10000054,3308,2000000,2000000,2000000,1,1
2017-12-02,10000054,3309,2000000,2000000,2000000,1,1
2017-12-02,10000054,3318,80000,80000,80000,1,1
2017-12-02,10000054,3321,20000,20000,20000,1,1
2017-12-02,10000054,3324,100000,100000,100000,1,1
2017-12-02,10000054,3329,40000,40000,40000,1,1
2017-12-02,10000054,3333,500000,500000,500000,2,2
2017-12-02,10000054,3337,4000000,4000000,4000000,1,1
2017-12-02,10000054,3338,4000000,4000000,4000000,2,2
2017-12-02,10000054,3339,4000000,4000000,4000000,1,1
2017-12-02,10000054,3340,300000,300000,300000,1,1
2017-12-02,10000054,3341,300000,300000,300000,1,1
2017-12-02,10000054,3348,20000,20000,20000,1,1
2017-12-02,10000054,3349,75000,75000,75000,1,1
2017-12-02,10000054,3354,2500000,2500000,2500000,1,1
2017-12-02,10000054,3355,20000,20000,20000,1,1
2017-12-02,10000054,3363,20000,20000,20000,1,1
2017-12-02,10000054,3385,50000,50000,50000,1,1
2017-12-02,10000054,3387,300000,300000,300000,1,1
2017-12-02,10000054,3397,1000000,1000000,1000000,1,1
2017-12-02,10000054,3405,25000,25000,25000,1,1
2017-12-02,10000054,3406,300000,300000,300000,1,1
2017-12-02,10000054,3417,40000,40000,40000,1,1
2017-12-02,10000054,3418,170000,170000,170000,1,1
2017-12-02,10000054,3424,79000,79000,79000,1,1
2017-12-02,10000054,3432,100000,100000,100000,1,1
2017-12-02,10000054,3438,40000,40000,40000,1,1
2017-12-02,10000054,3443,20000,20000,20000,1,1
2017-12-02,10000054,3446,100000,100000,100000,1,1
2017-12-02,10000054,3450,22500,22500,22500,1,1
2017-12-02,10000054,3454,340000,340000,340000,1,1
2017-12-02,10000054,3456,10000000,10000000,10000000,1,1
2017-12-02,10000054,3578,2000000,2000000,2000000,1,1
2017-12-02,10000054,3689,8500.01,8500.01,8500.01,10650,4
2017-12-02,10000054,3829,530000,530000,530000,1,1
2017-12-02,10000054,3839,210000,210000,210000,3,1
2017-12-02,10000054,3887,135000,135000,135000,1,1
2017-12-02,10000054,4305,625000000,625000000,625000000,1,1
2017-12-02,10000054,4393,400000,400000,400000,1,1
2017-12-02,10000054,4477,3500,3500,3500,1,1
2017-12-02,10000054,5245,250000,250000,250000,4,2
2017-12-02,10000054,5971,499999.98,499999.98,499999.98,3,2
2017-12-02,10000054,6001,689999.97,689999.97,689999.97,1,1
2017-12-02,10000054,6569,12000,12000,12000,1,1
2017-12-02,10000054,9826,375.61,350.96,385.88,17,4
2017-12-02,10000054,9832,7500,7500,7500,11830,4
2017-12-02,10000054,10836,935000,935000,935000,1,1
2017-12-02,10000054,10872,190000,190000,190000,2,1
2017-12-02,10000054,10998,88333.33,70000,125000,9,3
2017-12-02,10000054,11132,287500,75000,500000,2,2
2017-12-02,10000054,11134,236249.99,236249.99,236249.99,2,2
2017-12-02,10000054,11207,500000,500000,500000,2,1
2017-12-02,10000054,11297,410000,410000,410000,1,1
2017-12-02,10000054,11325,500000,500000,500000,1,1
2017-12-02,10000054,11574,2000000,2000000,2000000,1,1
2017-12-02,10000054,11578,6700000,6700000,6700000,1,1
2017-12-02,10000054,11579,3500000,3500000,3500000,1,1
2017-12-02,10000054,11803,499980,499980,499980,1,1
2017-12-02,10000054,12034,37000000,37000000,37000000,1,1
2017-12-02,10000054,12093,4000000,4000000,4000000,1,1
2017-12-02,10000054,12189,400000,400000,400000,1,1
2017-12-02,10000054,12212,10000000,10000000,10000000,1,1
2017-12-02,10000054,12274,400000,400000,400000,1,1
2017-12-02,10000054,12365,120000,120000,120000,2,2
2017-12-02,10000054,12367,120000,120000,120000,1,1
2017-12-02,10000054,12789,500,500,500,10000,1
2017-12-02,10000054,15331,200.03,200.03,200.03,1,1
2017-12-02,10000054,16242,1150000,1150000,1150000,1,1
2017-12-02,10000054,16273,250,250,250,30141,13
2017-12-02,10000054,16275,4994,4994,4994,1500,1
2017-12-02,10000054,16281,375000,375000,375000,42,3
2017-12-02,10000054,16301,1000000,1000000,1000000,8,1
2017-12-02,10000054,17478,25900000,25900000,25900000,1,1
2017-12-02,10000054,17482,4000000,4000000,4000000,2,1
2017-12-02,10000054,17888,1295,1295,1295,31000,2
2017-12-02,10000054,17938,265000,90000,440000,2,2
2017-12-02,10000054,18635,590000,590000,590000,40,1
2017-12-02,10000054,19406,600000,600000,600000,5,2
2017-12-02,10000054,19407,1200000,1200000,1200000,2,1
2017-12-02,10000054,19408,2100000,2100000,2100000,1,1
2017-12-02,10000054,19410,9900000,9900000,9900000,1,1
2017-12-02,10000054,19412,17160000,17160000,17160000,1,1
2017-12-02,10000054,19413,21840000,21840000,21840000,1,1
2017-12-02,10000054,19416,43200000,43200000,43200000,1,1
2017-12-02,10000054,19417,51680000,51680000,51680000,31,4
2017-12-02,10000054,19418,61200000,61200000,61200000,3,1
2017-12-02,10000054,19419,80000000,80000000,80000000,5,1
2017-12-02,10000054,19421,133837000,133837000,133837000,46,7
2017-12-02,10000054,19422,3360000,3360000,3360000,1,1
2017-12-02,10000054,20138,335000,335000,335000,2,1
2017-12-02,10000054,20213,11000000,11000000,11000000,2,2
2017-12-02,10000054,20306,170,170,170,2000,1
2017-12-02,10000054,20308,140,140,140,1500,1
2017-12-02,10000054,20342,50000000,50000000,50000000,1,1
2017-12-02,10000054,20353,2975000.34,2975000.34,2975000.34,1,1
2017-12-02,10000054,20424,999.99,999.99,999.99,10,2
2017-12-02,10000054,20494,100000,100000,100000,1,1
2017-12-02,10000054,20495,100000,100000,100000,1,1
2017-12-02,10000054,20525,100000000,100000000,100000000,1,1
2017-12-02,10000054,21022,1360063200,1360063200,1360063200,1,1
2017-12-02,10000054,21096,3700000,3500000,4000000,5,5
2017-12-02,10000054,21603,10000000,10000000,10000000,2,2
2017-12-02,10000054,21610,20000000,20000000,20000000,1,1
2017-12-02,10000054,21611,30000000,30000000,30000000,1,1
2017-12-02,10000054,21803,17500000,17500000,17500000,1,1
2017-12-02,10000054,22175,391666.67,190000,492500,3,3
2017-12-02,10000054,22177,190000,190000,190000,1,1
2017-12-02,10000054,22542,60000,60000,60000,1,1
2017-12-02,10000054,22578,80000,80000,80000,1,1
2017-12-02,10000054,22761,32000000,32000000,32000000,1,1
2017-12-02,10000054,23055,2999999,2999999,2999999,13,1
2017-12-02,10000054,23059,2999999,2999999,2999999,60,1
2017-12-02,10000054,23069,50000000,50000000,50000000,1,1
2017-12-02,10000054,24268,7500000,7500000,7500000,1,1
2017-12-02,10000054,24270,7500000,7500000,7500000,1,1
2017-12-02,10000054,24559,1697361200,1697361200,1697361200,1,1
2017-12-02,10000054,24561,1670784800,1670784800,1670784800,1,1
2017-12-02,10000054,24613,15000000,15000000,15000000,1,1
2017-12-02,10000054,25235,150000,150000,150000,1,1
2017-12-02,10000054,25588,3000,3000,3000,5,1
2017-12-02,10000054,25589,802.43,802.43,802.43,29,2
2017-12-02,10000054,25594,7545.08,7545.08,7545.08,51,2
2017-12-02,10000054,25597,305.89,2.7,506,83,6
2017-12-02,10000054,25598,616.92,1.03,9650.01,47,3
2017-12-02,10000054,25599,165.4,165.4,165.4,41,3
2017-12-02,10000054,25600,14448.08,14448.08,14448.08,190,5
2017-12-02,10000054,25601,2827,2827,2827,41,3
2017-12-02,10000054,25603,5765.09,5765.09,5765.09,33,3
2017-12-02,10000054,25606,19480,19480,19480,21,1
2017-12-02,10000054,25608,100000,100000,100000,3,1
2017-12-02,10000054,25613,37000.1,37000.1,37000.1,5,2
2017-12-02,10000054,25616,5000.09,5000.09,5000.09,14,1
2017-12-02,10000054,25619,100000.01,100000.01,100000.01,1,1
2017-12-02,10000054,25620,20,20,20,7,2
2017-12-02,10000054,25622,250000.05,250000.05,250000.05,6,1
2017-12-02,10000054,25625,1000000,1000000,1000000,2,1
2017-12-02,10000054,25861,550000,550000,550000,2,1
2017-12-02,10000054,26255,100000,100000,100000,1,1
2017-12-02,10000054,26260,100000,100000,100000,1,1
2017-12-02,10000054,28164,4500000,4500000,4500000,1,1
2017-12-02,10000054,28213,1400000,1400000,1400000,2,1
2017-12-02,10000054,28576,1699999,1699999,1699999,3,1
2017-12-02,10000054,28609,32000000,32000000,32000000,2,2
2017-12-02,10000054,28646,8000000,8000000,8000000,1,1
2017-12-02,10000054,28667,64000000,64000000,64000000,1,1
2017-12-02,10000054,29016,1500000,1500000,1500000,2,2
2017-12-02,10000054,29248,700000,700000,700000,1,1
2017-12-02,10000054,30013,10000,10000,10000,32,2
2017-12-02,10000054,30488,829999.99,829999.99,829999.99,24,2
2017-12-02,10000054,30744,200000,200000,200000,1199,3
2017-12-02,10000054,30745,499999.98,499999.98,499999.98,709,3
2017-12-02,10000054,30746,1500000,1500000,1500000,249,3
2017-12-02,10000054,30747,5000000,5000000,5000000,85,3
2017-12-02,10000054,31153,200000,200000,200000,1,1
2017-12-02,10000054,31171,4999999.99,4999999.99,4999999.99,1,1
2017-12-02,10000054,31213,400000,400000,400000,1,1
2017-12-02,10000054,31238,275000,275000,275000,1,1
2017-12-02,10000054,31588,3600000,3600000,3600000,1,1
2017-12-02,10000054,31718,500000,500000,500000,1,1
2017-12-02,10000054,32033,600000,600000,600000,2,1
2017-12-02,10000054,32035,3100000,3100000,3100000,1,1
2017-12-02,10000054,32874,2000000,2000000,2000000,1,1
2017-12-02,10000054,32880,736666.67,725000,760000,3,3
2017-12-02,10000054,33094,100000,100000,100000,2,2
2017-12-02,10000054,33095,1000000,1000000,1000000,1,1
2017-12-02,10000054,33096,1000000,1000000,1000000,2,2
2017-12-02,10000054,33098,1000000,1000000,1000000,2,2
2017-12-02,10000054,33176,219000,219000,219000,1,1
2017-12-02,10000054,33180,194333.33,145000,219000,3,3
2017-12-02,10000054,33195,10.61,10.61,10.61,1,1
2017-12-02,10000054,33270,365000,365000,365000,1,1
2017-12-02,10000054,33475,9600000,9600000,9600000,3,2
2017-12-02,10000054,34203,350000,350000,350000,4,3
2017-12-02,10000054,34204,999.99,999.99,999.99,2,2
2017-12-02,10000054,34205,24000,24000,24000,4,4
2017-12-02,10000054,34206,27000,27000,27000,8,3
2017-12-02,10000054,34533,1000000,1000000,1000000,1,1
2017-12-02,10000054,35657,180000,180000,180000,1,1
2017-12-02,10000054,35660,99999.99,99999.99,99999.99,2,2
2017-12-02,10000054,37615,20000000,20000000,20000000,2,2
2017-12-02,10000054,40520,673999995,673999995,673999995,2,2
2017-12-02,10000054,41243,32000000,32000000,32000000,1,1
2017-12-02,10000054,43702,80000,80000,80000,2,2
2017-12-02,10000055,19,2500,2500,2500,451,1
2017-12-02,10000055,34,4.37,4.37,4.37,176576538,34
2017-12-02,10000055,35,4.96,4.95,4.96,23114704,37
2017-12-02,10000055,36,62.93,62.93,62.93,12234494,37
2017-12-02,10000055,37,49.04,49.04,49.04,1740621,29
2017-12-02,10000055,38,327.83,327.83,327.83,476942,25
2017-12-02,10000055,39,985,750,998.01,356921,21
2017-12-02,10000055,40,1200,1200,1200,29118,19
2017-12-02,10000055,44,13450,13450,13450,268,1
2017-12-02,10000055,178,5.04,5.04,5.04,280,1
2017-12-02,10000055,194,27.04,27.04,27.04,10000,1
2017-12-02,10000055,202,120,120,120,100,1
2017-12-02,10000055,203,250,250,250,20126,4
2017-12-02,10000055,207,94,94,94,175,2
2017-12-02,10000055,209,90,90,90,89000,5
2017-12-02,10000055,210,15,15,15,8996,3
2017-12-02,10000055,212,32,32,32,4000,1
2017-12-02,10000055,215,7.01,7.01,7.01,2000,1
2017-12-02,10000055,219,8.04,8.04,8.04,300,2
2017-12-02,10000055,222,24.01,24.01,24.01,100,1
2017-12-02,10000055,226,66.04,66.04,66.04,100,1
2017-12-02,10000055,229,35.04,35.04,35.04,5100,2
2017-12-02,10000055,233,47.04,47.04,47.04,100,1
2017-12-02,10000055,264,800,800,800,150,3
2017-12-02,10000055,267,6.38,6.38,6.38,52,1
2017-12-02,10000055,380,640000,640000,640000,7,4
2017-12-02,10000055,394,390000.04,390000.04,390000.04,1,1
2017-12-02,10000055,434,125000,125000,125000,2,2
2017-12-02,10000055,438,2900000,2900000,2900000,1,1
2017-12-02,10000055,440,4950000.01,4499999.99,5100000.01,8,8
2017-12-02,10000055,448,1654703.66,1654701.99,1654703.97,35,23
2017-12-02,10000055,456,45556,1,82000,9,5
2017-12-02,10000055,519,1100000.05,1100000.05,1100000.05,155,16
2017-12-02,10000055,527,1119132.82,1119132.82,1119132.82,4,4
2017-12-02,10000055,583,594999.99,594999.99,594999.99,1,1
2017-12-02,10000055,586,650000.01,650000.01,650000.01,1,1
2017-12-02,10000055,593,750000.04,750000.04,750000.04,1,1
2017-12-02,10000055,602,572500,560000,585000,2,2
2017-12-02,10000055,605,550000.01,550000.01,550000.01,5,1
2017-12-02,10000055,607,900000.04,900000.04,900000.04,1,1
2017-12-02,10000055,608,513000,513000,513000,1,1
2017-12-02,10000055,609,499999.99,499999.99,499999.99,4,4
2017-12-02,10000055,621,10699000,10699000,10699000,4,3
2017-12-02,10000055,626,11866666.66,11500000,12049999.99,3,3
2017-12-02,10000055,627,9999949.94,9999899.91,9999999.97,2,2
2017-12-02,10000055,628,11500000.05,11500000.05,11500000.05,1,1
2017-12-02,10000055,631,7399999,7399999,7399999,1,1
2017-12-02,10000055,633,8899999.97,8899999.97,8899999.97,1,1
2017-12-02,10000055,634,10895272.76,10887000,10900000.05,11,5
2017-12-02,10000055,640,130000000,130000000,130000000,1,1
2017-12-02,10000055,642,180500000.04,180500000.04,180500000.04,1,1
2017-12-02,10000055,643,191832000,191832000,191832000,1,1
2017-12-02,10000055,644,165000000.02,165000000,165000000.03,2,2
2017-12-02,10000055,648,1100000.02,1100000.02,1100000.02,1,1
2017-12-02,10000055,649,1900000,1900000,1900000,3,3
2017-12-02,10000055,654,1500000,1500000,1500000,1,1
2017-12-02,10000055,655,1698830.9,1695323.61,1700000,4,4
2017-12-02,10000055,656,1900000.01,1900000.01,1900000.01,1,1
2017-12-02,10000055,657,1926973.87,1811843.21,1950000,6,6
2017-12-02,10000055,672,81538.46,20000,100000,13,4
2017-12-02,10000055,1182,999999.99,999999.99,999999.99,12,6
2017-12-02,10000055,1183,850000.01,850000.01,850000.01,16,4
2017-12-02,10000055,1195,249999.92,249999.92,249999.92,3,1
2017-12-02,10000055,1201,165575.34,159000,166000,73,9
2017-12-02,10000055,1236,1000000,1000000,1000000,123,7
2017-12-02,10000055,1248,1178999.99,1178999.99,1178999.99,3,2
2017-12-02,10000055,1306,299989.43,299986.78,300000.01,5,4
2017-12-02,10000055,1319,774909.99,774909.99,774909.99,111,35
2017-12-02,10000055,1355,875000.02,875000.02,875000.02,31,2
2017-12-02,10000055,1405,703055.5,500000,714999.9,36,18
2017-12-02,10000055,1422,1150000,1150000,1150000,5,1
2017-12-02,10000055,1436,1850000,1850000,1850000,2,2
2017-12-02,10000055,1447,683999.98,683999.98,683999.98,18,7
2017-12-02,10000055,1541,939999.92,939999,940000.03,39,11
2017-12-02,10000055,1877,1326141.89,95000.06,1549998.99,39,8
2017-12-02,10000055,1952,1700000.01,1700000.01,1700000.01,123,18
2017-12-02,10000055,1969,2000000.03,2000000.03,2000000.03,5,2
2017-12-02,10000055,1978,3049999.99,3049999.99,3049999.99,1,1
2017-12-02,10000055,1987,990000.01,990000.01,990000.01,22,4
2017-12-02,10000055,1999,1248648.63,1200000.01,2999999,74,10
2017-12-02,10000055,2024,1399998.4,1399998.4,1399998.4,1,1
2017-12-02,10000055,2032,675000,675000,675000,12,7
2017-12-02,10000055,2038,1500000,1500000,1500000,1,1
2017-12-02,10000055,2048,674485.37,674485.37,674485.37,124,61
2017-12-02,10000055,2175,1450989.78,1450989.78,1450989.78,14,4
2017-12-02,10000055,2185,671153.84,5000,1044999.99,26,6
2017-12-02,10000055,2205,521001.73,499999.97,522983.03,58,13
2017-12-02,10000055,2254,120000,120000,120000,1,1
2017-12-02,10000055,2281,3250000,3250000,3250000,128,42
2017-12-02,10000055,2299,2708333.16,2649999.99,2999999,12,10
2017-12-02,10000055,2301,3150000,3150000,3150000,3,3
2017-12-02,10000055,2303,2500000,1500000,2700000,6,6
2017-12-02,10000055,2333,1731000,1731000,1731000,1,1
2017-12-02,10000055,2346,150000,150000,150000,6,1
2017-12-02,10000055,2364,1200000.02,1200000.02,1200000.02,5,2
2017-12-02,10000055,2396,322,322,322,2740,1
2017-12-02,10000055,2400,530,530,530,14,1
2017-12-02,10000055,2404,803165.04,25000,1255802.58,11,4
2017-12-02,10000055,2410,1825000.01,1825000.01,1825000.01,2,1
2017-12-02,10000055,2436,2199999,2199989.99,2200000,230,29
2017-12-02,10000055,2444,30000,30000,30000,2,1
2017-12-02,10000055,2446,2298999.99,2298999.98,2298999.99,8,3
2017-12-02,10000055,2456,486596.55,483064.92,500000.01,56,12
2017-12-02,10000055,2466,399998.98,399998.98,399998.98,154,9
2017-12-02,10000055,2478,2249966.09,2249966.09,2249966.09,4,3
2017-12-02,10000055,2486,9059.79,9059.69,9061.63,93,7
2017-12-02,10000055,2488,455000,455000,455000,180,28
2017-12-02,10000055,2506,12.92,12.92,12.92,96,1
2017-12-02,10000055,2508,1,1,1,46,1
2017-12-02,10000055,2516,4.05,4.05,4.05,100,2
2017-12-02,10000055,2524,122500,120000,150000,12,4
2017-12-02,10000055,2525,120000,120000,120000,6,1
2017-12-02,10000055,2531,699997.99,699997.99,699997.99,1,1
2017-12-02,10000055,2533,120000,120000,120000,7,2
2017-12-02,10000055,2534,120000,120000,120000,28,4
2017-12-02,10000055,2539,1650000,1650000,1650000,5,5
2017-12-02,10000055,2547,930000.01,930000,930000.01,13,6
2017-12-02,10000055,2549,120000,120000,120000,16,3
2017-12-02,10000055,2550,120000,120000,120000,14,3
2017-12-02,10000055,2551,120000,120000,120000,10,2
2017-12-02,10000055,2553,1201537.82,1199999.99,1206151.32,4,4
2017-12-02,10000055,2559,2150000.04,2150000.04,2150000.04,2,1
2017-12-02,10000055,2563,2500000.05,2500000.05,2500000.05,1,1
2017-12-02,10000055,2571,1825000.04,1825000.04,1825000.04,1,1
2017-12-02,10000055,2575,2500000.04,2500000.04,2500000.04,1,1
2017-12-02,10000055,2605,471646.87,410000.01,471999.98,34,23
2017-12-02,10000055,2613,130.01,130.01,130.01,1860,3
2017-12-02,10000055,2621,700.01,700.01,700.01,10000,1
2017-12-02,10000055,2629,515.93,515.93,515.93,205151,7
2017-12-02,10000055,2637,650,650,650,20000,1
2017-12-02,10000055,2679,269.34,269.34,269.34,23000,2
2017-12-02,10000055,2817,56.99,56.99,56.99,965,2
2017-12-02,10000055,2873,1000000,1000000,1000000,46,5
2017-12-02,10000055,2881,755000,755000,755000,7,1
2017-12-02,10000055,2889,834000,750000,890000,5,2
2017-12-02,10000055,2905,625000.01,625000.01,625000.01,2,1
2017-12-02,10000055,2913,1900000.04,1900000.04,1900000.04,27,5
2017-12-02,10000055,2921,2150000.03,2150000.03,2150000.03,4,1
2017-12-02,10000055,2929,3680000,3680000,3680000,7,1
2017-12-02,10000055,2969,3230000,3230000,3230000,204,7
2017-12-02,10000055,2977,1300000,1300000,1300000,294,5
2017-12-02,10000055,2985,4400000.05,4400000.05,4400000.05,5,1
2017-12-02,10000055,2993,800000.05,800000.05,800000.05,10,1
2017-12-02,10000055,2998,82845666.67,70000000,85415000,6,6
2017-12-02,10000055,3001,575000.04,575000.04,575000.04,3,1
2017-12-02,10000055,3025,2350000.03,2350000.03,2350000.03,10,1
2017-12-02,10000055,3033,1050000.03,1050000.03,1050000.03,10,1
2017-12-02,10000055,3057,5000000.04,5000000.04,5000000.04,9,2
2017-12-02,10000055,3074,1080000.03,1080000.03,1080000.03,2,1
2017-12-02,10000055,3082,3000000.04,3000000.04,3000000.04,6,1
2017-12-02,10000055,3090,5500000.03,5500000.03,5500000.03,8,1
2017-12-02,10000055,3098,504000,504000,504000,30,1
2017-12-02,10000055,3138,2450000,2450000,2450000,6,1
2017-12-02,10000055,3170,1120000,1120000,1120000,3,1
2017-12-02,10000055,3184,2500000,2500000,2500000,5,5
2017-12-02,10000055,3186,3000000,3000000,3000000,6,1
2017-12-02,10000055,3244,1679999.99,1679999.98,1679999.99,60,25
2017-12-02,10000055,3256,7919927.91,7919927.9,7919927.91,2,2
2017-12-02,10000055,3304,400000,400000,400000,1,1
2017-12-02,10000055,3306,400000,400000,400000,1,1
2017-12-02,10000055,3320,300000,300000,300000,1,1
2017-12-02,10000055,3321,300000,300000,300000,2,2
2017-12-02,10000055,3324,400000,400000,400000,1,1
2017-12-02,10000055,3326,999999.99,999999.99,999999.99,1,1
2017-12-02,10000055,3330,299999.97,299999.97,299999.97,1,1
2017-12-02,10000055,3332,1000000,1000000,1000000,1,1
2017-12-02,10000055,3334,999999.99,999999.99,999999.99,2,2
2017-12-02,10000055,3337,6500000,6500000,6500000,1,1
2017-12-02,10000055,3338,6500000,6500000,6500000,1,1
2017-12-02,10000055,3339,6500000,6500000,6500000,1,1
2017-12-02,10000055,3343,300000,300000,300000,1,1
2017-12-02,10000055,3387,499999.98,499999.98,499999.98,1,1
2017-12-02,10000055,3388,600000,600000,600000,1,1
2017-12-02,10000055,3405,50000,50000,50000,1,1
2017-12-02,10000055,3410,1000000,1000000,1000000,1,1
2017-12-02,10000055,3411,400000,400000,400000,1,1
2017-12-02,10000055,3412,800000,800000,800000,1,1
2017-12-02,10000055,3416,400000,400000,400000,1,1
2017-12-02,10000055,3421,500000,500000,500000,1,1
2017-12-02,10000055,3422,299999.96,299999.96,299999.96,1,1
2017-12-02,10000055,3424,250000,250000,250000,1,1
2017-12-02,10000055,3427,450000,450000,450000,2,2
2017-12-02,10000055,3428,300000,300000,300000,1,1
2017-12-02,10000055,3430,600000,600000,600000,1,1
2017-12-02,10000055,3433,500000,500000,500000,1,1
2017-12-02,10000055,3438,500000,500000,500000,1,1
2017-12-02,10000055,3439,500000,500000,500000,2,2
2017-12-02,10000055,3440,500000,500000,500000,1,1
2017-12-02,10000055,3441,1000000,1000000,1000000,1,1
2017-12-02,10000055,3442,1500000,1500000,1500000,1,1
2017-12-02,10000055,3452,300000,300000,300000,1,1
2017-12-02,10000055,3456,11999999.99,11999999.99,11999999.99,1,1
2017-12-02,10000055,3467,30000,30000,30000,4,1
2017-12-02,10000055,3496,2100000,2100000,2100000,5,5
2017-12-02,10000055,3504,3300000,3300000,3300000,3,3
2017-12-02,10000055,3512,2250000,2250000,2250000,5,1
2017-12-02,10000055,3520,2334990,2334990,2334990,3,2
2017-12-02,10000055,3530,1880000,1879999.99,1880000,15,8
2017-12-02,10000055,3540,2250000.04,2250000.04,2250000.04,10,1
2017-12-02,10000055,3542,410000000,410000000,410000000,1,1
2017-12-02,10000055,3568,1199285.72,1198571.43,1200000,2,2
2017-12-02,10000055,3578,2829975.77,2829939.41,2830000.01,5,5
2017-12-02,10000055,3645,370,370,370,24143,2
2017-12-02,10000055,3687,835.02,835.02,835.02,57,1
2017-12-02,10000055,3689,5000,5000,5000,8369,16
2017-12-02,10000055,3766,900000.05,900000.05,900000.05,1,1
2017-12-02,10000055,3814,74.04,74.04,74.04,10000,1
2017-12-02,10000055,3831,1213713.8,1185000,1533905.83,26,12
2017-12-02,10000055,3841,1278562.77,1150000,1300000,70,19
2017-12-02,10000055,3888,1200000.02,1200000.02,1200000.02,22,11
2017-12-02,10000055,3898,16757375.01,16757375.01,16757375.01,2,2
2017-12-02,10000055,3983,5285714.29,5000000,5500000,14,2
2017-12-02,10000055,3995,4500000.03,4500000.03,4500000.03,5,1
2017-12-02,10000055,4025,325000,325000,325000,11,10
2017-12-02,10000055,4027,1000000,1000000,1000000,13,4
2017-12-02,10000055,4051,20500,20500,20500,72068,6
2017-12-02,10000055,4247,20747,20747,20747,54,1
2017-12-02,10000055,4250,3300000,3300000,3300000,1,1
2017-12-02,10000055,4258,4599000,4599000,4599000,1,1
2017-12-02,10000055,4260,2100000.04,2100000.04,2100000.04,3,2
2017-12-02,10000055,4292,120000000.02,120000000.02,120000000.02,1,1
2017-12-02,10000055,4312,27000.05,27000.05,27000.05,20054,2
2017-12-02,10000055,4383,1599999,1599999,1599999,3,3
2017-12-02,10000055,4391,249995,249995,249995,1,1
2017-12-02,10000055,4393,380999.99,380999.99,380999.99,4,1
2017-12-02,10000055,4395,568242.39,567913.36,568900.46,3,2
2017-12-02,10000055,4399,8480478.34,8478956.68,8482000,4,4
2017-12-02,10000055,4403,390427.57,328213.26,399999,15,6
2017-12-02,10000055,4405,1702997.01,1702997.01,1702997.01,115,33
2017-12-02,10000055,4435,29999.99,29999.99,29999.99,6,2
2017-12-02,10000055,4787,975000,975000,975000,1,1
2017-12-02,10000055,4833,165000,164999.99,165000,7,6
2017-12-02,10000055,5013,4499.99,4499.99,4499.99,2,1
2017-12-02,10000055,5051,100000.04,100000.04,100000.04,1,1
2017-12-02,10000055,5137,100000,100000,100000,2,2
2017-12-02,10000055,5302,75000.05,75000.05,75000.05,4,3
2017-12-02,10000055,5399,24999.91,24999.76,24999.99,3,3
2017-12-02,10000055,5403,18899.99,18899.99,18899.99,1,1
2017-12-02,10000055,5405,197058.53,150000,200000,34,6
2017-12-02,10000055,5439,23774.99,23774.99,23774.99,4,4
2017-12-02,10000055,5443,240000.02,240000.02,240000.02,4,3
2017-12-02,10000055,5445,37166.67,37000,37500,3,3
2017-12-02,10000055,5839,1940909.08,1850000.01,1949999.99,11,11
2017-12-02,10000055,5933,500000,500000,500000,4,2
2017-12-02,10000055,5945,400293.45,400293.45,400293.45,1,1
2017-12-02,10000055,5955,147116.61,147112.76,147121.99,12,8
2017-12-02,10000055,5971,50000,50000,50000,7,7
2017-12-02,10000055,5973,860000,860000,860000,132,16
2017-12-02,10000055,5975,20000.01,20000.01,20000.01,7,7
2017-12-02,10000055,6001,75000,75000,75000,4,4
2017-12-02,10000055,6003,80000,80000,80000,1,1
2017-12-02,10000055,6005,20000.02,20000.02,20000.02,5,5
2017-12-02,10000055,6073,99500,99500,99500,3,1
2017-12-02,10000055,6160,8000.01,8000.01,8000.01,97,7
2017-12-02,10000055,6296,95000,95000,95000,1,1
2017-12-02,10000055,6569,20000,20000,20000,2,2
2017-12-02,10000055,7003,1500000,1500000,1500000,5,1
2017-12-02,10000055,7327,1500000,1500000,1500000,3,1
2017-12-02,10000055,7619,3299001.35,3299001.35,3299001.35,4,1
2017-12-02,10000055,8027,1749999.99,1749999.99,1749999.99,4,1
2017-12-02,10000055,8089,573006.83,556862.07,575000.01,91,9
2017-12-02,10000055,8091,140000,140000,140000,563,2
2017-12-02,10000055,8105,1600000,1600000,1600000,3,1
2017-12-02,10000055,8117,216394.93,189184.78,230000,9,5
2017-12-02,10000055,8133,850000,850000,850000,3,2
2017-12-02,10000055,8177,25000.04,25000.04,25000.04,1,1
2017-12-02,10000055,8263,29900,29900,29900,18,3
2017-12-02,10000055,8419,79988.83,79988.83,79988.83,1,1
2017-12-02,10000055,8433,915000,915000,915000,104,7
2017-12-02,10000055,8517,2761973.03,2761973.03,2761973.03,2,1
2017-12-02,10000055,8521,289995,289995,289995,1,1
2017-12-02,10000055,8529,109994.25,109993.5,109995,4,3
2017-12-02,10000055,8579,66999.99,66999.99,66999.99,3,1
2017-12-02,10000055,8639,310000,310000,310000,1,1
2017-12-02,10000055,9491,7000000,7000000,7000000,7,1
2017-12-02,10000055,9622,189999.99,189999.99,189999.99,1,1
2017-12-02,10000055,9632,198571.43,190000,200000,7,5
2017-12-02,10000055,9660,299999.9,299999.9,299999.9,1,1
2017-12-02,10000055,9808,340000.03,340000.03,340000.03,1,1
2017-12-02,10000055,9832,11888,11888,11888,790,3
2017-12-02,10000055,9834,101324,101324,101324,1232,4
2017-12-02,10000055,9838,16789.99,16789.99,16789.99,280,2
2017-12-02,10000055,9840,15382.96,15382.96,15382.96,474,1
2017-12-02,10000055,9848,100000,100000,100000,2290,6
2017-12-02,10000055,9899,18000000,18000000,18000000,1,1
2017-12-02,10000055,9941,14499999.99,14499999.99,14499999.99,1,1
2017-12-02,10000055,9942,18000000,18000000,18000000,1,1
2017-12-02,10000055,9943,14499998.86,14499998.86,14499998.86,1,1
2017-12-02,10000055,9956,14499999.99,14499999.99,14499999.99,1,1
2017-12-02,10000055,10190,1158704.8,1100912.42,1175216.91,9,6
2017-12-02,10000055,10208,28200000,25500000,30000000,5,5
2017-12-02,10000055,10212,24999998.57,24999998.1,25000000,4,4
2017-12-02,10000055,10216,25214285.37,24999999.4,25500000,7,7
2017-12-02,10000055,10221,25833333.33,25500000,26500000,3,3
2017-12-02,10000055,10225,26999998.89,26999998.89,26999998.89,3,3
2017-12-02,10000055,10246,39926.37,39798,39998.26,78,7
2017-12-02,10000055,10250,1192118.69,1192118.69,1192118.69,10,2
2017-12-02,10000055,10631,600000.01,600000.01,600000.01,24,6
2017-12-02,10000055,10842,2999000,2999000,2999000,1,1
2017-12-02,10000055,10850,743359.8,110079.4,1060000,9,7
2017-12-02,10000055,10858,1680000.01,1680000.01,1680000.01,4,4
2017-12-02,10000055,10880,410000,410000,410000,1,1
2017-12-02,10000055,10998,145750,145000,147999.99,8,3
2017-12-02,10000055,11105,175000.01,175000.01,175000.01,1,1
2017-12-02,10000055,11129,37500,25000,50000,2,2
2017-12-02,10000055,11132,60000,60000,60000,10,1
2017-12-02,10000055,11134,50000,50000,50000,1,1
2017-12-02,10000055,11172,41600000,41600000,41600000,1,1
2017-12-02,10000055,11174,48200000,48200000,48200000,1,1
2017-12-02,10000055,11176,38899999.95,38849999.93,39000000,3,2
2017-12-02,10000055,11178,37775999.94,37775999.94,37775999.94,1,1
2017-12-02,10000055,11186,36997000,36997000,36997000,1,1
2017-12-02,10000055,11188,36200000,36200000,36200000,1,1
2017-12-02,10000055,11196,39999868.97,39999825.65,39999912.28,2,2
2017-12-02,10000055,11198,39499000,39499000,39499000,2,2
2017-12-02,10000055,11202,42566666.67,40000000,42800000,12,7
2017-12-02,10000055,11229,1100000.04,1100000.04,1100000.04,1,1
2017-12-02,10000055,11249,1150000.02,1150000.02,1150000.02,1,1
2017-12-02,10000055,11269,797187.52,400000,810000.02,32,17
2017-12-02,10000055,11289,4999.99,4999.99,4999.99,23,2
2017-12-02,10000055,11309,899999.99,899999.99,899999.99,1,1
2017-12-02,10000055,11317,460000,460000,460000,3,3
2017-12-02,10000055,11325,825000.04,825000.04,825000.04,9,3
2017-12-02,10000055,11327,782000.02,782000.02,782000.02,6,2
2017-12-02,10000055,11349,120000.04,120000.04,120000.04,3,2
2017-12-02,10000055,11370,2053010,2047900,2099000,10,9
2017-12-02,10000055,11377,49199000,49199000,49199000,2,2
2017-12-02,10000055,11399,10240,10240,10240,3662,4
2017-12-02,10000055,11476,257.03,257.03,257.03,49,4
2017-12-02,10000055,11481,257,257,257,221,3
2017-12-02,10000055,11483,257.01,257.01,257.01,14,1
2017-12-02,10000055,11530,57682,57682,57682,251,1
2017-12-02,10000055,11531,63456,63456,63456,138,2
2017-12-02,10000055,11535,36353,36353,36353,734,3
2017-12-02,10000055,11541,83254,83254,83254,3726,4
2017-12-02,10000055,11542,11290,11290,11290,2122,1
2017-12-02,10000055,11545,14438,14438,14438,10350,2
2017-12-02,10000055,11547,179249.02,179249.02,179249.02,70,2
2017-12-02,10000055,11553,75896,75896,75896,828,2
2017-12-02,10000055,11556,58897,58897,58897,828,2
2017-12-02,10000055,11563,489000,489000,489000,125,14
2017-12-02,10000055,11577,4614166.66,4596999.98,4700000.04,6,6
2017-12-02,10000055,11578,6465934.09,6000000,6500000.03,13,13
2017-12-02,10000055,11640,899999.33,899999,900000,9,5
2017-12-02,10000055,11642,1449999.99,1449999.99,1449999.99,1,1
2017-12-02,10000055,11644,3095498.53,3095000,3099999,6,6
2017-12-02,10000055,11646,2350000.03,2350000.03,2350000.03,8,8
2017-12-02,10000055,11648,2600000.01,2600000.01,2600000.01,5,5
2017-12-02,10000055,11690,44355,44355,44355,616,4
2017-12-02,10000055,11978,282000000,282000000,282000000,8,1
2017-12-02,10000055,11989,241000000,235000000,247000000,4,4
2017-12-02,10000055,12005,298448892.47,298448892.21,298448892.99,3,3
2017-12-02,10000055,12021,465000000,465000000,465000000,1,1
2017-12-02,10000055,12032,45500000,45500000,45500000,2,2
2017-12-02,10000055,12034,34999999,34999999,34999999,1,1
2017-12-02,10000055,12042,31500000.01,31500000.01,31500000.01,1,1
2017-12-02,10000055,12054,1500000,1500000,1500000,2,2
2017-12-02,10000055,12058,3835000,3250000,3900000,10,10
2017-12-02,10000055,12068,5700000.02,5700000.02,5700000.02,11,2
2017-12-02,10000055,12076,8902000,8902000,8902000,1,1
2017-12-02,10000055,12084,12577500,11355000,13800000,2,2
2017-12-02,10000055,12092,1750000,1749999.99,1750000,2,2
2017-12-02,10000055,12093,6999998,6999998,6999998,1,1
2017-12-02,10000055,12096,40000000,40000000,40000000,1,1
2017-12-02,10000055,12202,5000000,5000000,5000000,1,1
2017-12-02,10000055,12212,9000000,9000000,9000000,1,1
2017-12-02,10000055,12214,5000000,5000000,5000000,2,2
2017-12-02,10000055,12259,4850000.04,4850000.04,4850000.04,2,1
2017-12-02,10000055,12263,7500000.03,7500000.03,7500000.03,2,1
2017-12-02,10000055,12267,3395000.01,2499999.99,4290000.03,2,2
2017-12-02,10000055,12271,9099000,9099000,9099000,1,1
2017-12-02,10000055,12346,2500000.02,2500000.02,2500000.02,5,2
2017-12-02,10000055,12441,399999.99,399999.99,399999.99,1,1
2017-12-02,10000055,12484,4999999.94,4999999.94,4999999.94,1,1
2017-12-02,10000055,12563,69999.99,69999.99,69999.99,3,1
2017-12-02,10000055,12608,59.05,59.05,59.05,17320,3
2017-12-02,10000055,12612,63,63,63,3860,2
2017-12-02,10000055,12614,46.02,46.02,46.02,2000,2
2017-12-02,10000055,12618,42.99,42.99,42.99,2240,1
2017-12-02,10000055,12620,87.98,87.98,87.98,1000,1
2017-12-02,10000055,12625,43.02,43.02,43.02,5765,4
2017-12-02,10000055,12631,80,80,80,10500,2
2017-12-02,10000055,12633,180.05,180.05,180.05,10500,2
2017-12-02,10000055,12729,249999999.98,249999999.98,249999999.98,1,1
2017-12-02,10000055,12733,180000000,180000000,180000000,1,1
2017-12-02,10000055,12767,234.05,234.05,234.05,36000,3
2017-12-02,10000055,12771,204.05,204.05,204.05,33958,3
2017-12-02,10000055,12773,134,134,134,7500,3
2017-12-02,10000055,12777,200.02,200.02,200.02,12792,6
2017-12-02,10000055,12779,506.02,506.02,506.02,30000,1
2017-12-02,10000055,12785,138.95,138.95,138.95,6490,2
2017-12-02,10000055,12789,124.05,124.05,124.05,6210,2
2017-12-02,10000055,12791,269.46,269.46,269.46,30480,2
2017-12-02,10000055,12801,175,175,175,2000,1
2017-12-02,10000055,12805,248.05,248.05,248.05,2000,1
2017-12-02,10000055,12814,221999.99,221999.99,221999.99,3,2
2017-12-02,10000055,12816,450000.01,450000.01,450000.01,4,1
2017-12-02,10000055,12818,320000,320000,320000,3,1
2017-12-02,10000055,12820,309999.97,309999.97,309999.97,4,1
2017-12-02,10000055,13003,2150000.02,2150000.02,2150000.02,1,1
2017-12-02,10000055,13119,42.05,42.05,42.05,700,1
2017-12-02,10000055,13216,27650000,27650000,27650000,2,2
2017-12-02,10000055,13261,21459857.86,21459857.86,21459857.86,1,1
2017-12-02,10000055,13284,2299999.99,2299999.99,2299999.99,1,1
2017-12-02,10000055,13285,2499999.99,2499999.99,2499999.99,1,1
2017-12-02,10000055,13286,999999.99,999999.99,999999.99,1,1
2017-12-02,10000055,13968,10899994.99,10899989.98,10899999.99,2,2
2017-12-02,10000055,13969,307000000,307000000,307000000,1,1
2017-12-02,10000055,13972,4000000.02,4000000.02,4000000.02,1,1
2017-12-02,10000055,13980,4249999.99,4249999.99,4249999.99,2,1
2017-12-02,10000055,13984,3300000,3300000,3300000,2,2
2017-12-02,10000055,14001,12000000,12000000,12000000,1,1
2017-12-02,10000055,14039,9999000,9999000,9999000,2,2
2017-12-02,10000055,14070,38800000,38800000,38800000,1,1
2017-12-02,10000055,14168,65000000,65000000,65000000,1,1
2017-12-02,10000055,14230,59500000,59500000,59500000,3,3
2017-12-02,10000055,14295,4673997.99,4673997.99,4673997.99,1,1
2017-12-02,10000055,14298,4673997.99,4673997.99,4673997.99,1,1
2017-12-02,10000055,15463,3450000,3450000,3450000,1,1
2017-12-02,10000055,15479,3900000,3900000,3900000,2,1
2017-12-02,10000055,15508,46022.73,15000,50000,44,6
2017-12-02,10000055,15681,119000000,119000000,119000000,1,1
2017-12-02,10000055,15729,38500000,38500000,38500000,4,2
2017-12-02,10000055,15766,33600000,33600000,33600000,2,2
2017-12-02,10000055,16242,1600000,1600000,1600000,3,3
2017-12-02,10000055,16272,420,420,420,926509,5
2017-12-02,10000055,16273,11.01,11.01,11.01,717754,32
2017-12-02,10000055,16274,820,820,820,20000,1
2017-12-02,10000055,16275,3792.99,3792.99,3792.99,14358,7
2017-12-02,10000055,16278,2290888.89,2290888.89,2290888.89,2,1
2017-12-02,10000055,16281,999999.97,999999.97,999999.97,1,1
2017-12-02,10000055,16297,720001.43,720001.43,720001.43,2,1
2017-12-02,10000055,16301,990000,990000,990000,3,1
2017-12-02,10000055,16367,350000,350000,350000,2,1
2017-12-02,10000055,16447,67000.03,67000.03,67000.03,3,1
2017-12-02,10000055,16455,150000.05,150000.05,150000.05,1,1
2017-12-02,10000055,16469,1000000,1000000,1000000,3,3
2017-12-02,10000055,16475,200000.02,200000.02,200000.02,6,3
2017-12-02,10000055,16477,165000.03,165000.03,165000.03,4,2
2017-12-02,10000055,16519,51800,34999.99,63000,10,2
2017-12-02,10000055,16527,520000,470000,530000,6,2
2017-12-02,10000055,16591,39999999.95,39999999.95,39999999.95,1,1
2017-12-02,10000055,16637,5086,5086,5086,489,1
2017-12-02,10000055,16643,8982,8982,8982,1076,1
2017-12-02,10000055,16646,10813,10813,10813,1076,1
2017-12-02,10000055,16652,72592,72592,72592,4,1
2017-12-02,10000055,16670,220.89,220.89,220.89,7772296,3
2017-12-02,10000055,16671,270,270,270,1198746,9
2017-12-02,10000055,16672,241,241,241,51464,3
2017-12-02,10000055,16673,192.97,192.97,192.97,80304,8
2017-12-02,10000055,16678,432.72,432.72,432.72,21403,3
2017-12-02,10000055,16679,1112.92,1112.92,1112.92,170966,6
2017-12-02,10000055,16680,2498,2498,2498,140271,11
2017-12-02,10000055,16681,4930.93,4930.93,4930.93,139069,13
2017-12-02,10000055,16682,12598,12598,12598,1530,2
2017-12-02,10000055,16683,43999.53,43999.53,43999.53,7990,6
2017-12-02,10000055,17317,88500,88500,88500,1916,2
2017-12-02,10000055,17366,644102.61,100000,999999.99,26,12
2017-12-02,10000055,17367,2384615.38,2000000,2499999.99,13,3
2017-12-02,10000055,17368,3300000,2000000,4999999.99,14,4
2017-12-02,10000055,17407,2000000,2000000,2000000,1,1
2017-12-02,10000055,17476,36599000,36599000,36599000,1,1
2017-12-02,10000055,17478,27500000,27500000,27500000,5,1
2017-12-02,10000055,17480,21499000,21499000,21499000,1,1
2017-12-02,10000055,17482,2110888.88,1963000,2136999.99,18,3
2017-12-02,10000055,17559,74400000,74400000,74400000,1,1
2017-12-02,10000055,17715,260666644.26,259999999,260999966.89,3,3
2017-12-02,10000055,17718,142000000.02,142000000.02,142000000.02,1,1
2017-12-02,10000055,17720,176250000,162500000,190000000,4,4
2017-12-02,10000055,17736,425000000,425000000,425000000,1,1
2017-12-02,10000055,17843,81714034.96,79999975,81999681.69,14,13
2017-12-02,10000055,17887,996.86,996.86,996.86,527237,17
2017-12-02,10000055,17888,800,800,800,150000,3
2017-12-02,10000055,17889,863.85,863.85,863.85,376000,17
2017-12-02,10000055,17912,4699999.95,4699999.94,4699999.96,12,6
2017-12-02,10000055,17918,500000000,500000000,500000000,2,2
2017-12-02,10000055,17938,185000,185000,185000,1,1
2017-12-02,10000055,17940,1000000,1000000,1000000,1,1
2017-12-02,10000055,18040,114999.97,114999.97,114999.97,4,1
2017-12-02,10000055,18042,87999.99,87999.99,87999.99,4,1
2017-12-02,10000055,18044,129995,129995,129995,4,1
2017-12-02,10000055,18064,137999.97,137999.97,137999.97,4,1
2017-12-02,10000055,18592,550000,550000,550000,30,1
2017-12-02,10000055,18594,861000,861000,861000,23,2
2017-12-02,10000055,18598,964200,834999.95,971000,40,2
2017-12-02,10000055,18624,944999.99,944999.99,944999.99,24,1
2017-12-02,10000055,18639,750000,750000,750000,13,6
2017-12-02,10000055,19147,17000000,17000000,17000000,32,2
2017-12-02,10000055,19187,56564475.88,56564475.88,56564475.88,4,4
2017-12-02,10000055,19191,264087869.46,264087869.46,264087869.46,1,1
2017-12-02,10000055,19207,169862600.18,159366201.57,180358998.78,2,2
2017-12-02,10000055,19213,11989999.98,11989999.98,11989999.98,2,2
2017-12-02,10000055,19215,18000000,18000000,18000000,1,1
2017-12-02,10000055,19239,29900000,29900000,29900000,1,1
2017-12-02,10000055,19241,18500000,18500000,18500000,2,1
2017-12-02,10000055,19287,54966666.66,54966666.66,54966666.66,2,1
2017-12-02,10000055,19325,75000000,75000000,75000000,1,1
2017-12-02,10000055,19417,41000000.48,41000000.46,41000000.5,4,4
2017-12-02,10000055,19419,60000000.45,60000000.45,60000000.45,1,1
2017-12-02,10000055,19420,78000000.47,78000000.47,78000000.47,1,1
2017-12-02,10000055,19421,114000000.48,114000000.47,114000000.5,9,4
2017-12-02,10000055,19500,800000,800000,800000,1,1
2017-12-02,10000055,19719,40000000,40000000,40000000,1,1
2017-12-02,10000055,19739,3630000,3630000,3630000,7,2
2017-12-02,10000055,19744,1280000,1100000,2000000,5,5
2017-12-02,10000055,19812,10000,10000,10000,3,1
2017-12-02,10000055,19814,20000.02,20000.02,20000.02,3,3
2017-12-02,10000055,19927,30000.01,30000.01,30000.01,3,1
2017-12-02,10000055,19939,30000.01,30000.01,30000.01,3,1
2017-12-02,10000055,19946,30000.01,30000.01,30000.01,3,1
2017-12-02,10000055,19952,30000.01,30000.01,30000.01,3,1
2017-12-02,10000055,20211,4999999.95,4999999.94,4999999.95,2,2
2017-12-02,10000055,20212,9000000,9000000,9000000,1,1
2017-12-02,10000055,20213,9499999.99,9499999.99,9499999.99,2,2
2017-12-02,10000055,20342,52750000,52000000,55000000,4,4
2017-12-02,10000055,20347,809000,809000,809000,1,1
2017-12-02,10000055,20351,2200000.04,2200000.04,2200000.04,2,2
2017-12-02,10000055,20353,3416267.53,3416267.53,3416267.53,10,8
2017-12-02,10000055,20419,181000,181000,181000,506,2
2017-12-02,10000055,20530,105000000,105000000,105000000,1,1
2017-12-02,10000055,20701,61111110.85,61111110.85,61111110.85,2,2
2017-12-02,10000055,20703,80899000,80899000,80899000,3,3
2017-12-02,10000055,20741,5125,5125,5125,1000,1
2017-12-02,10000055,20747,6440.03,6440.03,6440.03,3000,1
2017-12-02,10000055,20749,10349.05,10349.05,10349.05,1000,1
2017-12-02,10000055,20751,5300.02,5300.02,5300.02,2000,1
2017-12-02,10000055,21096,2105231.52,2095000,2139815.23,20,16
2017-12-02,10000055,21368,7474,7474,7474,1500,1
2017-12-02,10000055,21380,3595.01,3595.01,3595.01,1000,1
2017-12-02,10000055,21603,14999999.98,14999999.98,14999999.98,1,1
2017-12-02,10000055,21610,22000000,22000000,22000000,1,1
2017-12-02,10000055,21611,33999999.99,33999999.99,33999999.99,1,1
2017-12-02,10000055,21638,749283.4,1000,1014198.98,74,10
2017-12-02,10000055,21640,1150000.03,1150000.03,1150000.03,134,6
2017-12-02,10000055,21894,1735.02,1735.02,1735.02,1500,1
2017-12-02,10000055,21896,940,940,940,76405,7
2017-12-02,10000055,21898,640,640,640,64016,16
2017-12-02,10000055,21902,1582.02,1582.02,1582.02,1500,1
2017-12-02,10000055,21904,941.99,941.99,941.99,1984,1
2017-12-02,10000055,21906,700,700,700,1200,1
2017-12-02,10000055,21918,1416,1416,1416,30000,2
2017-12-02,10000055,21922,901.95,901.95,901.95,10542,6
2017-12-02,10000055,21924,846,846,846,38887,6
2017-12-02,10000055,22175,60000,60000,60000,4,4
2017-12-02,10000055,22177,200000,200000,200000,3,3
2017-12-02,10000055,22229,5300000,5300000,5300000,2,1
2017-12-02,10000055,22291,1190699.34,1190699.34,1190699.34,118,18
2017-12-02,10000055,22430,1200000000,1200000000,1200000000,1,1
2017-12-02,10000055,22444,470000000.01,470000000.01,470000000.01,1,1
2017-12-02,10000055,22456,87900000,87900000,87900000,6,5
2017-12-02,10000055,22464,101000000,101000000,101000000,1,1
2017-12-02,10000055,22536,799999.94,799999.94,799999.94,1,1
2017-12-02,10000055,22542,100000,100000,100000,16,2
2017-12-02,10000055,22544,419409523.62,419409523.62,419409523.62,1,1
2017-12-02,10000055,22546,359973913.37,359973913.37,359973913.37,1,1
2017-12-02,10000055,22548,345000000,345000000,345000000,1,1
2017-12-02,10000055,22551,38000000,38000000,38000000,1,1
2017-12-02,10000055,22552,1000000,999999.99,1000000,2,2
2017-12-02,10000055,22578,500000,500000,500000,1,1
2017-12-02,10000055,22778,193000,192000,193913.37,321,8
2017-12-02,10000055,22782,1850000.03,1850000.03,1850000.03,6,5
2017-12-02,10000055,22961,700,700,700,500,1
2017-12-02,10000055,22977,875,875,875,1600,1
2017-12-02,10000055,23009,849.99,849.99,849.99,11000,2
2017-12-02,10000055,23025,900.77,900.77,900.77,443,2
2017-12-02,10000055,23057,3592000,3547999,3599900,251,14
2017-12-02,10000055,23059,3449000,3449000,3449000,10,1
2017-12-02,10000055,23061,3500000,3500000,3500000,120,5
2017-12-02,10000055,23069,52000000,52000000,52000000,1,1
2017-12-02,10000055,23105,950000.04,950000.04,950000.04,4,1
2017-12-02,10000055,23113,1199000,1199000,1199000,4,1
2017-12-02,10000055,23115,1050000.05,1050000.05,1050000.05,4,1
2017-12-02,10000055,23525,190000,190000,190000,18,3
2017-12-02,10000055,23527,434824.9,422900,599998.99,20,16
2017-12-02,10000055,23533,950000,950000,950000,2,2
2017-12-02,10000055,23559,478000,478000,478000,2,2
2017-12-02,10000055,23566,1500000,1000000,2000000,4,4
2017-12-02,10000055,23594,1000000,1000000,1000000,3,3
2017-12-02,10000055,23606,400000,400000,400000,2,2
2017-12-02,10000055,23705,50000.01,50000.01,50000.01,9,2
2017-12-02,10000055,23707,153147.14,9000,799999.26,83,13
2017-12-02,10000055,23711,12509.49,12509.49,12509.49,57,7
2017-12-02,10000055,23729,40000.02,40000.02,40000.02,5,1
2017-12-02,10000055,23731,15000.03,15000.03,15000.03,5,1
2017-12-02,10000055,23911,1270416666.67,1270416666.67,1270416666.67,1,1
2017-12-02,10000055,23915,1400000000,1400000000,1400000000,1,1
2017-12-02,10000055,24242,2500000,2500000,2500000,2,2
2017-12-02,10000055,24283,51999000,51999000,51999000,13,5
2017-12-02,10000055,24311,515000000,515000000,515000000,1,1
2017-12-02,10000055,24313,515000000,515000000,515000000,1,1
2017-12-02,10000055,24314,515000000,515000000,515000000,1,1
2017-12-02,10000055,24348,1069000.01,128000.03,1696000,5,3
2017-12-02,10000055,24395,284995,284995,284995,5,4
2017-12-02,10000055,24417,1540999.99,1540999.99,1540999.99,15,10
2017-12-02,10000055,24427,1594999.88,1594999.85,1595000,22,14
2017-12-02,10000055,24438,1989182.62,1988000,2001008.88,11,8
2017-12-02,10000055,24443,1300000.02,1300000.02,1300000.02,3,3
2017-12-02,10000055,24471,51.02,51.02,51.02,2046,2
2017-12-02,10000055,24473,72.04,72.04,72.04,1100,3
2017-12-02,10000055,24475,69.97,69.97,69.97,700,1
2017-12-02,10000055,24479,30.05,30.05,30.05,512,1
2017-12-02,10000055,24483,1374999000,1374999000,1374999000,1,1
2017-12-02,10000055,24486,78.05,78.05,78.05,1000,1
2017-12-02,10000055,24492,146,146,146,200000,1
2017-12-02,10000055,24497,130.01,130.01,130.01,2159,3
2017-12-02,10000055,24499,147.99,147.99,147.99,959,2
2017-12-02,10000055,24503,115.02,115.02,115.02,3000,1
2017-12-02,10000055,24513,606.63,606.63,606.63,69260,5
2017-12-02,10000055,24515,602,602,602,99999,1
2017-12-02,10000055,24521,2141,2141,2141,4500,2
2017-12-02,10000055,24533,500,500,500,69764,3
2017-12-02,10000055,24541,5,5,5,2000,1
2017-12-02,10000055,24562,75000000,75000000,75000000,1,1
2017-12-02,10000055,24613,25000000,25000000,25000000,1,1
2017-12-02,10000055,24624,28000000,28000000,28000000,1,1
2017-12-02,10000055,24702,46573333.33,40000000,49860000,3,3
2017-12-02,10000055,25590,121680,121680,121680,1422,1
2017-12-02,10000055,25595,22458,22458,22458,2254,1
2017-12-02,10000055,25598,12455,12455,12455,1640,1
2017-12-02,10000055,25600,32767,32767,32767,6000,1
2017-12-02,10000055,25601,4425,4425,4425,4900,2
2017-12-02,10000055,25605,57198,57198,57198,1895,1
2017-12-02,10000055,25607,2111.12,2111.12,2111.12,5,1
2017-12-02,10000055,25608,593008,593008,593008,350,1
2017-12-02,10000055,25617,452390,452390,452390,882,2
2017-12-02,10000055,25619,765440,765440,765440,682,2
2017-12-02,10000055,25622,699920,699920,699920,90,1
2017-12-02,10000055,25715,1500000,1500000,1500000,4,1
2017-12-02,10000055,25718,4999999.94,4999999.94,4999999.94,1,1
2017-12-02,10000055,25812,5750000.01,5750000.01,5750000.01,2,1
2017-12-02,10000055,25861,74821.89,70000,78000,31,9
2017-12-02,10000055,25894,14787266.66,14785000,14789999.99,15,6
2017-12-02,10000055,25896,24199999.99,24199999.99,24199999.99,1,1
2017-12-02,10000055,25948,9122333.33,9121000,9122999.99,3,2
2017-12-02,10000055,25954,25000000,25000000,25000000,1,1
2017-12-02,10000055,25956,30947000,30947000,30947000,1,1
2017-12-02,10000055,25974,1900000.03,1900000.03,1900000.03,2,1
2017-12-02,10000055,26088,10000000,10000000,10000000,2,2
2017-12-02,10000055,26257,300000,300000,300000,1,1
2017-12-02,10000055,26374,44989000,44989000,44989000,1,1
2017-12-02,10000055,26406,59000000.03,59000000.03,59000000.03,1,1
2017-12-02,10000055,26436,16200000.02,16200000.02,16200000.02,1,1
2017-12-02,10000055,26450,111985000,111985000,111985000,2,2
2017-12-02,10000055,26888,38400000,38400000,38400000,8,1
2017-12-02,10000055,26913,2650000.04,2650000.04,2650000.04,17,5
2017-12-02,10000055,26914,3300000.02,3300000.02,3300000.02,8,4
2017-12-02,10000055,26929,102000.03,102000.03,102000.03,10,6
2017-12-02,10000055,26931,3950000,3950000,3950000,1,1
2017-12-02,10000055,27127,1199997.88,1199997.88,1199997.88,1,1
2017-12-02,10000055,27143,812999.99,812999.99,812999.99,4,2
2017-12-02,10000055,27315,867.04,867.04,867.04,2000,1
2017-12-02,10000055,27321,1029,1029,1029,20500,3
2017-12-02,10000055,27327,981.04,981.04,981.04,500,1
2017-12-02,10000055,27333,824.01,824.01,824.01,385,2
2017-12-02,10000055,27343,50,50,50,55,1
2017-12-02,10000055,27345,3221,3221,3221,2816,3
2017-12-02,10000055,27351,2819.02,2819.02,2819.02,1432,2
2017-12-02,10000055,27361,1186.91,1186.91,1186.91,34600,5
2017-12-02,10000055,27371,1411,1411,1411,28900,12
2017-12-02,10000055,27377,2700.01,2700.01,2700.01,4616,2
2017-12-02,10000055,27381,1404,1404,1404,21500,2
2017-12-02,10000055,27387,1478,1478,1478,57400,10
2017-12-02,10000055,27391,5,5,5,96,1
2017-12-02,10000055,27395,2312.99,2312.99,2312.99,2926,3
2017-12-02,10000055,27413,1582.01,1582.01,1582.01,15000,2
2017-12-02,10000055,27423,2498.01,2498.01,2498.01,1574,2
2017-12-02,10000055,27429,2363.01,2363.01,2363.01,2200,3
2017-12-02,10000055,27441,1471.84,1471.84,1471.84,2327,2
2017-12-02,10000055,27912,16125.23,16125.23,16125.23,5,1
2017-12-02,10000055,27914,2298000,2298000,2298000,2,2
2017-12-02,10000055,27916,1200000,1200000,1200000,6,2
2017-12-02,10000055,28073,15000000,15000000,15000000,1,1
2017-12-02,10000055,28164,6000000,6000000,6000000,1,1
2017-12-02,10000055,28201,1000000.03,1000000.03,1000000.03,4,1
2017-12-02,10000055,28209,536333.33,30000,1549000,3,2
2017-12-02,10000055,28211,1060000.01,1060000.01,1060000.01,5,1
2017-12-02,10000055,28213,1000000,1000000,1000000,5,1
2017-12-02,10000055,28215,1480000.01,1480000.01,1480000.01,11,3
2017-12-02,10000055,28306,4990000,4990000,4990000,4,2
2017-12-02,10000055,28352,2200000000,2200000000,2200000000,1,1
2017-12-02,10000055,28576,2748220.22,2746000,2748659.88,23,9
2017-12-02,10000055,28578,1050000.01,1050000.01,1050000.01,3,1
2017-12-02,10000055,28583,64999000,64999000,64999000,2,2
2017-12-02,10000055,28606,750000000,750000000,750000000,1,1
2017-12-02,10000055,28609,44000000,44000000,44000000,1,1
2017-12-02,10000055,28668,28495,28495,28495,7686,37
2017-12-02,10000055,28756,44300000.02,44300000.02,44300000.02,3,3
2017-12-02,10000055,28758,41496247.58,41495497.09,41500000.02,6,2
2017-12-02,10000055,28999,20000.05,20000.05,20000.05,12,5
2017-12-02,10000055,29001,14997.91,14997.91,14997.91,130,11
2017-12-02,10000055,29003,75000,75000,75000,4,1
2017-12-02,10000055,29009,16000.01,16000,16000.01,18,7
2017-12-02,10000055,29011,20000.05,20000.05,20000.05,133,20
2017-12-02,10000055,29013,20000.04,20000.04,20000.04,10,6
2017-12-02,10000055,29015,20000.05,20000.05,20000.05,12,7
2017-12-02,10000055,29637,70000000,70000000,70000000,1,1
2017-12-02,10000055,29988,169333333.33,169333333.33,169333333.33,1,1
2017-12-02,10000055,30013,43693.17,40999.97,49031.26,44,5
2017-12-02,10000055,30028,65999.99,65999.99,66000,32,3
2017-12-02,10000055,30486,572990,572989.99,572990,68,8
2017-12-02,10000055,30488,563737.1,550000,574990,89,6
2017-12-02,10000055,30547,5499999.99,5499999.99,5499999.99,1,1
2017-12-02,10000055,30551,6500000,6500000,6500000,1,1
2017-12-02,10000055,30554,6500000,6500000,6500000,1,1
2017-12-02,10000055,30832,1999999.97,1999999.97,1999999.97,3,3
2017-12-02,10000055,30834,2699988.97,2699988.97,2699988.97,1,1
2017-12-02,10000055,30836,1940000,1940000,1940000,23,3
2017-12-02,10000055,30987,420000,420000,420000,1,1
2017-12-02,10000055,30993,59999000,59999000,59999000,2,1
2017-12-02,10000055,31009,808999.99,808999.99,808999.99,1,1
2017-12-02,10000055,31011,2400000,2400000,2400000,1,1
2017-12-02,10000055,31015,9500000.04,9500000.04,9500000.04,1,1
2017-12-02,10000055,31017,27860500,27859000,27862000,2,2
2017-12-02,10000055,31023,2464666.66,2464000,2464999.99,3,3
2017-12-02,10000055,31029,25912000,25912000,25912000,1,1
2017-12-02,10000055,31033,274999.97,274999.97,274999.97,1,1
2017-12-02,10000055,31041,39469999.92,39469999.92,39469999.92,1,1
2017-12-02,10000055,31045,575000.02,575000.02,575000.02,2,1
2017-12-02,10000055,31047,4049999.99,4049999.99,4049999.99,3,2
2017-12-02,10000055,31051,11000000.02,11000000.02,11000000.02,1,1
2017-12-02,10000055,31053,41998000,41998000,41998000,1,1
2017-12-02,10000055,31055,2099985.61,2099985.61,2099985.61,3,2
2017-12-02,10000055,31057,12748000,12748000,12748000,1,1
2017-12-02,10000055,31059,24620545.45,24620000,24621000,11,5
2017-12-02,10000055,31063,490000.01,490000.01,490000.01,3,1
2017-12-02,10000055,31065,5249999.99,5249999.99,5249999.99,1,1
2017-12-02,10000055,31073,4049999.99,4049999.99,4049999.99,2,1
2017-12-02,10000055,31083,1200000.01,1200000.01,1200000.01,3,1
2017-12-02,10000055,31085,2999000,2999000,2999000,8,3
2017-12-02,10000055,31091,46666333.33,46500000,46999000,9,3
2017-12-02,10000055,31105,214999.98,214999.98,214999.98,15,4
2017-12-02,10000055,31113,11999999,11999999,11999999,1,1
2017-12-02,10000055,31119,1846379.06,1845913.36,1847999.99,14,5
2017-12-02,10000055,31125,12395913.37,12395913.37,12395913.37,2,1
2017-12-02,10000055,31129,211000.03,211000.03,211000.03,1,1
2017-12-02,10000055,31153,314487.97,314487.97,314487.97,4,2
2017-12-02,10000055,31155,1521428.56,1199999.99,1649999.99,7,3
2017-12-02,10000055,31161,1339999.99,1339999.99,1340000,7,4
2017-12-02,10000055,31165,4697000,4697000,4697000,7,4
2017-12-02,10000055,31171,4959999.94,4959999.94,4959999.94,5,4
2017-12-02,10000055,31177,365000,365000,365000.01,25,7
2017-12-02,10000055,31179,1718000,1718000,1718000,1,1
2017-12-02,10000055,31183,8715500,8715000,8716000,2,2
2017-12-02,10000055,31201,170000.03,170000.03,170000.03,4,3
2017-12-02,10000055,31213,90000,90000,90000,1,1
2017-12-02,10000055,31220,4685999.99,4685999.99,4685999.99,1,1
2017-12-02,10000055,31238,80000.03,80000.03,80000.03,1,1
2017-12-02,10000055,31280,3249999.87,3249999.87,3249999.87,1,1
2017-12-02,10000055,31298,195000,195000,195000,12,3
2017-12-02,10000055,31322,310000,310000,310000,139,9
2017-12-02,10000055,31328,3230000,3230000,3230000,4,2
2017-12-02,10000055,31358,758130.42,757999.99,758999.99,23,3
2017-12-02,10000055,31360,4066000,4065000,4067000,5,5
2017-12-02,10000055,31364,4299913.33,4299913.33,4299913.34,7,5
2017-12-02,10000055,31366,28365000,28365000,28365000,1,1
2017-12-02,10000055,31370,269375,260000,288125.01,3,2
2017-12-02,10000055,31372,1488200,1487999.99,1494999.99,15,10
2017-12-02,10000055,31374,29499000,29499000,29499000,4,2
2017-12-02,10000055,31378,11287599.98,11283999.96,11287999.98,10,7
2017-12-02,10000055,31388,3230000,3230000,3230000,6,1
2017-12-02,10000055,31562,750000.03,750000.03,750000.03,10,1
2017-12-02,10000055,31598,520000.01,519999.84,520000.03,90,4
2017-12-02,10000055,31604,3590000,3590000,3590000,1,1
2017-12-02,10000055,31608,280000.02,280000.02,280000.02,80,1
2017-12-02,10000055,31620,630000.03,630000.03,630000.03,80,2
2017-12-02,10000055,31622,1875000,1875000,1875000,1,1
2017-12-02,10000055,31626,3999999.99,3999999.99,3999999.99,2,1
2017-12-02,10000055,31640,13940000,13940000,13940000,1,1
2017-12-02,10000055,31644,600000.02,600000.02,600000.02,1,1
2017-12-02,10000055,31646,2599999,2599999,2599999,1,1
2017-12-02,10000055,31664,9930000,9930000,9930000,1,1
2017-12-02,10000055,31668,55000.02,55000.02,55000.02,1,1
2017-12-02,10000055,31692,30000.04,30000.04,30000.04,1,1
2017-12-02,10000055,31716,49999.97,49999.97,49999.97,5,5
2017-12-02,10000055,31718,495565.34,493913.37,498999.99,10,8
2017-12-02,10000055,31722,3700000,3700000,3700000,4,4
2017-12-02,10000055,31724,5257999.08,5257993.99,5258000,39,10
2017-12-02,10000055,31742,288000.62,288000.62,288000.62,7,3
2017-12-02,10000055,31744,5520000.01,5520000.01,5520000.01,1,1
2017-12-02,10000055,31748,7398999.99,7349999.99,7447999.99,2,2
2017-12-02,10000055,31754,269999.99,269999.99,269999.99,3,3
2017-12-02,10000055,31756,7200000.04,7200000.04,7200000.04,1,1
2017-12-02,10000055,31760,5170238.09,5000000,5893000,21,13
2017-12-02,10000055,31766,400000.05,400000.05,400000.05,1,1
2017-12-02,10000055,31788,415062.5,372000,425000,16,8
2017-12-02,10000055,31790,2818000,2818000,2818000,102,19
2017-12-02,10000055,31792,42158830.68,42157903.36,42159000,15,6
2017-12-02,10000055,31794,9462444.44,9461999.99,9463000,9,5
2017-12-02,10000055,31796,22890078.95,22000000,22975000,38,17
2017-12-02,10000055,31802,1970000,1970000,1970000,4,4
2017-12-02,10000055,31872,2799999.99,2799999.99,2799999.99,15,1
2017-12-02,10000055,31874,2834544.9,2799999,2875999.99,11,4
2017-12-02,10000055,31876,4460622.17,3400000,5023000,71,18
2017-12-02,10000055,31878,5587821.05,5333000,5985899,25,6
2017-12-02,10000055,31882,4636999.99,4636999.99,4636999.99,2,1
2017-12-02,10000055,31922,9000000,9000000,9000000,1,1
2017-12-02,10000055,31928,20421167.69,12684670.8,22999999.99,4,3
2017-12-02,10000055,31932,37200000,37200000,37200000,24,7
2017-12-02,10000055,31936,14950000,14950000,14950000,1,1
2017-12-02,10000055,31942,34900000,34900000,34900000,6,2
2017-12-02,10000055,31990,55800.02,55800.02,55800.02,222,2
2017-12-02,10000055,31998,92000.03,92000.03,92000.03,12,1
2017-12-02,10000055,32006,155000,155000,155000,31,2
2017-12-02,10000055,32014,283000.02,283000.02,283000.02,160,10
2017-12-02,10000055,32772,1496000,1496000,1496000,4,4
2017-12-02,10000055,32787,31017.84,30999.99,31232,26,7
2017-12-02,10000055,32876,1350000,1350000,1350000,1,1
2017-12-02,10000055,32880,384999.99,384999.99,384999.99,1,1
2017-12-02,10000055,32999,500000,500000,500000,2,2
2017-12-02,10000055,33000,500000,500000,500000,2,2
2017-12-02,10000055,33001,500000,500000,500000,2,2
2017-12-02,10000055,33002,500000,500000,500000,2,2
2017-12-02,10000055,33003,390000,390000,390000,2,1
2017-12-02,10000055,33076,225000,225000,225000,23,5
2017-12-02,10000055,33092,500000,500000,500000,2,2
2017-12-02,10000055,33095,1500000,1500000,1500000,1,1
2017-12-02,10000055,33096,1500000,1500000,1500000,1,1
2017-12-02,10000055,33103,397482.12,397482.12,397482.12,1,1
2017-12-02,10000055,33176,109999.99,109999.99,109999.99,1,1
2017-12-02,10000055,33178,125000,125000,125000,1,1
2017-12-02,10000055,33180,100000.01,100000,100000.02,3,3
2017-12-02,10000055,33197,1999999.99,1999999.99,1999999.99,1,1
2017-12-02,10000055,33201,1400000.05,1400000.05,1400000.05,1,1
2017-12-02,10000055,33281,53954000,53954000,53954000,1,1
2017-12-02,10000055,33285,59976000,59976000,59976000,1,1
2017-12-02,10000055,33287,738911000,738911000,738911000,4,2
2017-12-02,10000055,33332,50000.01,50000.01,50000.01,145,5
2017-12-02,10000055,33359,22467,22467,22467,26153,3
2017-12-02,10000055,33360,24099.97,24099.97,24099.97,513,1
2017-12-02,10000055,33361,20742,20742,20742,3424,3
2017-12-02,10000055,33362,28565.83,28565.83,28565.83,17687,5
2017-12-02,10000055,33399,7500000,7500000,7500000,1,1
2017-12-02,10000055,33468,66599991.84,65000000,66999989.79,5,5
2017-12-02,10000055,33474,2283333.34,2200000.01,2450000,3,3
2017-12-02,10000055,33475,10457333.33,9000000.04,10999999.99,75,27
2017-12-02,10000055,33520,54000000,54000000,54000000,1,1
2017-12-02,10000055,33681,92500000,92500000,92500000,2,1
2017-12-02,10000055,33699,500000,500000,500000,1,1
2017-12-02,10000055,33818,252900000,252900000,252900000,2,2
2017-12-02,10000055,33820,779999999.99,779999999.99,779999999.99,1,1
2017-12-02,10000055,33824,2341000,2340999.99,2341000,26,11
2017-12-02,10000055,33844,116798999,116798999,116798999,6,3
2017-12-02,10000055,33896,11895000,11895000,11895000,3,1
2017-12-02,10000055,33915,277999.99,277999.99,277999.99,1,1
2017-12-02,10000055,33981,27800000,27800000,27800000,3,1
2017-12-02,10000055,34205,473999.99,473999.99,473999.99,50,1
2017-12-02,10000055,34268,1999999.99,1999999.99,1999999.99,14,5
2017-12-02,10000055,34306,10950000,10950000,10950000,1,1
2017-12-02,10000055,34562,55000000,55000000,55000000,1,1
2017-12-02,10000055,34590,170000000,170000000,170000000,1,1
2017-12-02,10000055,34828,62100000.01,62100000.01,62100000.01,3,3
2017-12-02,10000055,35656,80716.61,29464.29,150000,7,5
2017-12-02,10000055,35657,100000,100000,100000,17,11
2017-12-02,10000055,35658,31000.02,31000.02,31000.02,2,2
2017-12-02,10000055,35659,97000,97000,97000,42,12
2017-12-02,10000055,35660,25000.01,25000.01,25000.01,5,5
2017-12-02,10000055,35661,616000,616000,616000,3,3
2017-12-02,10000055,35662,150000,150000,150000,1,1
2017-12-02,10000055,35680,1999999.93,1999999.93,1999999.93,1,1
2017-12-02,10000055,35685,2000000,2000000,2000000,1,1
2017-12-02,10000055,35771,1850000,1850000,1850000,2,2
2017-12-02,10000055,35790,2248899.82,2248899.82,2248899.82,6,5
2017-12-02,10000055,35794,20000,20000,20000,6,3
2017-12-02,10000055,35795,15900,15900,15900,11,6
2017-12-02,10000055,37294,220800000,220800000,220800000,3,1
2017-12-02,10000055,37459,27000000.05,27000000.05,27000000.05,1,1
2017-12-02,10000055,37479,735000.03,735000.03,735000.03,2,2
2017-12-02,10000055,37482,75000000.05,75000000.05,75000000.05,1,1
2017-12-02,10000055,37608,1578325.36,1578325.36,1578325.36,1,1
2017-12-02,10000055,40328,5000000,5000000,5000000,1,1
2017-12-02,10000055,40345,7500000,7500000,7500000,1,1
2017-12-02,10000055,40346,8499000,8499000,8499000,17,4
2017-12-02,10000055,40347,7999000,7999000,7999000,42,2
2017-12-02,10000055,40348,38399000,38399000,38399000,2,1
2017-12-02,10000055,40357,164000000,164000000,164000000,8,5
2017-12-02,10000055,40361,3599000,3599000,3599000,2,1
2017-12-02,10000055,40519,391145810.17,390542369,391749251.33,6,3
2017-12-02,10000055,40557,12686200,12597000,13500000,25,3
2017-12-02,10000055,40558,13050000,13050000,13050000,25,1
2017-12-02,10000055,40562,32400000.02,32400000.02,32400000.02,20,2
2017-12-02,10000055,40566,33599000,33599000,33599000,2,1
2017-12-02,10000055,40568,23000000,23000000,23000000,2,1
2017-12-02,10000055,40571,26400000,26400000,26400000,2,1
2017-12-02,10000055,40659,33796326.65,32999000,34194989.97,3,3
2017-12-02,10000055,41030,1129999999.99,1129999999.99,1130000000,11,4
2017-12-02,10000055,41033,320000,320000,320000,4,2
2017-12-02,10000055,41034,140000,140000,140000,1,1
2017-12-02,10000055,41057,5600000,5600000,5600000,5,5
2017-12-02,10000055,41155,16000,16000,16000,5,5
2017-12-02,10000055,41218,33000000,33000000,33000000,2,2
2017-12-02,10000055,41236,31000000,31000000,31000000,1,1
2017-12-02,10000055,41238,61400000,61400000,61400000,1,1
2017-12-02,10000055,41332,1850000,1850000,1850000,6,1
2017-12-02,10000055,41334,2350000.04,2350000.04,2350000.04,6,1
2017-12-02,10000055,41336,2150000.04,2150000.04,2150000.04,6,1
2017-12-02,10000055,41411,42333333.17,39000000,44000000,6,6
2017-12-02,10000055,41415,165839499.83,165839000,165840000,12,6
2017-12-02,10000055,41486,21600000,21600000,21600000,1,1
2017-12-02,10000055,41489,9300,9300,9300,158,2
2017-12-02,10000055,41490,1272999.79,1272999.79,1272999.79,405,7
2017-12-02,10000055,41491,39537000,39537000,39537000,3,2
2017-12-02,10000055,41507,211199000,211199000,211199000,1,1
2017-12-02,10000055,42244,62999000,62999000,62999000,2,2
2017-12-02,10000055,42695,850.01,850.01,850.01,583,1
2017-12-02,10000055,42696,850.02,850.02,850.02,583,1
2017-12-02,10000055,42829,750.01,750.01,750.01,25332,3
2017-12-02,10000055,42830,729.99,729.99,729.99,25832,6
2017-12-02,10000055,42831,730,730,730,20032,1
2017-12-02,10000055,42838,900,900,900,300,1
2017-12-02,10000055,42839,949.98,949.98,949.98,296,1
2017-12-02,10000055,42840,899.99,899.99,899.99,300,1
2017-12-02,10000055,42890,91200000,91200000,91200000,1,1
2017-12-02,10000055,43551,6580999.96,6580999.96,6580999.96,6,2
2017-12-02,10000055,43555,3000000.03,3000000.03,3000000.03,2,1
2017-12-02,10000055,43556,4000000,4000000,4000000,2,1
2017-12-02,10000055,43702,499999.99,499999.99,499999.99,7,1
2017-12-02,10000055,43703,24999999.94,24999999.94,24999999.94,1,1
2017-12-02,10000055,43896,1749999.99,1749999.99,1749999.99,1,1
2017-12-02,10000055,44992,3499986,3499986,3499986,1333,6
2017-12-02,10000055,45593,35000000,35000000,35000000,1,1
2017-12-02,10000055,45596,45000000.02,45000000.02,45000000.02,1,1
2017-12-02,10000055,45604,30000000,30000000,30000000,1,1
2017-12-02,10000055,45609,56400000.01,56400000.01,56400000.01,1,1
2017-12-02,10000055,45613,42000000,42000000,42000000,2,2
2017-12-02,10000055,45617,63500000,63500000,63500000,1,1
2017-12-02,10000055,45619,64100000.01,64100000.01,64100000.01,1,1
2017-12-02,10000055,45620,44600000,44600000,44600000,1,1
2017-12-02,10000055,45629,33499996.9,33499996.9,33499996.9,1,1
2017-12-02,10000055,45633,44700000,44700000,44700000,1,1
2017-12-02,10000055,45635,225000000,225000000,225000000,1,1
2017-12-02,10000055,45746,1300000,1300000,1300000,2,1
2017-12-02,10000055,45748,6100000,6100000,6100000,2,1
2017-12-02,10000055,45749,32000000,32000000,32000000,2,1
2017-12-02,10000055,46001,2000000,2000000,2000000,1,1
2017-12-02,10000055,46002,9999887.97,9999887.97,9999887.97,1,1
2017-12-02,10000055,46153,22000000,22000000,22000000,2,1
2017-12-02,10000055,46155,30000000,30000000,30000000,1,1
2017-12-02,10000055,46156,33000000,33000000,33000000,1,1
2017-12-02,10000055,46355,915094.34,850000,1000000,53,3
2017-12-02,10000055,46365,1000000,999999.99,1000000,23,2
2017-12-02,10000055,46367,671929.82,450000,1000000,57,3
2017-12-02,10000055,46369,915094.34,850000,1000000,53,3
2017-12-02,10000055,46371,1000000,1000000,1000000,19,1
2017-12-02,10000056,34,4.5,4.5,4.5,10000000,1
2017-12-02,10000056,205,180,180,180,3244501,3
2017-12-02,10000056,380,674999.74,599999,699999.98,4,3
2017-12-02,10000056,440,5999999,5999999,5999999,1,1
2017-12-02,10000056,448,1899999.98,1899999.98,1899999.98,1,1
2017-12-02,10000056,594,440000,440000,440000,1,1
2017-12-02,10000056,626,9450000,9450000,9450000,1,1
2017-12-02,10000056,652,1450000,1450000,1450000,1,1
2017-12-02,10000056,655,1500000,1500000,1500000,1,1
2017-12-02,10000056,657,3999999.99,3999999.99,3999999.99,1,1
2017-12-02,10000056,1236,1000000,1000000,1000000,1,1
2017-12-02,10000056,1248,1599999.99,1599999.98,1599999.99,2,2
2017-12-02,10000056,1319,912499.74,649999,999999.99,8,3
2017-12-02,10000056,1335,939999.79,699999,999999.99,5,3
2017-12-02,10000056,1403,50000,50000,50000,1,1
2017-12-02,10000056,1405,1099999.99,700000,1299999.99,6,4
2017-12-02,10000056,1447,999999.98,999999.98,999999.98,13,4
2017-12-02,10000056,1877,500000.01,500000.01,500000.01,6,1
2017-12-02,10000056,2038,1999999.99,1999999.99,1999999.99,1,1
2017-12-02,10000056,2048,1174999.74,799999,1299999.99,4,3
2017-12-02,10000056,2175,1499999.99,1499999.99,1499999.99,4,1
2017-12-02,10000056,2185,1499999.99,1499999.99,1499999.99,4,1
2017-12-02,10000056,2281,5999000.01,5999000.01,5999000.01,3,3
2017-12-02,10000056,2301,1699999,1699999,1699999,1,1
2017-12-02,10000056,2410,1899999.99,1899999.99,1899999.99,6,1
2017-12-02,10000056,2420,7999999.98,7999999.98,7999999.98,6,1
2017-12-02,10000056,2456,799999.99,799999.99,799999.99,20,2
2017-12-02,10000056,2488,613300,600000,799499.99,30,5
2017-12-02,10000056,2525,2499999.91,2499999.91,2499999.91,1,1
2017-12-02,10000056,2533,1000000,1000000,1000000,2,2
2017-12-02,10000056,2534,4000000,4000000,4000000,1,1
2017-12-02,10000056,2549,1999999.91,1999999.91,1999999.91,2,2
2017-12-02,10000056,2550,1966666.61,1900000,1999999.91,3,3
2017-12-02,10000056,2551,1999999.99,1999999.99,1999999.99,2,2
2017-12-02,10000056,2553,1999999.98,1999999.98,1999999.98,2,2
2017-12-02,10000056,2605,699833.16,698999,699999.99,6,6
2017-12-02,10000056,3082,3000000,3000000,3000000,1,1
2017-12-02,10000056,3170,899999.98,899999.98,899999.98,3,1
2017-12-02,10000056,3244,1699999.98,1699999.98,1699999.98,1,1
2017-12-02,10000056,3296,150000,150000,150000,5,1
2017-12-02,10000056,3325,1999999.98,1999999.98,1999999.98,1,1
2017-12-02,10000056,3340,4999999.99,4999999.99,4999999.99,1,1
2017-12-02,10000056,3342,4999999.99,4999999.99,4999999.99,1,1
2017-12-02,10000056,3504,3999999.99,3999999.99,3999999.99,1,1
2017-12-02,10000056,3568,1999999.98,1999999.98,1999999.98,2,1
2017-12-02,10000056,3578,2999999.99,2999999.99,2999999.99,2,1
2017-12-02,10000056,3829,125000,100000,200000,4,2
2017-12-02,10000056,3831,1499999.99,1499999.99,1499999.99,1,1
2017-12-02,10000056,3888,1999999.98,1999999.98,1999999.98,1,1
2017-12-02,10000056,3995,4799999.98,4000000,4999999.98,5,2
2017-12-02,10000056,4025,399999,399999,399999,1,1
2017-12-02,10000056,4246,21480,21480,21480,41060,5
2017-12-02,10000056,4254,1399999.99,1399999.99,1399999.99,2,1
2017-12-02,10000056,4349,359999999.99,359999999.99,359999999.99,1,1
2017-12-02,10000056,4405,2499999.98,2499999.98,2499999.99,5,2
2017-12-02,10000056,4871,588888.88,588888.88,588888.88,10,3
2017-12-02,10000056,5955,999999.99,999999.99,999999.99,2,1
2017-12-02,10000056,5971,1000000,1000000,1000000,1,1
2017-12-02,10000056,5973,912500,825000,999999.99,4,4
2017-12-02,10000056,6073,299999,299999,299999,1,1
2017-12-02,10000056,6160,499999.98,499999.98,499999.98,1,1
2017-12-02,10000056,8117,499999.99,499999.99,499999.99,9,3
2017-12-02,10000056,8517,3999999.99,3999999.99,3999999.99,2,1
2017-12-02,10000056,8529,699999.99,699999.99,699999.99,2,1
2017-12-02,10000056,9632,999999.98,999999.98,999999.98,3,2
2017-12-02,10000056,9832,7000,7000,7000,2000,1
2017-12-02,10000056,10208,25999999.99,25999999.99,25999999.99,1,1
2017-12-02,10000056,10212,25999999.99,25999999.99,25999999.99,1,1
2017-12-02,10000056,10216,25999999.99,25999999.99,25999999.99,1,1
2017-12-02,10000056,10221,25999999.99,25999999.99,25999999.99,1,1
2017-12-02,10000056,10225,25999999.99,25999999.99,25999999.99,1,1
2017-12-02,10000056,10842,3999999,3999999,3999999,1,1
2017-12-02,10000056,10850,1299999.99,1299999.99,1299999.99,4,2
2017-12-02,10000056,10998,347500,195000,499999.99,8,3
2017-12-02,10000056,11178,44999999.99,44999999.98,44999999.99,2,2
2017-12-02,10000056,11563,499999.99,499999.99,499999.99,2,2
2017-12-02,10000056,11577,4999999.98,4999999.98,4999999.98,1,1
2017-12-02,10000056,11578,6625000,6500000,7000000,4,3
2017-12-02,10000056,11584,200000,200000,200000,1,1
2017-12-02,10000056,11646,1999999,1999999,1999999,1,1
2017-12-02,10000056,12058,5000000,5000000,5000000,1,1
2017-12-02,10000056,12263,8999999.99,8999999.99,8999999.99,3,2
2017-12-02,10000056,12271,6999999.98,6999999.98,6999999.98,6,2
2017-12-02,10000056,12305,999999.98,999999.98,999999.98,1,1
2017-12-02,10000056,12612,70,70,70,1000,1
2017-12-02,10000056,12614,99.98,99.98,99.98,1500,2
2017-12-02,10000056,12733,269999999.99,269999999.99,269999999.99,1,1
2017-12-02,10000056,12775,599.99,599.99,599.99,4000,1
2017-12-02,10000056,12779,799.99,799.99,799.99,16000,3
2017-12-02,10000056,13001,3499999.99,3499999.99,3499999.99,2,1
2017-12-02,10000056,13216,26999999.98,26999999.98,26999999.98,3,2
2017-12-02,10000056,13261,26999999.98,26999999.98,26999999.98,9,7
2017-12-02,10000056,13994,5000000,5000000,5000000,2,1
2017-12-02,10000056,14072,44999999.99,44999999.99,44999999.99,2,1
2017-12-02,10000056,15510,125459.43,125459.43,125459.43,3,1
2017-12-02,10000056,16272,700,700,700,22500,1
2017-12-02,10000056,16273,99.98,99.98,99.98,4000,3
2017-12-02,10000056,16644,5000,5000,5000,5000,1
2017-12-02,10000056,16646,7760,7760,7760,5000,3
2017-12-02,10000056,16647,9220,9220,9220,5000,2
2017-12-02,10000056,16648,6090,6090,6090,5000,2
2017-12-02,10000056,17366,2500000,2500000,2500000,2,1
2017-12-02,10000056,17738,500000000,500000000,500000000,1,1
2017-12-02,10000056,17888,999.99,999.99,999.99,50000,1
2017-12-02,10000056,17889,849.99,849.99,849.99,90000,4
2017-12-02,10000056,17938,699999.99,699999.99,699999.99,1,1
2017-12-02,10000056,19187,49999999.99,49999999.99,49999999.99,1,1
2017-12-02,10000056,19208,129999999.99,129999999.99,129999999.99,1,1
2017-12-02,10000056,19225,19999999.98,19999999.98,19999999.98,1,1
2017-12-02,10000056,19301,199999999.99,199999999.99,199999999.99,1,1
2017-12-02,10000056,21096,2499999.99,2499999.99,2499999.99,1,1
2017-12-02,10000056,21640,1157699.8,1000000,1199000,20,4
2017-12-02,10000056,22175,500000,500000,500000,1,1
2017-12-02,10000056,23025,999.99,999.99,999.99,1100,2
2017-12-02,10000056,23061,3500000,3500000,3500000,22,3
2017-12-02,10000056,23527,1000000,1000000,1000000,2,1
2017-12-02,10000056,23707,99999.99,99999.99,99999.99,5,1
2017-12-02,10000056,23911,1299000000,1299000000,1299000000,1,1
2017-12-02,10000056,24395,250000,250000,250000,1,1
2017-12-02,10000056,24417,2499999.98,2499999.98,2499999.98,1,1
2017-12-02,10000056,24495,199.99,199.99,199.99,30500,2
2017-12-02,10000056,24531,555,555,555,3000,1
2017-12-02,10000056,24533,785,785,785,100000,1
2017-12-02,10000056,24541,700,700,700,10000,1
2017-12-02,10000056,25603,38000,38000,38000,405,2
2017-12-02,10000056,25861,750000,750000,750000,5,1
2017-12-02,10000056,27127,1299999.98,1299999.98,1299999.98,1,1
2017-12-02,10000056,27339,2499.98,2499.98,2499.98,300,3
2017-12-02,10000056,27345,2499.98,2499.98,2499.98,1300,3
2017-12-02,10000056,27351,2499.99,2499.99,2499.99,1320,4
2017-12-02,10000056,27359,2499.98,2499.98,2499.98,6320,5
2017-12-02,10000056,27371,750,200.01,1299.98,4000,2
2017-12-02,10000056,27381,200.01,200.01,200.01,1000,1
2017-12-02,10000056,27387,750,200.01,1299.98,4000,2
2017-12-02,10000056,27395,2165,2165,2165,22500,4
2017-12-02,10000056,27435,1499.98,1499.98,1499.98,1000,1
2017-12-02,10000056,27912,1499999.97,1499999,1500000,75,20
2017-12-02,10000056,27914,1999999.98,1999999.98,1999999.98,9,5
2017-12-02,10000056,27916,1500000,1500000,1500000,65,23
2017-12-02,10000056,27918,1500000,1500000,1500000,52,17
2017-12-02,10000056,27920,1499999.38,1499999,1500000,34,12
2017-12-02,10000056,27922,999999.99,999999.99,999999.99,8,3
2017-12-02,10000056,27924,999999.99,999999.99,999999.99,32,7
2017-12-02,10000056,28215,1100000,1100000,1100000,10,1
2017-12-02,10000056,28576,1499213.34,1499213.34,1499213.34,3,1
2017-12-02,10000056,28668,34999.99,34999.99,34999.99,300,2
2017-12-02,10000056,29001,20000,20000,20000,2,1
2017-12-02,10000056,30013,40000,40000,40000,80,1
2017-12-02,10000056,30486,899999.99,899999.99,899999.99,8,1
2017-12-02,10000056,31125,11999999.98,11999999.98,11999999.98,3,2
2017-12-02,10000056,31153,599999.99,599999.99,599999.99,3,2
2017-12-02,10000056,31173,8999999.98,8999999.98,8999999.98,3,1
2017-12-02,10000056,31177,600000,600000,600000,1,1
2017-12-02,10000056,31358,999999.99,999999.99,999999.99,1,1
2017-12-02,10000056,31372,1999999.99,1999999.99,1999999.99,6,2
2017-12-02,10000056,31378,24900000,24900000,24900000,2,1
2017-12-02,10000056,31412,5999999.99,5999999.99,5999999.99,2,1
2017-12-02,10000056,31532,2999999.98,2999999.98,2999999.98,1,1
2017-12-02,10000056,31888,1999999.98,1999999.98,1999999.98,10,2
2017-12-02,10000056,31890,2000000,2000000,2000000,5,1
2017-12-02,10000056,31892,3999999.76,3999998,3999999.99,26,9
2017-12-02,10000056,31894,3999192.55,3997997,3999989.58,5,3
2017-12-02,10000056,31924,3999999.99,3999999.99,3999999.99,1,1
2017-12-02,10000056,31982,100000,100000,100000,20,1
2017-12-02,10000056,32014,399999.99,399999.99,399999.99,20,2
2017-12-02,10000056,32772,999999.99,999999.99,999999.99,1,1
2017-12-02,10000056,32787,200000,200000,200000,5,1
2017-12-02,10000056,32878,1999999.98,1999999.98,1999999.98,1,1
2017-12-02,10000056,33180,499999.99,499999.99,499999.99,1,1
2017-12-02,10000056,33475,10552631.52,9500000,10999999.99,19,7
2017-12-02,10000056,33681,92000000,92000000,92000000,3,1
2017-12-02,10000056,33824,1807692.3,1500000,1999999.99,13,5
2017-12-02,10000056,33828,19999999.99,19999999.99,19999999.99,1,1
2017-12-02,10000056,33844,149999999.99,149999999.99,149999999.99,4,1
2017-12-02,10000056,33896,9999999.99,9999999.99,9999999.99,3,1
2017-12-02,10000056,35658,700000,700000,700000,1,1
2017-12-02,10000056,35659,5000,5000,5000,1,1
2017-12-02,10000056,35660,699999.99,699999.99,699999.99,2,1
2017-12-02,10000056,35662,999999.99,999999.99,999999.99,1,1
2017-12-02,10000056,36910,7499999,7499999,7499999,1,1
2017-12-02,10000056,37288,85000000,85000000,85000000,3,3
2017-12-02,10000056,37606,1299999999.99,1299999999.99,1299999999.99,1,1
2017-12-02,10000056,40357,159999998,159999998,159999998,3,1
2017-12-02,10000056,40559,13800000,13000000,17000000,30,5
2017-12-02,10000056,41030,1000000000,1000000000,1000000000,5,1
2017-12-02,10000056,41218,34999999.98,34999999.98,34999999.98,2,2
2017-12-02,10000056,41411,50000000,50000000,50000000,1,1
2017-12-02,10000056,41415,174999999,174999999,174999999,4,1
2017-12-02,10000056,41489,99999.99,99999.99,99999.99,20,1
2017-12-02,10000057,34,5.55,5.55,5.55,3967698,6
2017-12-02,10000057,35,5,5,5,1024185,5
2017-12-02,10000057,36,65,65,65,234040,6
2017-12-02,10000057,37,42.74,42.74,42.74,53275,2
2017-12-02,10000057,38,313.98,313.98,313.98,8472,3
2017-12-02,10000057,39,960,960,960,21888,7
2017-12-02,10000057,40,1050,1050,1050,2535,6
2017-12-02,10000057,230,60,60,60,1000,1
2017-12-02,10000057,380,1199999.99,1199999.99,1199999.99,1,1
2017-12-02,10000057,482,1000000,1000000,1000000,3,1
2017-12-02,10000057,527,1494000,1494000,1494000,2,1
2017-12-02,10000057,603,3500000,3500000,3500000,1,1
2017-12-02,10000057,627,11999999.99,11999999.99,11999999.99,1,1
2017-12-02,10000057,650,1999999.99,1999999.99,1999999.99,2,2
2017-12-02,10000057,785,92720,92720,92720,1,1
2017-12-02,10000057,1317,999998,999998,999998,5,1
2017-12-02,10000057,2032,2500000,2500000,2500000,1,1
2017-12-02,10000057,2038,2750000,2750000,2750000,1,1
2017-12-02,10000057,2281,3420000,3420000,3420000,1,1
2017-12-02,10000057,2397,400,400,400,3340,1
2017-12-02,10000057,2399,670,670,670,3000,1
2017-12-02,10000057,2454,25000,25000,25000,5,1
2017-12-02,10000057,2456,1000000,1000000,1000000,14,3
2017-12-02,10000057,3039,390000000,390000000,390000000,1,1
2017-12-02,10000057,3184,1630000,1630000,1630000,1,1
2017-12-02,10000057,3355,999999,999999,999999,1,1
2017-12-02,10000057,3423,75000,75000,75000,2,2
2017-12-02,10000057,3433,100000,100000,100000,1,1
2017-12-02,10000057,4405,2195000,2195000,2195000,3,1
2017-12-02,10000057,9632,888888,888888,888888,1,1
2017-12-02,10000057,9826,385.88,385.88,385.88,5,1
2017-12-02,10000057,9899,11000000,11000000,11000000,1,1
2017-12-02,10000057,9941,11000000,11000000,11000000,1,1
2017-12-02,10000057,9942,11000000,11000000,11000000,1,1
2017-12-02,10000057,9943,11000000,11000000,11000000,1,1
2017-12-02,10000057,9956,11000000,11000000,11000000,1,1
2017-12-02,10000057,10246,275000,200000,500000,12,3
2017-12-02,10000057,10247,19986000,19986000,19986000,1,1
2017-12-02,10000057,11130,50000,50000,50000,1,1
2017-12-02,10000057,11640,1190000,1190000,1190000,1,1
2017-12-02,10000057,12068,4700000,4700000,4700000,1,1
2017-12-02,10000057,12612,150,150,150,2000,1
2017-12-02,10000057,16069,600000,600000,600000,1,1
2017-12-02,10000057,16266,460000,460000,460000,5,1
2017-12-02,10000057,16267,460000,460000,460000,8,1
2017-12-02,10000057,16273,112.99,112.99,112.99,2200,5
2017-12-02,10000057,16278,2000000,2000000,2000000,2,1
2017-12-02,10000057,16467,1500000,1500000,1500000,4,2
2017-12-02,10000057,17429,4477.74,4477.74,4477.74,136,1
2017-12-02,10000057,17455,61.73,61.73,61.73,34285,1
2017-12-02,10000057,17459,46.91,46.91,46.91,870,1
2017-12-02,10000057,17470,13.37,13.37,13.37,47390,1
2017-12-02,10000057,17477,2000000000,2000000000,2000000000,1,1
2017-12-02,10000057,17480,20000000,20000000,20000000,1,1
2017-12-02,10000057,17482,1500000,1500000,1500000,2,1
2017-12-02,10000057,17483,16130080,16130080,16130080,6,2
2017-12-02,10000057,17975,230000,230000,230000,22,2
2017-12-02,10000057,20308,123.13,123.13,123.13,6000,2
2017-12-02,10000057,21096,3900000,3900000,3900000,1,1
2017-12-02,10000057,21603,10000000,10000000,10000000,1,1
2017-12-02,10000057,22175,121000,121000,121000,1,1
2017-12-02,10000057,22291,1899999.99,1899999.99,1899999.99,3,1
2017-12-02,10000057,22536,75000,75000,75000,1,1
2017-12-02,10000057,22542,2000000,2000000,2000000,1,1
2017-12-02,10000057,22543,250000,250000,250000,1,1
2017-12-02,10000057,22552,400000,400000,400000,1,1
2017-12-02,10000057,25589,3500,3500,3500,31,2
2017-12-02,10000057,25590,80000.98,80000,80001.01,40,7
2017-12-02,10000057,25591,120000,120000,120000,136,8
2017-12-02,10000057,25594,1000,1000,1000,4,1
2017-12-02,10000057,25595,19000,19000,19000,5,1
2017-12-02,10000057,25596,23600,23600,23600,107,7
2017-12-02,10000057,25597,4000,4000,4000,109,7
2017-12-02,10000057,25598,8000,8000,8000,117,6
2017-12-02,10000057,25599,800,800,800,117,5
2017-12-02,10000057,25600,23500,23500,23500,137,6
2017-12-02,10000057,25601,4000,4000,4000,98,7
2017-12-02,10000057,25603,45000,45000,45000,8,1
2017-12-02,10000057,25604,10000,10000,10000,53,6
2017-12-02,10000057,25605,20000,20000,20000,10,4
2017-12-02,10000057,25615,2000000,2000000,2000000,4,1
2017-12-02,10000057,25616,8000,8000,8000,2,1
2017-12-02,10000057,25618,20000,20000,20000,13,1
2017-12-02,10000057,25620,35000,35000,35000,11,1
2017-12-02,10000057,25707,666666,666666,666666,4,1
2017-12-02,10000057,25861,78000,78000,78000,3,1
2017-12-02,10000057,28353,3000000000,3000000000,3000000000,3,2
2017-12-02,10000057,28576,1376000,1200000,1420000,5,2
2017-12-02,10000057,28578,1250000,1250000,1250000,3,2
2017-12-02,10000057,29336,58000000,58000000,58000000,2,1
2017-12-02,10000057,31213,200000,200000,200000,2,1
2017-12-02,10000057,31668,195250,195250,195250,3,1
2017-12-02,10000057,31718,2499999.99,2499999.99,2499999.99,4,1
2017-12-02,10000057,31790,3400000,3400000,3400000,7,2
2017-12-02,10000057,32787,80000,80000,80000,6,1
2017-12-02,10000057,32880,1494997.99,1494997.99,1494997.99,1,1
2017-12-02,10000057,32881,2825000,2825000,2825000,10,1
2017-12-02,10000057,32982,29986000,29986000,29986000,1,1
2017-12-02,10000057,33517,1000000,1000000,1000000,1,1
2017-12-02,10000057,35656,699999.99,699999.99,699999.99,1,1
2017-12-02,10000057,42880,10000000,10000000,10000000,1,1
2017-12-02,10000057,42881,10000000,10000000,10000000,1,1
2017-12-02,10000057,42882,10000000,10000000,10000000,1,1
2017-12-02,10000057,43544,2000000,2000000,2000000,1,1
2017-12-02,10000057,43911,30000000,30000000,30000000,1,1
2017-12-02,10000057,44992,3300000.01,3300000.01,3300000.01,640,2
2017-12-02,10000057,45497,1657.58,1657.58,1657.58,12453,3
2017-12-02,10000057,45498,2763.74,2763.74,2763.74,679,1
2017-12-02,10000057,45504,4777.66,4777.66,4777.66,26949,31
2017-12-02,10000057,46308,5494.31,5494.31,5494.31,29033,12
2017-12-02,10000057,46361,10000000,10000000,10000000,1,1
2017-12-02,10000057,46371,800000,800000,800000,4,1
2017-12-02,10000057,46372,3000000,3000000,3000000,2,1
2017-12-02,10000057,46677,3650.81,3650.81,3650.81,456,2
2017-12-02,10000058,34,4,4,4,11923273,1
2017-12-02,10000058,35,3.98,3.98,3.98,17166665,6
2017-12-02,10000058,36,70,70,70,1260396,1
2017-12-02,10000058,37,52.29,52.29,52.29,45509,2
2017-12-02,10000058,206,20,20,20,700,1
2017-12-02,10000058,207,35,35,35,1000,1
2017-12-02,10000058,209,550.5,550.5,550.5,8500,3
2017-12-02,10000058,246,5000,5000,5000,5,1
2017-12-02,10000058,394,1000000.01,1000000.01,1000000.01,1,1
2017-12-02,10000058,440,4757867.49,4599999,5044669.73,5,4
2017-12-02,10000058,448,2048571.43,1920000,2100000,7,6
2017-12-02,10000058,456,275000,275000,275000,5,1
2017-12-02,10000058,483,100000,100000,100000,2,1
2017-12-02,10000058,499,70000,70000,70000,4,1
2017-12-02,10000058,519,1169589.13,989999,1200000,15,8
2017-12-02,10000058,527,1142857.14,1140000,1150000,7,4
2017-12-02,10000058,568,450000,450000,450000,7,2
2017-12-02,10000058,573,2100000,2100000,2100000,7,1
2017-12-02,10000058,585,575000,575000,575000,1,1
2017-12-02,10000058,592,450000,450000,450000,5,2
2017-12-02,10000058,593,400000,400000,400000,1,1
2017-12-02,10000058,597,850000,850000,850000,2,2
2017-12-02,10000058,602,537499.89,537499.89,537499.89,1,1
2017-12-02,10000058,607,1575000,650000,2500000,2,2
2017-12-02,10000058,608,500000,500000,500000,1,1
2017-12-02,10000058,609,300000,300000,300000,1,1
2017-12-02,10000058,621,6999999.99,6999999.99,6999999.99,3,3
2017-12-02,10000058,622,1500000,1500000,1500000,3,1
2017-12-02,10000058,624,8800000,8800000,8800000,1,1
2017-12-02,10000058,627,5000000,5000000,5000000,1,1
2017-12-02,10000058,629,9000000,9000000,9000000,1,1
2017-12-02,10000058,639,120000000,120000000,120000000,2,1
2017-12-02,10000058,652,1499999.99,1499999.99,1499999.99,5,3
2017-12-02,10000058,654,1500000,1500000,1500000,2,2
2017-12-02,10000058,655,1388888.89,1300000,1400000,9,2
2017-12-02,10000058,656,1100000,1000000,1200000,2,2
2017-12-02,10000058,657,2000000,2000000,2000000,1,1
2017-12-02,10000058,1182,50000,50000,50000,2,2
2017-12-02,10000058,1183,877272.64,877272.64,877272.64,1,1
2017-12-02,10000058,1284,95000,95000,95000,1,1
2017-12-02,10000058,1286,450000,450000,450000,1,1
2017-12-02,10000058,1304,85000,85000,85000,6,3
2017-12-02,10000058,1317,32650,1500,35000,10,3
2017-12-02,10000058,1319,865017.38,780000,1150000,25,11
2017-12-02,10000058,1355,740000,740000,740000,1,1
2017-12-02,10000058,1405,843451.57,640000,1000000,23,10
2017-12-02,10000058,1422,1090812.43,996562.51,1232187.31,5,2
2017-12-02,10000058,1447,922987.02,560000,995584.42,6,2
2017-12-02,10000058,1541,1180000,1000000,1240000,23,13
2017-12-02,10000058,1553,1200000,1200000,1200000,3,3
2017-12-02,10000058,1563,500000,500000,500000,1,1
2017-12-02,10000058,1875,125000,125000,125000,10,1
2017-12-02,10000058,1877,1828571.43,1200000,2800000,18,5
2017-12-02,10000058,1944,1200000,1200000,1200000,1,1
2017-12-02,10000058,1952,1413157.89,1400000,1450000,19,7
2017-12-02,10000058,1969,1850000,1850000,1850000,1,1
2017-12-02,10000058,1978,1261538.46,1000000,1340000,13,2
2017-12-02,10000058,1999,1194444.44,1150000,1200000,9,5
2017-12-02,10000058,2024,1500000,1500000,1500000,1,1
2017-12-02,10000058,2032,744615.38,700000,1000000,13,5
2017-12-02,10000058,2048,587313.16,500000,650000,29,24
2017-12-02,10000058,2109,1500000,1500000,1500000,1,1
2017-12-02,10000058,2175,1600000,1600000,1600000,5,2
2017-12-02,10000058,2183,109321,109321,109321,2,1
2017-12-02,10000058,2185,1127383.27,1081485.09,1210000,28,3
2017-12-02,10000058,2205,698998.04,650000,858593.75,17,3
2017-12-02,10000058,2281,3207643.88,2900000,3300000,31,15
2017-12-02,10000058,2299,1922743.05,1717361.1,2128125,4,3
2017-12-02,10000058,2301,2028349.85,1999999.5,2121249.69,4,4
2017-12-02,10000058,2303,1776137.82,1726706.98,1874999.5,3,3
2017-12-02,10000058,2333,2100000,2100000,2100000,2,1
2017-12-02,10000058,2364,1441666.66,1150000,1499999.99,12,2
2017-12-02,10000058,2436,2799999.73,2642499.99,3249999,27,3
2017-12-02,10000058,2446,1850000,1850000,1850000,32,1
2017-12-02,10000058,2454,42500.01,42500.01,42500.01,20,1
2017-12-02,10000058,2456,591841.84,419000,599999.99,19,4
2017-12-02,10000058,2466,673469.56,647187.49,686610.59,15,2
2017-12-02,10000058,2488,582500,465000,700000,30,7
2017-12-02,10000058,2524,450000,450000,450000,2,2
2017-12-02,10000058,2531,1700000.44,1700000.44,1700000.44,2,1
2017-12-02,10000058,2539,1181464.33,1100000,1222196.5,3,2
2017-12-02,10000058,2547,1875012,1875012,1875012,2,1
2017-12-02,10000058,2553,1414752.22,1200000,2073809.52,8,4
2017-12-02,10000058,2563,1950000,1950000,1950000,4,1
2017-12-02,10000058,2567,2044285.71,2040000,2050000,7,2
2017-12-02,10000058,2571,1700000,1700000,1700000,4,1
2017-12-02,10000058,2605,714088.27,350000,999089.74,17,9
2017-12-02,10000058,2873,749000,749000,749000,14,1
2017-12-02,10000058,2897,1300000,1300000,1300000,5,1
2017-12-02,10000058,2969,2503846.12,2503846.12,2503846.12,1,1
2017-12-02,10000058,2977,1200000,1200000,1200000,7,2
2017-12-02,10000058,2998,58000000,58000000,58000000,1,1
2017-12-02,10000058,3033,1036198.89,1036198.89,1036198.89,2,1
2017-12-02,10000058,3074,1500000,1500000,1500000,2,1
2017-12-02,10000058,3082,2600000,2600000,2600000,6,2
2017-12-02,10000058,3178,690420,690420,690420,5,1
2017-12-02,10000058,3186,5500000,5500000,5500000,7,1
2017-12-02,10000058,3244,1926663,1600000.01,2253326,4,4
2017-12-02,10000058,3296,50000,50000,50000,2,1
2017-12-02,10000058,3297,10000,10000,10000,3,1
2017-12-02,10000058,3302,10000000.04,10000000.04,10000000.04,1,1
2017-12-02,10000058,3304,10000000.04,10000000.04,10000000.04,1,1
2017-12-02,10000058,3305,10000000.04,10000000.04,10000000.04,1,1
2017-12-02,10000058,3308,9900000,9900000,9900000,1,1
2017-12-02,10000058,3317,10000000.03,10000000.03,10000000.03,1,1
2017-12-02,10000058,3331,10000000.04,10000000.04,10000000.04,1,1
2017-12-02,10000058,3335,10000000.04,10000000.04,10000000.04,1,1
2017-12-02,10000058,3336,19000000,19000000,19000000,1,1
2017-12-02,10000058,3339,9900000.01,9900000.01,9900000.01,1,1
2017-12-02,10000058,3350,9900000.01,9900000.01,9900000.01,1,1
2017-12-02,10000058,3355,10000000.1,10000000.1,10000000.1,1,1
2017-12-02,10000058,3356,10000000.04,10000000.04,10000000.04,1,1
2017-12-02,10000058,3357,10000000.04,10000000.04,10000000.04,1,1
2017-12-02,10000058,3358,10000000.04,10000000.04,10000000.04,1,1
2017-12-02,10000058,3361,10000000.02,10000000.02,10000000.02,1,1
2017-12-02,10000058,3451,10000000.04,10000000.04,10000000.04,1,1
2017-12-02,10000058,3452,5000000,5000000,5000000,2,2
2017-12-02,10000058,3496,2135484.2,2020998.09,2192727.26,3,2
2017-12-02,10000058,3504,2600000,2600000,2600000,1,1
2017-12-02,10000058,3520,2325000,1900000,2750000,10,2
2017-12-02,10000058,3530,1624999.99,1250000,1999999.97,2,2
2017-12-02,10000058,3540,2350000,2350000,2350000,3,3
2017-12-02,10000058,3578,2450000,2450000,2450000,4,1
2017-12-02,10000058,3829,500000,500000,500000,4,2
2017-12-02,10000058,3831,947916.67,750000,987500,6,3
2017-12-02,10000058,3841,1681450.26,1500000,2100000,18,11
2017-12-02,10000058,3888,1299226.73,1297680.19,1300000,3,2
2017-12-02,10000058,3898,15500000,15500000,15500000,3,3
2017-12-02,10000058,4025,500000.01,500000.01,500000.01,1,1
2017-12-02,10000058,4051,22500,22500,22500,5000,1
2017-12-02,10000058,4247,21100,21100,21100,5000,1
2017-12-02,10000058,4260,1540000,1540000,1540000,1,1
2017-12-02,10000058,4312,21060,21060,21060,5000,2
2017-12-02,10000058,4383,2325000,2300000,2350000,2,2
2017-12-02,10000058,4393,60000,60000,60000,4,1
2017-12-02,10000058,4403,550000,550000,550000,1,1
2017-12-02,10000058,4405,1809445.54,1367364.13,2100000,20,9
2017-12-02,10000058,4573,899889,899889,899889,6,2
2017-12-02,10000058,4831,6000,6000,6000,1,1
2017-12-02,10000058,5141,250000,250000,250000,2,1
2017-12-02,10000058,5239,100000,100000,100000,2,1
2017-12-02,10000058,5245,20000,20000,20000,2,1
2017-12-02,10000058,5302,700000,700000,700000,1,1
2017-12-02,10000058,5405,50000,50000,50000,1,1
2017-12-02,10000058,5647,50000,50000,50000,5,2
2017-12-02,10000058,5839,1800000,1800000,1800000,3,3
2017-12-02,10000058,5955,245000,245000,245000,2,2
2017-12-02,10000058,5971,83000,26000,300000,6,4
2017-12-02,10000058,5973,1350000,550000,1750000,3,3
2017-12-02,10000058,5975,186595.06,50000,355113.64,5,4
2017-12-02,10000058,6160,75000,75000,75000,2,1
2017-12-02,10000058,6921,500000,500000,500000,5,1
2017-12-02,10000058,7709,84838,59676,110000,2,2
2017-12-02,10000058,8105,1914996,1914996,1914996,12,1
2017-12-02,10000058,8117,200000,200000,200000,4,2
2017-12-02,10000058,8225,40000,40000,40000,6,2
2017-12-02,10000058,8529,255000,100000,875000,5,2
2017-12-02,10000058,9457,1000000,1000000,1000000,24,4
2017-12-02,10000058,9826,20,20,20,5,3
2017-12-02,10000058,9899,14303434.01,14303434.01,14303434.01,1,1
2017-12-02,10000058,9941,9910996,9910996,9910996,1,1
2017-12-02,10000058,9942,14461656.65,14461656.65,14461656.65,1,1
2017-12-02,10000058,10190,1188661.27,1171653.17,1200000,5,2
2017-12-02,10000058,10250,999999.98,900000,1099999.95,10,2
2017-12-02,10000058,10850,1102841.05,635682.1,2500000,4,3
2017-12-02,10000058,11129,133333.33,20000,190000,3,3
2017-12-02,10000058,11132,500000,500000,500000,2,2
2017-12-02,10000058,11134,125000,125000,125000,1,1
2017-12-02,10000058,11196,33000000,33000000,33000000,2,2
2017-12-02,10000058,11198,35000000,35000000,35000000,3,3
2017-12-02,10000058,11202,40000000,40000000,40000000,2,2
2017-12-02,10000058,11269,1050000,1050000,1050000,6,5
2017-12-02,10000058,11283,1750,1750,1750,500,1
2017-12-02,10000058,11285,3474.57,3474.57,3474.57,38,2
2017-12-02,10000058,11309,260000,260000,260000,1,1
2017-12-02,10000058,11325,950000,950000,950000,3,1
2017-12-02,10000058,11370,2061111,1650000,3444444,4,4
2017-12-02,10000058,11577,5333333,5000000,5666666,2,2
2017-12-02,10000058,11578,6349510.5,5975443.73,6440000,5,5
2017-12-02,10000058,11584,8999999.99,8999999.99,8999999.99,1,1
2017-12-02,10000058,11640,950000,950000,950000,1,1
2017-12-02,10000058,11642,1500000.44,1500000.44,1500000.44,1,1
2017-12-02,10000058,11648,2400000.44,2400000.44,2400000.44,1,1
2017-12-02,10000058,11985,280000000,280000000,280000000,1,1
2017-12-02,10000058,11999,255000000,255000000,255000000,1,1
2017-12-02,10000058,12058,3608823.53,3608823.53,3608823.53,1,1
2017-12-02,10000058,12206,9900000,9900000,9900000,1,1
2017-12-02,10000058,12259,4700000.01,4700000.01,4700000.01,2,1
2017-12-02,10000058,12267,3999999,3999999,3999999,1,1
2017-12-02,10000058,12625,200,200,200,7800,1
2017-12-02,10000058,12777,250,250,250,800,1
2017-12-02,10000058,12785,250,250,250,800,1
2017-12-02,10000058,12801,200,200,200,1000,1
2017-12-02,10000058,12805,200,200,200,7500,5
2017-12-02,10000058,13119,150,150,150,700,1
2017-12-02,10000058,13216,30000000.01,30000000.01,30000000.01,1,1
2017-12-02,10000058,13279,500000,500000,500000,2,1
2017-12-02,10000058,16118,65000,65000,65000,45,3
2017-12-02,10000058,16120,35000,35000,35000,15,3
2017-12-02,10000058,16121,65000,65000,65000,24,3
2017-12-02,10000058,16122,150000,150000,150000,12,3
2017-12-02,10000058,16123,200000,200000,200000,9,3
2017-12-02,10000058,16124,1000000,1000000,1000000,45,4
2017-12-02,10000058,16125,2000000,2000000,2000000,15,3
2017-12-02,10000058,16227,45000000,45000000,45000000,1,1
2017-12-02,10000058,16240,1125000,1125000,1125000,1,1
2017-12-02,10000058,16273,99.99,99.99,99.99,266341,62
2017-12-02,10000058,16274,850,850,850,285000,2
2017-12-02,10000058,16275,2500,2500,2500,4513,9
2017-12-02,10000058,16281,868979.4,868979.4,868979.4,1,1
2017-12-02,10000058,16467,420000,420000,420000,1,1
2017-12-02,10000058,16469,100000,100000,100000,1,1
2017-12-02,10000058,16477,500000,500000,500000,2,1
2017-12-02,10000058,17366,649999.5,300000,999999,2,2
2017-12-02,10000058,17476,23720312.5,19000000,28440625,4,3
2017-12-02,10000058,17480,18200000,18200000,18200000,1,1
2017-12-02,10000058,17482,2266624.73,2228124.87,2517373.74,6,3
2017-12-02,10000058,17715,213593949.99,205000000,222187899.98,2,2
2017-12-02,10000058,17740,400000000,400000000,400000000,1,1
2017-12-02,10000058,17843,74875213.32,68426996.18,87771647.59,3,3
2017-12-02,10000058,17887,1090,1090,1090,215000,4
2017-12-02,10000058,17888,800,800,800,150000,3
2017-12-02,10000058,17889,950,950,950,35000,2
2017-12-02,10000058,17912,4805623.46,4393749.57,5217497.34,4,2
2017-12-02,10000058,17940,8000000,8000000,8000000,1,1
2017-12-02,10000058,18042,88000,88000,88000,4,1
2017-12-02,10000058,18064,150000,150000,150000,10,1
2017-12-02,10000058,18592,550000,550000,550000,6,1
2017-12-02,10000058,18594,550000,550000,550000,8,1
2017-12-02,10000058,18598,700000,700000,700000,12,1
2017-12-02,10000058,18616,95000,95000,95000,5,1
2017-12-02,10000058,18624,600000,600000,600000,14,1
2017-12-02,10000058,18639,650000,650000,650000,1,1
2017-12-02,10000058,19207,268700000.01,268700000.01,268700000.01,1,1
2017-12-02,10000058,19810,375000,375000,375000,1,1
2017-12-02,10000058,19812,150000,150000,150000,1,1
2017-12-02,10000058,19814,1000000,1000000,1000000,1,1
2017-12-02,10000058,19929,350000,350000,350000,1,1
2017-12-02,10000058,20349,850000,850000,850000,1,1
2017-12-02,10000058,20351,1450000,1450000,1450000,1,1
2017-12-02,10000058,20353,2850000,2850000,2850000,2,1
2017-12-02,10000058,21096,2175758.84,1750000,2500000,35,25
2017-12-02,10000058,21603,26499999.99,26499999.99,26499999.99,1,1
2017-12-02,10000058,21638,1512498.44,1512498.44,1512498.44,5,1
2017-12-02,10000058,21640,1385526.26,1385526.26,1385526.26,5,1
2017-12-02,10000058,21896,900,900,900,6840,6
2017-12-02,10000058,21898,550,550,550,5170,5
2017-12-02,10000058,21904,900,900,900,3000,3
2017-12-02,10000058,21922,1800,1800,1800,8699,5
2017-12-02,10000058,21924,550,550,550,1000,1
2017-12-02,10000058,22175,94166.67,75000,250000,6,4
2017-12-02,10000058,22177,160476.19,115714.29,250000,3,3
2017-12-02,10000058,22229,3900000,3900000,3900000,2,1
2017-12-02,10000058,22291,1187119.72,975000,1223271.99,10,5
2017-12-02,10000058,22456,77500000,77500000,77500000,2,1
2017-12-02,10000058,22536,9900000.01,9900000.01,9900000.01,1,1
2017-12-02,10000058,22552,9900000.01,9900000.01,9900000.01,1,1
2017-12-02,10000058,22559,55000000,55000000,55000000,1,1
2017-12-02,10000058,22778,189879.52,189879.52,189879.52,126,2
2017-12-02,10000058,22782,1125000,1125000,1125000,2,1
2017-12-02,10000058,22981,1069.02,1069.02,1069.02,2500,1
2017-12-02,10000058,22983,1128.59,1128.59,1128.59,5000,1
2017-12-02,10000058,22991,843.29,843.29,843.29,2000,1
2017-12-02,10000058,23025,1000,1000,1000,20662,11
2017-12-02,10000058,23031,1000,400,1450,5000,4
2017-12-02,10000058,23035,400,400,400,2000,1
2017-12-02,10000058,23037,1000,1000,1000,200,1
2017-12-02,10000058,23039,1000,1000,1000,1000,1
2017-12-02,10000058,23057,2750000.09,2750000.09,2750000.09,10,1
2017-12-02,10000058,23089,699999.99,500000,799999.99,15,2
2017-12-02,10000058,23097,420000,420000,420000,5,1
2017-12-02,10000058,23707,73403.46,12000,100000,39,9
2017-12-02,10000058,23729,200000,200000,200000,10,1
2017-12-02,10000058,23731,150000,150000,150000,10,1
2017-12-02,10000058,24348,1242500.05,1000000,1485000.09,4,2
2017-12-02,10000058,24395,269285.71,235000,337857.14,3,3
2017-12-02,10000058,24417,1691914.89,1650000,1859574.47,5,3
2017-12-02,10000058,24427,1499999.89,1499999.89,1499999.89,1,1
2017-12-02,10000058,24495,150,150,150,5500,3
2017-12-02,10000058,24497,100,100,100,2500,1
2017-12-02,10000058,24499,200,200,200,3500,1
2017-12-02,10000058,24513,749.99,749.99,749.99,10000,1
2017-12-02,10000058,24698,35000000,35000000,35000000,1,1
2017-12-02,10000058,24700,45000000,45000000,45000000,1,1
2017-12-02,10000058,24702,50350000,43375000,55000000,5,5
2017-12-02,10000058,25266,1200000,1200000,1200000,1,1
2017-12-02,10000058,25812,5000000,5000000,5000000,2,1
2017-12-02,10000058,25861,250000,250000,250000,16,3
2017-12-02,10000058,25896,19100000,19100000,19100000,3,3
2017-12-02,10000058,25898,16300000,16300000,16300000,2,2
2017-12-02,10000058,25956,17100000,17100000,17100000,2,2
2017-12-02,10000058,26020,6900000,6900000,6900000,1,1
2017-12-02,10000058,26088,8500000,8500000,8500000,3,1
2017-12-02,10000058,26224,25000000,25000000,25000000,1,1
2017-12-02,10000058,26892,8392999.99,8392999.99,8392999.99,2,2
2017-12-02,10000058,26929,215000,215000,215000,1,1
2017-12-02,10000058,27127,1166666.67,1000000,1200000,6,2
2017-12-02,10000058,27143,1000000,1000000,1000000,3,3
2017-12-02,10000058,27337,3000,3000,3000,1249,1
2017-12-02,10000058,27345,2250,2250,2250,1500,1
2017-12-02,10000058,27349,3000,3000,3000,1000,1
2017-12-02,10000058,27351,3000,3000,3000,1500,2
2017-12-02,10000058,27359,3000,3000,3000,1500,1
2017-12-02,10000058,27361,1400,1400,1400,5300,2
2017-12-02,10000058,27395,2100,2100,2100,2250,1
2017-12-02,10000058,27423,2100,2100,2100,1733,2
2017-12-02,10000058,27429,2100,2100,2100,1620,1
2017-12-02,10000058,27441,1100,1100,1100,17100,4
2017-12-02,10000058,27902,10000000.04,10000000.04,10000000.04,1,1
2017-12-02,10000058,28215,1200000,1200000,1200000,12,1
2017-12-02,10000058,28334,900,900,900,3000,3
2017-12-02,10000058,28391,416999.67,416999.67,416999.67,3,2
2017-12-02,10000058,28393,436699,436699,436699,38,3
2017-12-02,10000058,28576,750000,750000,750000,9,2
2017-12-02,10000058,28578,700000,700000,700000,2,1
2017-12-02,10000058,28583,50000000,50000000,50000000,1,1
2017-12-02,10000058,28646,4498696.09,4100000,5999999.83,5,3
2017-12-02,10000058,28668,28690.06,28299.42,28690.06,2700,13
2017-12-02,10000058,28670,200000,200000,200000,1,1
2017-12-02,10000058,28758,50000000,50000000,50000000,1,1
2017-12-02,10000058,28999,50000,50000,50000,1,1
2017-12-02,10000058,29005,100000,100000,100000,1,1
2017-12-02,10000058,29009,65000,65000,65000,2,1
2017-12-02,10000058,29011,38500,12000,65000,4,2
2017-12-02,10000058,29336,69999999,69999999,69999999,1,1
2017-12-02,10000058,30486,600000,600000,600000,8,1
2017-12-02,10000058,30488,648234.8,590000,764704.4,3,2
2017-12-02,10000058,30832,1200000,1200000,1200000,1,1
2017-12-02,10000058,30836,1400000,1400000,1400000,4,1
2017-12-02,10000058,30987,700000,700000,700000,7,3
2017-12-02,10000058,31009,500000,500000,500000,2,2
2017-12-02,10000058,31011,2124999.5,1999998.99,2250000,2,2
2017-12-02,10000058,31055,2700000,2400000,2800000,9,5
2017-12-02,10000058,31083,1000000,1000000,1000000,3,1
2017-12-02,10000058,31085,3711997.8,2529994.49,4500000,5,2
2017-12-02,10000058,31105,650000,650000,650000,1,1
2017-12-02,10000058,31117,232500,200000,330000,8,2
2017-12-02,10000058,31149,20000000,20000000,20000000,1,1
2017-12-02,10000058,31155,2207356.66,2207356.66,2207356.66,1,1
2017-12-02,10000058,31159,650000,650000,650000,2,1
2017-12-02,10000058,31161,2490000,2490000,2490000,2,1
2017-12-02,10000058,31165,3850000,3850000,3850000,2,1
2017-12-02,10000058,31167,17750000,17750000,17750000,1,1
2017-12-02,10000058,31171,4500000,4500000,4500000,1,1
2017-12-02,10000058,31173,14000000,14000000,14000000,1,1
2017-12-02,10000058,31177,240000,240000,240000,2,1
2017-12-02,10000058,31179,2000000,2000000,2000000,1,1
2017-12-02,10000058,31201,1598998,1598998,1598998,2,1
2017-12-02,10000058,31238,239999.96,239999.96,239999.96,2,1
2017-12-02,10000058,31358,750000,750000,750000,2,1
2017-12-02,10000058,31360,3579999.6,2800000,4499999,5,4
2017-12-02,10000058,31366,22000000,22000000,22000000,1,1
2017-12-02,10000058,31370,730555.44,730555.44,730555.44,2,1
2017-12-02,10000058,31372,1050000,1050000,1050000,12,1
2017-12-02,10000058,31378,13041666.67,9000000,15062500,3,3
2017-12-02,10000058,31478,500000,500000,500000,1,1
2017-12-02,10000058,31586,975000,975000,975000,2,1
2017-12-02,10000058,31718,368418.47,272046.18,399000,5,5
2017-12-02,10000058,31722,2535999.99,2535999.99,2535999.99,1,1
2017-12-02,10000058,31724,5325000,5100000,5400000,4,4
2017-12-02,10000058,31730,239354.71,239354.71,239354.71,1,1
2017-12-02,10000058,31742,262642.7,262642.7,262642.7,1,1
2017-12-02,10000058,31748,5100000,5100000,5100000,1,1
2017-12-02,10000058,31754,271428.57,271428.57,271428.57,2,2
2017-12-02,10000058,31760,5566666.67,5100000,6500000,3,3
2017-12-02,10000058,31788,700000,700000,700000,2,2
2017-12-02,10000058,31790,2640740.74,2550000,3000000,27,14
2017-12-02,10000058,31794,7500000,7500000,7500000,1,1
2017-12-02,10000058,31796,19500000,19500000,19500000,1,1
2017-12-02,10000058,31812,27000000,27000000,27000000,1,1
2017-12-02,10000058,31876,4499999.98,4499999.98,4499999.98,3,1
2017-12-02,10000058,31928,15000000,15000000,15000000,1,1
2017-12-02,10000058,32006,349740.21,349740.21,349740.21,10,1
2017-12-02,10000058,32014,500000,500000,500000,28,2
2017-12-02,10000058,32059,2859889.97,2859889.97,2859889.97,1,1
2017-12-02,10000058,32087,42899780,42899780,42899780,1,1
2017-12-02,10000058,32787,65000,65000,65000,5,1
2017-12-02,10000058,32819,1100000,1100000,1100000,1,1
2017-12-02,10000058,32880,483333.33,325000,800000,3,3
2017-12-02,10000058,33003,500000,500000,500000,2,1
2017-12-02,10000058,33005,250000,250000,250000,1,1
2017-12-02,10000058,33091,10000000.04,10000000.04,10000000.04,1,1
2017-12-02,10000058,33095,9900000,9900000,9900000,1,1
2017-12-02,10000058,33097,9899999.99,9899999.99,9899999.99,1,1
2017-12-02,10000058,33103,650000,650000,650000,3,3
2017-12-02,10000058,33176,355000,355000,355000,1,1
2017-12-02,10000058,33178,91000,91000,91000,1,1
2017-12-02,10000058,33180,115000,115000,115000,1,1
2017-12-02,10000058,33332,77142.86,20000,100000,28,2
2017-12-02,10000058,33450,3943508.01,3750000,4040262.01,6,2
2017-12-02,10000058,33468,90999999.99,90999999.99,90999999.99,1,1
2017-12-02,10000058,33474,1700000.01,1700000,1700000.02,2,2
2017-12-02,10000058,33475,9562500,9500000,10000000,8,4
2017-12-02,10000058,33697,41000000,41000000,41000000,1,1
2017-12-02,10000058,33824,1275000,1250000,1300000,2,2
2017-12-02,10000058,34593,19000000,19000000,19000000,4,4
2017-12-02,10000058,35656,57333.33,40000,144000,6,3
2017-12-02,10000058,35658,90000,90000,90000,2,2
2017-12-02,10000058,35659,239842.59,100000,379685.19,4,4
2017-12-02,10000058,35660,108333.33,100000,150000,6,6
2017-12-02,10000058,40346,7500000.01,7500000.01,7500000.01,4,1
2017-12-02,10000058,40358,3000000,3000000,3000000,12,1
2017-12-02,10000058,40552,10500000,10500000,10500000,7,2
2017-12-02,10000058,40558,11500000,11500000,11500000,9,1
2017-12-02,10000058,40717,125000000,125000000,125000000,1,1
2017-12-02,10000058,41057,4000000,4000000,4000000,2,2
2017-12-02,10000058,41155,50000,50000,50000,5,3
2017-12-02,10000058,41218,58800000.04,58800000.04,58800000.04,1,1
2017-12-02,10000058,41489,11931.08,11862.16,12000,200,2
2017-12-02,10000058,41490,1000000,1000000,1000000,325,4
2017-12-02,10000058,42244,60000000,60000000,60000000,1,1
2017-12-02,10000058,43551,1000000,1000000,1000000,2,1
2017-12-02,10000058,45498,3000,3000,3000,912,1
2017-12-02,10000058,45499,2500,2500,2500,908,1
2017-12-02,10000058,46152,16999999.69,16999999.69,16999999.69,1,1
2017-12-02,10000058,46153,21499999.99,21499999.99,21499999.99,1,1
2017-12-02,10000058,46154,29999999.69,29999999.69,29999999.69,1,1
2017-12-02,10000058,46155,34999999.99,34999999.99,34999999.99,1,1
2017-12-02,10000058,46298,2750,2750,2750,288,1
2017-12-02,10000058,46356,1400000,1400000,1400000,4,1
2017-12-02,10000058,46366,700000,700000,700000,4,1
2017-12-02,10000058,46368,1000000,1000000,1000000,4,1
2017-12-02,10000058,46372,2000000,2000000,2000000,24,2
2017-12-02,10000059,2175,1150975.8,1150975.8,1150975.8,8,1
2017-12-02,10000059,2195,2518759.2,2518759.2,2518759.2,1,1
2017-12-02,10000059,2205,811170,811170,811170,1,1
2017-12-02,10000059,3178,744000,744000,744000,3,1
2017-12-02,10000059,3841,1499940.47,1499940.47,1499940.47,1,1
2017-12-02,10000059,10250,1199998.8,1199998.8,1199998.8,10,1
2017-12-02,10000059,11377,28200000,28200000,28200000,1,1
2017-12-02,10000059,11489,500000,500000,500000,3,2
2017-12-02,10000059,12625,400,400,400,20000,1
2017-12-02,10000059,13943,90000000,90000000,90000000,1,1
2017-12-02,10000059,16272,400,400,400,19384,1
2017-12-02,10000059,16275,4500,4500,4500,1323,1
2017-12-02,10000059,16311,250000,250000,250000,2,1
2017-12-02,10000059,16327,750000,750000,750000,4,1
2017-12-02,10000059,16335,750000,750000,750000,7,1
2017-12-02,10000059,16351,750000,750000,750000,5,1
2017-12-02,10000059,24438,1435064.33,1435064.33,1435064.33,1,1
2017-12-02,10000060,18,10,10,10,17744,4
2017-12-02,10000060,19,1350.26,1350.26,1350.26,2680,15
2017-12-02,10000060,20,1,1,1,54,1
2017-12-02,10000060,21,1,1,1,92,1
2017-12-02,10000060,22,3100.43,3100.43,3100.43,1772,6
2017-12-02,10000060,34,2.7,2.48,2.76,1106687072,146
2017-12-02,10000060,35,2,1.7,2.5,223932515,120
2017-12-02,10000060,36,66.98,63.01,69.6,101064989,135
2017-12-02,10000060,37,28.49,28.49,29.73,25356943,108
2017-12-02,10000060,38,309.87,309.87,309.87,14430723,122
2017-12-02,10000060,39,913,801.41,915,2563356,92
2017-12-02,10000060,40,1132.05,999.27,1186.44,1075391,96
2017-12-02,10000060,42,1498.15,1400,1500,54,2
2017-12-02,10000060,43,325,325,325,20,2
2017-12-02,10000060,44,12983.38,10700,12983.39,93005,15
2017-12-02,10000060,178,49.99,49.99,49.99,5000,1
2017-12-02,10000060,180,15,15,15,2000,1
2017-12-02,10000060,181,100,100,100,501,2
2017-12-02,10000060,183,19.7,19.7,19.7,4200,2
2017-12-02,10000060,184,399.96,399.96,399.96,2000,1
2017-12-02,10000060,185,21.95,21.95,21.95,75210,48
2017-12-02,10000060,191,76.22,76.22,76.22,4040,1
2017-12-02,10000060,192,67.86,67.86,67.86,21000,4
2017-12-02,10000060,193,59.99,59.96,72.5,26088,4
2017-12-02,10000060,195,320,320,320,3300,1
2017-12-02,10000060,201,149,149,149,112999,8
2017-12-02,10000060,202,216.13,216.13,216.13,30001,3
2017-12-02,10000060,203,225,225,225,1100,2
2017-12-02,10000060,204,197.98,194.99,198.71,151068,8
2017-12-02,10000060,205,300,300,300,1000,1
2017-12-02,10000060,206,38.89,38.89,38.89,800,2
2017-12-02,10000060,207,20,20,20,12280,2
2017-12-02,10000060,209,24.7,24.7,24.7,1920,1
2017-12-02,10000060,210,14.91,14.91,14.91,13650,11
2017-12-02,10000060,211,9.92,9.91,9.93,2100,3
2017-12-02,10000060,212,6.89,6.87,6.91,9000,11
2017-12-02,10000060,213,6.75,6.74,14.79,6600,5
2017-12-02,10000060,215,15.95,15.95,15.95,12200,4
2017-12-02,10000060,218,5.55,5.55,5.55,2000,1
2017-12-02,10000060,219,19.95,19.95,19.95,7297,5
2017-12-02,10000060,220,3.5,3,4,200,2
2017-12-02,10000060,222,9.75,9.74,9.77,30308,14
2017-12-02,10000060,225,49.7,49.7,49.7,2500,1
2017-12-02,10000060,226,25,25,25,9600,3
2017-12-02,10000060,227,105.94,105.94,105.94,4600,3
2017-12-02,10000060,228,75,75,75,2000,1
2017-12-02,10000060,230,43.68,43.68,43.68,152749,17
2017-12-02,10000060,234,50,50,50,2612,1
2017-12-02,10000060,238,170.92,170.92,170.92,28000,2
2017-12-02,10000060,239,1251.75,2,10000,8,5
2017-12-02,10000060,240,27376.54,5,43499.96,16,5
2017-12-02,10000060,241,9291.64,121,13999.99,17,10
2017-12-02,10000060,242,1,1,1,3,3
2017-12-02,10000060,243,1,1,1,7,4
2017-12-02,10000060,244,1,1,1,9,8
2017-12-02,10000060,245,1,1,1,6,4
2017-12-02,10000060,246,18359.63,1,26998.99,25,7
2017-12-02,10000060,247,3462.85,2,10000,26,6
2017-12-02,10000060,248,4,4,4,15,10
2017-12-02,10000060,249,2,2,2,16,7
2017-12-02,10000060,250,1646.15,1000,3800,39,10
2017-12-02,10000060,251,4,4,4,24,7
2017-12-02,10000060,252,1416.13,1416.13,1416.13,3,1
2017-12-02,10000060,253,6.26,6.01,7,24,10
2017-12-02,10000060,254,106.26,2,460.74,22,7
2017-12-02,10000060,255,5922.94,46,50000,34,10
2017-12-02,10000060,256,101,101,101,37,8
2017-12-02,10000060,257,191,191,191,51,13
2017-12-02,10000060,258,33957.92,11,86999.99,41,11
2017-12-02,10000060,259,10,10,10,29,11
2017-12-02,10000060,260,38525.24,10,129998.95,54,10
2017-12-02,10000060,261,140,140,140,40,11
2017-12-02,10000060,262,10964.71,101,24997,55,10
2017-12-02,10000060,263,300,300,300,320,7
2017-12-02,10000060,264,899.77,899.77,899.77,358,5
2017-12-02,10000060,377,69999.99,69999.97,70000,17,12
2017-12-02,10000060,380,572722.14,300000,579782.79,36,28
2017-12-02,10000060,394,545085.45,500000,549990,11,5
2017-12-02,10000060,400,429794.77,350000,439990,7,7
2017-12-02,10000060,434,76986.63,76984,76989.99,67,39
2017-12-02,10000060,438,3176594.6,3165998.15,3186000,20,20
2017-12-02,10000060,439,66256.9,48096.62,67650,14,11
2017-12-02,10000060,440,4370790.85,1904032,4399782.94,64,57
2017-12-02,10000060,442,500000,500000,500000,1,1
2017-12-02,10000060,444,235250,89999.99,250000,8,8
2017-12-02,10000060,447,47898.95,47898.95,47898.95,18,15
2017-12-02,10000060,448,1722500,1722500,1722500,215,163
2017-12-02,10000060,457,400000,400000,400000,1,1
2017-12-02,10000060,482,1645555.49,1380000,2222222,8,5
2017-12-02,10000060,483,42223.44,41098.77,47498.99,11,7
2017-12-02,10000060,485,10589.11,10589.11,10589.11,5,1
2017-12-02,10000060,486,84116.13,1,90900,56,11
2017-12-02,10000060,487,399999.73,399999.73,399999.73,166,8
2017-12-02,10000060,488,243152.25,242444,243439.99,46,10
2017-12-02,10000060,492,497999.99,497999.99,497999.99,4,1
2017-12-02,10000060,496,1136363.41,1136363.41,1136363.42,14,6
2017-12-02,10000060,498,1999997.99,1999997.99,1999997.99,14,2
2017-12-02,10000060,499,6312.65,2600,6999.99,31,10
2017-12-02,10000060,501,78998,78998,78998,1,1
2017-12-02,10000060,519,1240700,1240700,1240700,214,100
2017-12-02,10000060,520,89000,89000,89000,10,3
2017-12-02,10000060,523,149999.98,149999.98,149999.98,1,1
2017-12-02,10000060,526,48934.78,48900,49000,23,21
2017-12-02,10000060,527,1018125.34,780000.03,1024746.53,67,53
2017-12-02,10000060,530,67068.52,501,74900,19,15
2017-12-02,10000060,533,29999.99,29999.99,29999.99,3,1
2017-12-02,10000060,561,34998.04,34998.04,34998.04,4,3
2017-12-02,10000060,564,239444,239444,239444,28,7
2017-12-02,10000060,565,149887.99,149887.99,149887.99,11,3
2017-12-02,10000060,568,900000,900000,900000,3,1
2017-12-02,10000060,570,450000,450000,450000,12,2
2017-12-02,10000060,572,250000,250000,250000,17,1
2017-12-02,10000060,577,94999.99,94999.99,94999.99,1,1
2017-12-02,10000060,578,91869.38,26999.42,99989.95,58,24
2017-12-02,10000060,580,149999.88,149999.88,149999.88,1,1
2017-12-02,10000060,582,658330.64,575000,699995.96,3,3
2017-12-02,10000060,583,258333.33,255000,265000,18,11
2017-12-02,10000060,584,321107.47,250000,324661.17,21,11
2017-12-02,10000060,585,398752.11,41999,399949.49,29,24
2017-12-02,10000060,586,594999.79,594999.79,594999.79,6,2
2017-12-02,10000060,587,279249.87,248000,372999.49,16,5
2017-12-02,10000060,589,435951.14,390998,449999,21,10
2017-12-02,10000060,590,407272.72,407272.72,407272.72,1,1
2017-12-02,10000060,592,794866.94,794866.94,794866.94,1,1
2017-12-02,10000060,593,570849.52,455555.55,614995,15,6
2017-12-02,10000060,594,469499.5,450000,488999,2,2
2017-12-02,10000060,597,348875,348800,348900,8,8
2017-12-02,10000060,598,774997,774997,774997,1,1
2017-12-02,10000060,599,762266.67,761000,762900,3,3
2017-12-02,10000060,602,278571.43,270000,350000,7,7
2017-12-02,10000060,603,473751.23,289332.57,596697,5,3
2017-12-02,10000060,605,497649.63,479800,540999,8,8
2017-12-02,10000060,607,643634.68,599898,862318.1,6,5
2017-12-02,10000060,608,389293.84,388950,397889.43,21,13
2017-12-02,10000060,609,291942.18,283788,295000,22,18
2017-12-02,10000060,620,6855724.66,6855499.95,6859998.99,21,21
2017-12-02,10000060,621,6697367.88,6499999.99,6699999,19,19
2017-12-02,10000060,622,8029500,8029000,8030000,2,2
2017-12-02,10000060,623,8359639.31,7380000,8494998,32,31
2017-12-02,10000060,624,8468250,8468000,8468500,2,2
2017-12-02,10000060,625,5996000,5996000,5996000,2,2
2017-12-02,10000060,626,7727828.52,4400000,8298949.95,7,7
2017-12-02,10000060,627,10999571.42,10998500,10999999.99,7,7
2017-12-02,10000060,628,9288000,9288000,9288000,2,2
2017-12-02,10000060,629,7549666.66,7484000,7680999.99,3,3
2017-12-02,10000060,630,8292949.8,8292949.8,8292949.8,2,2
2017-12-02,10000060,631,6699962.49,6699899.96,6700000,8,5
2017-12-02,10000060,632,7998861.19,7998861.19,7998861.19,1,1
2017-12-02,10000060,633,3420000.01,630000.01,9000000,3,2
2017-12-02,10000060,634,6874246.77,6799998.9,6898999.88,8,8
2017-12-02,10000060,638,142239725.51,140000000,142986301.01,4,4
2017-12-02,10000060,643,180000000.41,180000000.41,180000000.41,1,1
2017-12-02,10000060,644,129999199.99,129998999.99,130000000,5,3
2017-12-02,10000060,645,138999999.75,138000000,139999999.5,4,4
2017-12-02,10000060,648,1724973.4,500000,1899969.6,8,5
2017-12-02,10000060,649,1798864.25,1797999.82,1939423.44,49,12
2017-12-02,10000060,650,1440777.83,1395999,1496999.92,26,22
2017-12-02,10000060,651,1500000,1500000,1500000,1,1
2017-12-02,10000060,652,1414603.23,1399998.8,1499998.5,14,13
2017-12-02,10000060,653,1599998.42,1599998.41,1599998.45,11,6
2017-12-02,10000060,654,1951669.97,1934668.97,1956373.52,7,7
2017-12-02,10000060,655,1434672.46,1327992.89,1631471.2,27,22
2017-12-02,10000060,656,1487170.38,1348999.5,1701577.05,12,12
2017-12-02,10000060,657,1908584.99,1800000,1917994.88,17,17
2017-12-02,10000060,672,60000,60000,60000,2,2
2017-12-02,10000060,691,2800000,2800000,2800000,1,1
2017-12-02,10000060,940,25000000,25000000,25000000,1,1
2017-12-02,10000060,944,2875000,2875000,2875000,1,1
2017-12-02,10000060,1154,30000,30000,30000,1,1
2017-12-02,10000060,1182,94888.18,500,99799.98,30,28
2017-12-02,10000060,1183,935025.87,934979.49,936000,22,18
2017-12-02,10000060,1195,31040.24,24999.99,109563.49,14,11
2017-12-02,10000060,1201,76171.31,75666.67,77012.38,80,4
2017-12-02,10000060,1223,2000,2000,2000,610,8
2017-12-02,10000060,1224,1,1,1,3317,1
2017-12-02,10000060,1225,2003.52,2003.52,2003.52,395,6
2017-12-02,10000060,1229,800.15,800.15,800.15,4171,10
2017-12-02,10000060,1230,5,5,5,3516,2
2017-12-02,10000060,1231,1,1,1,22,1
2017-12-02,10000060,1232,640.1,640.1,640.1,223,3
2017-12-02,10000060,1236,866600.98,653749.99,899500,51,48
2017-12-02,10000060,1244,89999.34,89999.34,89999.34,5,4
2017-12-02,10000060,1248,890235.29,601000,979999.99,17,12
2017-12-02,10000060,1256,699990,699990,699990,4,1
2017-12-02,10000060,1266,799999.99,799999.99,799999.99,2,2
2017-12-02,10000060,1306,401855.35,231000,414998,14,13
2017-12-02,10000060,1317,10181.3,500,13999,33,14
2017-12-02,10000060,1319,510999.71,510999.71,510999.71,573,138
2017-12-02,10000060,1335,321749.75,48010.56,339699.86,65,21
2017-12-02,10000060,1353,299999.99,299999.99,299999.99,2,2
2017-12-02,10000060,1355,868229.02,203121,983899.98,27,14
2017-12-02,10000060,1403,23490.31,500,24985,32,16
2017-12-02,10000060,1405,687964.77,687964.75,687970,596,261
2017-12-02,10000060,1422,853896.03,111117.27,949999.85,17,12
2017-12-02,10000060,1436,16499999.68,15000000,17999999.9,6,6
2017-12-02,10000060,1447,873998.91,779999,873998.94,119,49
2017-12-02,10000060,1539,16898.07,16897.96,16899.78,17,12
2017-12-02,10000060,1541,1086500,1086499.99,1086992.85,160,110
2017-12-02,10000060,1557,150000,150000,150000,1,1
2017-12-02,10000060,1559,2999090.81,2989999,2999999.99,11,11
2017-12-02,10000060,1563,200000,200000,200000,1,1
2017-12-02,10000060,1565,3999949.87,3999949.87,3999949.89,9,4
2017-12-02,10000060,1808,59931.15,59000,75000,36,10
2017-12-02,10000060,1816,199.94,199.94,199.94,1500,1
2017-12-02,10000060,1824,499.92,499.92,499.92,24436,1
2017-12-02,10000060,1875,79999.98,79999.98,79999.98,19,5
2017-12-02,10000060,1877,1290377,1290377,1290377,107,28
2017-12-02,10000060,1944,1516680.33,1468999.94,1659721.49,8,8
2017-12-02,10000060,1952,1196962.49,1196962.48,1196962.51,212,142
2017-12-02,10000060,1955,98999.98,98999.98,98999.98,1,1
2017-12-02,10000060,1956,99999.97,99999.97,99999.97,2,1
2017-12-02,10000060,1964,1499986.04,1499900,1499990,16,7
2017-12-02,10000060,1968,150000,150000,150000,3,2
2017-12-02,10000060,1969,1888819.49,601999.42,2052993.92,62,36
2017-12-02,10000060,1973,118427.99,117999.42,118999.41,14,13
2017-12-02,10000060,1977,46646.08,46644.96,46648.32,6,5
2017-12-02,10000060,1978,1060203.85,707999.48,1099997.99,78,63
2017-12-02,10000060,1986,99999.99,99999.99,99999.99,1,1
2017-12-02,10000060,1987,1267702.79,300310,1284999.99,53,45
2017-12-02,10000060,1998,71800,71800,71800,4,2
2017-12-02,10000060,1999,2302972.48,1949998.99,2797999.38,80,62
2017-12-02,10000060,2018,149999.97,149999.97,149999.97,8,4
2017-12-02,10000060,2020,219999.99,219999.99,219999.99,1,1
2017-12-02,10000060,2024,955777.85,801000.35,999999.99,9,8
2017-12-02,10000060,2032,627898.24,627890,627898.64,173,103
2017-12-02,10000060,2038,1399999.99,1299999.99,2000000,7,7
2017-12-02,10000060,2046,7714.29,7395,9975,24,23
2017-12-02,10000060,2048,499799.99,499799.98,499999.9,499,427
2017-12-02,10000060,2082,284107796.4,284107749.2,284107820,3,3
2017-12-02,10000060,2104,200000,200000,200000,2,1
2017-12-02,10000060,2108,349999.99,349999.99,349999.99,4,3
2017-12-02,10000060,2109,1454849.51,400000.42,1497889.99,95,53
2017-12-02,10000060,2161,300000,300000,300000,5,5
2017-12-02,10000060,2173,45899.98,45899.98,45899.98,128,19
2017-12-02,10000060,2175,1389999.68,1299999,1789996.94,754,58
2017-12-02,10000060,2183,46999.98,46999.98,46999.98,125,6
2017-12-02,10000060,2185,1099769.98,1099769.97,1099776.41,119,27
2017-12-02,10000060,2188,64992.85,64992.85,64992.85,3000,2
2017-12-02,10000060,2193,84998.94,84998.94,84998.94,433,34
2017-12-02,10000060,2195,2294982.99,2178315.68,2294983.87,951,115
2017-12-02,10000060,2203,3030,3030,3030,6441,35
2017-12-02,10000060,2205,537977.85,537975.97,537977.97,647,95
2017-12-02,10000060,2254,1093641.78,683892.25,1244999.99,9,4
2017-12-02,10000060,2268,3,3,3,1985503,3
2017-12-02,10000060,2272,2.78,2.78,2.78,13587314,2
2017-12-02,10000060,2281,2999949.96,2999949.94,2999970,435,279
2017-12-02,10000060,2288,1.5,1.5,1.5,85794,1
2017-12-02,10000060,2293,199554.67,199499,199999,9,9
2017-12-02,10000060,2295,89999.95,89999.95,89999.95,2,2
2017-12-02,10000060,2297,1669785.27,1669768.2,1669799.98,5,5
2017-12-02,10000060,2299,1654134.97,303999.42,1698998.93,14,14
2017-12-02,10000060,2301,2399738.04,2399736.84,2399739.13,106,92
2017-12-02,10000060,2303,1862781.5,603999.42,1939999.99,38,34
2017-12-02,10000060,2306,5.8,5.8,5.8,351000,1
2017-12-02,10000060,2308,0.95,0.95,0.95,572902,1
2017-12-02,10000060,2309,3.72,3.72,3.72,2896630,2
2017-12-02,10000060,2310,6.98,6.98,6.98,54,1
2017-12-02,10000060,2312,9104.01,9104.01,9104.01,1165,1
2017-12-02,10000060,2317,12998,12998,12998,2095,1
2017-12-02,10000060,2328,6500.15,6500.15,6500.15,4730,4
2017-12-02,10000060,2329,3001.79,3001.79,3001.79,2465,3
2017-12-02,10000060,2333,2432243.91,500000.11,2598997.91,30,29
2017-12-02,10000060,2341,1500000,1500000,1500000,2,2
2017-12-02,10000060,2348,197897.47,197897.47,197897.47,500,1
2017-12-02,10000060,2349,90642,90642,90642,1,1
2017-12-02,10000060,2351,114999.99,114999.99,114999.99,6,1
2017-12-02,10000060,2352,144999.99,144999.99,144999.99,2,1
2017-12-02,10000060,2361,100,100,100,59,1
2017-12-02,10000060,2364,1363211.86,701000.03,1370000,59,29
2017-12-02,10000060,2367,115000,115000,115000,594,2
2017-12-02,10000060,2389,480.5,480.42,481,92399,8
2017-12-02,10000060,2390,332,331.42,332.84,88700,7
2017-12-02,10000060,2392,749.99,749.99,749.99,5000,1
2017-12-02,10000060,2393,468.43,468.42,500,115623,6
2017-12-02,10000060,2395,751.42,751.42,751.42,35520,3
2017-12-02,10000060,2396,161.42,161.42,161.42,247180,6
2017-12-02,10000060,2397,581.42,581.42,581.42,285260,7
2017-12-02,10000060,2398,519.99,519.99,519.99,332666,19
2017-12-02,10000060,2399,811.98,811.98,811.98,90000,10
2017-12-02,10000060,2400,252.43,252.43,252.43,199975,16
2017-12-02,10000060,2401,651.42,651.42,751.99,335016,17
2017-12-02,10000060,2403,9999999.99,9999999.99,9999999.99,8,6
2017-12-02,10000060,2404,996699.99,996699.99,996699.99,178,47
2017-12-02,10000060,2406,1012500.03,0.1,1350000,4,4
2017-12-02,10000060,2410,986672.55,400008.41,1128283,36,8
2017-12-02,10000060,2420,4333264.98,4299900,4399994.95,9,3
2017-12-02,10000060,2436,2405332.42,2399998.91,2449999.99,75,15
2017-12-02,10000060,2444,20000,20000,20000,29,4
2017-12-02,10000060,2446,1898996.98,1898996.95,1898996.98,141,32
2017-12-02,10000060,2454,4988.9,4988.89,5111,201,26
2017-12-02,10000060,2456,459999.88,459999.87,473799.33,357,58
2017-12-02,10000060,2463,4400,4400,4400,2075,3
2017-12-02,10000060,2464,4790,4790,4790,16,3
2017-12-02,10000060,2466,717822.9,710000,719899.98,48,11
2017-12-02,10000060,2476,30000,30000,30000,1,1
2017-12-02,10000060,2478,1698768.59,1300017.1,1799999.98,81,15
2017-12-02,10000060,2486,5998.67,5995,5998.69,284,63
2017-12-02,10000060,2488,443001.9,443001.88,443001.9,824,142
2017-12-02,10000060,2495,670000,670000,670000,4,4
2017-12-02,10000060,2505,670000,670000,670000,3,3
2017-12-02,10000060,2506,948.68,948.68,948.68,19215,8
2017-12-02,10000060,2510,543.97,543.97,543.97,108,1
2017-12-02,10000060,2512,28.69,28.69,28.69,4796,5
2017-12-02,10000060,2524,1028689.95,999994.99,1299999.96,33,15
2017-12-02,10000060,2525,1087499.99,1000000,1099999.99,8,4
2017-12-02,10000060,2529,74999.42,74999.42,74999.42,1,1
2017-12-02,10000060,2531,469999.8,469999.8,469999.8,2,2
2017-12-02,10000060,2533,1122222.21,1099999.99,1149999.99,9,5
2017-12-02,10000060,2534,1214285.71,1000000,1250000,14,7
2017-12-02,10000060,2537,65000,65000,65000,140,7
2017-12-02,10000060,2539,2067336.95,1612690.34,2149999.97,26,26
2017-12-02,10000060,2545,500997.42,4999.42,996995.41,2,2
2017-12-02,10000060,2547,889507.42,889000,889599.68,13,12
2017-12-02,10000060,2549,1175000.02,999999.99,1200000.02,24,12
2017-12-02,10000060,2550,1154545.27,999999.77,1249999.77,11,7
2017-12-02,10000060,2551,863636.45,250000.5,999999.99,11,7
2017-12-02,10000060,2553,998321,472999.42,1039448.45,93,84
2017-12-02,10000060,2559,1000937.14,221999.42,1799000,16,6
2017-12-02,10000060,2563,382220.6,179999.42,1999990,9,2
2017-12-02,10000060,2567,4599998,4599998,4599998,4,2
2017-12-02,10000060,2571,415998.54,169999.42,1399995,10,3
2017-12-02,10000060,2575,575299.48,241999.42,1908499.71,10,3
2017-12-02,10000060,2589,227798891.75,227798891,227798892,4,4
2017-12-02,10000060,2603,2519.59,2467.99,3500,40,20
2017-12-02,10000060,2605,299998.48,299997.99,299998.97,252,155
2017-12-02,10000060,2613,134,134,134,34936,38
2017-12-02,10000060,2621,750,550.08,779.99,156209,20
2017-12-02,10000060,2629,650.03,650.03,650.03,308000,8
2017-12-02,10000060,2637,649.47,649.47,649.47,60057,5
2017-12-02,10000060,2655,451.27,451.27,451.27,1000,1
2017-12-02,10000060,2679,115,115,115,32866,7
2017-12-02,10000060,2801,3499.97,3499.97,3499.97,300,1
2017-12-02,10000060,2811,1499.99,1499.99,1499.99,10880,4
2017-12-02,10000060,2817,135.74,135.74,135.74,13250,8
2017-12-02,10000060,2867,2299994.81,2299994.81,2299994.81,105,5
2017-12-02,10000060,2868,2599997.96,2599997.93,2599997.99,22,3
2017-12-02,10000060,2869,1312999.99,1312999.99,1313000,58,3
2017-12-02,10000060,2870,941718.4,901004,1034999.99,74,6
2017-12-02,10000060,2871,1584368.03,1584368.03,1584368.03,6,1
2017-12-02,10000060,2872,2968999.81,2968999.81,2968999.81,6,1
2017-12-02,10000060,2873,798995,798995,798995,122,23
2017-12-02,10000060,2875,1740676.3,1740676.3,1740676.3,118,3
2017-12-02,10000060,2876,2484399.84,1800000,2499999.99,50,5
2017-12-02,10000060,2881,1182886.6,1182886.6,1182886.6,45,14
2017-12-02,10000060,2889,695344.54,301036,749497.97,58,19
2017-12-02,10000060,2897,1693891.92,1693800,1693895.34,32,8
2017-12-02,10000060,2905,999799.99,999799.99,999800,16,7
2017-12-02,10000060,2913,1299721.87,1299000,1299999.96,18,5
2017-12-02,10000060,2929,4295999,4295999,4295999,134,22
2017-12-02,10000060,2937,2500000.02,2500000.02,2500000.02,4,1
2017-12-02,10000060,2953,5297999,5297999,5297999,5,1
2017-12-02,10000060,2961,5659800,2900000.05,5700000,40,7
2017-12-02,10000060,2969,1878710.37,1800000,1902001.08,31,8
2017-12-02,10000060,2977,1188999,1188999,1188999,192,64
2017-12-02,10000060,2993,549950,549949.99,549950,11,4
2017-12-02,10000060,2998,60260953.24,50000422.53,61999986.38,23,21
2017-12-02,10000060,3001,344789.82,344789.82,344789.82,7,1
2017-12-02,10000060,3009,3621853.58,3500000,3824942.88,8,2
2017-12-02,10000060,3033,1849999.99,1849999.99,1849999.99,8,2
2017-12-02,10000060,3041,979998,979998,979998,32,5
2017-12-02,10000060,3049,4399999,4399999,4399999,8,1
2017-12-02,10000060,3057,5899011.69,5897913,5899500,52,9
2017-12-02,10000060,3065,5965883.35,5965883.35,5965883.35,8,1
2017-12-02,10000060,3074,783235,600000,881900,40,13
2017-12-02,10000060,3082,2294899.99,2294899.99,2294899.99,102,21
2017-12-02,10000060,3084,899995872,899995872,899995872,1,1
2017-12-02,10000060,3098,671714.03,671714.03,671714.03,13,6
2017-12-02,10000060,3106,1998333.33,1700000,2595000,9,2
2017-12-02,10000060,3122,4600000,4600000,4600000,1,1
2017-12-02,10000060,3130,1645000,1644999.99,1645000,19,4
2017-12-02,10000060,3146,2010986.98,2010986.98,2010986.98,7,2
2017-12-02,10000060,3154,4244444.44,175000,7500000,9,2
2017-12-02,10000060,3162,599976,599976,599976,6,2
2017-12-02,10000060,3170,1174982.53,1100000,1199976.7,24,8
2017-12-02,10000060,3178,1379992.99,1379992.99,1379992.99,21,6
2017-12-02,10000060,3184,2859814.45,2145000,9999999,11,11
2017-12-02,10000060,3186,4541218.5,4500000,4597893.93,19,4
2017-12-02,10000060,3239,899999949.98,899999949.98,899999949.98,2,2
2017-12-02,10000060,3242,28796.97,24499.42,29993,5,5
2017-12-02,10000060,3244,1640000,1640000,1640000,171,120
2017-12-02,10000060,3253,9999999.99,9999999.99,9999999.99,2,2
2017-12-02,10000060,3256,7499299.8,7499298.98,7499299.93,35,30
2017-12-02,10000060,3262,3400000,3400000,3400000,1,1
2017-12-02,10000060,3265,10723026.3,8899975.39,14799998.99,13,11
2017-12-02,10000060,3268,26498916.55,26498916.55,26498916.55,1,1
2017-12-02,10000060,3293,703835.29,50000.06,744749.99,17,9
2017-12-02,10000060,3296,1818439.31,1818439.31,1818439.31,2,2
2017-12-02,10000060,3297,49313.34,48999.99,49998.34,41,10
2017-12-02,10000060,3302,250000,250000,250000,10,10
2017-12-02,10000060,3303,149999.97,149999.97,149999.97,2,2
2017-12-02,10000060,3304,90000.03,0.1,135000,3,3
2017-12-02,10000060,3305,134999,134999,134999,7,7
2017-12-02,10000060,3306,135000,135000,135000,4,4
2017-12-02,10000060,3307,2700000,2700000,2700000,4,3
2017-12-02,10000060,3308,2199965.78,2199963.5,2200000,16,15
2017-12-02,10000060,3309,3250000.05,2500000.1,4000000,2,2
2017-12-02,10000060,3310,19999999.95,19999999.95,19999999.95,1,1
2017-12-02,10000060,3311,149999.96,149999.96,149999.96,1,1
2017-12-02,10000060,3312,97960,97960,97960,1,1
2017-12-02,10000060,3315,1349999,1349999,1349999,2,2
2017-12-02,10000060,3316,90000,90000,90000,1,1
2017-12-02,10000060,3317,112980,112980,112980,1,1
2017-12-02,10000060,3320,544999,544999,544999,1,1
2017-12-02,10000060,3321,99999,99999,99999,4,4
2017-12-02,10000060,3322,39260,39260,39260,2,2
2017-12-02,10000060,3323,1000000,1000000,1000000,17,17
2017-12-02,10000060,3324,133314.4,130000,134971.6,3,3
2017-12-02,10000060,3325,5914358.22,5892998.38,5999797.93,5,5
2017-12-02,10000060,3326,1384122.48,480153.11,4999999.98,5,5
2017-12-02,10000060,3328,99999,99999,99999,9,8
2017-12-02,10000060,3329,100528.46,100000,106341.46,12,12
2017-12-02,10000060,3330,100000,100000,100000,7,7
2017-12-02,10000060,3331,94002.28,93987,94043.03,11,10
2017-12-02,10000060,3332,668996.33,668989,669000,9,9
2017-12-02,10000060,3333,669990,669990,669990,8,8
2017-12-02,10000060,3334,670000,670000,670000,6,6
2017-12-02,10000060,3335,669991.8,669990,669999,5,5
2017-12-02,10000060,3336,5398990.77,5398990,5399000,13,13
2017-12-02,10000060,3337,8000000,7999999.99,8000000,11,11
2017-12-02,10000060,3338,5360000,5300000,5400000,5,5
2017-12-02,10000060,3339,5299990,5299990,5299990,4,4
2017-12-02,10000060,3340,399991.17,399990,399994.68,4,4
2017-12-02,10000060,3341,400000,400000,400000,6,3
2017-12-02,10000060,3342,420000.01,420000.01,420000.01,4,4
2017-12-02,10000060,3343,399990,399990,399990,6,6
2017-12-02,10000060,3348,250000,250000,250000,5,5
2017-12-02,10000060,3349,130000,130000,130000,2,2
2017-12-02,10000060,3350,300000,300000,300000,3,3
2017-12-02,10000060,3351,540000,540000,540000,4,4
2017-12-02,10000060,3352,540000,540000,540000,3,3
2017-12-02,10000060,3354,18899999.98,18899999.96,18899999.98,4,4
2017-12-02,10000060,3355,349885.91,349771.83,350000,4,4
2017-12-02,10000060,3358,1000000,1000000,1000000,1,1
2017-12-02,10000060,3359,2999999.99,2999999.99,2999999.99,2,2
2017-12-02,10000060,3361,6999999.85,6999999.83,6999999.86,2,2
2017-12-02,10000060,3373,1350000,1350000,1350000,1,1
2017-12-02,10000060,3385,97482.5,80000,99980,8,8
2017-12-02,10000060,3387,179990,179990,179990,8,8
2017-12-02,10000060,3388,335000,335000,335000,5,5
2017-12-02,10000060,3389,2670907.29,1190000,2999997.79,11,11
2017-12-02,10000060,3393,75202.2,74444.44,78991,6,5
2017-12-02,10000060,3395,99989,99989,99989,2,2
2017-12-02,10000060,3396,2699798,2699798,2699798,1,1
2017-12-02,10000060,3397,23499890.33,23499890.33,23499890.33,1,1
2017-12-02,10000060,3398,33500000,33500000,33500000,1,1
2017-12-02,10000060,3403,400000,400000,400000,1,1
2017-12-02,10000060,3405,2341428.57,1000000,2919999.99,7,7
2017-12-02,10000060,3406,400000,400000,400000,2,2
2017-12-02,10000060,3409,552499.25,479999,770000,12,11
2017-12-02,10000060,3410,597753.38,595898.44,598990,5,5
2017-12-02,10000060,3411,82000,82000,82000,1,1
2017-12-02,10000060,3412,600000,600000,600000,2,2
2017-12-02,10000060,3416,799999,799999,799999,4,4
2017-12-02,10000060,3417,48979,48978.99,48979,5,5
2017-12-02,10000060,3418,229988,229988,229988,2,2
2017-12-02,10000060,3419,229970,229970,229970,1,1
2017-12-02,10000060,3421,173945.28,173945,173946.96,7,7
2017-12-02,10000060,3422,30000000,30000000,30000000,5,5
2017-12-02,10000060,3423,99895.12,99678,99999,15,15
2017-12-02,10000060,3424,699999,699999,699999,1,1
2017-12-02,10000060,3427,160000,160000,160000,1,1
2017-12-02,10000060,3428,250000.01,250000.01,250000.01,2,2
2017-12-02,10000060,3429,134980,134980,134980,2,2
2017-12-02,10000060,3430,670000,670000,670000,13,10
2017-12-02,10000060,3431,200000.01,200000.01,200000.01,2,2
2017-12-02,10000060,3433,142061.94,134999,198999.99,16,16
2017-12-02,10000060,3434,134990,134990,134990,9,9
2017-12-02,10000060,3435,134989,134989,134989,1,1
2017-12-02,10000060,3436,99996,99996,99996,1,1
2017-12-02,10000060,3437,41244.44,41244.44,41244.44,3,3
2017-12-02,10000060,3438,98888.99,98888.99,98888.99,3,3
2017-12-02,10000060,3439,256666.67,250000,270000,3,3
2017-12-02,10000060,3440,1440000,1440000,1440000,8,7
2017-12-02,10000060,3441,519875,519000,520000,8,7
2017-12-02,10000060,3442,670000,670000,670000,10,9
2017-12-02,10000060,3446,1199999.75,1199999.75,1199999.75,1,1
2017-12-02,10000060,3447,10000000,10000000,10000000,1,1
2017-12-02,10000060,3450,1000000,1000000,1000000,1,1
2017-12-02,10000060,3451,100000,100000,100000,9,6
2017-12-02,10000060,3453,200000,200000,200000,3,3
2017-12-02,10000060,3454,450000,450000,450000,3,3
2017-12-02,10000060,3455,40000,40000,40000,2,2
2017-12-02,10000060,3456,13384600.68,12000000,13499981.44,13,13
2017-12-02,10000060,3466,179163.78,179163.78,179163.78,2,2
2017-12-02,10000060,3467,99411.98,99411.98,99411.98,3,3
2017-12-02,10000060,3488,678571.3,450000.04,850000,7,6
2017-12-02,10000060,3496,1644432.39,200001,1699987,18,18
2017-12-02,10000060,3504,2692545.45,2692000,2698000,11,10
2017-12-02,10000060,3512,1499898.99,1499898.99,1499898.99,14,3
2017-12-02,10000060,3520,1649166.66,1579000,1999999.99,18,5
2017-12-02,10000060,3528,191627.36,107901.1,199999.99,11,8
2017-12-02,10000060,3530,1199999.9,1199999.9,1199999.9,102,79
2017-12-02,10000060,3534,724490988.89,724490988.87,724490988.93,3,3
2017-12-02,10000060,3536,248221872.77,248221872.77,248221872.77,3,2
2017-12-02,10000060,3540,1787983.1,1787979.99,1787985.32,12,7
2017-12-02,10000060,3542,398485742.33,344000000.01,402900033.59,14,14
2017-12-02,10000060,3544,379999998.99,379999998.99,379999999,5,3
2017-12-02,10000060,3552,3500,3500,3500,10,1
2017-12-02,10000060,3559,549999999.99,549999999.98,549999999.99,6,2
2017-12-02,10000060,3566,25999.97,25999.97,25999.97,1,1
2017-12-02,10000060,3568,1672197.29,1499990,1950000,31,30
2017-12-02,10000060,3578,2450020.64,1210000.01,2499499.99,58,44
2017-12-02,10000060,3586,39000,39000,39000,2,1
2017-12-02,10000060,3588,1199998.38,1199998.38,1199998.38,1,1
2017-12-02,10000060,3598,1000000,1000000,1000000,3,1
2017-12-02,10000060,3608,588636.33,275000,1424999.87,11,2
2017-12-02,10000060,3616,32424632.74,31999999,32489958.98,15,12
2017-12-02,10000060,3618,110000017.83,85000035.76,134999999.9,4,2
2017-12-02,10000060,3645,545.42,545.42,545.42,223905,8
2017-12-02,10000060,3647,248.39,247.99,249.98,25,3
2017-12-02,10000060,3665,2000000,2000000,2000000,1,1
2017-12-02,10000060,3673,1000,1000,1000,7,1
2017-12-02,10000060,3683,445.43,445.42,450,774524,22
2017-12-02,10000060,3685,1574.18,1574.18,1574.18,3,1
2017-12-02,10000060,3687,1400,1400,1400,5100,2
2017-12-02,10000060,3689,9500.07,9444.44,9800.07,160079,20
2017-12-02,10000060,3691,4500,4500,4500,80,1
2017-12-02,10000060,3693,8501.01,8501.01,8501.01,4190,3
2017-12-02,10000060,3707,85000,85000,85000,9,1
2017-12-02,10000060,3715,97.53,97,98,19,2
2017-12-02,10000060,3717,152.58,149,159.5,50,6
2017-12-02,10000060,3725,10000.02,10000.02,10000.02,1770,1
2017-12-02,10000060,3756,42500000.3,35000000.35,50000000.25,2,2
2017-12-02,10000060,3766,444096.13,443900,444975.95,13,9
2017-12-02,10000060,3777,2398.29,2398,2400,35,3
2017-12-02,10000060,3779,655.42,655.42,655.42,289700,8
2017-12-02,10000060,3810,10000,10000,10000,313,1
2017-12-02,10000060,3812,150,150,150,10,1
2017-12-02,10000060,3828,9000,9000,9000,13562,5
2017-12-02,10000060,3829,30884.68,30799,30900,20,13
2017-12-02,10000060,3831,924973.83,924973.82,924979.43,141,79
2017-12-02,10000060,3839,78788,78788,78788,7,6
2017-12-02,10000060,3841,1289999.97,1289999,1297989.37,279,152
2017-12-02,10000060,3887,80000,80000,80000,3,3
2017-12-02,10000060,3888,1128428.57,1125000,1129000,35,27
2017-12-02,10000060,3898,18341977.42,7300001.01,18697887.97,32,25
2017-12-02,10000060,3979,4999999.5,4999999,5000000,2,2
2017-12-02,10000060,3987,3000000,3000000,3000000,2,1
2017-12-02,10000060,3989,6799999.99,6799999.99,6799999.99,2,1
2017-12-02,10000060,3993,1000,1000,1000,5,1
2017-12-02,10000060,3995,3425332.64,3400000,3437998.96,3,3
2017-12-02,10000060,4025,27340.25,999.42,37998.99,44,37
2017-12-02,10000060,4027,74282.02,7403.14,81700.99,75,41
2017-12-02,10000060,4051,28277.76,28277.76,28277.76,32188,9
2017-12-02,10000060,4246,21899.99,21899.99,21899.99,150950,7
2017-12-02,10000060,4247,18228.32,18228.28,18228.32,177539,26
2017-12-02,10000060,4250,3121970.65,2949998.99,3199997,32,17
2017-12-02,10000060,4254,855376.44,382002.19,879979.99,38,37
2017-12-02,10000060,4256,4999999.99,4999999.99,4999999.99,2,1
2017-12-02,10000060,4258,1873247.06,499992.67,2098998.95,8,7
2017-12-02,10000060,4260,1844992.62,1734997.87,1899990,3,3
2017-12-02,10000060,4292,110908807.05,109999983.33,116998987.38,11,6
2017-12-02,10000060,4294,107499324.66,107498987,107500000,6,6
2017-12-02,10000060,4302,69449973.43,68000000,69899999,4,4
2017-12-02,10000060,4308,73999998.84,73999998.84,73999998.84,2,2
2017-12-02,10000060,4310,69986985.01,69986985.01,69986985.01,1,1
2017-12-02,10000060,4312,20000,19900,23999.99,21228,18
2017-12-02,10000060,4345,447999990,447999990,447999990,1,1
2017-12-02,10000060,4347,1213999331.48,1200000000,1220998997,6,4
2017-12-02,10000060,4348,719769978.94,719769978.94,719769978.94,1,1
2017-12-02,10000060,4349,338620098.55,255008564.74,350004436.56,13,12
2017-12-02,10000060,4383,1575508.28,1353461.23,1583000,28,27
2017-12-02,10000060,4385,7500000,6250000,8500000,9,9
2017-12-02,10000060,4391,106997.81,106997.81,106997.82,6,4
2017-12-02,10000060,4393,59361.18,54989.91,96805.08,18,11
2017-12-02,10000060,4395,714487.36,626999.39,849443.7,11,9
2017-12-02,10000060,4397,11887166.14,11886998.72,11887501,3,3
2017-12-02,10000060,4399,8195198.43,7754787.13,9956845.58,5,5
2017-12-02,10000060,4403,351244.04,350000,359999.98,79,73
2017-12-02,10000060,4405,1399999.91,1399999.91,1399999.92,528,184
2017-12-02,10000060,4409,40999.99,40999.99,40999.99,2,2
2017-12-02,10000060,4435,5110,50,17699.99,95,27
2017-12-02,10000060,4471,85329.88,836,103700,17,14
2017-12-02,10000060,4477,158151.37,5737,249600,8,8
2017-12-02,10000060,4529,500,500,500,4,2
2017-12-02,10000060,4531,500,500,500,5,3
2017-12-02,10000060,4533,80799.16,21999.42,119998.99,5,4
2017-12-02,10000060,4535,500,500,500,2,2
2017-12-02,10000060,4569,500,500,500,5,3
2017-12-02,10000060,4571,500,500,500,10,6
2017-12-02,10000060,4573,153473.66,3999.99,287999.96,19,15
2017-12-02,10000060,4575,500,500,500,14,8
2017-12-02,10000060,4609,2089.29,500,45000,28,11
2017-12-02,10000060,4611,5005.01,5005.01,5005.01,16,5
2017-12-02,10000060,4613,5666.97,5001.01,6999.42,21,10
2017-12-02,10000060,4615,2014.08,2014.08,2014.08,25,9
2017-12-02,10000060,4787,30419.31,3005,36300,69,28
2017-12-02,10000060,4829,500.03,500.03,500.03,5,4
2017-12-02,10000060,4831,103,103,103,5,3
2017-12-02,10000060,4833,309995.96,5005.5,381798.13,21,16
2017-12-02,10000060,4835,1300.86,1,9100,7,4
2017-12-02,10000060,4871,279399,278000,279444,166,83
2017-12-02,10000060,5007,8,8,8,5,3
2017-12-02,10000060,5009,1,1,1,9,8
2017-12-02,10000060,5011,279941.74,269700,366999.97,48,16
2017-12-02,10000060,5013,87501,5,349989,4,4
2017-12-02,10000060,5047,5006.91,5006.64,5006.92,26,13
2017-12-02,10000060,5049,8028.36,8028.29,8028.38,39,12
2017-12-02,10000060,5051,12436.02,5559.13,54000,39,14
2017-12-02,10000060,5053,11547.12,10009,50000,26,9
2017-12-02,10000060,5087,500,500,500,3,2
2017-12-02,10000060,5089,500,500,500,3,3
2017-12-02,10000060,5091,2.5,2.5,2.5,3,3
2017-12-02,10000060,5137,66686.25,4015,254700,8,7
2017-12-02,10000060,5141,265329.38,94.66,324800,13,11
2017-12-02,10000060,5239,19993.33,500,146700,15,7
2017-12-02,10000060,5245,28785.67,500,49999.93,21,10
2017-12-02,10000060,5279,66833.34,500.01,100000,12,5
2017-12-02,10000060,5299,515151.34,500000,666664.78,22,12
2017-12-02,10000060,5301,464999,464999,464999,7,3
2017-12-02,10000060,5302,74418.22,18002.99,75000,55,42
2017-12-02,10000060,5320,46162.5,43899.99,50000,24,13
2017-12-02,10000060,5321,38996.08,38996.08,38996.08,1,1
2017-12-02,10000060,5322,359003.57,344999,443998.97,26,15
2017-12-02,10000060,5361,999994.92,999994.92,999994.92,2,2
2017-12-02,10000060,5399,4613.17,1999.42,12994.99,53,26
2017-12-02,10000060,5403,44741.22,38999.41,73499.97,12,12
2017-12-02,10000060,5405,24700,24699,24798,116,80
2017-12-02,10000060,5439,21264.28,1600.42,26999,67,41
2017-12-02,10000060,5443,139561.13,4103.74,145096.86,33,27
2017-12-02,10000060,5445,9552.87,51.02,17599.5,37,26
2017-12-02,10000060,5493,275000,275000,275000,7,3
2017-12-02,10000060,5533,381785.75,225000,890000.16,14,6
2017-12-02,10000060,5599,497302.67,497000,497454,3,3
2017-12-02,10000060,5631,66899.91,66899.91,66899.91,2,1
2017-12-02,10000060,5647,2428.59,500.02,9500,14,9
2017-12-02,10000060,5649,38576.92,500,50000,26,7
2017-12-02,10000060,5683,2106,2106,2106,9,6
2017-12-02,10000060,5693,500,500,500,3,3
2017-12-02,10000060,5697,5693.27,5693.24,5693.27,17,6
2017-12-02,10000060,5719,2206,2206,2206,10,6
2017-12-02,10000060,5721,2106.02,2106.02,2106.02,9,4
2017-12-02,10000060,5723,2106.13,2106.13,2106.13,10,5
2017-12-02,10000060,5743,500,500,500,2,2
2017-12-02,10000060,5745,500,500,500,8,4
2017-12-02,10000060,5747,500,500,500,5,5
2017-12-02,10000060,5755,38997.97,38997.97,38997.97,40,12
2017-12-02,10000060,5757,7605.63,7605.6,7605.64,39,14
2017-12-02,10000060,5759,13106.89,13106.89,13106.89,32,9
2017-12-02,10000060,5839,1100000,902023.04,1148998.97,115,62
2017-12-02,10000060,5849,52394.23,10000.02,188500,19,14
2017-12-02,10000060,5869,500,500,500,13,7
2017-12-02,10000060,5945,250109.21,250000,250109.22,279,29
2017-12-02,10000060,5955,55000.64,16603.68,101600,82,49
2017-12-02,10000060,5971,174400,174400,174400,103,62
2017-12-02,10000060,5973,539999,539996.96,540000,278,226
2017-12-02,10000060,5975,133833.97,558.06,299150,52,36
2017-12-02,10000060,6001,96156.85,15100.06,123799,28,26
2017-12-02,10000060,6003,35617.53,35,66400,14,13
2017-12-02,10000060,6005,40702.9,500,52100,81,69
2017-12-02,10000060,6073,34629.07,7900,55899,29,23
2017-12-02,10000060,6131,2490.48,500,18500,21,12
2017-12-02,10000060,6159,55249.85,999.42,70000,12,8
2017-12-02,10000060,6160,21717.35,999.42,32899,95,61
2017-12-02,10000060,6173,645919.22,401838.26,890000.17,2,2
2017-12-02,10000060,6296,64000,59900,64000,107,82
2017-12-02,10000060,6437,287499.21,174999.42,399999,2,2
2017-12-02,10000060,6443,17992.11,240.14,88999.99,5,5
2017-12-02,10000060,6485,500,500,500,11,8
2017-12-02,10000060,6527,1380.48,500,18989.99,21,9
2017-12-02,10000060,6569,21842.5,999.42,39900,28,15
2017-12-02,10000060,6631,1,1,1,1,1
2017-12-02,10000060,6635,167500.5,15001,320000,2,2
2017-12-02,10000060,6671,68657,1,102985,12,4
2017-12-02,10000060,6673,1,1,1,2,2
2017-12-02,10000060,6677,70002,10,87500,5,5
2017-12-02,10000060,6715,1,1,1,4,3
2017-12-02,10000060,6717,105000.4,1,175000,5,5
2017-12-02,10000060,6719,11111,11111,11111,1,1
2017-12-02,10000060,6721,1,1,1,5,3
2017-12-02,10000060,6919,6205,6205,6205,8,5
2017-12-02,10000060,6921,500,500,500,8,4
2017-12-02,10000060,6923,137575.89,49122.02,284999,8,6
2017-12-02,10000060,6925,500,500,500,4,4
2017-12-02,10000060,6959,41600,500,69000,15,7
2017-12-02,10000060,6961,33861.43,25005,86999.99,14,7
2017-12-02,10000060,6963,76252.76,2005.01,199999,8,7
2017-12-02,10000060,6965,500,500,500,3,2
2017-12-02,10000060,6999,10006.3,10006.3,10006.3,17,10
2017-12-02,10000060,7001,5235,5235,5235,13,7
2017-12-02,10000060,7003,6005.07,6005.07,6005.07,14,8
2017-12-02,10000060,7005,47000.07,47000.07,47000.07,11,6
2017-12-02,10000060,7045,2012.52,2012.52,2012.52,2,2
2017-12-02,10000060,7047,76111.05,76111.05,76111.05,5,4
2017-12-02,10000060,7049,4018.81,4018.81,4018.81,5,3
2017-12-02,10000060,7083,5005,5005,5005,1,1
2017-12-02,10000060,7085,92000.52,92000.52,92000.52,17,7
2017-12-02,10000060,7087,218781.56,199921.51,239999,34,13
2017-12-02,10000060,7089,6005,6005,6005,1,1
2017-12-02,10000060,7123,79001.95,79001.93,79001.96,4,4
2017-12-02,10000060,7125,170000.89,170000.89,170000.89,19,8
2017-12-02,10000060,7127,2005.01,2005.01,2005.01,6,6
2017-12-02,10000060,7131,110701.39,110701.38,110701.39,29,11
2017-12-02,10000060,7167,216000.41,216000.41,216000.42,87,13
2017-12-02,10000060,7169,2000.05,2000.05,2000.05,23,7
2017-12-02,10000060,7171,253687.06,220006.55,379988.99,19,8
2017-12-02,10000060,7173,42598.16,5000.12,239987.89,25,7
2017-12-02,10000060,7247,750000,750000,750000,1,1
2017-12-02,10000060,7287,3159035.84,2799984.09,3238825.12,11,5
2017-12-02,10000060,7289,999999,999999,999999,2,1
2017-12-02,10000060,7329,2250000,2250000,2250000,3,1
2017-12-02,10000060,7367,3160055.96,2100000,7999999,20,5
2017-12-02,10000060,7539,600000,600000,600000,5,1
2017-12-02,10000060,7581,275000,275000,275000,3,1
2017-12-02,10000060,7583,199999,199999,199999,2,1
2017-12-02,10000060,7663,2202173.91,1500000,2350000,23,5
2017-12-02,10000060,7703,999999,999999,999999,5,1
2017-12-02,10000060,7783,2299992.75,2299992.75,2299992.75,8,1
2017-12-02,10000060,7827,2650000,2650000,2650000,26,2
2017-12-02,10000060,8007,800000,800000,800000,5,1
2017-12-02,10000060,8027,2514285.1,200000.07,2899999,35,10
2017-12-02,10000060,8089,647998.98,647998.98,647998.98,175,45
2017-12-02,10000060,8091,606389.64,19999.42,639897,37,7
2017-12-02,10000060,8105,3495671.28,3495670,3495671.92,18,2
2017-12-02,10000060,8113,194117.63,194117.63,194117.63,3,3
2017-12-02,10000060,8117,255452.56,237996,888888,71,21
2017-12-02,10000060,8133,18700,18700,18700,2,2
2017-12-02,10000060,8135,6993.78,190.23,18900,22,10
2017-12-02,10000060,8175,2432.26,500,6500,62,18
2017-12-02,10000060,8177,13407.99,501.2,48000,70,20
2017-12-02,10000060,8225,28533.06,2799.45,43900,48,22
2017-12-02,10000060,8263,48802.75,999.42,98999.42,52,21
2017-12-02,10000060,8335,49999.42,49999.42,49999.42,1,1
2017-12-02,10000060,8419,134993.94,134993.91,134993.95,5,3
2017-12-02,10000060,8427,599999.99,599999.99,599999.99,6,5
2017-12-02,10000060,8433,1316348.95,999999,1332998.95,20,17
2017-12-02,10000060,8517,3943767.57,3698999.99,4247958.46,98,53
2017-12-02,10000060,8521,879986,879986,879986,5,4
2017-12-02,10000060,8529,259072.08,63036.08,260000,42,24
2017-12-02,10000060,8531,1410,1410,1410,4,3
2017-12-02,10000060,8535,82684.55,1006,151000,22,11
2017-12-02,10000060,8537,272756.86,75000,304400,51,21
2017-12-02,10000060,8579,118483.84,41000,129899,69,34
2017-12-02,10000060,8583,18125.31,3,78550,13,7
2017-12-02,10000060,8585,85365.63,15000.01,117350,32,15
2017-12-02,10000060,8635,319989,319989,319989,3,3
2017-12-02,10000060,8641,926178.42,500001.02,1085994.94,11,4
2017-12-02,10000060,8748,243749.88,239999.89,262499.8,12,4
2017-12-02,10000060,8815,998000,998000,998000,2,1
2017-12-02,10000060,8821,509410,509410,509410,4,1
2017-12-02,10000060,8869,499999.99,499999.99,499999.99,3,1
2017-12-02,10000060,9135,1740000,1740000,1740000,4,1
2017-12-02,10000060,9327,1216289.44,998999.99,1765314.89,79,13
2017-12-02,10000060,9411,5753978.96,5753978.94,5753978.96,21,7
2017-12-02,10000060,9413,300000,300000,300000,4,2
2017-12-02,10000060,9451,2799999.95,2799999.95,2799999.95,5,1
2017-12-02,10000060,9491,6796983.93,6796983.93,6796983.93,304,58
2017-12-02,10000060,9556,1,1,1,11,5
2017-12-02,10000060,9568,499999.42,499999.42,499999.42,4,4
2017-12-02,10000060,9580,294110.75,294110.75,294110.75,8,8
2017-12-02,10000060,9582,998999.42,998999.42,998999.42,1,1
2017-12-02,10000060,9608,193332.86,193332.86,193332.86,2,2
2017-12-02,10000060,9622,27134.22,1502,43900,27,22
2017-12-02,10000060,9632,482076.6,25001,525000,41,26
2017-12-02,10000060,9646,164998.99,164998.99,164998.99,1,1
2017-12-02,10000060,9668,102351.25,102200.69,115000,85,22
2017-12-02,10000060,9670,999.42,999.42,999.42,5,5
2017-12-02,10000060,9678,146676.12,131201.46,242494,66,25
2017-12-02,10000060,9680,178012.8,16,890000,5,4
2017-12-02,10000060,9728,37008.39,37008.38,37008.39,12,8
2017-12-02,10000060,9734,20004.34,20004.34,20004.34,6,5
2017-12-02,10000060,9744,1,1,1,2,2
2017-12-02,10000060,9762,101886.33,101886.33,101886.33,19,10
2017-12-02,10000060,9772,90020.61,90020.55,90020.61,99,22
2017-12-02,10000060,9784,138580.86,11,970000,7,6
2017-12-02,10000060,9800,40085.6,40085.6,40085.6,9,5
2017-12-02,10000060,9808,125203.03,125203.03,125203.03,103,26
2017-12-02,10000060,9826,20,20,20,129,9
2017-12-02,10000060,9828,800.42,800.42,800.42,29829,4
2017-12-02,10000060,9830,12700,12700,12700,11852,2
2017-12-02,10000060,9832,9244.45,9244.44,9603,325557,23
2017-12-02,10000060,9834,97794.92,70000,97794.92,2344,10
2017-12-02,10000060,9836,11235,11235,11235,21474,4
2017-12-02,10000060,9838,13187.93,13187.93,13187.93,854,3
2017-12-02,10000060,9840,7500.03,7500.03,7500.03,2477,6
2017-12-02,10000060,9842,10000,10000,10000,150,3
2017-12-02,10000060,9848,74999,74444.44,85500.02,31130,18
2017-12-02,10000060,9850,4999.98,4999.98,4999.98,36,3
2017-12-02,10000060,9852,5000.01,5000.01,5000.01,105,2
2017-12-02,10000060,9899,17193459.7,17191992.96,17194992,15,15
2017-12-02,10000060,9941,16485705.52,16479992.47,16499998.75,14,14
2017-12-02,10000060,9942,13078914.51,12995906.01,14995946.99,11,11
2017-12-02,10000060,9943,11544607.41,11544588.96,11544791.95,11,11
2017-12-02,10000060,9944,45670.83,45650,45700,12,6
2017-12-02,10000060,9947,4000000,4000000,4000000,4,3
2017-12-02,10000060,9950,3999999.99,3999999.98,4000000,13,5
2017-12-02,10000060,9956,11162929.66,10795053.29,12266558.79,8,8
2017-12-02,10000060,9957,37496892.51,37496892.51,37496892.51,1,1
2017-12-02,10000060,10190,1188664.9,1188657.72,1188670.18,152,80
2017-12-02,10000060,10208,28171030.87,28111813.97,28999999,30,29
2017-12-02,10000060,10209,134943450.38,129998959.65,135591979.79,4,4
2017-12-02,10000060,10212,23998144.83,23997970.57,23998980.99,29,28
2017-12-02,10000060,10213,124836614.97,124830991.99,124847860.95,3,3
2017-12-02,10000060,10216,29757768,29440973.86,32737271.83,31,30
2017-12-02,10000060,10217,137373698.18,137373698.09,137373698.36,3,3
2017-12-02,10000060,10221,24915058.25,24909536.04,24997891.59,32,31
2017-12-02,10000060,10222,135994982.13,135993491.25,135997963.9,3,3
2017-12-02,10000060,10225,29971508.82,29969904.98,29971991.79,16,14
2017-12-02,10000060,10226,130000000.01,130000000.01,130000000.01,1,1
2017-12-02,10000060,10228,39431775,39430000,39433550,2,2
2017-12-02,10000060,10246,4690.26,4623.34,8000,66,10
2017-12-02,10000060,10250,1099995.98,1099995.97,1123611.23,105,23
2017-12-02,10000060,10629,23350,20000,40100,12,7
2017-12-02,10000060,10631,503213.05,120000.23,509898,60,18
2017-12-02,10000060,10678,211256.5,211256.5,211256.5,16,3
2017-12-02,10000060,10680,664995.58,664994.5,664999.9,40,11
2017-12-02,10000060,10692,99999,99999,99999,8,1
2017-12-02,10000060,10694,1188978.47,1188965.06,1188991.87,24,7
2017-12-02,10000060,10836,128779.98,128779.98,128779.98,1,1
2017-12-02,10000060,10842,2250000,2250000,2250000,1,1
2017-12-02,10000060,10850,877915.25,876999.42,877990,13,13
2017-12-02,10000060,10858,1569708.28,1499990,1988000,7,6
2017-12-02,10000060,10872,16906.76,999.42,58990,11,9
2017-12-02,10000060,10880,999999.4,999999.4,999999.4,6,6
2017-12-02,10000060,10998,99979.99,99979.99,99979.99,141,54
2017-12-02,10000060,11083,1350000,1350000,1350000,1,1
2017-12-02,10000060,11084,17999992.9,17999992.9,17999992.9,1,1
2017-12-02,10000060,11129,89998.3,55000,250000,7,7
2017-12-02,10000060,11132,56250,50000,100000,8,8
2017-12-02,10000060,11134,56923.08,30000,80000,13,9
2017-12-02,10000060,11172,42987487.97,36950000,44999983.94,4,4
2017-12-02,10000060,11174,48249998.79,47499994,57500000,8,8
2017-12-02,10000060,11176,37379309.99,30000000,37999999.99,29,20
2017-12-02,10000060,11178,47199992.23,42000003.72,47499992.86,10,10
2017-12-02,10000060,11182,44999986.25,44999983.99,44999998,4,4
2017-12-02,10000060,11184,43999963.16,40000000,44999938.95,5,4
2017-12-02,10000060,11186,47411023.72,27500001.44,49899898.98,18,18
2017-12-02,10000060,11188,38994999.5,38989999,38999999.99,2,2
2017-12-02,10000060,11192,42999999.99,42999999.99,42999999.99,2,2
2017-12-02,10000060,11194,29444444.44,29444444.44,29444444.44,1,1
2017-12-02,10000060,11196,42741883.13,39999999.99,43999908.99,62,60
2017-12-02,10000060,11198,49958850.88,49849998.99,49999973.88,62,47
2017-12-02,10000060,11200,42453483,35000000,43944900,6,6
2017-12-02,10000060,11202,42461502.94,36000000,42999960.08,13,13
2017-12-02,10000060,11207,835110,668887.5,1500000,5,4
2017-12-02,10000060,11219,854998.74,854995,854999.99,4,4
2017-12-02,10000060,11227,200000,200000,200000,2,2
2017-12-02,10000060,11229,799999.15,50000.03,949998.98,6,6
2017-12-02,10000060,11239,422480,422480,422480,1,1
2017-12-02,10000060,11247,200000,200000,200000,1,1
2017-12-02,10000060,11249,938376.15,799999.97,947811,47,10
2017-12-02,10000060,11259,1098294.99,1097994.99,1098894.99,6,4
2017-12-02,10000060,11267,189998.96,189998.95,189998.99,6,5
2017-12-02,10000060,11269,955234,955200,955235,164,112
2017-12-02,10000060,11279,1999991.99,1999991.99,1999991.99,4,1
2017-12-02,10000060,11283,3214.99,3214.99,3214.99,4,1
2017-12-02,10000060,11285,3788.07,3788.07,3788.07,154,6
2017-12-02,10000060,11287,4989.11,4984.94,4989.98,53,4
2017-12-02,10000060,11289,6000,6000,6000,945,13
2017-12-02,10000060,11309,133686.46,14030.12,227444,32,18
2017-12-02,10000060,11311,30000.21,30000.21,30000.21,11,5
2017-12-02,10000060,11317,112416.58,17004,250000,62,20
2017-12-02,10000060,11319,114431.6,111008.3,200007.91,52,11
2017-12-02,10000060,11325,384419.96,320999.56,439989.98,57,30
2017-12-02,10000060,11327,268425.23,262201.52,339998,50,20
2017-12-02,10000060,11341,28.82,28.75,29.47,6,5
2017-12-02,10000060,11343,13,13,13,12,8
2017-12-02,10000060,11349,72979.5,100.42,387300,37,22
2017-12-02,10000060,11351,511.17,511.17,511.17,19,10
2017-12-02,10000060,11370,2022801.28,1998993.31,2500000,73,69
2017-12-02,10000060,11377,39875000,39500000,40000000,4,4
2017-12-02,10000060,11379,39900000,39900000,39900000,2,2
2017-12-02,10000060,11387,36524933,36524933,36524933,2,2
2017-12-02,10000060,11395,670000,670000,670000,13,12
2017-12-02,10000060,11396,14000,14000,14000,111,2
2017-12-02,10000060,11399,7525.51,7525.51,7525.51,145261,31
2017-12-02,10000060,11433,13500000,13500000,13500000,1,1
2017-12-02,10000060,11443,11000000,11000000,11000000,1,1
2017-12-02,10000060,11444,8993000,8993000,8993000,1,1
2017-12-02,10000060,11446,13500000,13500000,13500000,7,7
2017-12-02,10000060,11448,11000000,11000000,11000000,2,2
2017-12-02,10000060,11450,13499396.67,13499000,13499595,3,3
2017-12-02,10000060,11451,13500000,13500000,13500000,1,1
2017-12-02,10000060,11452,55000000,55000000,55000000,1,1
2017-12-02,10000060,11453,17000000,17000000,17000000,1,1
2017-12-02,10000060,11455,13497500,13495000,13500000,2,2
2017-12-02,10000060,11476,212,212,212,20,2
2017-12-02,10000060,11478,300,300,300,10039,4
2017-12-02,10000060,11481,369.75,369.75,369.75,10000,1
2017-12-02,10000060,11482,316.98,316.98,316.98,40,2
2017-12-02,10000060,11483,1999.39,1999.39,1999.39,24,3
2017-12-02,10000060,11484,496.32,496.32,496.32,100,1
2017-12-02,10000060,11486,849.54,849.54,849.54,314,2
2017-12-02,10000060,11489,131666.61,99999.9,250000,6,5
2017-12-02,10000060,11534,3000.01,3000.01,3000.01,4,1
2017-12-02,10000060,11539,61000,61000,61000,1,1
2017-12-02,10000060,11540,119999,119999,119999,6,1
2017-12-02,10000060,11543,20000,20000,20000,4412,1
2017-12-02,10000060,11558,2111.02,2111.02,2111.02,3,1
2017-12-02,10000060,11561,1681057.11,1681057.11,1681057.11,1,1
2017-12-02,10000060,11563,206700,206700,206700,118,67
2017-12-02,10000060,11566,149868.66,149868.65,149868.66,5,5
2017-12-02,10000060,11572,3366664,550000,8999992,3,3
2017-12-02,10000060,11574,2700000,2700000,2700000,2,2
2017-12-02,10000060,11577,4889117.82,4706995.8,4998973.44,46,40
2017-12-02,10000060,11578,7124991.67,5001446.02,7150000,81,79
2017-12-02,10000060,11579,4452232.45,2000000.06,4999784.98,10,9
2017-12-02,10000060,11584,98333.33,95000,100000,3,3
2017-12-02,10000060,11585,999476.15,999476.15,999476.15,15,2
2017-12-02,10000060,11640,650809.66,649993.3,888974.66,76,32
2017-12-02,10000060,11642,1650322.19,1299200.22,1673500,16,15
2017-12-02,10000060,11644,2257423.99,2248999.89,2398999.99,47,47
2017-12-02,10000060,11646,1868993.45,405024,1949775,58,55
2017-12-02,10000060,11648,1951531.92,1937999.99,2538000,55,54
2017-12-02,10000060,11691,49875.9,49875.9,49875.9,339,3
2017-12-02,10000060,11694,37500,37500,37500,25,1
2017-12-02,10000060,11695,32202,32202,32202,576,3
2017-12-02,10000060,11963,272500000,270000000,275000000,2,2
2017-12-02,10000060,11971,299997499.5,299994999,300000000,2,2
2017-12-02,10000060,11985,260499999.63,240999999.27,279999999.99,2,2
2017-12-02,10000060,11987,235176002.67,230264004.01,244999999.99,3,3
2017-12-02,10000060,11989,207500000,205000000,209999999.99,2,2
2017-12-02,10000060,11993,250000000,250000000,250000000,1,1
2017-12-02,10000060,12005,313682665.37,310000000,329999997.77,9,8
2017-12-02,10000060,12011,224999999,224999999,224999999,1,1
2017-12-02,10000060,12013,402999694.99,400999889.99,404999499.98,2,2
2017-12-02,10000060,12021,431393564.59,403787131.18,458999997.99,2,2
2017-12-02,10000060,12023,275000000,275000000,275000000,1,1
2017-12-02,10000060,12032,42499951.36,40000000,43499994.9,7,7
2017-12-02,10000060,12034,38199999.99,38199999.98,38199999.99,11,11
2017-12-02,10000060,12038,43833333.32,43000000,43999999.99,6,6
2017-12-02,10000060,12044,35000000,35000000,35000000,1,1
2017-12-02,10000060,12052,179000,179000,179000,3,3
2017-12-02,10000060,12056,69142.49,68989.98,69995,6,6
2017-12-02,10000060,12058,3269010.96,3266969.99,3339310,71,70
2017-12-02,10000060,12066,300000,300000,300000,2,2
2017-12-02,10000060,12068,4599815.56,4413999,5019698.95,43,43
2017-12-02,10000060,12076,6795285.56,6794926.98,6795989.96,12,12
2017-12-02,10000060,12084,11496426.3,5100007.63,12295980,18,18
2017-12-02,10000060,12092,1996769.2,1996000,1996990,15,15
2017-12-02,10000060,12095,5499989,5499989,5499989,2,2
2017-12-02,10000060,12096,41999979.94,41999979.91,41999979.94,5,5
2017-12-02,10000060,12098,26997985.92,26997985.92,26997985.92,6,6
2017-12-02,10000060,12108,1999998.98,1999998.98,1999998.98,2,1
2017-12-02,10000060,12180,500000,500000,500000,3,3
2017-12-02,10000060,12181,470000,470000,470000,4,4
2017-12-02,10000060,12182,4999999.97,4999999.97,4999999.97,2,2
2017-12-02,10000060,12183,2266664,400000,5999991.99,3,2
2017-12-02,10000060,12184,7999986.99,7999986.99,7999987,8,6
2017-12-02,10000060,12185,297990,297990,297990,2,2
2017-12-02,10000060,12186,300000,300000,300000,2,2
2017-12-02,10000060,12187,239990,239990,239990,1,1
2017-12-02,10000060,12188,199990,199990,199990,1,1
2017-12-02,10000060,12189,5373390.15,1000000,5998160.17,8,8
2017-12-02,10000060,12191,98990,98990,98990,1,1
2017-12-02,10000060,12192,134990,134990,134990,1,1
2017-12-02,10000060,12193,76666.67,76666.67,76666.67,1,1
2017-12-02,10000060,12194,1424997.63,550000,2299995.27,4,4
2017-12-02,10000060,12195,99889.98,99889.98,99889.98,1,1
2017-12-02,10000060,12196,304404.44,304404.43,304404.44,3,3
2017-12-02,10000060,12198,1481394.28,800000.01,1594959.99,7,3
2017-12-02,10000060,12199,5750000,5750000,5750000,2,2
2017-12-02,10000060,12200,15897385,15897385,15897385,8,1
2017-12-02,10000060,12201,4499999.98,4499999.98,4499999.99,10,10
2017-12-02,10000060,12202,14500000,14500000,14500000,3,3
2017-12-02,10000060,12203,17500000,17500000,17500000,1,1
2017-12-02,10000060,12205,10500000,10500000,10500000,1,1
2017-12-02,10000060,12206,7890996.97,7890996.96,7890996.98,12,12
2017-12-02,10000060,12207,14800000,14800000,14800000,2,2
2017-12-02,10000060,12208,12907988.78,12907988.78,12907988.78,2,2
2017-12-02,10000060,12209,15399998.65,15000000,15499997.98,6,6
2017-12-02,10000060,12210,13399606.5,13399606,13399606.99,2,2
2017-12-02,10000060,12211,10000000,10000000,10000000,1,1
2017-12-02,10000060,12212,19999968,19999968,19999968,1,1
2017-12-02,10000060,12213,1350000,1350000,1350000,1,1
2017-12-02,10000060,12215,14333299.75,11999949.62,19000000,3,3
2017-12-02,10000060,12217,130000,130000,130000,2,1
2017-12-02,10000060,12219,31249937.41,29999949.98,34999899.7,4,4
2017-12-02,10000060,12259,5861419.91,5861419.89,5861419.91,8,5
2017-12-02,10000060,12263,7389000,7389000,7389000,2,1
2017-12-02,10000060,12267,3596942.29,3595000,3598891,17,11
2017-12-02,10000060,12269,999990,999990,999990,4,4
2017-12-02,10000060,12271,6489819.03,3204001.37,6699888.99,29,28
2017-12-02,10000060,12274,61117.7,500,63990,12,10
2017-12-02,10000060,12305,135000,135000,135000,8,7
2017-12-02,10000060,12344,194333.33,190999.99,200000,30,5
2017-12-02,10000060,12346,1875998.58,1875998.58,1875998.58,109,23
2017-12-02,10000060,12365,149922,149922,149922,6,6
2017-12-02,10000060,12366,185999.8,160000,224999.5,5,5
2017-12-02,10000060,12367,149545.47,149545.02,149545.77,5,5
2017-12-02,10000060,12441,4000000,4000000,4000000,4,4
2017-12-02,10000060,12442,5999444.85,5999395,5999594.38,4,4
2017-12-02,10000060,12484,5628570.24,4599998,5799998.95,21,21
2017-12-02,10000060,12485,8999998.82,8999997.99,8999998.98,6,6
2017-12-02,10000060,12486,6765954.61,5595962,6999966.4,6,6
2017-12-02,10000060,12487,8987437.5,8987437.5,8987437.5,1,1
2017-12-02,10000060,12532,32923.01,32923.01,32923.01,2,2
2017-12-02,10000060,12533,302.01,302.01,302.01,2,2
2017-12-02,10000060,12535,1001.02,1001.02,1001.02,13,6
2017-12-02,10000060,12536,104.2,104.2,104.2,4,2
2017-12-02,10000060,12557,123522.8,123522.78,123522.81,17,4
2017-12-02,10000060,12559,277995.6,277994.92,277995.93,25,6
2017-12-02,10000060,12563,169998,169997.99,169998,20,4
2017-12-02,10000060,12565,92662.03,90799.78,118267.97,59,5
2017-12-02,10000060,12608,69,69,69,26662,17
2017-12-02,10000060,12612,89.4,89.4,89.4,35249,14
2017-12-02,10000060,12614,39.8,39.8,39.8,25084,11
2017-12-02,10000060,12618,30.82,30.82,30.82,48543,20
2017-12-02,10000060,12620,25,25,25,36238,16
2017-12-02,10000060,12625,67.77,67.77,67.77,70148,31
2017-12-02,10000060,12631,59.93,59.93,59.93,214515,66
2017-12-02,10000060,12633,65,65,65,159820,12
2017-12-02,10000060,12709,64995.79,64992.99,64996.63,13,7
2017-12-02,10000060,12729,158500050.54,67000101.08,250000000,2,2
2017-12-02,10000060,12731,330667484.45,168000000.01,384889979.26,4,3
2017-12-02,10000060,12733,259975987,259975987,259975987,1,1
2017-12-02,10000060,12743,248500000,248000000,249000000,2,2
2017-12-02,10000060,12761,991.95,991.95,991.95,3400,3
2017-12-02,10000060,12765,994.88,994.88,994.88,2000,1
2017-12-02,10000060,12767,319.99,12.88,320,6500,4
2017-12-02,10000060,12771,339.99,339.99,339.99,11600,7
2017-12-02,10000060,12773,238.76,238.75,238.77,28826,10
2017-12-02,10000060,12775,439.5,439.5,439.5,14960,7
2017-12-02,10000060,12777,139,139,139,6682,5
2017-12-02,10000060,12779,519.99,519.99,519.99,19700,5
2017-12-02,10000060,12785,123.91,123.91,123.91,3755,3
2017-12-02,10000060,12787,334,334,334,18472,4
2017-12-02,10000060,12789,147.99,147.99,147.99,16500,6
2017-12-02,10000060,12791,207.97,207.97,207.97,15803,2
2017-12-02,10000060,12801,323.91,319.98,323.92,72985,42
2017-12-02,10000060,12805,198.86,198.86,198.86,89048,47
2017-12-02,10000060,12814,879984.08,879980,879987.83,66,7
2017-12-02,10000060,12816,538799.93,538799.92,538799.94,58,6
2017-12-02,10000060,12818,379856.94,379846.5,380000,59,7
2017-12-02,10000060,12820,629991.9,629989.99,629996.68,98,13
2017-12-02,10000060,12822,1027595.99,1027595.99,1027595.99,13,4
2017-12-02,10000060,12824,500000,500000,500000,16,2
2017-12-02,10000060,12826,274999.98,274999.97,274999.98,11,3
2017-12-02,10000060,12828,999995.8,999995.8,999995.8,16,1
2017-12-02,10000060,13001,3449999.65,3449999.65,3449999.66,17,11
2017-12-02,10000060,13003,2980038.32,2975000,2988994.99,25,15
2017-12-02,10000060,13119,252.28,252.28,252.28,3300,3
2017-12-02,10000060,13209,57000000,57000000,57000000,2,2
2017-12-02,10000060,13216,24915050.2,24885998.99,24987989.02,18,15
2017-12-02,10000060,13229,65000000,65000000,65000000,1,1
2017-12-02,10000060,13231,40000000,40000000,40000000,4,4
2017-12-02,10000060,13237,37045000,37045000,37045000,1,1
2017-12-02,10000060,13240,27790000,27790000,27790000,1,1
2017-12-02,10000060,13244,44990208.81,44990208.81,44990208.81,2,2
2017-12-02,10000060,13249,43199999.97,40000000,43999999.96,5,5
2017-12-02,10000060,13250,65000000,65000000,65000000,1,1
2017-12-02,10000060,13256,26098766.65,26098766.65,26098766.65,2,2
2017-12-02,10000060,13257,26009389.98,26009389.98,26009389.98,1,1
2017-12-02,10000060,13259,28752059.2,28719819.04,28848779.69,4,4
2017-12-02,10000060,13260,26004598.66,26004598,26004598.99,3,3
2017-12-02,10000060,13261,24995038.61,24993762.28,24995957.88,18,18
2017-12-02,10000060,13263,44999973.97,44999973,44999974.94,2,2
2017-12-02,10000060,13279,299966.67,299950,300000,3,3
2017-12-02,10000060,13283,129882.03,129882.03,129882.03,2,2
2017-12-02,10000060,13285,1199901.61,1199901.61,1199901.61,1,1
2017-12-02,10000060,13286,1000000,1000000,1000000,1,1
2017-12-02,10000060,13287,1399995.33,1399995.33,1399995.33,1,1
2017-12-02,10000060,13813,3999998.99,3999998.99,3999998.99,2,2
2017-12-02,10000060,13815,18999999.97,18999999.97,18999999.97,1,1
2017-12-02,10000060,13856,189.99,189.99,189.99,2000,1
2017-12-02,10000060,13937,117999999.98,117999999.97,118000000,3,2
2017-12-02,10000060,13941,63109226.36,50001001,69994995.51,9,9
2017-12-02,10000060,13947,12499997.5,12499997.41,12499997.59,2,2
2017-12-02,10000060,13957,17999999.67,16999999.5,20000000,6,6
2017-12-02,10000060,13965,20000000,20000000,20000000,1,1
2017-12-02,10000060,13969,289000000,289000000,289000000,1,1
2017-12-02,10000060,13970,12653999.99,12653999.99,12654000,4,4
2017-12-02,10000060,13972,4058333.59,1883336.04,4299999.98,10,9
2017-12-02,10000060,13976,3441418.03,1883336.07,4999500,4,4
2017-12-02,10000060,13978,10772365.98,7000000,12658548.98,3,3
2017-12-02,10000060,13980,1944443.5,1899999,1988887.99,2,2
2017-12-02,10000060,13982,12999999.88,12999999.88,12999999.88,6,6
2017-12-02,10000060,13984,3732701.81,1600000.26,3941944,8,8
2017-12-02,10000060,14003,4387500,4350000,4400000,4,4
2017-12-02,10000060,14009,2726.71,1515,9997,7,4
2017-12-02,10000060,14015,12293.75,176.21,84999,7,2
2017-12-02,10000060,14021,70.06,70.06,70.06,2,1
2017-12-02,10000060,14027,5789,5789,5789,2,1
2017-12-02,10000060,14041,45000000,45000000,45000000,1,1
2017-12-02,10000060,14061,10399977.49,10399977.49,10399977.49,1,1
2017-12-02,10000060,14063,8999998,8999998,8999998,1,1
2017-12-02,10000060,14070,33867996.17,15000008.43,35000000,16,14
2017-12-02,10000060,14072,40999999.83,40999999.83,40999999.83,2,1
2017-12-02,10000060,14076,222901.03,25812.05,419990,2,2
2017-12-02,10000060,14088,1533166.5,400000,2500000,6,6
2017-12-02,10000060,14094,542302.02,41911.06,888800,5,5
2017-12-02,10000060,14108,41989998.99,41989998.99,41989998.99,1,1
2017-12-02,10000060,14128,8177776,8000000,8888880,5,5
2017-12-02,10000060,14134,40901586.57,27155556,45999999,7,7
2017-12-02,10000060,14136,70000000,70000000,70000000,1,1
2017-12-02,10000060,14140,35000000,35000000,35000000,3,2
2017-12-02,10000060,14142,19999762.07,19998998.99,19999996.99,17,9
2017-12-02,10000060,14144,35999713.97,30000000,40499499.45,7,6
2017-12-02,10000060,14146,99499999.99,99499999.99,99499999.99,1,1
2017-12-02,10000060,14152,5372000.5,1744001,8999999.99,2,2
2017-12-02,10000060,14154,11500000,10000000,13000000,2,2
2017-12-02,10000060,14164,69000000,69000000,69000000,1,1
2017-12-02,10000060,14168,15000009,15000009,15000009,1,1
2017-12-02,10000060,14172,8674948.76,4100001.01,13249896.5,4,4
2017-12-02,10000060,14176,25000000,25000000,25000000,1,1
2017-12-02,10000060,14188,135510286.14,120924001,157600000,7,7
2017-12-02,10000060,14220,54999977.05,54999977.05,54999977.05,3,1
2017-12-02,10000060,14228,2999996,2999996,2999996,2,1
2017-12-02,10000060,14238,237883029.29,237883029.29,237883029.29,1,1
2017-12-02,10000060,14242,112928764.75,110000000,113905019,4,3
2017-12-02,10000060,14252,65205165.54,65205131.07,65205200,2,2
2017-12-02,10000060,14256,76999999.96,76999999.96,76999999.96,1,1
2017-12-02,10000060,14262,74441483.36,56267414.28,82555555,7,6
2017-12-02,10000060,14266,71000000,71000000,71000000,1,1
2017-12-02,10000060,14278,1990578.41,1893894.23,1997999.42,75,15
2017-12-02,10000060,14296,6762603,6762603,6762603,1,1
2017-12-02,10000060,14297,7462998.24,6988994.71,7700000,3,3
2017-12-02,10000060,15331,500.03,500.03,500.03,1257,102
2017-12-02,10000060,15457,4999999.99,4999999.99,4999999.99,2,2
2017-12-02,10000060,15463,1900000,1900000,1900000,1,1
2017-12-02,10000060,15464,8888886.67,8888886.67,8888886.67,1,1
2017-12-02,10000060,15465,24999997.77,24999997.77,24999997.77,1,1
2017-12-02,10000060,15466,4749999.99,4749999.99,4749999.99,13,1
2017-12-02,10000060,15477,25000000,25000000,25000000,1,1
2017-12-02,10000060,15479,4060900,4060900,4060900,4,3
2017-12-02,10000060,15480,15000000,15000000,15000000,7,4
2017-12-02,10000060,15508,58997.63,58990,58998.99,54,6
2017-12-02,10000060,15510,49993.72,49993.5,49994.39,40,5
2017-12-02,10000060,15681,95833331.9,90000000,98000000,24,12
2017-12-02,10000060,15729,37615082.1,36000000,37884914.23,14,12
2017-12-02,10000060,15751,193658548.55,193658548.55,193658548.55,1,1
2017-12-02,10000060,15766,27999983,26999999.5,29999950,3,3
2017-12-02,10000060,15770,69696696.28,69696696.28,69696696.28,1,1
2017-12-02,10000060,15790,20745874.98,15000000,22993499.95,8,8
2017-12-02,10000060,15792,278444079.45,278444078.91,278444079.99,2,2
2017-12-02,10000060,15806,122071846.97,122070993.33,122071953.67,9,4
2017-12-02,10000060,15810,91968822,91968822,91968822,2,1
2017-12-02,10000060,15887,60999936.96,60999772.58,60999990.68,4,4
2017-12-02,10000060,15889,58494717.11,55000000,61989434.22,2,2
2017-12-02,10000060,15891,147999966.64,144999950,148999974.97,4,4
2017-12-02,10000060,15895,104999997.99,104999997.99,104999997.99,3,1
2017-12-02,10000060,15963,139997705.98,139996774.92,139997774.94,29,13
2017-12-02,10000060,15965,95000000,95000000,95000000,2,1
2017-12-02,10000060,16062,54949970,54949970,54949970,5,2
2017-12-02,10000060,16069,134994.48,134993.98,134996.95,12,12
2017-12-02,10000060,16227,43628075.62,38049999.99,43999947,32,24
2017-12-02,10000060,16229,41300000,41000000,41899999.99,3,3
2017-12-02,10000060,16231,47199995.45,47199995.45,47199995.45,1,1
2017-12-02,10000060,16233,57500000,55000000,60000000,2,2
2017-12-02,10000060,16236,891468.49,875000,1000000,4,4
2017-12-02,10000060,16238,855878.4,401000,999982.65,9,9
2017-12-02,10000060,16240,1038746.15,94999.01,1236685.65,7,7
2017-12-02,10000060,16242,809658.99,800000,844500,29,10
2017-12-02,10000060,16272,734.85,734.84,734.88,45497883,310
2017-12-02,10000060,16273,32,32,32,22847344,207
2017-12-02,10000060,16274,617.99,617.97,619.85,12059960,82
2017-12-02,10000060,16275,1700.01,1700,1774.99,1541515,56
2017-12-02,10000060,16278,2075131.61,1990723.14,2199000,32,10
2017-12-02,10000060,16281,999857.14,999000,1000000,7,4
2017-12-02,10000060,16301,469999.89,469999.89,469999.89,3,1
2017-12-02,10000060,16303,1885998.88,1885997.45,1885999,13,7
2017-12-02,10000060,16305,500,500,500,3,2
2017-12-02,10000060,16307,500,500,500,4,4
2017-12-02,10000060,16309,700,700,700,8,5
2017-12-02,10000060,16311,51877.57,5005.51,129997,8,8
2017-12-02,10000060,16313,500,500,500,8,4
2017-12-02,10000060,16315,500,500,500,1,1
2017-12-02,10000060,16317,500,500,500,6,4
2017-12-02,10000060,16321,500,500,500,5,3
2017-12-02,10000060,16323,500,500,500,5,4
2017-12-02,10000060,16325,500,500,500,5,4
2017-12-02,10000060,16327,500,500,500,6,4
2017-12-02,10000060,16329,500,500,500,5,3
2017-12-02,10000060,16331,500,500,500,2,2
2017-12-02,10000060,16333,500,500,500,7,5
2017-12-02,10000060,16335,500,500,500,4,2
2017-12-02,10000060,16337,500.01,500.01,500.01,2,2
2017-12-02,10000060,16339,500,500,500,2,2
2017-12-02,10000060,16341,500,500,500,4,3
2017-12-02,10000060,16343,500,500,500,7,4
2017-12-02,10000060,16345,500,500,500,5,3
2017-12-02,10000060,16347,500,500,500,4,4
2017-12-02,10000060,16349,500,500,500,6,5
2017-12-02,10000060,16351,500,500,500,6,5
2017-12-02,10000060,16353,5857.1,2101.15,96000,25,9
2017-12-02,10000060,16355,2200,2200,2200,16,9
2017-12-02,10000060,16357,12535.37,2208.02,74499.5,14,7
2017-12-02,10000060,16359,11084.81,8400.18,94999.99,33,15
2017-12-02,10000060,16361,4000.05,4000.05,4000.05,34,11
2017-12-02,10000060,16363,5000.84,5000.81,5000.84,23,8
2017-12-02,10000060,16365,17779.79,10002.02,115001.95,27,12
2017-12-02,10000060,16367,55919.47,50999.43,112000,25,12
2017-12-02,10000060,16369,2403.26,2403.22,2404,21,10
2017-12-02,10000060,16371,26100.56,26100.56,26100.56,24,8
2017-12-02,10000060,16373,23416.71,15000.04,116000.03,24,11
2017-12-02,10000060,16375,4003.27,4000.43,4009.42,19,8
2017-12-02,10000060,16377,2000.14,2000.14,2000.14,22,10
2017-12-02,10000060,16379,1,1,1,24,5
2017-12-02,10000060,16381,21601.75,5002.14,141998.98,35,15
2017-12-02,10000060,16383,2999.42,2999.42,2999.42,18,8
2017-12-02,10000060,16385,51355.63,22225.19,119990,10,9
2017-12-02,10000060,16387,18380,500,89900,5,4
2017-12-02,10000060,16389,152261.6,20005.01,214500,25,13
2017-12-02,10000060,16391,220515.59,12999.42,318900,19,14
2017-12-02,10000060,16393,600,600,600,2,2
2017-12-02,10000060,16395,1105.05,1105.05,1105.05,8,6
2017-12-02,10000060,16397,500,500,500,6,3
2017-12-02,10000060,16399,11562.49,500,88999.95,8,6
2017-12-02,10000060,16401,500,500,500,14,8
2017-12-02,10000060,16403,1126,1126,1126,4,4
2017-12-02,10000060,16405,7628.57,600,99000,14,6
2017-12-02,10000060,16407,54857,500,189499.5,14,9
2017-12-02,10000060,16409,600,600,600,5,3
2017-12-02,10000060,16411,500,500,500,3,2
2017-12-02,10000060,16413,500,500,500,5,5
2017-12-02,10000060,16415,5000,5000,5000,2,2
2017-12-02,10000060,16417,20322.22,600,45000,9,8
2017-12-02,10000060,16419,500.01,500.01,500.01,4,2
2017-12-02,10000060,16421,600,600,600,5,4
2017-12-02,10000060,16423,1405,1405,1405,6,4
2017-12-02,10000060,16425,600,600,600,2,2
2017-12-02,10000060,16427,626.19,626.19,626.19,5,2
2017-12-02,10000060,16429,533.33,500,600,3,3
2017-12-02,10000060,16431,600,600,600,12,6
2017-12-02,10000060,16433,127735,35255,174000,6,5
2017-12-02,10000060,16435,18142.9,500.22,123999,7,4
2017-12-02,10000060,16439,58541.66,500,77899.99,12,8
2017-12-02,10000060,16441,82199.29,500,163900,14,9
2017-12-02,10000060,16443,500.24,500.23,500.24,13,8
2017-12-02,10000060,16447,46007.14,6500,88889.99,42,22
2017-12-02,10000060,16451,272954.58,10005.01,414542.25,20,7
2017-12-02,10000060,16455,53843.75,2150,140000,16,3
2017-12-02,10000060,16457,9999899.57,9999899.57,9999899.57,1,1
2017-12-02,10000060,16467,161842.28,6611.99,345900,14,11
2017-12-02,10000060,16469,26153.48,10008.12,38000,14,11
2017-12-02,10000060,16475,34735.19,5004.07,125499.99,56,20
2017-12-02,10000060,16477,74925.76,49000.63,118998,81,29
2017-12-02,10000060,16481,5000.1,5000.1,5000.1,58,13
2017-12-02,10000060,16483,500,500,500,43,9
2017-12-02,10000060,16485,10000.19,10000.19,10000.19,34,14
2017-12-02,10000060,16487,14313.67,500,49998.99,43,17
2017-12-02,10000060,16489,500,500,500,11,5
2017-12-02,10000060,16491,100,100,100,10,5
2017-12-02,10000060,16493,500,500,500,12,6
2017-12-02,10000060,16495,216814.89,127500,244999.99,47,28
2017-12-02,10000060,16497,55007.27,55007.27,55007.27,58,15
2017-12-02,10000060,16499,48878.62,45894.11,121998.99,51,13
2017-12-02,10000060,16505,21498.42,97.88,64300,9,6
2017-12-02,10000060,16507,40163.38,3836,121900,13,6
2017-12-02,10000060,16519,49877.48,999.42,56999.41,41,10
2017-12-02,10000060,16525,499999.99,499999.99,499999.99,2,1
2017-12-02,10000060,16527,793218.04,90000,889999.97,42,12
2017-12-02,10000060,16533,6499975.99,6499975.99,6499975.99,1,1
2017-12-02,10000060,16535,25999999,25999999,25999999,2,2
2017-12-02,10000060,16537,23995994.99,23995994.99,23995994.99,5,5
2017-12-02,10000060,16591,42999996.05,42999994.16,42999997,3,3
2017-12-02,10000060,16594,10999999.97,10999999.97,10999999.97,2,2
2017-12-02,10000060,16595,19999999.87,19999999.86,19999999.88,3,3
2017-12-02,10000060,16598,19992999.03,19992999.03,19992999.03,1,1
2017-12-02,10000060,16622,6560000,6560000,6560000,1,1
2017-12-02,10000060,16634,3700,3700,3700,500,1
2017-12-02,10000060,16635,11999.88,11999.88,11999.88,7301,3
2017-12-02,10000060,16636,8000,8000,8000,91,1
2017-12-02,10000060,16637,6500,6500,6500,119690,5
2017-12-02,10000060,16638,5499.99,5499.99,5499.99,36361,3
2017-12-02,10000060,16640,6000,6000,6000,581684,5
2017-12-02,10000060,16641,10999.45,10999.45,10999.45,15179,2
2017-12-02,10000060,16642,9599.89,9599.89,9599.89,800,1
2017-12-02,10000060,16643,12500,12500,12500,22584,4
2017-12-02,10000060,16644,6499.99,6499.99,6499.99,12433,2
2017-12-02,10000060,16646,19998.83,19998.83,19998.83,200,1
2017-12-02,10000060,16647,15000,15000,15000,201000,3
2017-12-02,10000060,16648,10500,10500,10500,10000,1
2017-12-02,10000060,16650,93000,93000,93000,3712,1
2017-12-02,10000060,16652,75000,75000,75000,929,2
2017-12-02,10000060,16659,5000,5000,5000,97360,1
2017-12-02,10000060,16660,3750,3750,3750,50632,1
2017-12-02,10000060,16670,285,259.45,287.95,10573893,4
2017-12-02,10000060,16671,390.91,390.91,390.91,3584450,6
2017-12-02,10000060,16672,260,260,260,2086460,8
2017-12-02,10000060,16673,249.91,249.91,249.91,33893,3
2017-12-02,10000060,16678,382.01,382.01,382.01,583543,5
2017-12-02,10000060,16679,1499.75,1499.75,1499.75,38930,4
2017-12-02,10000060,16680,2499.91,2499.91,2499.91,227991,11
2017-12-02,10000060,16681,4497.94,4497.94,4497.94,74108,11
2017-12-02,10000060,16682,11500,11500,11500,38734,10
2017-12-02,10000060,16683,41919.99,41919.99,41919.99,12963,3
2017-12-02,10000060,17136,74994.95,74994.95,74994.95,2688,4
2017-12-02,10000060,17201,1,1,1,14,2
2017-12-02,10000060,17202,201.02,201.02,201.02,8,5
2017-12-02,10000060,17203,1001.03,1001.03,1001.03,1,1
2017-12-02,10000060,17204,562,562,562,10,6
2017-12-02,10000060,17231,1,1,1,7,2
2017-12-02,10000060,17238,384,384,384,1,1
2017-12-02,10000060,17366,76999.99,76999,200000,106,50
2017-12-02,10000060,17367,1350640.83,1350640.83,1350640.83,1,1
2017-12-02,10000060,17368,1979724.07,1978999.93,2000000,29,9
2017-12-02,10000060,17392,159999.98,159999.98,159999.98,500,1
2017-12-02,10000060,17425,2500,2500,2500,1866,7
2017-12-02,10000060,17426,4001.59,4001.59,4001.59,70,1
2017-12-02,10000060,17428,2000,2000,2000,1527,7
2017-12-02,10000060,17429,2600.6,2600.6,2600.6,279,4
2017-12-02,10000060,17432,2000,2000,2000,801,12
2017-12-02,10000060,17433,2000.28,2000.28,2000.28,354,6
2017-12-02,10000060,17436,600,600,600,1394,6
2017-12-02,10000060,17437,640.06,640.06,640.06,108,3
2017-12-02,10000060,17441,1,1,1,99,1
2017-12-02,10000060,17453,1,1,1,126,2
2017-12-02,10000060,17455,20,20,20,3735,2
2017-12-02,10000060,17456,0.01,0.01,0.01,1836,2
2017-12-02,10000060,17459,1,1,1,29107,3
2017-12-02,10000060,17460,1,1,1,45,1
2017-12-02,10000060,17463,1,1,1,98,1
2017-12-02,10000060,17466,1600.19,1600.19,1600.19,501,13
2017-12-02,10000060,17467,1300,1300,1300,928,10
2017-12-02,10000060,17470,1,1,1,85,2
2017-12-02,10000060,17476,18742105.25,16000000.06,19000000,19,15
2017-12-02,10000060,17478,15664281.21,14250040.53,15899988.94,7,7
2017-12-02,10000060,17480,16794059.42,12111111.11,16899988.02,15,15
2017-12-02,10000060,17482,1744609.82,51999.42,1980995.99,65,23
2017-12-02,10000060,17500,54998931.61,54998924.11,54998939.1,2,2
2017-12-02,10000060,17526,23098657.99,21499999.98,23897987,6,5
2017-12-02,10000060,17559,66467353.62,64991929.5,67999972.77,17,11
2017-12-02,10000060,17619,21488992.26,21488992.26,21488992.26,1,1
2017-12-02,10000060,17672,749.99,749.99,749.99,750,1
2017-12-02,10000060,17674,2199.98,2199.98,2199.98,500,1
2017-12-02,10000060,17703,41000000,41000000,41000000,1,1
2017-12-02,10000060,17715,206999988.88,206999988.75,206999988.95,3,3
2017-12-02,10000060,17718,134999999.68,134999999.68,134999999.68,1,1
2017-12-02,10000060,17738,554127219.02,519999999,589999999.99,40,40
2017-12-02,10000060,17740,399501503.08,350003006.15,449000000,2,2
2017-12-02,10000060,17765,319998.98,319998.98,319998.98,5,3
2017-12-02,10000060,17843,71586229.09,69380000,71999944.96,86,80
2017-12-02,10000060,17865,1280.32,1280.32,1280.32,14751,12
2017-12-02,10000060,17866,1360.35,1360.35,1360.35,3017,5
2017-12-02,10000060,17868,1,1,1,16,2
2017-12-02,10000060,17869,14500,14500,14500,166,4
2017-12-02,10000060,17870,14000,14000,14000,78,1
2017-12-02,10000060,17871,4987785.95,4987785.95,4987785.95,1,1
2017-12-02,10000060,17887,1018.18,1018.05,1018.4,10384836,269
2017-12-02,10000060,17888,822.78,822.77,822.9,2727974,40
2017-12-02,10000060,17889,947.43,947.28,947.5,4228405,112
2017-12-02,10000060,17893,226679.17,200015,359999.99,6,5
2017-12-02,10000060,17894,200001.75,200001,200002,4,4
2017-12-02,10000060,17895,431500.75,280002,483000,8,5
2017-12-02,10000060,17897,10000,10000,10000,39,1
2017-12-02,10000060,17898,134999,134999,134999,110,3
2017-12-02,10000060,17912,4943440.05,4500000,5478999.95,16,9
2017-12-02,10000060,17918,467728354.33,462868988.95,479449494.45,11,11
2017-12-02,10000060,17920,226499999.98,225000000,227999999.95,2,2
2017-12-02,10000060,17922,73999999.67,70000000,75999999.5,3,3
2017-12-02,10000060,17926,23222233,23222233,23222233,1,1
2017-12-02,10000060,17930,68998886.89,68998886.89,68998886.89,1,1
2017-12-02,10000060,17932,59749999.89,58000000,61499999.78,2,2
2017-12-02,10000060,17938,150672.18,147999.42,170894.98,44,41
2017-12-02,10000060,17940,670000,670000,670000,5,5
2017-12-02,10000060,17978,300000,300000,300000,8,1
2017-12-02,10000060,18036,89999.99,89999.99,89999.99,4,2
2017-12-02,10000060,18038,278626.01,232691.31,296999.89,7,3
2017-12-02,10000060,18040,156912.95,156419.95,157898.94,6,2
2017-12-02,10000060,18042,111333.33,111111.1,112000,8,3
2017-12-02,10000060,18044,226915.45,226045,226998.34,23,6
2017-12-02,10000060,18046,72000,72000,72000,2,1
2017-12-02,10000060,18048,90000,90000,90000,2,1
2017-12-02,10000060,18050,32000,32000,32000,6,2
2017-12-02,10000060,18052,127009.98,127009.97,127010,6,2
2017-12-02,10000060,18054,449698.92,449695.84,449699.94,8,2
2017-12-02,10000060,18057,300000,300000,300000,1,1
2017-12-02,10000060,18058,260999,260999,260999,2,1
2017-12-02,10000060,18059,250000,250000,250000,1,1
2017-12-02,10000060,18063,150000,150000,150000,1,1
2017-12-02,10000060,18064,300185.47,299996.88,303008.16,32,7
2017-12-02,10000060,18065,6500000,6500000,6500000,1,1
2017-12-02,10000060,18590,795827.01,699999,799995.91,48,7
2017-12-02,10000060,18592,931316.41,848839,1549899.5,68,8
2017-12-02,10000060,18594,1059083.46,549999,1249989.18,88,10
2017-12-02,10000060,18596,878152.33,797998.9,1999999,60,7
2017-12-02,10000060,18598,929997.99,929997.99,929997.99,104,9
2017-12-02,10000060,18600,299998,299998,299998,1,1
2017-12-02,10000060,18608,1165895.86,1165895.86,1165895.86,301,25
2017-12-02,10000060,18612,260000,260000,260000,10,1
2017-12-02,10000060,18616,199999.4,199999.4,199999.4,4,1
2017-12-02,10000060,18618,150000,145000,190000,18,3
2017-12-02,10000060,18624,929993.72,849999.68,929993.73,108,12
2017-12-02,10000060,18635,222221.96,222221.96,222221.96,30,1
2017-12-02,10000060,18639,155670.37,120000,158900,27,27
2017-12-02,10000060,18666,108000000,108000000,108000000,1,1
2017-12-02,10000060,18676,59333333.33,55000000,68000000,3,3
2017-12-02,10000060,18682,55000000,55000000,55000000,1,1
2017-12-02,10000060,18708,124868823.05,124868800.39,124868868.39,6,4
2017-12-02,10000060,18809,290000000,290000000,290000000,1,1
2017-12-02,10000060,18829,189999999.5,189999999,190000000,2,2
2017-12-02,10000060,18831,122694983.34,117390000,127999966.67,2,2
2017-12-02,10000060,18867,34000000,34000000,34000000,1,1
2017-12-02,10000060,18869,35893996.5,25000000,46787992.99,2,2
2017-12-02,10000060,18873,84444443.95,80000000,88888887.9,2,2
2017-12-02,10000060,18881,913987537.22,900000000,917000050,8,7
2017-12-02,10000060,18885,37899996,37899996,37899996,1,1
2017-12-02,10000060,18917,55000000,55000000,55000000,1,1
2017-12-02,10000060,18929,45000000,45000000,45000000,1,1
2017-12-02,10000060,18933,58066376.7,56999999.99,59943998.49,10,10
2017-12-02,10000060,18935,109285665.31,107857000,109999997.96,3,2
2017-12-02,10000060,18937,54781771.01,53999998.99,57999994.69,11,11
2017-12-02,10000060,18941,38999995.54,30000000,39999993.99,11,11
2017-12-02,10000060,18945,80624992.77,79999987.49,90000000,16,16
2017-12-02,10000060,18947,111998998,111998998,111998998,1,1
2017-12-02,10000060,18973,100000000,100000000,100000000,1,1
2017-12-02,10000060,18975,94000000,94000000,94000000,1,1
2017-12-02,10000060,18977,99799998.99,99799998.99,99799998.99,1,1
2017-12-02,10000060,18979,114999995.33,114999995.33,114999995.33,1,1
2017-12-02,10000060,19009,69999999.96,69999999.96,69999999.96,2,2
2017-12-02,10000060,19017,149999999,149999999,149999999,1,1
2017-12-02,10000060,19021,269998899,269998898.99,269998899,2,2
2017-12-02,10000060,19029,145000000,120000000,170000000,2,2
2017-12-02,10000060,19038,160899499.5,160899000,160899999,2,2
2017-12-02,10000060,19039,69500000,65000000,73999999.99,2,2
2017-12-02,10000060,19045,103799996.91,101999998,104999996,5,4
2017-12-02,10000060,19119,16298999.98,15999999.97,16897000,3,2
2017-12-02,10000060,19179,129000000,129000000,129000000,1,1
2017-12-02,10000060,19187,33199989.9,30000000,33999990.51,5,5
2017-12-02,10000060,19195,361000000,361000000,361000000,1,1
2017-12-02,10000060,19198,600199999.11,599999998.92,600999998.83,5,5
2017-12-02,10000060,19207,194467771.05,194467755.45,194467776.68,5,5
2017-12-02,10000060,19208,94333338.65,65000017.95,108999999,3,3
2017-12-02,10000060,19211,7850000,7850000,7850000,2,2
2017-12-02,10000060,19215,18754000.25,18753999.99,18754000.51,4,4
2017-12-02,10000060,19225,34999999.99,34999999.99,34999999.99,3,3
2017-12-02,10000060,19227,53499337.34,53499213.91,53499954.45,6,6
2017-12-02,10000060,19229,56590457.98,56000000,56885686.97,3,3
2017-12-02,10000060,19231,107623371.05,107399999.82,109351971.99,8,6
2017-12-02,10000060,19255,95900000,95900000,95900000,1,1
2017-12-02,10000060,19263,99432998.99,99432998.99,99432998.99,1,1
2017-12-02,10000060,19281,79999999,79999999,79999999,1,1
2017-12-02,10000060,19282,123679436.51,108000018.52,126665989.99,25,21
2017-12-02,10000060,19284,34203880.54,12000011.22,37884998.99,19,16
2017-12-02,10000060,19286,4999999.99,4999999.98,4999999.99,2,2
2017-12-02,10000060,19288,31396899.92,2000008,50994838.97,5,4
2017-12-02,10000060,19295,246844979.91,196300004.57,255998939,13,13
2017-12-02,10000060,19301,211999000,211999000,211999000,1,1
2017-12-02,10000060,19335,450000000,450000000,450000000,1,1
2017-12-02,10000060,19339,197999999.95,197999999.95,197999999.95,1,1
2017-12-02,10000060,19359,251818749.5,250000000,257274999,4,4
2017-12-02,10000060,19416,40000000,40000000,40000000,1,1
2017-12-02,10000060,19417,42819753.68,42345679.82,44123456.78,15,4
2017-12-02,10000060,19419,72100014.38,72100014.31,72100014.55,4,4
2017-12-02,10000060,19421,123907351.93,123456915.48,125456912.17,37,19
2017-12-02,10000060,19534,18224999.75,16000000,20449999.5,4,3
2017-12-02,10000060,19535,21999999.99,21999999.99,21999999.99,3,3
2017-12-02,10000060,19537,38000000,38000000,38000000,1,1
2017-12-02,10000060,19540,134704462.63,134704462.63,134704462.63,1,1
2017-12-02,10000060,19548,190998468.83,190998468.83,190998468.83,1,1
2017-12-02,10000060,19549,230077793,230077793,230077793,1,1
2017-12-02,10000060,19553,219999819.92,219999819.92,219999819.92,1,1
2017-12-02,10000060,19660,431792.96,431792.96,431792.96,23,7
2017-12-02,10000060,19720,1240100113.9,1020100114.16,1460100113.63,2,2
2017-12-02,10000060,19722,1306433329.78,1230300001.04,1344499994.15,3,3
2017-12-02,10000060,19739,3599423.21,3499997,3889896.98,65,19
2017-12-02,10000060,19744,1410333.33,1376500,1477999.99,3,3
2017-12-02,10000060,19759,400000,400000,400000,3,3
2017-12-02,10000060,19760,4699999.99,4699999.99,4699999.99,1,1
2017-12-02,10000060,19761,1349990,1349990,1349990,1,1
2017-12-02,10000060,19766,1000000,1000000,1000000,1,1
2017-12-02,10000060,19767,519999.99,519999.99,519999.99,1,1
2017-12-02,10000060,19806,915633.96,451999.42,948750,15,11
2017-12-02,10000060,19810,288344.78,280733.68,349233.57,9,7
2017-12-02,10000060,19812,194984.74,194984.74,194984.74,5,5
2017-12-02,10000060,19814,145999.91,999.42,160000,39,29
2017-12-02,10000060,19921,19999999.96,19999999.96,19999999.96,4,4
2017-12-02,10000060,19922,4999784.98,4999784.97,4999784.99,7,7
2017-12-02,10000060,19927,29894,29893.99,29894,9,6
2017-12-02,10000060,19931,64999.42,999.42,88999.42,11,8
2017-12-02,10000060,19935,1551.12,999.42,8999,29,10
2017-12-02,10000060,19939,2896.48,50,14898,46,23
2017-12-02,10000060,19946,139799,139799,139799,9,6
2017-12-02,10000060,19952,27180.58,999.42,96997,22,5
2017-12-02,10000060,20026,14098799.81,14098799.81,14098799.81,3,1
2017-12-02,10000060,20032,7399099.75,7399099.75,7399099.75,3,1
2017-12-02,10000060,20125,289999999.99,289999999.99,289999999.99,1,1
2017-12-02,10000060,20138,399999.99,399999.99,399999.99,6,1
2017-12-02,10000060,20171,80000,80000,80000,660,7
2017-12-02,10000060,20172,1,1,1,2,1
2017-12-02,10000060,20183,1249000000,1248999999.99,1249000000,2,2
2017-12-02,10000060,20185,1499000000,1499000000,1499000000,1,1
2017-12-02,10000060,20189,1200000000,1200000000,1200000000,1,1
2017-12-02,10000060,20209,7497698.72,7497698.72,7497698.74,7,7
2017-12-02,10000060,20210,3289997,3289997,3289997,11,11
2017-12-02,10000060,20211,7779822.93,7000000,8039699,4,4
2017-12-02,10000060,20212,10359177.6,10000000,11500000,5,5
2017-12-02,10000060,20213,18289997.66,18289997,18289997.99,3,3
2017-12-02,10000060,20280,57324999.99,54624999.99,58674999.98,6,5
2017-12-02,10000060,20307,99.95,99.95,99.95,2000,1
2017-12-02,10000060,20312,1433320.28,1300000,1499980.42,3,3
2017-12-02,10000060,20314,463333.29,200000,989999.87,3,3
2017-12-02,10000060,20315,8455194.7,8455194.69,8455194.71,2,2
2017-12-02,10000060,20327,20000000,20000000,20000000,5,5
2017-12-02,10000060,20342,63289349.83,62649980,74999000,12,12
2017-12-02,10000060,20347,979942.52,350083.61,1294871.98,3,3
2017-12-02,10000060,20351,1669735,1000000.02,1892980,4,4
2017-12-02,10000060,20353,3999990,3988972.95,4199999.98,106,66
2017-12-02,10000060,20410,65071.09,65071.09,65071.09,136,5
2017-12-02,10000060,20411,165001.03,165001.03,165001.03,360,5
2017-12-02,10000060,20412,81040.37,81040.37,81040.37,103,3
2017-12-02,10000060,20413,150001,150001,150001,387,7
2017-12-02,10000060,20414,125000.01,125000.01,125000.01,242,10
2017-12-02,10000060,20415,105000.57,105000.57,105000.57,127,4
2017-12-02,10000060,20416,130000.01,130000.01,130000.01,197,7
2017-12-02,10000060,20417,79105.74,27184.48,95000,64,2
2017-12-02,10000060,20418,92000,92000,92000,301,6
2017-12-02,10000060,20419,166000.01,166000.01,166000.01,102,3
2017-12-02,10000060,20420,92230.23,92230.23,92230.23,5,1
2017-12-02,10000060,20423,95000.01,95000.01,95000.01,3,1
2017-12-02,10000060,20424,22017.07,22017.07,22017.07,377,11
2017-12-02,10000060,20444,63600000,63600000,63600000,3,1
2017-12-02,10000060,20448,44500000,44500000,44500000,3,2
2017-12-02,10000060,20450,75286548,75286548,75286548,3,1
2017-12-02,10000060,20452,54349988.89,54349988.88,54349988.89,21,4
2017-12-02,10000060,20454,45407672.41,44999008.99,49900000,12,6
2017-12-02,10000060,20494,0.1,0.1,0.1,1,1
2017-12-02,10000060,20495,67500.05,0.1,135000,2,2
2017-12-02,10000060,20499,114999839.78,114999828.67,114999862,3,3
2017-12-02,10000060,20501,140207748.99,140207689.99,140207778.5,3,3
2017-12-02,10000060,20503,318368250,315000000,319491000,4,4
2017-12-02,10000060,20505,484995499.5,480000000,489990999,2,2
2017-12-02,10000060,20507,208998574,208998000,208998861,3,3
2017-12-02,10000060,20509,1129970887.27,1129970885.46,1129970888.18,3,3
2017-12-02,10000060,20524,89625796,89623000,89629990,5,5
2017-12-02,10000060,20525,121717000,121717000,121717000,1,1
2017-12-02,10000060,20526,100450000,100449999.99,100450000,2,2
2017-12-02,10000060,20527,139861999.99,139861999.99,139861999.99,1,1
2017-12-02,10000060,20528,99999000,99999000,99999000,1,1
2017-12-02,10000060,20532,119724455.66,119714991.99,119755583.33,6,6
2017-12-02,10000060,20533,451645775.53,451641999.95,451649995.99,9,9
2017-12-02,10000060,20619,3200000,3200000,3200000,1,1
2017-12-02,10000060,20701,50999999.99,48000000,56999999.99,3,3
2017-12-02,10000060,20703,54399999.71,40000003.4,57599998.71,6,6
2017-12-02,10000060,20739,7657.99,7657.99,7657.99,1000,1
2017-12-02,10000060,20741,6437.18,6437.18,6437.18,38992,12
2017-12-02,10000060,20743,7062.55,7062.55,7062.55,28000,6
2017-12-02,10000060,20747,6901.86,6901.85,10000,2050,3
2017-12-02,10000060,20751,8499.85,8499.85,8499.85,13703,5
2017-12-02,10000060,20847,2886798.97,2886798.97,2886798.97,4,1
2017-12-02,10000060,21009,7406250,7250000,7500000,8,2
2017-12-02,10000060,21013,6774749.74,6500000,6899999.99,8,3
2017-12-02,10000060,21017,5999998.99,5999998.99,5999998.99,1,1
2017-12-02,10000060,21023,8500000,8500000,8500000,4,2
2017-12-02,10000060,21025,9878571.42,9750000,9899999.99,14,3
2017-12-02,10000060,21029,5948995.99,5948995.99,5948995.99,20,1
2017-12-02,10000060,21037,5799999,5799999,5799999,6,2
2017-12-02,10000060,21059,159877,159877,159877,2,2
2017-12-02,10000060,21071,2400000,2400000,2400000,3,3
2017-12-02,10000060,21096,1784895.56,1784895.55,1884890.93,174,123
2017-12-02,10000060,21210,1,1,1,1,1
2017-12-02,10000060,21226,30666.33,1,45998.99,6,4
2017-12-02,10000060,21230,2606,2606,2606,3,3
2017-12-02,10000060,21254,6399999.98,6399999.98,6399999.98,3,1
2017-12-02,10000060,21272,1,1,1,1,1
2017-12-02,10000060,21392,1000,1000,1000,985,1
2017-12-02,10000060,21450,1,1,1,3,1
2017-12-02,10000060,21595,2.02,2.02,2.02,43,1
2017-12-02,10000060,21603,13178134.21,12999999.98,14781342.39,10,10
2017-12-02,10000060,21606,3799999999.49,3799999999.48,3799999999.49,2,2
2017-12-02,10000060,21610,26794952.24,26660999,26861929,9,9
2017-12-02,10000060,21611,38998188.08,38997931.04,38998697.3,10,10
2017-12-02,10000060,21638,1000000,999999.99,1000000,27,5
2017-12-02,10000060,21640,1189997.92,1189997.51,1189998.31,130,23
2017-12-02,10000060,21666,22945000,22945000,22945000,1,1
2017-12-02,10000060,21667,33359000,32990000,34835000,5,5
2017-12-02,10000060,21740,1399.65,1399.65,1399.65,10808,3
2017-12-02,10000060,21802,39997663.87,39996999,39997766.63,15,15
2017-12-02,10000060,21803,23499999.99,23499999.96,23500000,4,4
2017-12-02,10000060,21888,51000000,51000000,51000000,3,3
2017-12-02,10000060,21890,68464999.5,68463999,68465999.99,2,2
2017-12-02,10000060,21894,1409.96,1409.96,1409.96,301957,83
2017-12-02,10000060,21896,724.99,724.99,724.99,24277,9
2017-12-02,10000060,21898,730.77,730.76,730.77,242176,122
2017-12-02,10000060,21902,1080,1080,1080,92504,47
2017-12-02,10000060,21904,797.94,797.94,797.94,31591,14
2017-12-02,10000060,21906,694,694,694,55990,50
2017-12-02,10000060,21910,1044.92,1044.92,1044.92,42400,37
2017-12-02,10000060,21914,902.9,902.9,902.9,24700,23
2017-12-02,10000060,21918,1599.96,1599.96,1599.96,89660,46
2017-12-02,10000060,21922,719.36,699.99,719.37,22430,10
2017-12-02,10000060,21924,598.89,598.88,598.91,44513,43
2017-12-02,10000060,21935,1164.99,1164.99,1164.99,35640,37
2017-12-02,10000060,21937,629.96,629.96,629.96,4000,4
2017-12-02,10000060,21939,949.91,949.91,949.91,34147,27
2017-12-02,10000060,22043,34612430.89,33999897.78,38900160.92,8,8
2017-12-02,10000060,22119,47461627.71,47461627.71,47461627.71,1,1
2017-12-02,10000060,22120,47499998.98,47499998.98,47499998.98,1,1
2017-12-02,10000060,22121,152657309.92,152657309.92,152657309.92,1,1
2017-12-02,10000060,22122,179998598.97,179998598.97,179998598.97,1,1
2017-12-02,10000060,22123,78658498.52,78658498.52,78658498.52,1,1
2017-12-02,10000060,22124,361998966.67,361998966.67,361998966.67,1,1
2017-12-02,10000060,22126,64999816.45,64999816.45,64999816.45,2,2
2017-12-02,10000060,22127,132985456.86,132985456.86,132985456.86,1,1
2017-12-02,10000060,22128,232998398.82,232998398.82,232998398.82,1,1
2017-12-02,10000060,22130,476998498.83,476998498.83,476998498.83,1,1
2017-12-02,10000060,22131,21000000,21000000,21000000,1,1
2017-12-02,10000060,22175,200865.99,59500,225000,19,18
2017-12-02,10000060,22177,176311.27,64000,186925,26,25
2017-12-02,10000060,22229,4719046.57,4249999,4799998.89,21,9
2017-12-02,10000060,22242,94999978.67,94999977,94999979.5,3,3
2017-12-02,10000060,22291,1268690.56,1268680,1268690.58,200,101
2017-12-02,10000060,22428,1448999494.92,1448999000,1448999989.83,2,2
2017-12-02,10000060,22430,1086000250,872000500,1299999999.99,2,2
2017-12-02,10000060,22442,440000000,440000000,440000000,1,1
2017-12-02,10000060,22452,65551191.5,58000000,74950000,7,4
2017-12-02,10000060,22456,79999996.74,79999994.97,79999998.99,13,13
2017-12-02,10000060,22460,59849799,59849799,59849799,3,1
2017-12-02,10000060,22464,87285742.57,81000100.52,89999999,7,7
2017-12-02,10000060,22466,469999998.99,469999998.99,469999998.99,1,1
2017-12-02,10000060,22534,23649900,23649900,23649900,2,1
2017-12-02,10000060,22536,2570825.77,399999.98,3999999.93,9,9
2017-12-02,10000060,22541,13227111.09,13192999.93,13500000.4,9,9
2017-12-02,10000060,22542,57481.32,49999.99,65199,96,15
2017-12-02,10000060,22544,407125001.01,400000002.05,413999999.95,8,6
2017-12-02,10000060,22546,318999952.99,318999936.99,319000000,4,4
2017-12-02,10000060,22548,323333333.33,319999999.99,330000000,3,3
2017-12-02,10000060,22551,32994299.4,32993998.87,32996999.9,10,5
2017-12-02,10000060,22552,6289974.9,3449949.89,8999999.98,12,10
2017-12-02,10000060,22559,46986988.97,46986988.9,46986988.99,4,4
2017-12-02,10000060,22576,62957.82,62592.27,63000,29,6
2017-12-02,10000060,22578,134990.45,134990,135000,22,4
2017-12-02,10000060,22761,43499979.1,43499979.09,43499979.1,2,2
2017-12-02,10000060,22765,99442,99442,99442,5,1
2017-12-02,10000060,22778,114999.98,99999.99,114999.98,688,32
2017-12-02,10000060,22782,1491998.77,1479998.98,1779995.37,25,20
2017-12-02,10000060,22806,160000,160000,160000,6,6
2017-12-02,10000060,22807,190000,160000,200000,4,4
2017-12-02,10000060,22808,160000,160000,160000,4,4
2017-12-02,10000060,22809,168000,160000,200000,5,5
2017-12-02,10000060,22961,766,766,766,1000,1
2017-12-02,10000060,22993,1496.1,1496.1,1496.1,5000,1
2017-12-02,10000060,23009,999.95,999.95,999.95,59580,40
2017-12-02,10000060,23011,1184.32,1184.32,1184.32,2000,2
2017-12-02,10000060,23013,798.85,798.85,798.85,2000,1
2017-12-02,10000060,23015,1339,1339,1339,1179,1
2017-12-02,10000060,23023,837.96,837.96,837.96,6320,4
2017-12-02,10000060,23025,678.62,678.61,678.75,143075,66
2017-12-02,10000060,23027,1588.19,1588.19,1588.19,3509,2
2017-12-02,10000060,23029,989.99,989.99,989.99,15000,4
2017-12-02,10000060,23031,1146.29,1139.99,1146.33,48000,19
2017-12-02,10000060,23033,1497.06,1497.06,1497.06,46142,33
2017-12-02,10000060,23035,1249.72,1249.72,1249.72,26900,16
2017-12-02,10000060,23037,1897.4,1897.4,1897.4,500,1
2017-12-02,10000060,23039,1489.99,1489.99,1489.99,40800,15
2017-12-02,10000060,23055,3399994.67,3249999.99,3399994.96,2213,112
2017-12-02,10000060,23057,2378584.99,1500522.65,3096999.64,100,5
2017-12-02,10000060,23059,3478992.2,3478992.2,3478992.2,186,14
2017-12-02,10000060,23061,2406978.07,1500011.83,2500000,86,9
2017-12-02,10000060,23069,56022399.96,56021999.98,56023999.88,5,5
2017-12-02,10000060,23071,498492,498492,498492,8,2
2017-12-02,10000060,23075,749412.52,749412.52,749412.52,8,2
2017-12-02,10000060,23079,1249999.92,1249999.91,1249999.92,8,2
2017-12-02,10000060,23089,640079.15,629997.99,648493.1,35,7
2017-12-02,10000060,23093,900000,900000,900000,6,1
2017-12-02,10000060,23097,949878.15,949878.15,949878.15,5,1
2017-12-02,10000060,23105,1093962.28,1093962.09,1093962.69,80,12
2017-12-02,10000060,23111,1680000,1680000,1680000,8,1
2017-12-02,10000060,23113,1342902.79,1342902.72,1342902.83,12,2
2017-12-02,10000060,23134,3096000,3096000,3096000,4,2
2017-12-02,10000060,23135,1000.04,1000.04,1000.04,1,1
2017-12-02,10000060,23136,999,999,999,2,1
2017-12-02,10000060,23147,199.99,199.99,199.99,1,1
2017-12-02,10000060,23148,1002,1002,1002,1,1
2017-12-02,10000060,23150,125003.97,125003.97,125003.97,2,1
2017-12-02,10000060,23151,6114.95,6114.95,6114.95,1,1
2017-12-02,10000060,23152,5000000,5000000,5000000,1,1
2017-12-02,10000060,23161,3.04,3.04,3.04,569,5
2017-12-02,10000060,23162,8.24,8.24,8.24,180,2
2017-12-02,10000060,23164,10,10,10,50,1
2017-12-02,10000060,23165,5,5,5,119,1
2017-12-02,10000060,23176,1000,1000,1000,1,1
2017-12-02,10000060,23473,132999,132999,132999,155,3
2017-12-02,10000060,23506,350000,350000,350000,5,1
2017-12-02,10000060,23523,321049.83,320343.93,322343.97,34,6
2017-12-02,10000060,23525,64997.99,64997.99,64997.99,144,6
2017-12-02,10000060,23527,222109.99,222100,222220.99,163,111
2017-12-02,10000060,23533,99500,99500,99500,14,11
2017-12-02,10000060,23559,99429.28,99398.98,99498.98,33,5
2017-12-02,10000060,23561,120000,120000,120000,5,1
2017-12-02,10000060,23563,69192.7,68999.4,70000,88,18
2017-12-02,10000060,23566,750125.67,540000,1000000,19,17
2017-12-02,10000060,23594,639999.77,610000,999997,13,13
2017-12-02,10000060,23606,200000,200000,200000,6,6
2017-12-02,10000060,23618,89990,89990,89990,8,7
2017-12-02,10000060,23702,199000,199000,199000,3,1
2017-12-02,10000060,23705,46748.21,46443,46999,62,12
2017-12-02,10000060,23707,7999.99,7500,8742.87,494,107
2017-12-02,10000060,23709,411764.71,250000,500000,17,6
2017-12-02,10000060,23711,4209.58,99.42,4999.99,93,19
2017-12-02,10000060,23717,319443.87,319443.87,319443.87,5,1
2017-12-02,10000060,23719,53861.09,52204.09,54994.83,32,7
2017-12-02,10000060,23731,39362.09,39362.08,39362.09,20,3
2017-12-02,10000060,23757,989999999,989999999,989999999,1,1
2017-12-02,10000060,23911,1376577001.19,1347500000,1500000000,7,7
2017-12-02,10000060,23915,999974999.99,999974999.99,999974999.99,1,1
2017-12-02,10000060,23950,84999981.86,84999981.86,84999981.86,1,1
2017-12-02,10000060,24241,200000,200000,200000,2,2
2017-12-02,10000060,24242,1082305.92,20000,1134998,13,13
2017-12-02,10000060,24268,14999999.99,14999999.99,14999999.99,1,1
2017-12-02,10000060,24283,52622572.83,47900000,54498935.99,54,28
2017-12-02,10000060,24305,3505827.3,3498997.29,4627168.62,39,18
2017-12-02,10000060,24311,533753000,533753000,533753000,1,1
2017-12-02,10000060,24312,534995000,534995000,534995000,4,4
2017-12-02,10000060,24313,529815555.53,500000000,533664000,9,9
2017-12-02,10000060,24314,533381999.98,533381999.94,533382000,3,3
2017-12-02,10000060,24348,1326113.99,861005.01,1391998.97,31,15
2017-12-02,10000060,24395,168897.43,166998.86,299998.99,69,45
2017-12-02,10000060,24417,1584932.7,1295001.27,1586971.96,92,63
2017-12-02,10000060,24427,1492648.43,1175000.51,1496985.98,100,81
2017-12-02,10000060,24438,1002078.57,999998,1266400,59,46
2017-12-02,10000060,24443,1774135.59,150151.37,2098932.44,12,11
2017-12-02,10000060,24445,271086.31,249960,400000,19,10
2017-12-02,10000060,24471,47.85,47.85,47.85,7101,6
2017-12-02,10000060,24473,53.21,53.21,53.21,6600,4
2017-12-02,10000060,24475,157.85,157.85,157.85,5499,4
2017-12-02,10000060,24478,89.93,89.93,89.93,300,1
2017-12-02,10000060,24479,222.88,222.88,222.88,1000,1
2017-12-02,10000060,24483,1012313306.91,900032000.33,1036000998.76,13,13
2017-12-02,10000060,24486,278,278,278,1000,1
2017-12-02,10000060,24488,86.9,86.9,86.9,1330,2
2017-12-02,10000060,24490,249.96,249.96,249.96,270900,10
2017-12-02,10000060,24492,100.82,100.82,100.82,3333,1
2017-12-02,10000060,24493,271.86,271.86,271.86,13222,3
2017-12-02,10000060,24495,325,325,325,32242,19
2017-12-02,10000060,24497,117.98,117.98,117.98,26044,23
2017-12-02,10000060,24499,119.85,118.99,119.87,19512,12
2017-12-02,10000060,24501,347.76,347.76,347.76,2000,2
2017-12-02,10000060,24507,318,318,318,1000,1
2017-12-02,10000060,24509,684,680,684,54685,8
2017-12-02,10000060,24511,537,536.98,538,51150,4
2017-12-02,10000060,24519,1169.99,1169.99,1169.99,16100,7
2017-12-02,10000060,24521,1490,1490,1490,1100,3
2017-12-02,10000060,24523,1497,1497,1497,22300,5
2017-12-02,10000060,24525,1000,1000,1000,1300,2
2017-12-02,10000060,24527,3643.97,3643.97,3643.97,800,2
2017-12-02,10000060,24529,1178,1178,1178,300,2
2017-12-02,10000060,24533,518,518,518,35162,3
2017-12-02,10000060,24535,890,890,890,161000,8
2017-12-02,10000060,24539,738.94,738.94,738.94,13447,4
2017-12-02,10000060,24558,8733987.45,8733987.45,8733987.45,6,1
2017-12-02,10000060,24562,66999998,66999998,66999998,5,5
2017-12-02,10000060,24563,277780000,277780000,277780000,1,1
2017-12-02,10000060,24568,19750000,19750000,19750000,4,4
2017-12-02,10000060,24569,25416666.66,24999999.98,25500000,6,4
2017-12-02,10000060,24571,13499995.53,13499994.24,13499999.27,14,14
2017-12-02,10000060,24572,13499998,13499998,13499998,7,7
2017-12-02,10000060,24613,19999969,19999969,19999969,4,4
2017-12-02,10000060,24624,35989947.93,27000000,44979895.86,2,2
2017-12-02,10000060,24625,26998939.53,26998939.48,26998939.59,13,13
2017-12-02,10000060,24644,75333331.05,50000000,87999996.58,3,3
2017-12-02,10000060,24663,72565715.86,72565715.86,72565715.86,2,2
2017-12-02,10000060,24688,120000000,120000000,120000000,1,1
2017-12-02,10000060,24690,159999999.94,159999999.94,159999999.94,1,1
2017-12-02,10000060,24692,198999899.99,198999899.99,198999899.99,2,2
2017-12-02,10000060,24694,229166666.62,224999999.94,250000000,6,6
2017-12-02,10000060,24696,47154944.06,43309888.11,51000000,2,2
2017-12-02,10000060,24698,33664444.67,22000001.02,38000001.01,9,8
2017-12-02,10000060,24700,33500001.84,30000004.02,38999998.98,18,10
2017-12-02,10000060,24702,34386099.77,30000000,36999984.99,10,8
2017-12-02,10000060,25235,3499994.61,2000000,3999993.2,4,4
2017-12-02,10000060,25239,1,1,1,3,1
2017-12-02,10000060,25266,1962500.13,1220000.47,2245000,14,6
2017-12-02,10000060,25276,21000,21000,21000,250,1
2017-12-02,10000060,25530,64049499.5,60000000,68098999,2,2
2017-12-02,10000060,25538,133950000,130000000,137900000,2,2
2017-12-02,10000060,25545,1700000.01,1700000.01,1700000.01,1,1
2017-12-02,10000060,25547,15999999.97,15999999.97,15999999.97,1,1
2017-12-02,10000060,25561,59999.99,59999.99,59999.99,5,3
2017-12-02,10000060,25563,1364996.79,221999.42,1999997.99,14,7
2017-12-02,10000060,25565,136665.94,4999.42,399998.99,6,2
2017-12-02,10000060,25588,1500.04,1500.04,1500.04,53,1
2017-12-02,10000060,25589,2302.01,2302.01,2302.01,525,5
2017-12-02,10000060,25590,116005.98,116005.57,118989.89,8946,76
2017-12-02,10000060,25591,181080.22,181080.22,181080.22,532,9
2017-12-02,10000060,25592,7527.2,7526.79,7527.51,5211,65
2017-12-02,10000060,25594,38066.01,38064.01,38066.28,13563,87
2017-12-02,10000060,25595,23001,23001,23001,1,1
2017-12-02,10000060,25596,38000.02,38000.02,38000.02,658,7
2017-12-02,10000060,25597,3731,3730.16,3731,2022,20
2017-12-02,10000060,25598,8251,8247.01,8254.07,14204,81
2017-12-02,10000060,25599,1135.03,1135.01,1136,26443,72
2017-12-02,10000060,25600,26147.67,26147.66,26147.67,20065,85
2017-12-02,10000060,25601,2021,2020.32,4000,16004,77
2017-12-02,10000060,25603,23394.04,23389.07,23395.01,5940,74
2017-12-02,10000060,25604,9303.93,9303.93,9303.93,424,6
2017-12-02,10000060,25605,38034.01,38034.01,38034.01,38275,104
2017-12-02,10000060,25606,119998.1,119998.1,119998.1,491,4
2017-12-02,10000060,25607,26377,26377,26377,15,1
2017-12-02,10000060,25608,407489,407388.51,407556,5,4
2017-12-02,10000060,25609,307006.01,307006.01,307006.01,30,2
2017-12-02,10000060,25610,56154,56154,56154,12,1
2017-12-02,10000060,25611,90700,90700,90700,46,2
2017-12-02,10000060,25612,996724,996724,996724,11,2
2017-12-02,10000060,25613,577286.01,577286.01,577286.01,224,14
2017-12-02,10000060,25614,600914.36,600913.72,600915,2,2
2017-12-02,10000060,25615,2000000,2000000,2000000,34,2
2017-12-02,10000060,25616,9899.98,9899.97,9899.98,269,14
2017-12-02,10000060,25617,396966,396966,396966,216,17
2017-12-02,10000060,25618,17229,17228,17229.01,250,17
2017-12-02,10000060,25619,700084.21,700084.21,700084.21,249,15
2017-12-02,10000060,25620,45299.01,45299.01,45299.01,137,12
2017-12-02,10000060,25622,556000.01,556000.01,556050.01,155,15
2017-12-02,10000060,25623,32089,32089,32089.01,51,4
2017-12-02,10000060,25624,3500004.48,3500004.02,3500005,17,3
2017-12-02,10000060,25625,4412954.43,500000,4990000,44,4
2017-12-02,10000060,25707,599499.99,599499.99,599499.99,5,2
2017-12-02,10000060,25715,1229156.45,450065.7,1299980,24,7
2017-12-02,10000060,25718,8999999.95,8999999.95,8999999.95,4,4
2017-12-02,10000060,25719,500000,500000,500000,2,2
2017-12-02,10000060,25739,600000,600000,600000,1,1
2017-12-02,10000060,25810,600000,600000,600000,3,3
2017-12-02,10000060,25812,7399999.98,7399999.98,7399999.98,5,2
2017-12-02,10000060,25861,99999.96,99999.8,99999.97,283,69
2017-12-02,10000060,25863,1341517,1341517,1341517,1,1
2017-12-02,10000060,25887,98000.01,98000.01,98000.01,4,1
2017-12-02,10000060,25888,9099999.58,9099999.58,9099999.58,2,2
2017-12-02,10000060,25890,19999999.97,19999999.97,19999999.97,1,1
2017-12-02,10000060,25892,12999999.96,12999999.96,12999999.97,6,6
2017-12-02,10000060,25894,12499992.62,12499992.6,12499992.8,129,50
2017-12-02,10000060,25896,17940174.04,17940086.17,17940235.16,18,12
2017-12-02,10000060,25898,28155965.18,28155960.14,28155970.21,4,4
2017-12-02,10000060,25914,39989861.53,39989861.53,39989861.53,1,1
2017-12-02,10000060,25920,15199998.99,15199998.99,15199998.99,1,1
2017-12-02,10000060,25948,7635255.48,7560918.93,7664489.99,29,20
2017-12-02,10000060,25954,11999969.44,11999969.44,11999969.44,1,1
2017-12-02,10000060,25956,15669398.22,15669398.21,15669398.22,7,5
2017-12-02,10000060,25974,3486106.11,3486106.11,3486106.11,1,1
2017-12-02,10000060,26020,11550000,11200000,11900000,2,2
2017-12-02,10000060,26028,14699999.97,14699999.97,14699999.97,1,1
2017-12-02,10000060,26038,1999999.47,1999999.46,1999999.47,11,3
2017-12-02,10000060,26042,8982722.02,8982722.02,8982722.02,2,2
2017-12-02,10000060,26070,29000000,29000000,29000000,1,1
2017-12-02,10000060,26072,3099499.86,3099499.86,3099499.86,1,1
2017-12-02,10000060,26082,2979999.25,2979999.25,2979999.26,8,8
2017-12-02,10000060,26084,12293880.73,12293880.73,12293880.73,3,2
2017-12-02,10000060,26088,9370881.58,7500000,9879411,38,13
2017-12-02,10000060,26100,24891050.04,24891050.04,24891050.04,1,1
2017-12-02,10000060,26224,25000000,25000000,25000000,1,1
2017-12-02,10000060,26252,61450.8,60000,199605.98,10,8
2017-12-02,10000060,26253,145726.66,134890,199999.97,6,5
2017-12-02,10000060,26254,100000,100000,100000,1,1
2017-12-02,10000060,26255,2209298.71,1999944.93,2976929.25,14,7
2017-12-02,10000060,26256,135000,135000,135000,2,2
2017-12-02,10000060,26257,135000,135000,135000,1,1
2017-12-02,10000060,26260,134850,134850,134850,1,1
2017-12-02,10000060,26261,134900,134900,134900,5,5
2017-12-02,10000060,26286,168999999.91,168999999.91,168999999.91,1,1
2017-12-02,10000060,26292,199899852.07,199899852.07,199899852.07,1,1
2017-12-02,10000060,26302,118399999.5,110899999.88,125899999.4,12,9
2017-12-02,10000060,26304,50992999.99,50992999.98,50992999.99,2,2
2017-12-02,10000060,26374,36737368.42,36500000,36890000,19,16
2017-12-02,10000060,26430,64999999,64999999,64999999,1,1
2017-12-02,10000060,26436,16799999.66,16599999,16849999.77,5,5
2017-12-02,10000060,26442,16599999.98,16599999.98,16599999.98,1,1
2017-12-02,10000060,26448,100257142.69,99800000,100599999.95,7,4
2017-12-02,10000060,26450,102366666.33,102300000,102399999,6,3
2017-12-02,10000060,26912,2999999.99,2999999.99,2999999.99,5,1
2017-12-02,10000060,26913,1824991.83,1000002.33,1989989.73,6,5
2017-12-02,10000060,26929,166355.59,149045.19,167600,41,33
2017-12-02,10000060,26931,2208996.72,2208996.72,2208996.72,5,5
2017-12-02,10000060,27064,118999874.5,118999874.5,118999874.5,3,2
2017-12-02,10000060,27093,1800000,1800000,1800000,2,2
2017-12-02,10000060,27096,4500000,4500000,4500000,2,2
2017-12-02,10000060,27099,3999999,3999999,3999999,2,2
2017-12-02,10000060,27101,2968944,2968944,2968944,1,1
2017-12-02,10000060,27104,1900000,1900000,1900000,1,1
2017-12-02,10000060,27107,2999999.99,2999999.99,2999999.99,1,1
2017-12-02,10000060,27108,24999896.47,24999896.47,24999896.47,1,1
2017-12-02,10000060,27113,350000,350000,350000,1,1
2017-12-02,10000060,27117,2499992.99,2499992.99,2499992.99,4,4
2017-12-02,10000060,27126,216599826.98,216599826.98,216599826.98,1,1
2017-12-02,10000060,27127,1274904.16,1169997.93,2999999,53,35
2017-12-02,10000060,27142,189993876.08,189993876.08,189993876.08,2,2
2017-12-02,10000060,27143,1064465.93,998987.91,1260900,12,6
2017-12-02,10000060,27174,131650152.61,50000000,147979999,6,6
2017-12-02,10000060,27176,34999997.99,34999997.99,34999997.99,1,1
2017-12-02,10000060,27180,1900000,1900000,1900000,1,1
2017-12-02,10000060,27184,234999998,234999997.99,234999998,2,2
2017-12-02,10000060,27186,43966216.52,43966216.52,43966216.52,1,1
2017-12-02,10000060,27187,33000000,33000000,33000000,1,1
2017-12-02,10000060,27188,38999930.82,38999930.82,38999930.82,2,2
2017-12-02,10000060,27191,5000000,4999999.99,5000000,3,3
2017-12-02,10000060,27193,5000000,4999999.99,5000000,2,2
2017-12-02,10000060,27195,5000000,4999999.99,5000000,3,3
2017-12-02,10000060,27196,38000000,38000000,38000000,1,1
2017-12-02,10000060,27229,1999999,1999999,1999999,1,1
2017-12-02,10000060,27231,2649998.98,2649998.98,2649998.98,1,1
2017-12-02,10000060,27257,2500000.01,2500000.01,2500000.01,1,1
2017-12-02,10000060,27315,1464.55,1464.55,1464.55,4500,4
2017-12-02,10000060,27319,9486.92,9486.92,9486.92,50,1
2017-12-02,10000060,27321,1039.99,1039.99,1039.99,7588,8
2017-12-02,10000060,27327,1039.99,1039.99,1039.99,3000,2
2017-12-02,10000060,27333,1094.63,1094.63,1094.63,8567,8
2017-12-02,10000060,27339,2249.99,2249.99,2249.99,20998,13
2017-12-02,10000060,27345,2989.97,2989.97,3000,2565,4
2017-12-02,10000060,27351,3071.81,3071.81,3071.81,13108,5
2017-12-02,10000060,27353,998.98,998.98,998.98,4660,3
2017-12-02,10000060,27359,3488.03,3488.03,3488.03,23260,11
2017-12-02,10000060,27361,1002.32,999.99,1002.34,78643,64
2017-12-02,10000060,27371,1128.76,1128.76,1128.76,51189,48
2017-12-02,10000060,27377,1887.99,1887.99,1887.99,45013,21
2017-12-02,10000060,27381,1172.43,1172.39,1172.43,62615,49
2017-12-02,10000060,27387,1099.81,1099.81,1099.81,91143,55
2017-12-02,10000060,27401,1758.45,1758.45,1758.45,2800,2
2017-12-02,10000060,27405,1300,1300,1300,1000,1
2017-12-02,10000060,27413,1487.19,1487.19,1487.19,2000,2
2017-12-02,10000060,27419,2218.91,2218.91,2218.91,3000,3
2017-12-02,10000060,27423,2593.56,2593.56,2593.56,38625,11
2017-12-02,10000060,27435,1222.98,1222.98,1222.98,9880,4
2017-12-02,10000060,27441,1279.96,1279.96,1279.96,9700,6
2017-12-02,10000060,27447,1395,1395,1395,1304,1
2017-12-02,10000060,27453,1099.97,1099.97,1099.97,2600,2
2017-12-02,10000060,27678,89999998.94,89999998.87,89999999,2,2
2017-12-02,10000060,27902,135000,135000,135000,4,4
2017-12-02,10000060,27906,33999973.41,31499968.98,49000000.02,7,7
2017-12-02,10000060,27911,15857142.86,15000000,16000000,7,7
2017-12-02,10000060,27912,990000,990000,990000,3,1
2017-12-02,10000060,27914,1699999.64,1699998.99,1699999.86,12,11
2017-12-02,10000060,27916,636819.39,100000,949964.04,19,5
2017-12-02,10000060,27918,937969.8,937969.8,937969.8,9,2
2017-12-02,10000060,27920,884599.11,100000,969886.98,51,13
2017-12-02,10000060,27922,663986.99,663986.99,663986.99,1,1
2017-12-02,10000060,27924,999969.04,999969.04,999969.05,14,6
2017-12-02,10000060,27951,53799971.05,48000000,60000000,7,7
2017-12-02,10000060,28073,14999999.96,14999999.88,14999999.98,4,4
2017-12-02,10000060,28164,5432288.99,5432288.98,5432289,3,3
2017-12-02,10000060,28197,2513714.27,2500000,2519999.97,35,7
2017-12-02,10000060,28199,4449967.85,4449967.85,4449967.85,20,4
2017-12-02,10000060,28201,544431.9,5626,1190998.97,11,3
2017-12-02,10000060,28203,874999.96,874999.96,874999.96,5,2
2017-12-02,10000060,28209,1299999,1299999,1299999,22,3
2017-12-02,10000060,28211,819117.12,350002.4,899998.97,34,6
2017-12-02,10000060,28213,1125317.86,1095999.97,1319998.8,91,19
2017-12-02,10000060,28215,1187688,1187688,1187688,196,45
2017-12-02,10000060,28262,649999.98,649999.97,649999.98,30,4
2017-12-02,10000060,28270,2289999.99,2289999.99,2289999.99,2,1
2017-12-02,10000060,28282,1899996.81,1899995.5,1899998.98,16,2
2017-12-02,10000060,28290,2818977.19,2818977.17,2818977.19,80,13
2017-12-02,10000060,28294,3499498.86,3499498.86,3499498.86,4,1
2017-12-02,10000060,28302,1699998.97,1699998.97,1699998.97,15,3
2017-12-02,10000060,28328,997.38,997.38,997.38,5500,3
2017-12-02,10000060,28332,1279,1279,1279,48270,43
2017-12-02,10000060,28334,886.6,886.6,886.6,8420,7
2017-12-02,10000060,28336,836,836,836,46560,63
2017-12-02,10000060,28352,1962549524.19,1857500000.08,1992226449,9,9
2017-12-02,10000060,28367,417052.84,417052.63,417053.01,4270,26
2017-12-02,10000060,28374,541995272.52,541994000,541999999,11,11
2017-12-02,10000060,28385,456001.59,456001.5,457001.53,3540,21
2017-12-02,10000060,28387,442028.41,442028.41,442028.41,608,4
2017-12-02,10000060,28388,380021.84,380020.73,380021.94,7777,27
2017-12-02,10000060,28389,424013.89,424013.89,424013.89,3379,11
2017-12-02,10000060,28390,414010.5,414010.1,414010.64,7150,23
2017-12-02,10000060,28391,316502.14,316502,316502.3,16712,36
2017-12-02,10000060,28392,335033.02,335032.76,335033.4,5808,9
2017-12-02,10000060,28393,317002.2,317002.08,317002.89,20380,31
2017-12-02,10000060,28394,104008.57,104008.57,104008.57,4393,17
2017-12-02,10000060,28395,100426.27,100426.22,110000,6711,14
2017-12-02,10000060,28396,100004.52,100004.5,100004.52,18553,27
2017-12-02,10000060,28397,121025.51,121025.35,121025.53,51590,28
2017-12-02,10000060,28398,133002.53,133002.31,133002.55,38068,26
2017-12-02,10000060,28399,142004.25,142004.25,142004.25,20030,10
2017-12-02,10000060,28409,1101.04,1101.04,1101.04,303,1
2017-12-02,10000060,28411,100,100,100,597,4
2017-12-02,10000060,28412,1801009.92,1801009.92,1801009.92,976,13
2017-12-02,10000060,28413,1934459.03,1934459.03,1934459.04,362,11
2017-12-02,10000060,28414,1900003.16,1900003.16,1900003.16,390,6
2017-12-02,10000060,28415,1000.1,1000.1,1000.1,209,1
2017-12-02,10000060,28416,1000.02,1000.02,1000.02,214,2
2017-12-02,10000060,28417,1000.02,1000.02,1000.02,193,1
2017-12-02,10000060,28418,297012.51,297012.44,297012.67,52474,53
2017-12-02,10000060,28419,312099.09,312099.07,312100.16,21419,22
2017-12-02,10000060,28420,280003.04,280002.34,280003.62,73334,47
2017-12-02,10000060,28421,6150,6150,6150,246,2
2017-12-02,10000060,28422,700,700,700,664,1
2017-12-02,10000060,28426,500.02,500.02,500.02,2123,1
2017-12-02,10000060,28427,1000.09,1000.09,1000.09,1,1
2017-12-02,10000060,28428,1000.6,1000.6,1000.6,3198,2
2017-12-02,10000060,28429,1000.82,1000.82,1000.82,790,1
2017-12-02,10000060,28430,200,200,200,1,1
2017-12-02,10000060,28435,400001.17,400001.17,400001.17,536,3
2017-12-02,10000060,28436,250502.18,250502.18,250502.18,1357,4
2017-12-02,10000060,28437,425379.05,425379.05,425379.05,252,2
2017-12-02,10000060,28439,761003.03,761003.03,761003.03,246,1
2017-12-02,10000060,28440,550000,550000,550000,343,2
2017-12-02,10000060,28576,1132855.95,1132855.95,1132855.95,112,37
2017-12-02,10000060,28578,889408.98,800839.24,899999.99,31,13
2017-12-02,10000060,28583,57368073.88,54524442.23,57999990,11,11
2017-12-02,10000060,28585,31816687.77,31766657.83,32367013.84,12,12
2017-12-02,10000060,28606,799909999.43,799909999.4,799909999.44,3,3
2017-12-02,10000060,28609,42000000,40000000,43000000,3,3
2017-12-02,10000060,28615,5299946.99,5299946.99,5299946.99,2,2
2017-12-02,10000060,28646,4098999.59,4098999.59,4098999.59,1,1
2017-12-02,10000060,28652,31400000,20000000,35000000,5,5
2017-12-02,10000060,28654,4975000,4975000,4975000,2,1
2017-12-02,10000060,28656,84998988,84998987.99,84998988,2,2
2017-12-02,10000060,28665,1775000000,1775000000,1775000000,1,1
2017-12-02,10000060,28667,87000000,87000000,87000000,1,1
2017-12-02,10000060,28668,27449.8,27447.82,27449.81,41481,292
2017-12-02,10000060,28670,348999,348999,348999,9,1
2017-12-02,10000060,28672,1142000,1142000,1142000,2,1
2017-12-02,10000060,28676,800000,800000,800000,3,1
2017-12-02,10000060,28678,1200000,1200000,1200000,3,1
2017-12-02,10000060,28680,1498356.92,1498356.92,1498356.92,3,1
2017-12-02,10000060,28682,1299989,1299989,1299989,4,2
2017-12-02,10000060,28710,1899999979.89,1899999979.89,1899999979.89,1,1
2017-12-02,10000060,28756,36715624.99,36589999.99,38600000,16,16
2017-12-02,10000060,28758,33661850.28,28000000,35599999.5,27,22
2017-12-02,10000060,28844,11099999999.99,11099999999.99,11099999999.99,1,1
2017-12-02,10000060,28879,1349990,1349989.99,1349990,4,4
2017-12-02,10000060,28880,10250000,10250000,10250000,5,5
2017-12-02,10000060,28999,14600,14600,14600,207,104
2017-12-02,10000060,29001,18946.99,18946.99,18946.99,293,149
2017-12-02,10000060,29003,89413.77,80000,118999.89,29,7
2017-12-02,10000060,29005,21874.36,21000,21999.25,96,58
2017-12-02,10000060,29007,19917.49,69.96,21998.97,91,51
2017-12-02,10000060,29009,11379.67,11300,11390,224,117
2017-12-02,10000060,29011,13999.99,13995,14395,478,194
2017-12-02,10000060,29013,3999,3999,3999,170,77
2017-12-02,10000060,29015,17500,17500,17500,198,93
2017-12-02,10000060,29029,114031333.33,114027000,114040000,3,3
2017-12-02,10000060,29248,548600.1,400400.4,598000,4,4
2017-12-02,10000060,29637,68766649.33,58888880,72999979,10,10
2017-12-02,10000060,29984,172609005.73,165436023,174999999.97,4,4
2017-12-02,10000060,29986,110851000.03,110851000.03,110851000.03,1,1
2017-12-02,10000060,29988,146499999,146499999,146499999,1,1
2017-12-02,10000060,29990,215999999.88,215999999.87,215999999.88,6,6
2017-12-02,10000060,30013,8250,8250,8250,317,25
2017-12-02,10000060,30028,109999.97,109999.97,109999.97,235,24
2017-12-02,10000060,30327,13500000,13500000,13500000,1,1
2017-12-02,10000060,30370,4800,4800,4800,422,1
2017-12-02,10000060,30486,519993.9,519993.8,519993.94,216,22
2017-12-02,10000060,30488,508997.16,499999,508997.34,774,65
2017-12-02,10000060,30497,101.25,101.25,101.25,13,8
2017-12-02,10000060,30537,6648980,6648980,6648980,1,1
2017-12-02,10000060,30538,6649995,6649995,6649995,1,1
2017-12-02,10000060,30539,6649991,6649991,6649991,1,1
2017-12-02,10000060,30540,6649990,6649990,6649990,3,3
2017-12-02,10000060,30545,6650000,6650000,6650000,4,4
2017-12-02,10000060,30546,6649973,6649973,6649973,3,3
2017-12-02,10000060,30547,6650000,6650000,6650000,4,4
2017-12-02,10000060,30550,6049940,6049940,6049940,3,3
2017-12-02,10000060,30551,6650000,6650000,6650000,4,4
2017-12-02,10000060,30553,6649995,6649995,6649995,3,3
2017-12-02,10000060,30554,6650000,6650000,6650000,4,4
2017-12-02,10000060,30651,2000000,2000000,2000000,1,1
2017-12-02,10000060,30652,2000000,1999999.99,2000000,6,6
2017-12-02,10000060,30653,10036999.87,3000000,11794999.99,5,5
2017-12-02,10000060,30745,422106.45,251000.08,490549,28,2
2017-12-02,10000060,30746,1001000.04,1001000,1001000.05,16,3
2017-12-02,10000060,30747,4881998.99,4881998.99,4881998.99,1,1
2017-12-02,10000060,30788,13500000,13500000,13500000,1,1
2017-12-02,10000060,30832,1339786.16,502009,1477999,14,13
2017-12-02,10000060,30834,1320030.61,151102,1497997.44,13,12
2017-12-02,10000060,30836,1635793.39,1599594.55,2000000,36,12
2017-12-02,10000060,30987,480725.59,479999.98,499689,23,13
2017-12-02,10000060,30993,53185713.7,52999999.97,53499998,28,13
2017-12-02,10000060,30997,250000,250000,250000,2,1
2017-12-02,10000060,30999,2940405.22,329700,3297018.89,42,32
2017-12-02,10000060,31005,19999998.71,19999998.19,19999998.92,7,6
2017-12-02,10000060,31009,347190.04,248912.09,430000,13,8
2017-12-02,10000060,31011,2198928.14,2098824.89,2298824.84,10,10
2017-12-02,10000060,31013,69666665.95,68999999.86,69999999,3,3
2017-12-02,10000060,31015,11512498.49,11499998.27,11600000,8,3
2017-12-02,10000060,31017,22424999.26,22399999.01,22500000,4,4
2017-12-02,10000060,31021,351748.46,351748.46,351748.46,1,1
2017-12-02,10000060,31023,2750747.12,2750745,2750748.18,3,3
2017-12-02,10000060,31027,10799999,10799999,10799999,2,2
2017-12-02,10000060,31033,458999.99,458999.99,458999.99,2,2
2017-12-02,10000060,31035,3109738.27,3109283.7,3109992.29,43,36
2017-12-02,10000060,31041,21999987.88,21999987.88,21999987.88,1,1
2017-12-02,10000060,31045,1539998.05,1539997.78,1539999.67,7,6
2017-12-02,10000060,31047,3339712.68,2648447.15,3413091.61,41,32
2017-12-02,10000060,31051,8899998.84,8899998.84,8899998.84,2,1
2017-12-02,10000060,31053,34557058.6,34399877.45,34699888.92,7,6
2017-12-02,10000060,31055,2219046.46,2178437.94,2949999.9,38,22
2017-12-02,10000060,31057,9870741.45,9870124.67,9871127,13,7
2017-12-02,10000060,31059,20890097.12,10009999.42,21494594.7,38,22
2017-12-02,10000060,31061,558566665.56,557899999.95,558899998,12,8
2017-12-02,10000060,31063,349995.25,349995.25,349995.25,4,4
2017-12-02,10000060,31065,3250000,3250000,3250000,6,5
2017-12-02,10000060,31067,64756542.99,64756542.99,64756542.99,2,2
2017-12-02,10000060,31071,34999985.25,34999985.23,34999985.29,3,3
2017-12-02,10000060,31073,3499997.04,3499997,3499997.57,15,8
2017-12-02,10000060,31075,100000000,100000000,100000000,1,1
2017-12-02,10000060,31083,943097.71,899999.97,999999.95,34,12
2017-12-02,10000060,31085,3133333.25,3099999.92,3400000,27,11
2017-12-02,10000060,31089,10559972.47,10559972.47,10559972.47,5,2
2017-12-02,10000060,31091,34488235.29,34199999.99,35899999.99,17,10
2017-12-02,10000060,31105,167713.7,166999.42,167999.42,21,16
2017-12-02,10000060,31107,2698969.83,2698969.75,2698969.91,2,2
2017-12-02,10000060,31111,5827988.24,5827988.24,5827988.24,1,1
2017-12-02,10000060,31113,14789966.15,14789964,14789968.29,4,3
2017-12-02,10000060,31117,271499.94,225000,999998.98,50,4
2017-12-02,10000060,31119,1411793.79,1339798.77,1636144.33,100,39
2017-12-02,10000060,31121,40000000,40000000,40000000,1,1
2017-12-02,10000060,31125,11558476.96,11556454.88,11565554.09,9,8
2017-12-02,10000060,31131,999999.97,999999.97,999999.97,2,1
2017-12-02,10000060,31141,1000000,1000000,1000000,1,1
2017-12-02,10000060,31143,2999999.99,2999999.99,2999999.99,2,1
2017-12-02,10000060,31153,298018.54,294998.98,299999.99,53,37
2017-12-02,10000060,31155,1606684.69,1594489.87,1923955.54,27,16
2017-12-02,10000060,31159,639998.31,639998.31,639998.31,131,36
2017-12-02,10000060,31161,1779499.52,1740885.95,1972567.36,24,11
2017-12-02,10000060,31163,43696497.45,43397998,43994996.9,6,3
2017-12-02,10000060,31165,5331700.38,5329980,5331928.8,43,22
2017-12-02,10000060,31167,13994941.39,13900000,14089882.78,4,3
2017-12-02,10000060,31169,359997990.98,359997990.98,359997990.98,1,1
2017-12-02,10000060,31171,5116778,5116777.28,5116784.21,145,104
2017-12-02,10000060,31173,11499851.38,11499764.58,11499894.79,3,3
2017-12-02,10000060,31177,497879.79,449999.97,498598.94,61,29
2017-12-02,10000060,31179,1699886.81,1699886.15,1699887.48,16,12
2017-12-02,10000060,31183,5376526.38,5290000,5392549.75,32,13
2017-12-02,10000060,31185,12995994.7,12995994.7,12995994.7,1,1
2017-12-02,10000060,31201,191360.22,191086.03,192000,10,10
2017-12-02,10000060,31203,1499999.98,1499999.98,1499999.98,1,1
2017-12-02,10000060,31207,4046939.13,3729252.17,5000000,4,3
2017-12-02,10000060,31213,63403.78,59997.03,84783,26,17
2017-12-02,10000060,31215,1247997.21,1247997.21,1247997.21,1,1
2017-12-02,10000060,31220,4302712.32,3705799.95,4387984.93,8,7
2017-12-02,10000060,31238,371908.42,371905.48,371909,5,5
2017-12-02,10000060,31240,1444993.52,1444993.52,1444993.52,1,1
2017-12-02,10000060,31262,239999.98,239999.98,239999.98,2,1
2017-12-02,10000060,31264,799996.99,799996.99,799996.99,1,1
2017-12-02,10000060,31274,229995,229994.99,229995,23,18
2017-12-02,10000060,31280,7399899.99,7399899.99,7399899.99,2,2
2017-12-02,10000060,31286,199995,199995,199995,3,3
2017-12-02,10000060,31288,696998.99,696998.99,696998.99,1,1
2017-12-02,10000060,31298,183836.61,183836.61,183836.62,78,32
2017-12-02,10000060,31304,4999999.73,4999999.73,4999999.73,7,4
2017-12-02,10000060,31310,399999.99,399999.99,399999.99,2,2
2017-12-02,10000060,31316,4999999.99,4999999.99,4999999.99,1,1
2017-12-02,10000060,31322,308014.4,200000,308014.4,104,19
2017-12-02,10000060,31328,7098496.28,7098496.28,7098496.28,10,6
2017-12-02,10000060,31334,219958.4,219958.4,219958.4,2,1
2017-12-02,10000060,31358,807025.2,729949.5,809989.81,54,46
2017-12-02,10000060,31360,2798853.63,2796997.43,2869165.26,66,60
2017-12-02,10000060,31364,4779828.53,4779793.44,4779863.61,4,4
2017-12-02,10000060,31366,24999980,24999977.58,24999989,21,19
2017-12-02,10000060,31370,178837.76,174595.15,178994.89,28,16
2017-12-02,10000060,31372,1061210.54,1061209.99,1061210.56,111,61
2017-12-02,10000060,31374,28051656.71,25999999,32480799.99,7,5
2017-12-02,10000060,31376,4147777.47,4100000,4190000,27,16
2017-12-02,10000060,31378,10999523.77,10998999.95,10999999.96,42,29
2017-12-02,10000060,31380,198721994.88,198721994.88,198721994.88,2,1
2017-12-02,10000060,31396,489999.99,489999.99,489999.99,1,1
2017-12-02,10000060,31406,522186.29,521983,522999.49,5,5
2017-12-02,10000060,31408,3404388.63,3404388.54,3404388.68,8,8
2017-12-02,10000060,31414,22999997.92,22999996.54,22999998.27,5,4
2017-12-02,10000060,31442,574950.9,574950.9,574950.9,1,1
2017-12-02,10000060,31444,2999999,2999999,2999999,1,1
2017-12-02,10000060,31454,117565.78,117565.78,117565.78,4,4
2017-12-02,10000060,31456,688000,688000,688000,1,1
2017-12-02,10000060,31468,3500000,3500000,3500000,1,1
2017-12-02,10000060,31484,3999957.11,3999957.1,3999957.12,7,4
2017-12-02,10000060,31486,6993998.52,6993998.52,6993998.52,2,1
2017-12-02,10000060,31526,1869389.05,1869389,1869389.16,3,3
2017-12-02,10000060,31528,5499947.15,5499947.15,5499947.15,2,2
2017-12-02,10000060,31532,9999656.86,9999656.86,9999656.86,1,1
2017-12-02,10000060,31538,1943997.99,1943997.99,1943997.99,1,1
2017-12-02,10000060,31540,3899999.88,3899999.88,3899999.88,1,1
2017-12-02,10000060,31556,1,1,1,2,1
2017-12-02,10000060,31562,987999.97,987999.96,987999.97,4,3
2017-12-02,10000060,31568,6164989.99,6164989.99,6164989.99,7,4
2017-12-02,10000060,31586,499999.98,499999.98,499999.98,7,7
2017-12-02,10000060,31588,2049761.95,2049761.9,2049761.97,3,3
2017-12-02,10000060,31592,5399996.79,5399996.79,5399996.79,1,1
2017-12-02,10000060,31598,1399967.66,1399967.58,1399968.03,6,6
2017-12-02,10000060,31604,4039283.71,4039283.42,4039287,19,19
2017-12-02,10000060,31608,999997.77,999997.77,999997.78,3,3
2017-12-02,10000060,31610,2989996.59,2989996.59,2989996.61,7,7
2017-12-02,10000060,31620,399999.98,399999.98,399999.98,18,14
2017-12-02,10000060,31622,1679599.95,1679599.95,1679599.95,1,1
2017-12-02,10000060,31626,8799988.21,8799988.21,8799988.21,1,1
2017-12-02,10000060,31644,999999.99,999999.99,999999.99,6,4
2017-12-02,10000060,31646,1949992.94,1949992.94,1949992.94,2,2
2017-12-02,10000060,31650,4490000,4490000,4490000,4,4
2017-12-02,10000060,31656,499999.99,499999.99,499999.99,1,1
2017-12-02,10000060,31658,4799999.89,4799999.89,4799999.89,1,1
2017-12-02,10000060,31668,742815.17,742813.8,742817.93,3,3
2017-12-02,10000060,31674,6949990.98,6949990.98,6949990.98,2,2
2017-12-02,10000060,31680,399947.27,399947.27,399947.28,5,5
2017-12-02,10000060,31682,799999,799999,799999,2,2
2017-12-02,10000060,31686,5499975.26,5499975,5499975.29,49,44
2017-12-02,10000060,31692,499884.93,499884.93,499884.93,2,1
2017-12-02,10000060,31706,1499999.99,1499999.99,1499999.99,1,1
2017-12-02,10000060,31716,196212.41,147983.14,196899,39,26
2017-12-02,10000060,31718,451947.32,451438.72,452944.74,92,75
2017-12-02,10000060,31722,3479982.64,3479973.25,3479985.76,23,22
2017-12-02,10000060,31724,4589999.98,4589999.97,4590000,23,20
2017-12-02,10000060,31726,79997736.09,79997691.57,79997758.35,3,3
2017-12-02,10000060,31728,32120.97,32120.97,32120.97,2,2
2017-12-02,10000060,31740,229659.61,229345.99,229973.22,2,2
2017-12-02,10000060,31742,249332.75,248999.42,249999.42,3,2
2017-12-02,10000060,31748,18521996.19,18521996.19,18521996.19,1,1
2017-12-02,10000060,31752,173939.95,144297.54,500000,12,9
2017-12-02,10000060,31754,372822.33,359999,590815.58,18,17
2017-12-02,10000060,31756,12949998.95,12949998.95,12949998.95,1,1
2017-12-02,10000060,31758,7037052.3,5999999.5,9111157.91,3,3
2017-12-02,10000060,31760,5014814.79,4999999.98,5399999.85,27,26
2017-12-02,10000060,31762,65000000,65000000,65000000,1,1
2017-12-02,10000060,31768,13798996.6,13798996.6,13798996.6,2,1
2017-12-02,10000060,31774,69999864.99,69999864.99,69999864.99,1,1
2017-12-02,10000060,31788,463117.34,459970.93,599999.99,89,42
2017-12-02,10000060,31790,2860016.52,2860015.91,2860016.82,285,128
2017-12-02,10000060,31792,49399994.57,49299989.08,49499999.71,59,18
2017-12-02,10000060,31794,10409786.96,9999999.97,11999999.99,83,48
2017-12-02,10000060,31796,21531063.49,21399996.17,21699999.95,45,29
2017-12-02,10000060,31798,453466705.54,451888979.67,454899999.95,7,4
2017-12-02,10000060,31800,422999.99,422999.99,422999.99,1,1
2017-12-02,10000060,31802,2098329.6,2089995.99,2189999.36,12,9
2017-12-02,10000060,31812,21442220.9,21399996.02,21499998.01,9,6
2017-12-02,10000060,31818,1899998.99,1899998.99,1899998.99,2,1
2017-12-02,10000060,31820,69998764.68,69998764.68,69998764.68,1,1
2017-12-02,10000060,31864,1554544.43,1500000,1999999.95,88,10
2017-12-02,10000060,31866,3997000.25,3997000,3997000.59,21,6
2017-12-02,10000060,31868,6599998.92,6599000,6599998.99,103,21
2017-12-02,10000060,31870,4688787.99,4688787.91,4688789.97,554,107
2017-12-02,10000060,31874,4999999,4999999,4999999,2,1
2017-12-02,10000060,31876,4998361.95,4899999.99,5002004.99,28,7
2017-12-02,10000060,31878,5525000.01,5000000.01,6400000,8,3
2017-12-02,10000060,31880,1250000,1250000,1250000,12,3
2017-12-02,10000060,31882,4799985.51,4799978.23,4799991,12,4
2017-12-02,10000060,31884,3981816.85,3799998.98,4999999,33,7
2017-12-02,10000060,31888,2496955.54,2496955.35,2496955.95,16,4
2017-12-02,10000060,31890,2288000.84,1440004.29,2499999.98,5,2
2017-12-02,10000060,31892,3933320,3933320,3933320,5,2
2017-12-02,10000060,31894,4679968.66,4679968.66,4679968.66,25,6
2017-12-02,10000060,31900,42396207.5,42388966.28,42398966.2,21,12
2017-12-02,10000060,31902,44999993.69,44999993.69,44999993.69,1,1
2017-12-02,10000060,31922,6555554.96,6555554.96,6555554.96,3,3
2017-12-02,10000060,31924,5557233.77,4999997.24,9999999.92,9,7
2017-12-02,10000060,31926,15000000,15000000,15000000,1,1
2017-12-02,10000060,31928,11714293.66,8000426,11999984.39,77,53
2017-12-02,10000060,31930,36999999.67,36999999,37000000,3,3
2017-12-02,10000060,31932,33249996.73,25000032.21,35999984.9,4,3
2017-12-02,10000060,31936,24999999.98,24999999.98,24999999.98,6,6
2017-12-02,10000060,31942,36727614.14,33591984,40590999.97,21,15
2017-12-02,10000060,31944,57970226.1,57967932.9,57970990,8,7
2017-12-02,10000060,31952,54777398.76,49999999.99,59324998,20,9
2017-12-02,10000060,31982,36992.99,36992.99,36992.99,342,11
2017-12-02,10000060,31990,149699.82,149699.82,149699.82,272,5
2017-12-02,10000060,31998,80000,80000,80000,31,4
2017-12-02,10000060,32006,168895.98,168894.98,168898.95,1095,48
2017-12-02,10000060,32014,297425.85,297423.98,297425.91,2019,85
2017-12-02,10000060,32027,3008967.27,3008967.27,3008967.27,1,1
2017-12-02,10000060,32043,3000000.01,3000000.01,3000000.01,3,1
2017-12-02,10000060,32059,7398467.46,7398467.11,7398467.8,2,2
2017-12-02,10000060,32083,5499997.28,5499997.28,5499997.28,2,2
2017-12-02,10000060,32262,365000000,365000000,365000000,1,1
2017-12-02,10000060,32325,9533333.33,9500000,9600000,18,3
2017-12-02,10000060,32339,113945141.4,113944000,113951989.89,7,7
2017-12-02,10000060,32340,1000000,1000000,1000000,28,2
2017-12-02,10000060,32342,6500000,6500000,6500000,6,1
2017-12-02,10000060,32344,0.01,0.01,0.01,12,1
2017-12-02,10000060,32414,99999999,99999999,99999999,1,1
2017-12-02,10000060,32772,731868.85,51028.54,798999.74,12,10
2017-12-02,10000060,32774,34464,12400,39980,5,5
2017-12-02,10000060,32780,913496.89,913489.68,913498.69,5,5
2017-12-02,10000060,32782,47.78,47.78,47.78,21130,43
2017-12-02,10000060,32787,29897.83,29897.83,29897.83,109,24
2017-12-02,10000060,32797,654214.85,654214.85,654214.85,8,6
2017-12-02,10000060,32817,1710254.5,1680024.91,1876502.24,13,12
2017-12-02,10000060,32819,1457745.48,1299999.42,1499999.41,35,17
2017-12-02,10000060,32872,967910.48,967910,967911.93,4,2
2017-12-02,10000060,32876,1042304.09,300000,1289738.78,4,4
2017-12-02,10000060,32878,751760,400000,839700,5,3
2017-12-02,10000060,32880,179981.88,179981.88,179983.39,216,28
2017-12-02,10000060,32993,15000,15000,15000,10,1
2017-12-02,10000060,32995,15000,15000,15000,300,1
2017-12-02,10000060,32999,4805714.29,4805714.29,4805714.29,3,3
2017-12-02,10000060,33000,270000.02,270000.02,270000.02,2,2
2017-12-02,10000060,33001,350000,350000,350000,1,1
2017-12-02,10000060,33002,307503.09,265006.17,350000,2,2
2017-12-02,10000060,33003,305638.49,178989.69,1000000,45,11
2017-12-02,10000060,33005,297499.99,297499.99,297499.99,15,2
2017-12-02,10000060,33007,243000,243000,243000,2,1
2017-12-02,10000060,33009,933070.57,500000,1799211.7,3,3
2017-12-02,10000060,33011,450000,450000,450000,1,1
2017-12-02,10000060,33076,112571.57,99999.99,131850,37,32
2017-12-02,10000060,33078,1299990,1299990,1299990,7,7
2017-12-02,10000060,33091,178333.33,135000,200000,3,3
2017-12-02,10000060,33092,276000,200000,325000,5,5
2017-12-02,10000060,33093,134998.75,134998,134999,8,7
2017-12-02,10000060,33094,133986.99,133986.99,133986.99,6,6
2017-12-02,10000060,33095,1349990,1349990,1349990,3,3
2017-12-02,10000060,33096,1345316.51,1300000,1350000,11,11
2017-12-02,10000060,33097,1350000,1350000,1350000,13,12
2017-12-02,10000060,33098,1368683.51,1350000,1518151.6,9,9
2017-12-02,10000060,33101,253789.39,248999.97,339999,19,19
2017-12-02,10000060,33103,144983.53,144983.53,144983.54,5,5
2017-12-02,10000060,33176,70106.67,999.42,79979.99,8,8
2017-12-02,10000060,33178,143988.32,143984.99,143994.98,6,5
2017-12-02,10000060,33180,120657.51,999.42,127494.97,36,29
2017-12-02,10000060,33195,208.92,208.01,209.01,11,4
2017-12-02,10000060,33199,1549990,1549990,1549990,1,1
2017-12-02,10000060,33281,68396344.43,68396344.43,68396344.43,1,1
2017-12-02,10000060,33285,48626672.12,48487999.7,52500500,29,20
2017-12-02,10000060,33287,676161308.83,676133332.96,676166657.98,30,19
2017-12-02,10000060,33298,799997068.74,799997068.74,799997068.74,1,1
2017-12-02,10000060,33303,99999999,99999999,99999999,1,1
2017-12-02,10000060,33330,2749.7,2749.7,2749.7,158,4
2017-12-02,10000060,33332,49967.93,49967.93,49967.93,265,9
2017-12-02,10000060,33359,19599.87,19599.87,19599.87,16228,1
2017-12-02,10000060,33360,25993.94,25993.94,25993.94,2535,2
2017-12-02,10000060,33361,19999.82,19999.82,19999.82,2380,1
2017-12-02,10000060,33393,129684130.33,129684021,129684185,3,3
2017-12-02,10000060,33394,124989099,124989002,124989147.5,3,3
2017-12-02,10000060,33399,6649999.81,6649999.81,6649999.81,2,2
2017-12-02,10000060,33407,46399988.95,40000000,47999985.25,5,5
2017-12-02,10000060,33440,499994.11,499988.96,499998.95,95,4
2017-12-02,10000060,33450,2783298.15,2599645,3119995.59,17,4
2017-12-02,10000060,33467,4000000,4000000,4000000,2,1
2017-12-02,10000060,33468,68738458.92,67999997.99,68999996.9,13,13
2017-12-02,10000060,33470,228106354.18,214000000,230498995.97,14,14
2017-12-02,10000060,33472,522500000,500000000,589999999.98,4,4
2017-12-02,10000060,33474,1764790.02,1100007.98,1799994,99,62
2017-12-02,10000060,33475,8274999.9,8274999.9,8275000,424,160
2017-12-02,10000060,33476,64428142.41,63999499.5,66999999.89,7,5
2017-12-02,10000060,33513,229999999.99,229999999.99,229999999.99,1,1
2017-12-02,10000060,33520,45577202.34,41000000,47988999.97,22,16
2017-12-02,10000060,33539,1500000,1500000,1500000,1,1
2017-12-02,10000060,33569,11499.76,11499.76,11499.76,2286,4
2017-12-02,10000060,33572,14998.91,14998.91,14998.91,200,1
2017-12-02,10000060,33573,13987.6,13987.6,13987.6,10,1
2017-12-02,10000060,33577,464814.81,400000,500000,54,2
2017-12-02,10000060,33671,102999.94,102999.93,102999.95,17,2
2017-12-02,10000060,33681,95570802.38,90000000,98998988.46,21,10
2017-12-02,10000060,33697,40000000,40000000,40000000,1,1
2017-12-02,10000060,33699,1000000.31,1000000.31,1000000.31,4,3
2017-12-02,10000060,33702,159000000,159000000,159000000,1,1
2017-12-02,10000060,33706,39883.33,39883.26,39883.37,36,19
2017-12-02,10000060,33708,3925848.24,3499995.83,4149981.26,29,5
2017-12-02,10000060,33712,2750,2750,2750,5,1
2017-12-02,10000060,33816,58750000,50000000,62000000,4,4
2017-12-02,10000060,33822,99999.99,99999.99,99999.99,1,1
2017-12-02,10000060,33824,1360797,225000.3,1389971.69,40,29
2017-12-02,10000060,33826,41888961.26,41888961,41888961.78,3,2
2017-12-02,10000060,33828,28499999.98,28499999.98,28499999.98,2,2
2017-12-02,10000060,33830,34965197.97,34965197.97,34965197.97,2,2
2017-12-02,10000060,33842,135899986,135899986,135899986,2,2
2017-12-02,10000060,33844,107288277.34,90000105.55,109999999.58,57,28
2017-12-02,10000060,33848,139991623.54,139990928,139991796.9,5,5
2017-12-02,10000060,33850,288774331.32,288773998.49,288774997,3,3
2017-12-02,10000060,33852,167999998.19,167999998.18,167999998.19,4,4
2017-12-02,10000060,33890,899596,899595.99,899596,82,11
2017-12-02,10000060,33892,4722258.59,4722188.88,4722299.62,16,6
2017-12-02,10000060,33894,5819981.5,5819981.34,5819982.81,9,4
2017-12-02,10000060,33896,14998597.97,14998595.9,14998599,9,3
2017-12-02,10000060,33900,46685169.49,46685168.99,46685169.99,6,2
2017-12-02,10000060,33915,421999.99,417999.99,430000,9,5
2017-12-02,10000060,33963,45235458.45,45235458.45,45235458.45,1,1
2017-12-02,10000060,33981,32098996.09,3515.41,35998889.7,10,9
2017-12-02,10000060,33983,42999999,42999999,42999999,1,1
2017-12-02,10000060,34124,40000000,40000000,40000000,3,1
2017-12-02,10000060,34201,229292.04,229292.01,229292.04,13,7
2017-12-02,10000060,34202,1224082.97,1224082.97,1224082.97,3,2
2017-12-02,10000060,34203,297028.68,297028.66,297028.71,32,10
2017-12-02,10000060,34204,714960.44,714960.42,714960.44,12,6
2017-12-02,10000060,34205,401292.5,300015.19,671000,11,8
2017-12-02,10000060,34206,173111.39,173111.39,173111.39,6,5
2017-12-02,10000060,34207,2893132,2893132,2893132,2,1
2017-12-02,10000060,34208,3002250.6,3002250.01,3002251,5,4
2017-12-02,10000060,34264,4999999.91,4999999.91,4999999.91,10,2
2017-12-02,10000060,34278,10000000,10000000,10000000,3,1
2017-12-02,10000060,34292,4500000,4500000,4500000,6,1
2017-12-02,10000060,34294,33999998.99,33999998.99,33999998.99,3,1
2017-12-02,10000060,34317,58480390.02,50000000,64999999.25,6,6
2017-12-02,10000060,34354,17000000,10000000,24000000,2,2
2017-12-02,10000060,34360,2166666.33,2166666.33,2166666.33,2,2
2017-12-02,10000060,34390,1295939,1295939,1295939,2,2
2017-12-02,10000060,34483,203499000,203499000,203499000,1,1
2017-12-02,10000060,34489,388999998.95,388999998.94,388999998.95,3,3
2017-12-02,10000060,34496,2199999.99,2199999.99,2199999.99,1,1
2017-12-02,10000060,34533,3140497.81,1311991.24,3750000,4,4
2017-12-02,10000060,34562,51322180.33,47999993.33,58999993.3,4,4
2017-12-02,10000060,34593,16249999.93,14000000,16999999.9,4,2
2017-12-02,10000060,34646,479999587,479999587,479999587,1,1
2017-12-02,10000060,34672,47000000,47000000,47000000,1,1
2017-12-02,10000060,34828,57374505.24,50500000,57947379.94,26,26
2017-12-02,10000060,35656,61988.01,21000.03,82899,47,39
2017-12-02,10000060,35657,26651.46,26651.46,26651.46,101,53
2017-12-02,10000060,35658,124296.16,10105.01,149900,66,64
2017-12-02,10000060,35659,136900.03,21001.32,203898.5,85,61
2017-12-02,10000060,35660,61918.18,22000.03,82999.98,88,48
2017-12-02,10000060,35661,250004.97,250004.97,250004.97,111,32
2017-12-02,10000060,35662,250003.52,250003.52,250003.52,156,37
2017-12-02,10000060,35680,1349999.12,1349999,1350000,17,17
2017-12-02,10000060,35683,61999973.89,61999965,61999990.93,6,6
2017-12-02,10000060,35685,1279992,1279992,1279992,2,2
2017-12-02,10000060,35695,150000000,150000000,150000000,1,1
2017-12-02,10000060,35771,1684903.1,1683993.95,1685994.09,11,9
2017-12-02,10000060,35774,149999.96,149999.96,149999.96,1,1
2017-12-02,10000060,35788,18849.95,18800,18899.9,2,2
2017-12-02,10000060,35790,1473346.22,500000.07,1589946,56,34
2017-12-02,10000060,35794,17225.01,1,18500,60,29
2017-12-02,10000060,35795,18294.68,18293.99,18294.91,34,29
2017-12-02,10000060,35894,280000000,280000000,280000000,1,1
2017-12-02,10000060,35922,38999999.99,38999999.99,38999999.99,3,1
2017-12-02,10000060,35923,135000000,135000000,135000000,1,1
2017-12-02,10000060,35925,59500000,59500000,59500000,1,1
2017-12-02,10000060,35940,19999896.71,19999896.71,19999896.71,1,1
2017-12-02,10000060,35943,32000000,32000000,32000000,2,2
2017-12-02,10000060,35947,32000000,32000000,32000000,1,1
2017-12-02,10000060,35949,37000000,37000000,37000000,1,1
2017-12-02,10000060,35959,17500000,15000000,20000000,2,2
2017-12-02,10000060,35962,13999999.99,13999999.99,13999999.99,2,2
2017-12-02,10000060,36355,10000000,10000000,10000000,1,1
2017-12-02,10000060,36425,5000000,5000000,5000000,1,1
2017-12-02,10000060,36908,5060000.56,2000005.6,5400000,10,5
2017-12-02,10000060,36909,6999699,6999698.99,6999699,4,3
2017-12-02,10000060,36910,5857429.47,2002006.31,6500000,21,9
2017-12-02,10000060,36911,7323443.63,1822001.34,7499999,18,5
2017-12-02,10000060,36912,7333332.32,6999999,7499998.99,9,6
2017-12-02,10000060,37135,29999996.49,29999993.98,29999999,2,2
2017-12-02,10000060,37289,44166666.67,44000000,45000000,6,5
2017-12-02,10000060,37291,66286548,66286548,66286548,3,1
2017-12-02,10000060,37295,320908900,320908900,320908900,3,1
2017-12-02,10000060,37296,405974983.33,405974983.33,405974983.33,6,1
2017-12-02,10000060,37300,450000000,450000000,450000000,3,1
2017-12-02,10000060,37304,292999999.99,292999999.99,292999999.99,3,2
2017-12-02,10000060,37450,797796,797796,797796,1,1
2017-12-02,10000060,37451,1000000,1000000,1000000,2,2
2017-12-02,10000060,37458,40147587.18,12751000.92,46996733.75,5,5
2017-12-02,10000060,37460,39899888.97,39899888.97,39899888.97,4,4
2017-12-02,10000060,37479,599998.98,599998.98,599998.98,14,5
2017-12-02,10000060,37480,88989495.02,88985993.68,88999999,4,4
2017-12-02,10000060,37482,126999999.98,126999999.98,126999999.98,1,1
2017-12-02,10000060,37483,77998998.98,77998998.98,77998998.98,2,1
2017-12-02,10000060,37546,1967314.11,1991.73,2198998.98,19,8
2017-12-02,10000060,37584,42500000,42500000,42500000,1,1
2017-12-02,10000060,37604,1090000000.04,980000000.09,1199999999.99,2,2
2017-12-02,10000060,37605,1000000000,1000000000,1000000000,2,2
2017-12-02,10000060,37606,974000001.53,802000003.06,1146000000,2,2
2017-12-02,10000060,37608,3397998.4,3397998,3398000,5,3
2017-12-02,10000060,37611,2700000,2700000,2700000,3,1
2017-12-02,10000060,37612,81354508.36,79999999.99,82709016.73,2,2
2017-12-02,10000060,37615,26999612,26999612,26999612,3,3
2017-12-02,10000060,37627,30000000,30000000,30000000,1,1
2017-12-02,10000060,37631,104999373.74,104998998,104999999.97,8,7
2017-12-02,10000060,37796,39800000,39800000,39800000,1,1
2017-12-02,10000060,37798,35000000,35000000,35000000,1,1
2017-12-02,10000060,37799,35000000,35000000,35000000,1,1
2017-12-02,10000060,37820,36000000,36000000,36000000,3,1
2017-12-02,10000060,37846,7998.96,7998.96,7998.96,9000,4
2017-12-02,10000060,37847,11106,11106,11106,9000,3
2017-12-02,10000060,37848,15000,15000,15000,9000,3
2017-12-02,10000060,37849,2999984,2999984,2999984,30,2
2017-12-02,10000060,37850,3499998,3499998,3499998,30,2
2017-12-02,10000060,37851,3249999.98,3249999.98,3249999.98,110,2
2017-12-02,10000060,40328,5400000,5400000,5400000,15,15
2017-12-02,10000060,40334,17500.12,1,19999.99,16,7
2017-12-02,10000060,40335,22485.04,1,29999.65,20,8
2017-12-02,10000060,40345,13500000,13500000,13500000,6,1
2017-12-02,10000060,40346,6179859.57,3000000,6898998.94,93,23
2017-12-02,10000060,40347,9394322.09,8000000,9798999.82,90,14
2017-12-02,10000060,40348,29999945.97,29999939.98,29999949.95,5,4
2017-12-02,10000060,40351,166812499.36,161999998.45,167499999.49,16,10
2017-12-02,10000060,40354,21749989.68,19999999,22999986.93,24,18
2017-12-02,10000060,40356,99999999.99,99999999.99,99999999.99,2,1
2017-12-02,10000060,40357,134327687.32,115000000,146989998.84,39,19
2017-12-02,10000060,40358,2420975.44,1500126.04,3249739.9,76,7
2017-12-02,10000060,40361,3091999.58,3091999.58,3091999.58,159,5
2017-12-02,10000060,40362,9449999.98,6100001.01,9499994,126,9
2017-12-02,10000060,40363,10000000,10000000,10000000,18,1
2017-12-02,10000060,40519,407129086.71,399999998.99,419993995.98,32,21
2017-12-02,10000060,40520,820999999,820999999,820999999,267,125
2017-12-02,10000060,40552,10318498.5,3780003.08,12497996.98,48,4
2017-12-02,10000060,40553,10000000,9800000,10750000,117,12
2017-12-02,10000060,40555,11516987.22,11516987.22,11516987.22,60,1
2017-12-02,10000060,40556,10555449.25,10555449.2,10999987.98,872,66
2017-12-02,10000060,40557,14298991.74,14298988.25,14298996,40,4
2017-12-02,10000060,40558,13851932.04,10999959.98,13889959.29,76,6
2017-12-02,10000060,40559,10390690.9,10000000,10500000,55,4
2017-12-02,10000060,40560,30044969.39,30044968.99,30044969.39,235,30
2017-12-02,10000060,40561,31757010.88,30000000.42,32498889.3,95,8
2017-12-02,10000060,40563,34999985.58,34999979,34999992.15,36,2
2017-12-02,10000060,40564,28200000,28200000,28200000,8,1
2017-12-02,10000060,40565,29999799.98,29999799.98,29999799.98,6,1
2017-12-02,10000060,40566,39272726.98,38999999.98,39999998.97,22,3
2017-12-02,10000060,40567,30560366.03,29500000,35445529.53,18,3
2017-12-02,10000060,40569,21999983.33,21999975,22000000,6,2
2017-12-02,10000060,40570,26338234.46,15000001,26999999,68,19
2017-12-02,10000060,40571,33175093.07,32897999.9,33999818.85,85,16
2017-12-02,10000060,40572,123207331.97,123207000,123207995.49,12,12
2017-12-02,10000060,40573,114837874.9,114837000,114837999.89,8,8
2017-12-02,10000060,40636,144999999.99,144999999.99,144999999.99,1,1
2017-12-02,10000060,40659,31585940,26112069.92,32104989.98,23,20
2017-12-02,10000060,40662,186999979.55,186999974.6,186999984.49,2,2
2017-12-02,10000060,40665,49499000,49499000,49499000,1,1
2017-12-02,10000060,40696,144999997.66,144999996.21,144999999.11,4,4
2017-12-02,10000060,40714,51732000,47500000,52790000,10,6
2017-12-02,10000060,40730,19988999.98,19988999.98,19988999.98,1,1
2017-12-02,10000060,40772,18500000,5000000,32000000,2,2
2017-12-02,10000060,41030,1033998755.06,1031999997,1033999997,138,68
2017-12-02,10000060,41031,213.02,213.02,213.02,1,1
2017-12-02,10000060,41032,418822.67,0.01,444999.09,17,8
2017-12-02,10000060,41033,357142.86,0.01,500000,7,6
2017-12-02,10000060,41034,588746.94,414535.23,599991.88,20,8
2017-12-02,10000060,41038,150000000,150000000,150000000,1,1
2017-12-02,10000060,41054,196921.53,192200.38,347998.99,33,15
2017-12-02,10000060,41055,171360.02,167003.04,288999,28,10
2017-12-02,10000060,41056,196211.5,196211.45,196211.51,33,12
2017-12-02,10000060,41057,3960443.49,1013006.79,4328997.81,9,9
2017-12-02,10000060,41081,100000000,100000000,100000000,3,1
2017-12-02,10000060,41155,17498.97,17498.97,17498.97,103,55
2017-12-02,10000060,41191,52599761.37,45000000,58999403.42,5,3
2017-12-02,10000060,41200,337844981.4,337844966.4,337844996.39,2,2
2017-12-02,10000060,41201,300999090.67,217000000,328998800,4,4
2017-12-02,10000060,41202,299999997.98,299999997.98,299999997.98,1,1
2017-12-02,10000060,41215,56522658.33,49799974.99,59884000,3,3
2017-12-02,10000060,41218,39888850.71,23000000.07,41999998,18,15
2017-12-02,10000060,41220,94999999.4,94999999,95000000,5,4
2017-12-02,10000060,41239,229333273.2,219999999,229999929.95,9,8
2017-12-02,10000060,41249,45454525.46,30000001.01,55999955.62,11,9
2017-12-02,10000060,41250,160000000,160000000,160000000,1,1
2017-12-02,10000060,41263,38.23,38.23,38.23,75,3
2017-12-02,10000060,41264,48.03,48.03,48.03,86,2
2017-12-02,10000060,41265,31.86,31.86,31.86,34,2
2017-12-02,10000060,41266,31183.09,31183.09,31183.09,231,4
2017-12-02,10000060,41267,215000.01,215000.01,215000.01,126,4
2017-12-02,10000060,41268,711002.05,711002.03,900000,251,9
2017-12-02,10000060,41269,25229.48,25229.48,25229.48,50,2
2017-12-02,10000060,41287,9000,9000,9000,2000,1
2017-12-02,10000060,41295,29998.99,29998.99,29998.99,1000,1
2017-12-02,10000060,41302,110002.27,110002.27,110002.27,105,3
2017-12-02,10000060,41303,134065.59,134065.59,134065.59,34,2
2017-12-02,10000060,41304,154.45,154.45,154.45,192,4
2017-12-02,10000060,41306,153.65,153.65,153.65,167,5
2017-12-02,10000060,41307,260.96,260.96,260.96,85,3
2017-12-02,10000060,41308,270.21,270.21,270.21,135,3
2017-12-02,10000060,41309,270.66,270.66,270.66,24,2
2017-12-02,10000060,41310,810.34,810.34,810.34,157,3
2017-12-02,10000060,41311,258.08,258.08,258.08,99,2
2017-12-02,10000060,41312,21003.01,21003.01,21003.01,91,3
2017-12-02,10000060,41314,5529.49,5529.49,5529.49,20000,1
2017-12-02,10000060,41316,9,9,9,46,1
2017-12-02,10000060,41332,1016957.85,399776.98,3999998.77,70,4
2017-12-02,10000060,41403,39984000,39984000,39984000,1,1
2017-12-02,10000060,41407,35997000,35997000,35997000,2,2
2017-12-02,10000060,41408,30995000,30995000,30995000,2,2
2017-12-02,10000060,41411,37876295.83,34926252.99,38994998.88,29,29
2017-12-02,10000060,41415,154258695.73,134200001.02,158000000,46,22
2017-12-02,10000060,41456,417676659.7,415749998,417997769.98,7,5
2017-12-02,10000060,41459,350037099.13,347499999.99,359998998.98,20,12
2017-12-02,10000060,41463,126884944.56,126884944.56,126884944.56,2,1
2017-12-02,10000060,41469,94000000,80000000,108000000,2,2
2017-12-02,10000060,41470,139999999.75,139999999,140000000,4,3
2017-12-02,10000060,41482,3773998.85,3773998.85,3773998.85,1,1
2017-12-02,10000060,41483,84999994.63,84999994.63,84999994.63,1,1
2017-12-02,10000060,41484,11243996.66,11243989.98,11244000,3,3
2017-12-02,10000060,41486,39660525.67,38988945.95,49000000,9,9
2017-12-02,10000060,41489,11550,11550,11989.99,8652,53
2017-12-02,10000060,41490,1171245,1147999.98,1249999.81,5159,80
2017-12-02,10000060,41491,32569140.13,32489999.98,32797988.98,28,20
2017-12-02,10000060,41492,143999353.28,143999353.27,143999353.28,6,4
2017-12-02,10000060,41493,144621735.65,139998999,149999987.11,29,23
2017-12-02,10000060,41498,150000000,150000000,150000000,2,1
2017-12-02,10000060,41500,445666666.33,444999999,446000000,3,3
2017-12-02,10000060,41504,369666125.98,320000000,395998918.5,6,4
2017-12-02,10000060,41506,199954954,199909908.99,199999999,2,2
2017-12-02,10000060,41507,147989998.76,147989998.75,147989998.78,5,3
2017-12-02,10000060,41534,148993994.99,148993994.99,148993994.99,1,1
2017-12-02,10000060,41537,299742000,299742000,299742000,1,1
2017-12-02,10000060,42204,48717948.49,48000000,49435896.97,2,2
2017-12-02,10000060,42205,87499633.24,87499633.24,87499633.24,1,1
2017-12-02,10000060,42206,124998799.86,124998799.86,124998799.86,1,1
2017-12-02,10000060,42244,51997999.22,39000000.05,59999996.99,5,4
2017-12-02,10000060,42522,135800026.45,89000057.27,139000000,15,15
2017-12-02,10000060,42526,2000000,2000000,2000000,5,5
2017-12-02,10000060,42527,175,175,175,10,1
2017-12-02,10000060,42528,2078014.21,1922038.54,2181997.99,5,3
2017-12-02,10000060,42529,1999999.97,1999999.96,1999999.97,4,3
2017-12-02,10000060,42530,1255555.51,1255555.51,1255555.51,2,2
2017-12-02,10000060,42557,25000000,25000000,25000000,1,1
2017-12-02,10000060,42594,269899999.93,269899999.93,269899999.93,1,1
2017-12-02,10000060,42685,26999999.97,26999999.97,26999999.97,1,1
2017-12-02,10000060,42694,990,980,999.99,7154,16
2017-12-02,10000060,42695,1000,1000,1000,14722,24
2017-12-02,10000060,42696,901,901,901,77239,25
2017-12-02,10000060,42705,15000000,15000000,15000000,3,3
2017-12-02,10000060,42726,2000000,2000000,2000000,9,1
2017-12-02,10000060,42793,99999999,99999999,99999999,1,1
2017-12-02,10000060,42794,121250000,121250000,121250000,1,1
2017-12-02,10000060,42829,1189.9,1189.9,1189.9,29795,20
2017-12-02,10000060,42830,860,860,860,36066,21
2017-12-02,10000060,42831,1099.96,1099.96,1099.96,23380,12
2017-12-02,10000060,42832,800,800,800,2129,8
2017-12-02,10000060,42833,1000,1000,1000,2098,6
2017-12-02,10000060,42834,800,800,800,625,4
2017-12-02,10000060,42835,1000,1000,1000,1600,2
2017-12-02,10000060,42836,999.99,999.99,999.99,1000,1
2017-12-02,10000060,42837,1000,1000,1000,1600,2
2017-12-02,10000060,42838,1000,1000,1000,2314,6
2017-12-02,10000060,42839,1000,1000,1000,2541,8
2017-12-02,10000060,42840,1000,1000,1000,4481,6
2017-12-02,10000060,42880,20000000,20000000,20000000,1,1
2017-12-02,10000060,42890,112593039.68,103885896.95,114930674.99,15,15
2017-12-02,10000060,43551,6399992.83,6399989.55,6399994.73,17,7
2017-12-02,10000060,43552,4199978.94,4199978.93,4199978.94,7,5
2017-12-02,10000060,43554,5094769.97,5094769.97,5094769.97,2,2
2017-12-02,10000060,43555,5022613.58,2000000.01,5499990.2,21,14
2017-12-02,10000060,43556,3950000,3950000,3950000,6,4
2017-12-02,10000060,43681,1362500000,1350000000,1374999999.99,2,2
2017-12-02,10000060,43694,58999965.63,58999965.63,58999965.63,10,2
2017-12-02,10000060,43699,40262.28,39107.96,40283.53,19,8
2017-12-02,10000060,43700,5514285.71,4300000,6000000,7,2
2017-12-02,10000060,43702,79998.97,79998.97,79998.97,7,7
2017-12-02,10000060,43703,30998827.81,30998827.73,30998827.85,3,3
2017-12-02,10000060,43787,412000000,412000000,412000000,1,1
2017-12-02,10000060,43894,457998.73,457998.59,457998.87,2,2
2017-12-02,10000060,43896,1499996.81,1499996.81,1499996.81,1,1
2017-12-02,10000060,44067,299989035.29,299900000,299995541.82,14,14
2017-12-02,10000060,44102,4240031.18,1054999.94,4399207.76,47,40
2017-12-02,10000060,44262,20700,20700,20700,100,1
2017-12-02,10000060,44267,58180,58180,58180,726,4
2017-12-02,10000060,44917,30000000,30000000,30000000,1,1
2017-12-02,10000060,44929,99999999.99,99999999.99,99999999.99,1,1
2017-12-02,10000060,44943,24999999.98,24999999.98,24999999.98,1,1
2017-12-02,10000060,44992,3165519.01,3090005.02,3200000,133694,229
2017-12-02,10000060,44993,200000000.28,200000000.28,200000000.28,1,1
2017-12-02,10000060,45010,494997.93,494997,494997.99,16,7
2017-12-02,10000060,45011,50000000,50000000,50000000,1,1
2017-12-02,10000060,45500,1600,1600,1600,98,1
2017-12-02,10000060,45586,1001000.06,1001000.06,1001000.06,1,1
2017-12-02,10000060,45589,47999999.49,47999998.99,47999999.99,4,4
2017-12-02,10000060,45591,49999966.67,49999966.67,49999966.67,3,3
2017-12-02,10000060,45592,49999899.98,49999899.98,49999899.98,1,1
2017-12-02,10000060,45593,14900000,14900000,14900000,1,1
2017-12-02,10000060,45595,45999999.99,45999999.99,45999999.99,3,3
2017-12-02,10000060,45596,41999981.25,41999975,42000000,4,4
2017-12-02,10000060,45597,50000000,50000000,50000000,1,1
2017-12-02,10000060,45600,1500100,1500100,1500100,1,1
2017-12-02,10000060,45601,38600000,38600000,38600000,5,5
2017-12-02,10000060,45604,24999974.99,24999974.99,24999974.99,1,1
2017-12-02,10000060,45607,45999983.34,45999966.67,46000000,4,4
2017-12-02,10000060,45608,57666666.66,57000000,57999999.99,3,3
2017-12-02,10000060,45610,3100000,3100000,3100000,1,1
2017-12-02,10000060,45613,47633282.94,46999982.33,47949933.24,3,3
2017-12-02,10000060,45615,42000000,42000000,42000000,4,4
2017-12-02,10000060,45616,44999999.97,44999999.97,44999999.97,1,1
2017-12-02,10000060,45617,45999974,45999974,45999974,2,2
2017-12-02,10000060,45619,51749917.65,51000000,51999876.21,4,4
2017-12-02,10000060,45620,45599980,43999950,47999999.99,5,5
2017-12-02,10000060,45621,61999222,61999222,61999222,2,2
2017-12-02,10000060,45623,2700100,2700100,2700100,1,1
2017-12-02,10000060,45625,14999999.49,14999999,14999999.98,2,2
2017-12-02,10000060,45626,42879888.85,42879871.56,42879897.5,3,3
2017-12-02,10000060,45630,39999931.58,39999931.58,39999931.58,1,1
2017-12-02,10000060,45633,41999999.99,41999999.99,42000000,6,6
2017-12-02,10000060,45635,179984817.24,179971998.91,179990998.9,53,44
2017-12-02,10000060,45739,1257000,850000,1792500,5,5
2017-12-02,10000060,45746,3079990.18,1349987.98,9999999,5,5
2017-12-02,10000060,45748,6449985.98,6449985.98,6449985.98,2,2
2017-12-02,10000060,45749,32149983.99,32149983.99,32149983.99,3,3
2017-12-02,10000060,45750,17749984.98,17749984.98,17749984.98,2,2
2017-12-02,10000060,45752,15000,15000,15000,1,1
2017-12-02,10000060,45753,500000,500000,500000,1,1
2017-12-02,10000060,45784,62999999.99,62999999.99,62999999.99,1,1
2017-12-02,10000060,45802,99000000,99000000,99000000,1,1
2017-12-02,10000060,45803,175000000,175000000,175000000,1,1
2017-12-02,10000060,45815,1000000,1000000,1000000,1,1
2017-12-02,10000060,45831,9944444.44,9944444.44,9944444.44,1,1
2017-12-02,10000060,45832,22999998,22999998,22999998,1,1
2017-12-02,10000060,45834,4000000,4000000,4000000,1,1
2017-12-02,10000060,45835,7706224.25,7569591.36,7842857.14,2,2
2017-12-02,10000060,45836,4999993,4999993,4999993,1,1
2017-12-02,10000060,45839,50000000,50000000,50000000,2,2
2017-12-02,10000060,45847,20000000,20000000,20000000,1,1
2017-12-02,10000060,45855,34799999.99,34799999.99,34799999.99,1,1
2017-12-02,10000060,45861,110000000,110000000,110000000,1,1
2017-12-02,10000060,45879,4000000,4000000,4000000,1,1
2017-12-02,10000060,45881,27500000,27500000,27500000,1,1
2017-12-02,10000060,45882,9500000,1000000,18000000,2,2
2017-12-02,10000060,45894,9944444.44,9944444.44,9944444.44,1,1
2017-12-02,10000060,45899,7872222.22,7300000,8444444.44,2,2
2017-12-02,10000060,45906,20999999,20999999,20999999,1,1
2017-12-02,10000060,45920,180000000,180000000,180000000,1,1
2017-12-02,10000060,45924,10000000,10000000,10000000,1,1
2017-12-02,10000060,45936,2000000,2000000,2000000,1,1
2017-12-02,10000060,45937,400000,400000,400000,1,1
2017-12-02,10000060,45944,15915352.84,15681471.47,15989969.95,4,4
2017-12-02,10000060,45945,3225000,3225000,3225000,1,1
2017-12-02,10000060,45952,3399999.5,3399999.5,3399999.5,1,1
2017-12-02,10000060,45962,8900000,8900000,8900000,1,1
2017-12-02,10000060,45990,15000000,15000000,15000000,1,1
2017-12-02,10000060,45998,1769542.77,700071.29,3499999.99,20,9
2017-12-02,10000060,45999,8835126.97,681003.1,10000002,24,14
2017-12-02,10000060,46000,2500003.74,2500003.74,2500003.74,1,1
2017-12-02,10000060,46001,679170.94,455005.13,1800000,6,3
2017-12-02,10000060,46002,8527272.39,699999.37,12999999.81,11,6
2017-12-02,10000060,46003,769096.49,769096.49,769096.49,2,1
2017-12-02,10000060,46004,472857.17,305000.12,539999.99,7,6
2017-12-02,10000060,46005,1764250.84,519001.12,5499999.99,4,2
2017-12-02,10000060,46008,2137782.32,21,2749999.98,9,4
2017-12-02,10000060,46146,165000000,165000000,165000000,1,1
2017-12-02,10000060,46147,39000000,39000000,39000000,1,1
2017-12-02,10000060,46149,50000000,50000000,50000000,1,1
2017-12-02,10000060,46152,13249992.98,13249992.98,13249992.98,1,1
2017-12-02,10000060,46154,26999999.99,26999999.99,26999999.99,1,1
2017-12-02,10000060,46155,31749977.98,31749977.98,31749977.98,1,1
2017-12-02,10000060,46167,9999998.83,9999998.83,9999998.83,2,1
2017-12-02,10000060,46169,9999993.74,9999993.74,9999993.74,1,1
2017-12-02,10000060,46171,9624996.61,9249998.64,9999994.57,2,2
2017-12-02,10000060,46177,9998999,9998999,9998999,2,1
2017-12-02,10000060,46211,40000000,40000000,40000000,1,1
2017-12-02,10000060,46372,2449999.99,2449999.99,2449999.99,2,1
2017-12-02,10000060,46676,2000,2000,2000,80,1
2017-12-02,10000060,46691,450000.28,450000.28,450000.28,146,2
2017-12-02,10000060,46692,400000.19,400000.19,400000.19,62,1
2017-12-02,10000060,46695,120000,120000,120000,74,1
2017-12-02,10000060,46723,18999999.97,18999999.97,18999999.97,1,1
2017-12-02,10000060,47029,185000000,185000000,185000000,1,1
2017-12-02,10000061,34,1.5,1.5,1.5,248573,1
2017-12-02,10000061,35,2.24,2.24,2.24,120463,1
2017-12-02,10000061,36,98,98,98,446088,6
2017-12-02,10000061,37,36,36,36,5250000,2
2017-12-02,10000061,203,200,200,200,1000,1
2017-12-02,10000061,205,100,100,100,1000,1
2017-12-02,10000061,211,5,5,5,95,1
2017-12-02,10000061,380,600000,600000,600000,2,1
2017-12-02,10000061,438,3499999.01,3499999.01,3499999.01,1,1
2017-12-02,10000061,439,20000,20000,20000,1,1
2017-12-02,10000061,448,2170647.05,1714117.52,2300000,8,6
2017-12-02,10000061,493,350000,350000,350000,6,1
2017-12-02,10000061,527,1990000.36,1990000.36,1990000.36,1,1
2017-12-02,10000061,578,92058.82,92058.82,92058.82,1,1
2017-12-02,10000061,586,500000,500000,500000,1,1
2017-12-02,10000061,608,375000,375000,375000,1,1
2017-12-02,10000061,621,8000000,8000000,8000000,1,1
2017-12-02,10000061,644,160000000,160000000,160000000,1,1
2017-12-02,10000061,651,2000000,2000000,2000000,1,1
2017-12-02,10000061,1248,1769000,1769000,1769000,1,1
2017-12-02,10000061,1317,500000,500000,500000,5,1
2017-12-02,10000061,1335,450000,450000,450000,3,1
2017-12-02,10000061,1355,965999.03,965999.03,965999.03,1,1
2017-12-02,10000061,1405,690000,690000,690000,3,1
2017-12-02,10000061,1445,15000,15000,15000,6,1
2017-12-02,10000061,1447,1050000,830000,1490000,3,2
2017-12-02,10000061,1541,1500000,1500000,1500000,3,2
2017-12-02,10000061,1808,40000,40000,40000,7,2
2017-12-02,10000061,1877,1500000,1500000,1500000,5,1
2017-12-02,10000061,1952,1650000,1650000,1650000,5,4
2017-12-02,10000061,1999,971000,942000,1000000,2,2
2017-12-02,10000061,2024,1300000,1300000,1300000,1,1
2017-12-02,10000061,2032,1461000,1400000,1644000,4,2
2017-12-02,10000061,2046,23800,23800,23800,1,1
2017-12-02,10000061,2048,445350,420420,570000,6,6
2017-12-02,10000061,2183,32000,32000,32000,5,1
2017-12-02,10000061,2205,585000,585000,585000,4,1
2017-12-02,10000061,2281,3149849.62,3000000,3170000,7,6
2017-12-02,10000061,2301,2750000,2750000,2750000,1,1
2017-12-02,10000061,2398,800,800,800,12460,2
2017-12-02,10000061,2399,800,800,800,18700,2
2017-12-02,10000061,2401,900,900,900,19120,2
2017-12-02,10000061,2444,58000,58000,58000,3,1
2017-12-02,10000061,2478,2214285.71,2100000,2500000,7,2
2017-12-02,10000061,2488,544642.86,500000,550000,84,5
2017-12-02,10000061,2531,1200000,1200000,1200000,1,1
2017-12-02,10000061,2537,35000,35000,35000,2,1
2017-12-02,10000061,2545,35000,35000,35000,2,1
2017-12-02,10000061,2605,520000,410000,1200000,7,4
2017-12-02,10000061,2881,1200000,1200000,1200000,2,1
2017-12-02,10000061,2969,3119999,3119999,3119999,1,1
2017-12-02,10000061,2998,65000000,65000000,65000000,1,1
2017-12-02,10000061,3033,1195000,1195000,1195000,4,1
2017-12-02,10000061,3082,2850000,2400000,3100000,8,3
2017-12-02,10000061,3098,650000,650000,650000,2,1
2017-12-02,10000061,3296,56900,56900,56900,1,1
2017-12-02,10000061,3350,300000,300000,300000,1,1
2017-12-02,10000061,3766,340000,340000,340000,2,1
2017-12-02,10000061,3831,900000,900000,900000,4,2
2017-12-02,10000061,3839,75000,75000,75000,3,1
2017-12-02,10000061,3841,1435209.37,1420420,1445068.95,5,3
2017-12-02,10000061,3888,1475000,1475000,1475000,2,1
2017-12-02,10000061,4383,1650000,1650000,1650000,1,1
2017-12-02,10000061,4405,2400000,2400000,2400000,11,6
2017-12-02,10000061,4477,50000,50000,50000,1,1
2017-12-02,10000061,5279,18000,18000,18000,2,1
2017-12-02,10000061,5403,8000,8000,8000,1,1
2017-12-02,10000061,5631,100000,100000,100000,2,1
2017-12-02,10000061,5971,65000,65000,65000,2,1
2017-12-02,10000061,5975,150000,150000,150000,1,1
2017-12-02,10000061,6296,9000,9000,9000,2,1
2017-12-02,10000061,8635,500000,500000,500000,1,1
2017-12-02,10000061,9491,744811.89,744811.89,744811.89,4,1
2017-12-02,10000061,9899,19000000,19000000,19000000,1,1
2017-12-02,10000061,9942,18000000,18000000,18000000,1,1
2017-12-02,10000061,10190,1066666.67,1000000,1100000,3,2
2017-12-02,10000061,10246,9500,9500,9500,10,1
2017-12-02,10000061,10680,110528,110528,110528,1,1
2017-12-02,10000061,11129,7500,7500,7500,2,1
2017-12-02,10000061,11190,19000000,19000000,19000000,1,1
2017-12-02,10000061,11269,1050000,1050000,1050000,1,1
2017-12-02,10000061,11561,79000,79000,79000,1,1
2017-12-02,10000061,11577,7000000,7000000,7000000,3,3
2017-12-02,10000061,11640,1250000,1250000,1250000,1,1
2017-12-02,10000061,12199,4679999.99,4679999.99,4679999.99,1,1
2017-12-02,10000061,12267,6990000,6990000,6990000,1,1
2017-12-02,10000061,12767,428,428,428,1000,1
2017-12-02,10000061,12771,373,373,373,1000,1
2017-12-02,10000061,13001,2900000,2900000,2900000,1,1
2017-12-02,10000061,15510,30000,30000,30000,10,3
2017-12-02,10000061,16069,115000,115000,115000,1,1
2017-12-02,10000061,16272,338.13,338.13,338.13,5000,1
2017-12-02,10000061,16273,50,50,50,1010587,10
2017-12-02,10000061,16274,932.36,932.36,932.36,45000,3
2017-12-02,10000061,16275,3700,3700,3700,20000,1
2017-12-02,10000061,16519,199999.5,100000,299999,10,3
2017-12-02,10000061,17476,22000000,22000000,22000000,1,1
2017-12-02,10000061,17843,100000000,100000000,100000000,1,1
2017-12-02,10000061,17887,1070,1070,1070,10000,1
2017-12-02,10000061,17888,970,970,970,50000,1
2017-12-02,10000061,17912,3500000,3500000,3500000,2,1
2017-12-02,10000061,17918,430000000,430000000,430000000,1,1
2017-12-02,10000061,17938,990000.36,990000.36,990000.36,1,1
2017-12-02,10000061,18036,200000,200000,200000,2,1
2017-12-02,10000061,18044,118500,118500,118500,20,1
2017-12-02,10000061,18064,118500,118500,118500,4,1
2017-12-02,10000061,19198,540000000,540000000,540000000,1,1
2017-12-02,10000061,19285,20000000,20000000,20000000,1,1
2017-12-02,10000061,19325,40000000,40000000,40000000,1,1
2017-12-02,10000061,19806,1546666.67,1546666.67,1546666.67,5,2
2017-12-02,10000061,21096,1646666.67,1500000,1720000,3,3
2017-12-02,10000061,21640,1148194.26,1148194.26,1148194.26,8,2
2017-12-02,10000061,21896,848,848,848,3500,3
2017-12-02,10000061,21904,790,790,790,14091,4
2017-12-02,10000061,21922,816,816,816,4700,3
2017-12-02,10000061,22291,936000,900000,1116000,6,3
2017-12-02,10000061,22544,368000000,368000000,368000000,1,1
2017-12-02,10000061,23061,4000000,4000000,4000000,90,4
2017-12-02,10000061,23533,180000,180000,180000,5,2
2017-12-02,10000061,23707,18000,18000,18000,5,1
2017-12-02,10000061,24395,1440000,1440000,1440000,1,1
2017-12-02,10000061,24417,3500001.09,3500001.09,3500001.09,1,1
2017-12-02,10000061,24427,3700000,3700000,3700000,5,4
2017-12-02,10000061,24438,1385000,1385000,1385000,1,1
2017-12-02,10000061,24503,59,59,59,1788,2
2017-12-02,10000061,24505,79,79,79,1000,1
2017-12-02,10000061,24533,624.99,624.99,624.99,37500,2
2017-12-02,10000061,24688,202000000,202000000,202000000,1,1
2017-12-02,10000061,24698,51000000,51000000,51000000,1,1
2017-12-02,10000061,24702,38000000,38000000,38000000,1,1
2017-12-02,10000061,25861,207777.78,200000,270000,9,3
2017-12-02,10000061,27127,1000000,1000000,1000000,1,1
2017-12-02,10000061,28215,2000000,2000000,2000000,5,1
2017-12-02,10000061,28266,4770000.78,4770000.78,4770000.78,1,1
2017-12-02,10000061,28334,874,874,874,1000,1
2017-12-02,10000061,28576,911250.19,911250.19,911250.19,1,1
2017-12-02,10000061,28668,33853.33,33853.33,33853.33,300,2
2017-12-02,10000061,28999,20000,20000,20000,1,1
2017-12-02,10000061,29001,20000,20000,20000,7,2
2017-12-02,10000061,29009,15000,15000,15000,1,1
2017-12-02,10000061,29011,9400,9400,9400,1,1
2017-12-02,10000061,30486,1245000,1245000,1245000,8,1
2017-12-02,10000061,31159,350000,350000,350000,3,1
2017-12-02,10000061,31372,1742761.77,1572333.1,1970000,7,3
2017-12-02,10000061,31378,16000000,16000000,16000000,1,1
2017-12-02,10000061,31718,1550000,1550000,1550000,2,1
2017-12-02,10000061,31724,4800000,4800000,4800000,3,2
2017-12-02,10000061,31730,2190000,2190000,2190000,1,1
2017-12-02,10000061,31754,320000,320000,320000,1,1
2017-12-02,10000061,31788,875000,875000,875000,3,1
2017-12-02,10000061,31790,2140000,2000000,2700000,5,3
2017-12-02,10000061,31796,24348647.84,24348647.84,24348647.84,3,1
2017-12-02,10000061,31802,2200000.01,2200000.01,2200000.01,3,1
2017-12-02,10000061,31874,2300000,2300000,2300000,1,1
2017-12-02,10000061,31878,5165000,5165000,5165000,5,1
2017-12-02,10000061,31890,2360555.56,2300000,2995000,9,3
2017-12-02,10000061,31892,4299999.99,4299999.98,4300000,24,4
2017-12-02,10000061,31894,3240000,3240000,3240000,2,1
2017-12-02,10000061,32014,220082.1,220082.1,220082.1,100,1
2017-12-02,10000061,32872,750000,750000,750000,1,1
2017-12-02,10000061,32876,1440000,1440000,1440000,1,1
2017-12-02,10000061,33003,432701.96,432701.96,432701.96,6,2
2017-12-02,10000061,33007,90000,90000,90000,4,1
2017-12-02,10000061,33475,8361111.11,8000000,8500000,9,4
2017-12-02,10000061,33520,65000000.01,65000000.01,65000000.01,1,1
2017-12-02,10000061,33822,200000,200000,200000,1,1
2017-12-02,10000061,33824,1799310.35,1799310.35,1799310.35,2,1
2017-12-02,10000061,33844,175000000,175000000,175000000,1,1
2017-12-02,10000061,33915,340852,340852,340852,1,1
2017-12-02,10000061,35656,3952,3952,3952,1,1
2017-12-02,10000061,35658,100000,100000,100000,1,1
2017-12-02,10000061,35659,77272.73,75000,100000,11,2
2017-12-02,10000061,35660,95000,95000,95000,1,1
2017-12-02,10000061,37544,89999.69,89999.69,89999.69,2,1
2017-12-02,10000061,40520,962500000,962500000,962500000,1,1
2017-12-02,10000061,41030,1050000,1050000,1050000,1,1
2017-12-02,10000061,41155,12000,12000,12000,2,1
2017-12-02,10000061,41218,55000000,55000000,55000000,1,1
2017-12-02,10000061,41411,40000000,40000000,40000000,1,1
2017-12-02,10000061,41489,3000,3000,3000,350,2
2017-12-02,10000061,43699,275000,275000,275000,3,2
2017-12-02,10000062,230,60,60,60,20000,1
2017-12-02,10000062,380,420000.02,420000.02,420000.02,1,1
2017-12-02,10000062,394,1000000,1000000,1000000,1,1
2017-12-02,10000062,448,2200000,2200000,2200000,3,3
2017-12-02,10000062,585,299999.99,299999.99,299999.99,1,1
2017-12-02,10000062,609,299999.99,299999.99,299999.99,1,1
2017-12-02,10000062,623,7249999.99,7249999.99,7249999.99,1,1
2017-12-02,10000062,626,10000000,10000000,10000000,1,1
2017-12-02,10000062,631,7249999.99,7249999.99,7249999.99,1,1
2017-12-02,10000062,634,7249999.99,7249999.99,7249999.99,3,1
2017-12-02,10000062,639,164999999.99,164999999.99,164999999.99,1,1
2017-12-02,10000062,656,1100000,1100000,1100000,1,1
2017-12-02,10000062,1183,999999.98,999999.98,999999.98,2,1
2017-12-02,10000062,1185,13245,13245,13245,1,1
2017-12-02,10000062,1306,500000,500000,500000,1,1
2017-12-02,10000062,1319,988888.89,950000,1000000,9,5
2017-12-02,10000062,1403,21000,21000,21000,1,1
2017-12-02,10000062,1405,1000000,1000000,1000000,7,3
2017-12-02,10000062,1422,750000,750000,750000,1,1
2017-12-02,10000062,1447,850000,850000,850000,6,2
2017-12-02,10000062,1541,1050000,1050000,1050000,12,3
2017-12-02,10000062,1855,1350000,1350000,1350000,2,2
2017-12-02,10000062,1952,1500000,1500000,1500000,1,1
2017-12-02,10000062,2032,570000,570000,570000,6,1
2017-12-02,10000062,2038,1250000,1250000,1250000,2,2
2017-12-02,10000062,2048,625000,625000,625000,6,4
2017-12-02,10000062,2109,1499999.99,1499999.99,1499999.99,1,1
2017-12-02,10000062,2175,1250000,1250000,1250000,5,1
2017-12-02,10000062,2195,2500000,2500000,2500000,5,1
2017-12-02,10000062,2203,2000,2000,2000,5,1
2017-12-02,10000062,2205,500000,500000,500000,11,2
2017-12-02,10000062,2254,2500000,2500000,2500000,1,1
2017-12-02,10000062,2281,2500000,2500000,2500000,8,3
2017-12-02,10000062,2297,2200000,2200000,2200000,3,2
2017-12-02,10000062,2299,1999999.97,1999999.97,1999999.97,1,1
2017-12-02,10000062,2333,1800000,1800000,1800000,10,2
2017-12-02,10000062,2364,1500000,1500000,1500000,1,1
2017-12-02,10000062,2446,2300000,2300000,2300000,10,1
2017-12-02,10000062,2456,500000,500000,500000,3,1
2017-12-02,10000062,2466,510000,510000,510000,1,1
2017-12-02,10000062,2486,7500,7500,7500,7,2
2017-12-02,10000062,2488,520000,520000,520000,43,5
2017-12-02,10000062,2545,16000,16000,16000,4,1
2017-12-02,10000062,2550,2500000,2500000,2500000,1,1
2017-12-02,10000062,2605,580000,580000,580000,1,1
2017-12-02,10000062,3001,1000000,1000000,1000000,4,1
2017-12-02,10000062,3041,999999.98,999999.98,999999.98,2,1
2017-12-02,10000062,3130,2300000,2300000,2300000,3,1
2017-12-02,10000062,3162,920000,920000,920000,2,1
2017-12-02,10000062,3256,7590000,7590000,7590000,2,2
2017-12-02,10000062,3265,6600000,6600000,6600000,1,1
2017-12-02,10000062,3297,3000.01,3000.01,3000.01,4,1
2017-12-02,10000062,3496,1599999.99,1599999.99,1599999.99,3,1
2017-12-02,10000062,3578,2100000,2100000,2100000,4,3
2017-12-02,10000062,3779,600,600,600,34861,2
2017-12-02,10000062,3841,1400000,1400000,1400000,14,4
2017-12-02,10000062,3888,1299999.99,1299999.99,1299999.99,2,2
2017-12-02,10000062,3898,17999999.99,16000000,19999999.97,2,2
2017-12-02,10000062,4246,21000,21000,21000,20000,1
2017-12-02,10000062,4258,2500000,2500000,2500000,1,1
2017-12-02,10000062,4260,3000000,3000000,3000000,1,1
2017-12-02,10000062,4306,64600000,64600000,64600000,1,1
2017-12-02,10000062,4383,1499999.99,1499999.99,1499999.99,1,1
2017-12-02,10000062,4403,500000,500000,500000,1,1
2017-12-02,10000062,4405,1650000,1650000,1650000,9,3
2017-12-02,10000062,4435,25000,25000,25000,1,1
2017-12-02,10000062,4529,36577,36577,36577,2,1
2017-12-02,10000062,4833,140000,140000,140000,1,1
2017-12-02,10000062,5011,240000.01,240000.01,240000.01,1,1
2017-12-02,10000062,5320,12499.99,12499.99,12499.99,1,1
2017-12-02,10000062,5533,22499.99,22499.99,22499.99,1,1
2017-12-02,10000062,5973,340000,340000,340000,2,2
2017-12-02,10000062,6176,9000,9000,9000,1,1
2017-12-02,10000062,8175,10000,10000,10000,4,1
2017-12-02,10000062,8433,368500,368500,368500,2,2
2017-12-02,10000062,8585,22499.99,22499.99,22499.99,3,1
2017-12-02,10000062,8639,250000,250000,250000,4,1
2017-12-02,10000062,9608,44999.99,44999.99,44999.99,7,4
2017-12-02,10000062,9632,125000,125000,125000,2,1
2017-12-02,10000062,9646,19999.99,19999.99,19999.99,7,4
2017-12-02,10000062,9772,315000,315000,315000,8,1
2017-12-02,10000062,9842,11000,11000,11000,1000,2
2017-12-02,10000062,9848,89000,89000,89000,14552,4
2017-12-02,10000062,10190,1300000,1300000,1300000,1,1
2017-12-02,10000062,10250,1000000,1000000,1000000,1,1
2017-12-02,10000062,11178,32000000,32000000,32000000,1,1
2017-12-02,10000062,11182,32000000,32000000,32000000,1,1
2017-12-02,10000062,11184,32000000,32000000,32000000,1,1
2017-12-02,10000062,11239,549999.99,549999.99,549999.99,1,1
2017-12-02,10000062,11269,720000.01,720000.01,720000.01,6,1
2017-12-02,10000062,11317,330000,330000,330000,3,1
2017-12-02,10000062,11325,660000,660000,660000,2,2
2017-12-02,10000062,11370,2175000,2150000,2199999.99,2,2
2017-12-02,10000062,11563,230000,230000,230000,1,1
2017-12-02,10000062,11577,6000000,6000000,6000000,1,1
2017-12-02,10000062,11640,1000000,1000000,1000000,1,1
2017-12-02,10000062,12076,6899999.98,6899999.98,6899999.98,1,1
2017-12-02,10000062,12563,20000.01,20000.01,20000.01,8,2
2017-12-02,10000062,12614,65,65,65,5000,1
2017-12-02,10000062,12747,220000000,220000000,220000000,1,1
2017-12-02,10000062,12785,125,125,125,1000,1
2017-12-02,10000062,12789,120,120,120,2600,2
2017-12-02,10000062,13001,2200000,2200000,2200000,1,1
2017-12-02,10000062,13003,2100000,2100000,2100000,1,1
2017-12-02,10000062,13216,25000000,25000000,25000000,2,2
2017-12-02,10000062,13261,25999999.99,25999999.99,25999999.99,1,1
2017-12-02,10000062,15479,4499999.98,4499999.98,4499999.98,1,1
2017-12-02,10000062,15790,27000000,27000000,27000000,1,1
2017-12-02,10000062,16227,49499999.99,49499999.99,49499999.99,1,1
2017-12-02,10000062,16238,1149999.99,1149999.99,1149999.99,1,1
2017-12-02,10000062,16272,600,600,600,200001,2
2017-12-02,10000062,16273,44,44,44,350,1
2017-12-02,10000062,16275,5900,5900,5900,3000,2
2017-12-02,10000062,16278,1889999.99,1889999.99,1889999.99,2,1
2017-12-02,10000062,16303,473000,473000,473000,3,1
2017-12-02,10000062,16443,55000,55000,55000,2,2
2017-12-02,10000062,16672,259,259,259,10000,1
2017-12-02,10000062,16681,4899,4899,4899,1000,1
2017-12-02,10000062,17366,250000,250000,250000,2,1
2017-12-02,10000062,17738,500000000.01,500000000.01,500000000.01,1,1
2017-12-02,10000062,17887,1400,1400,1400,190000,1
2017-12-02,10000062,17888,700,700,700,100000,1
2017-12-02,10000062,17889,1300,1300,1300,65000,2
2017-12-02,10000062,18590,850000,850000,850000,20,1
2017-12-02,10000062,18592,820000,820000,820000,20,1
2017-12-02,10000062,18594,770000,770000,770000,20,1
2017-12-02,10000062,18596,590000,590000,590000,20,1
2017-12-02,10000062,18598,750000,750000,750000,30,1
2017-12-02,10000062,18608,850000,850000,850000,24,2
2017-12-02,10000062,18624,740000,740000,740000,20,1
2017-12-02,10000062,20280,65000000,65000000,65000000,1,1
2017-12-02,10000062,20703,63650000,59800000,67500000,2,2
2017-12-02,10000062,21640,1100000,1100000,1100000,6,2
2017-12-02,10000062,22177,50000.01,50000.01,50000.01,1,1
2017-12-02,10000062,22229,5800000,5800000,5800000,2,1
2017-12-02,10000062,22291,1500000,1500000,1500000,5,2
2017-12-02,10000062,23009,480,480,480,5000,1
2017-12-02,10000062,23061,3200000,3200000,3200000,20,1
2017-12-02,10000062,23071,320000,320000,320000,4,1
2017-12-02,10000062,23563,62979.99,42499.99,93700,10,2
2017-12-02,10000062,23707,6000,6000,6000,5,1
2017-12-02,10000062,23717,22632.01,22632.01,22632.01,4,1
2017-12-02,10000062,24283,47250000,47000000,47500000,4,2
2017-12-02,10000062,24305,3900000,3900000,3900000,1,1
2017-12-02,10000062,24417,2100000,2100000,2100000,1,1
2017-12-02,10000062,24438,1500000,1500000,1500000,1,1
2017-12-02,10000062,25894,11500000,11500000,11500000,2,1
2017-12-02,10000062,26076,999999.98,999999.98,999999.98,3,1
2017-12-02,10000062,27127,770000,770000,770000,2,2
2017-12-02,10000062,27405,1210.01,1210.01,1210.01,1000,1
2017-12-02,10000062,27441,1300,1300,1300,30500,2
2017-12-02,10000062,28215,1900000,1900000,1900000,2,1
2017-12-02,10000062,28578,999999.98,999999.98,999999.98,3,1
2017-12-02,10000062,28668,25600,25600,25600,874,3
2017-12-02,10000062,28999,4000,4000,4000,1,1
2017-12-02,10000062,29007,4000,4000,4000,9,3
2017-12-02,10000062,30013,50000,50000,50000,30,1
2017-12-02,10000062,30486,550000,550000,550000,16,1
2017-12-02,10000062,30488,11250.5,11250.5,11250.5,6,1
2017-12-02,10000062,30834,2999999.99,2999999.99,2999999.99,1,1
2017-12-02,10000062,30987,500000,500000,500000,1,1
2017-12-02,10000062,31045,999999.97,999999.97,999999.97,3,2
2017-12-02,10000062,31055,1800000,1800000,1800000,1,1
2017-12-02,10000062,31065,2750000,2750000,2750000,1,1
2017-12-02,10000062,31117,250000,250000,250000,2,1
2017-12-02,10000062,31153,375000,375000,375000,1,1
2017-12-02,10000062,31213,80000,80000,80000,2,1
2017-12-02,10000062,31322,290000,290000,290000,1,1
2017-12-02,10000062,31366,27000000,27000000,27000000,1,1
2017-12-02,10000062,31372,1500000,1500000,1500000,3,1
2017-12-02,10000062,31374,24999999.99,24999999.99,24999999.99,2,2
2017-12-02,10000062,31378,12000000,12000000,12000000,1,1
2017-12-02,10000062,31454,350000.01,350000.01,350000.01,1,1
2017-12-02,10000062,31718,450000,450000,450000,2,2
2017-12-02,10000062,31768,5000000,5000000,5000000,1,1
2017-12-02,10000062,31790,3464950.97,2194852.94,4099999.98,3,3
2017-12-02,10000062,31876,3200000,3200000,3200000,6,1
2017-12-02,10000062,31884,3500000,3500000,3500000,1,1
2017-12-02,10000062,31892,3000000,3000000,3000000,19,2
2017-12-02,10000062,31894,3000000,3000000,3000000,5,1
2017-12-02,10000062,31998,50000,50000,50000,180,2
2017-12-02,10000062,32006,150000,150000,150000,300,1
2017-12-02,10000062,33003,350000,350000,350000,4,1
2017-12-02,10000062,33076,500000,500000,500000,1,1
2017-12-02,10000062,33180,80000,80000,80000,1,1
2017-12-02,10000062,33361,23999.01,23999.01,23999.01,2000,1
2017-12-02,10000062,33474,2537499.99,2350000,2599999.98,4,3
2017-12-02,10000062,33475,11750000,10500000,13000000,4,3
2017-12-02,10000062,33818,255000000,255000000,255000000,1,1
2017-12-02,10000062,34288,14000000.01,14000000.01,14000000.01,4,1
2017-12-02,10000062,35659,24999.99,24999.99,24999.99,4,4
2017-12-02,10000062,35660,30000,30000,30000,4,2
2017-12-02,10000062,35661,430000,430000,430000,1,1
2017-12-02,10000062,35771,1150000,1150000,1150000,1,1
2017-12-02,10000062,40559,10400000,10400000,10400000,60,5
2017-12-02,10000062,40564,29000000,29000000,29000000,18,1
2017-12-02,10000062,41032,11500,11500,11500,1,1
2017-12-02,10000062,41034,50000,50000,50000,1,1
2017-12-02,10000062,41155,8000,8000,8000,2,1
2017-12-02,10000062,41249,44999999.99,44999999.99,44999999.99,1,1
2017-12-02,10000062,41411,35000000,35000000,35000000,2,2
2017-12-02,10000062,41415,165000000,165000000,165000000,3,1
2017-12-02,10000062,41459,410000000,410000000,410000000,3,1
2017-12-02,10000062,41493,139000000,139000000,139000000,1,1
2017-12-02,10000062,42695,900,900,900,5000,1
2017-12-02,10000062,42696,950,950,950,5000,1
2017-12-02,10000062,42890,100000000,100000000,100000000,1,1
2017-12-02,10000062,43555,3000000,3000000,3000000,2,1
2017-12-02,10000062,46722,1000000,1000000,1000000,1,1
2017-12-02,10000063,34,1.22,1.22,1.22,136,1
2017-12-02,10000063,35,0.71,0.71,0.71,916,1
2017-12-02,10000063,36,72.19,72.19,72.19,54043,2
2017-12-02,10000063,38,202.08,202.08,202.08,239,1
2017-12-02,10000063,39,402.08,402.08,402.08,288,1
2017-12-02,10000063,40,402.08,402.08,402.08,939,1
2017-12-02,10000063,236,249.97,249.97,249.97,4000,1
2017-12-02,10000063,448,3176061.99,3176061.99,3176061.99,1,1
2017-12-02,10000063,519,1399999,1399999,1399999,1,1
2017-12-02,10000063,527,1633147.62,1633147.62,1633147.62,2,1
2017-12-02,10000063,607,789999,789999,789999,1,1
2017-12-02,10000063,626,4000000,4000000,4000000,1,1
2017-12-02,10000063,632,9000000,9000000,9000000,1,1
2017-12-02,10000063,645,189000000.02,189000000.02,189000000.02,1,1
2017-12-02,10000063,1182,4780000,4780000,4780000,1,1
2017-12-02,10000063,1405,900000.01,900000.01,900000.01,12,3
2017-12-02,10000063,1877,1899609.48,1899609.48,1899609.48,3,1
2017-12-02,10000063,1999,1999999,1999999,1999999,1,1
2017-12-02,10000063,2048,798999.99,798999.99,798999.99,1,1
2017-12-02,10000063,2175,1152333.31,1000000,1199999.96,30,3
2017-12-02,10000063,2205,997999.93,997999.93,997999.93,6,1
2017-12-02,10000063,2268,3,3,3,62144,1
2017-12-02,10000063,2281,3099995.99,3099995.99,3099995.99,1,1
2017-12-02,10000063,2364,1299999.99,1299999.99,1299999.99,3,1
2017-12-02,10000063,2488,580000,580000,580000,5,2
2017-12-02,10000063,2539,1889999.99,1889999.99,1889999.99,2,1
2017-12-02,10000063,2553,1999998.99,1999998.99,1999998.99,2,1
2017-12-02,10000063,2605,703998.99,703998.99,703998.99,5,4
2017-12-02,10000063,3017,2500000,2500000,2500000,10,1
2017-12-02,10000063,3244,2000000,2000000,2000000,2,2
2017-12-02,10000063,3465,1000000,1000000,1000000,1,1
2017-12-02,10000063,3831,4399999.99,4399999.99,4399999.99,1,1
2017-12-02,10000063,3841,1772853.98,1772853.98,1772853.98,7,2
2017-12-02,10000063,3888,1400777,1400777,1400777,1,1
2017-12-02,10000063,4383,3900000,3900000,3900000,1,1
2017-12-02,10000063,4405,2913965.99,2886999.99,2927448.99,18,2
2017-12-02,10000063,4871,600000,600000,600000,1,1
2017-12-02,10000063,5945,1500000,1500000,1500000,1,1
2017-12-02,10000063,6005,140000,140000,140000,2,1
2017-12-02,10000063,9899,12999777,12999777,12999777,1,1
2017-12-02,10000063,9942,12999777,12999777,12999777,1,1
2017-12-02,10000063,10190,1749999.98,1749999.98,1749999.98,2,1
2017-12-02,10000063,11178,33000000,33000000,33000000,1,1
2017-12-02,10000063,11370,5607368.42,5607368.42,5607368.42,1,1
2017-12-02,10000063,12084,11000000.02,11000000.02,11000000.02,1,1
2017-12-02,10000063,12487,2800000,2800000,2800000,1,1
2017-12-02,10000063,12745,200000000,200000000,200000000,1,1
2017-12-02,10000063,12777,250,250,250,7000,3
2017-12-02,10000063,12789,189,189,189,1500,1
2017-12-02,10000063,16273,43.98,43.98,43.98,2800,6
2017-12-02,10000063,16274,616.01,616.01,616.01,50000,1
2017-12-02,10000063,17366,900000,900000,900000,2,1
2017-12-02,10000063,17482,2499999.99,2499999.99,2499999.99,4,2
2017-12-02,10000063,17843,99497777.7,99495555.4,99500000,2,2
2017-12-02,10000063,17888,1098.95,1098.95,1098.95,20000,1
2017-12-02,10000063,18639,796900,796900,796900,1,1
2017-12-02,10000063,19147,15000000,15000000,15000000,4,1
2017-12-02,10000063,21096,3449000.01,3398000,3500000.01,2,2
2017-12-02,10000063,21603,19999989.77,19999989.77,19999989.77,2,2
2017-12-02,10000063,21896,800,800,800,5000,1
2017-12-02,10000063,21904,800,800,800,5000,1
2017-12-02,10000063,23071,650000,650000,650000,7,1
2017-12-02,10000063,23113,1099999.99,1099999.99,1099999.99,16,1
2017-12-02,10000063,23527,3300000,3300000,3300000,1,1
2017-12-02,10000063,23707,79800,79800,79800,5,1
2017-12-02,10000063,23731,450000,450000,450000,8,3
2017-12-02,10000063,24427,1999999,1999999,1999999,20,1
2017-12-02,10000063,24501,100,100,100,318,1
2017-12-02,10000063,24511,699,699,699,5000,1
2017-12-02,10000063,27371,4305.99,4305.99,4305.99,1500,1
2017-12-02,10000063,27423,2687.88,2687.88,2687.88,5000,1
2017-12-02,10000063,28668,25952,25952,25952,1020,6
2017-12-02,10000063,28999,99999,99999,99999,10,1
2017-12-02,10000063,29001,18083,18083,18083,7,2
2017-12-02,10000063,30488,670187.5,100000,860000,32,4
2017-12-02,10000063,31047,4799999.99,4799999.99,4799999.99,2,1
2017-12-02,10000063,31125,14999777,14999777,14999777,2,1
2017-12-02,10000063,31153,429000,429000,429000,2,2
2017-12-02,10000063,31316,6000000,6000000,6000000,1,1
2017-12-02,10000063,31358,1300000,1300000,1300000,1,1
2017-12-02,10000063,31370,381999,381999,381999,1,1
2017-12-02,10000063,31376,7950000,7950000,7950000,2,1
2017-12-02,10000063,31724,9997777,9997777,9997777,2,1
2017-12-02,10000063,31754,1200000,1200000,1200000,5,1
2017-12-02,10000063,31790,2900777,2900777,2900777,4,1
2017-12-02,10000063,31870,5800000,5800000,5800000,20,2
2017-12-02,10000063,31998,150000,150000,150000,25,2
2017-12-02,10000063,32006,132710.38,129998.97,135000,83,3
2017-12-02,10000063,32014,199999,199999,199999,8,1
2017-12-02,10000063,32780,4000000,4000000,4000000,1,1
2017-12-02,10000063,33475,8880000,8880000,8880000,4,1
2017-12-02,10000063,33915,340852,340852,340852,1,1
2017-12-02,10000063,35658,190000,190000,190000,1,1
2017-12-02,10000063,35659,199999.99,199999.99,199999.99,1,1
2017-12-02,10000063,35660,100000,100000,100000,1,1
2017-12-02,10000063,40345,4000000,4000000,4000000,2,1
2017-12-02,10000063,41415,150000000,150000000,150000000,1,1
2017-12-02,10000063,42838,799.99,799.99,799.99,100,1
2017-12-02,10000064,18,56.81,56.81,56.81,9606444,146
2017-12-02,10000064,19,1000,1000,1000,172,1
2017-12-02,10000064,20,169,169,169,82015,23
2017-12-02,10000064,21,150.02,150.02,150.02,128409,1
2017-12-02,10000064,22,650,650,650,5426,2
2017-12-02,10000064,34,4.56,4.56,4.61,138288982,453
2017-12-02,10000064,35,4.56,4.38,4.94,22558149,321
2017-12-02,10000064,36,60.05,60.05,60.05,6090164,283
2017-12-02,10000064,37,42.64,42.64,42.64,668430,186
2017-12-02,10000064,38,332.58,332.58,332.58,1635913,215
2017-12-02,10000064,39,1100,1100,1100,98312,132
2017-12-02,10000064,40,1125,1125,1125,130173,95
2017-12-02,10000064,41,14.01,14.01,28.34,115204,9
2017-12-02,10000064,42,1127.06,501.13,1607.61,90,6
2017-12-02,10000064,43,317.02,306.57,343.03,660704,37
2017-12-02,10000064,44,8425,8425,8425,28,1
2017-12-02,10000064,45,0.01,0.01,0.01,200,16
2017-12-02,10000064,178,0.13,0.13,0.13,22400,11
2017-12-02,10000064,179,5.95,5.95,5.95,73831,13
2017-12-02,10000064,180,0.25,0.25,0.25,20979,16
2017-12-02,10000064,181,5,1,11.49,1849,15
2017-12-02,10000064,182,10.96,10.96,10.96,18036,26
2017-12-02,10000064,183,16.49,16.49,16.49,11800,9
2017-12-02,10000064,184,27.99,27.99,27.99,10235,12
2017-12-02,10000064,185,20,20,21.99,56166,20
2017-12-02,10000064,186,1.11,1.11,1.11,22080,2
2017-12-02,10000064,187,21.99,21.99,21.99,86260,3
2017-12-02,10000064,188,1.17,1.17,1.17,200,1
2017-12-02,10000064,189,65,65,65,21500,6
2017-12-02,10000064,190,35,35,35,10300,2
2017-12-02,10000064,191,57,57,57,2709,6
2017-12-02,10000064,192,70,70,72.5,6200,3
2017-12-02,10000064,193,88,88,98.48,7900,5
2017-12-02,10000064,194,1.06,1.06,1.06,100,1
2017-12-02,10000064,196,16.98,16.98,16.98,200,1
2017-12-02,10000064,197,50.04,1.08,99,2000,2
2017-12-02,10000064,198,1.08,1.08,1.08,200,1
2017-12-02,10000064,200,230,230,230,5400,2
2017-12-02,10000064,201,1.06,1.06,1.06,100,1
2017-12-02,10000064,202,2,2,2,5819,1
2017-12-02,10000064,203,110,110,110,1247,2
2017-12-02,10000064,204,13.3,13.3,13.3,17470,5
2017-12-02,10000064,205,100,10.01,100,13728,5
2017-12-02,10000064,206,50,50,50,149312,7
2017-12-02,10000064,207,2.21,2.21,2.21,900,6
2017-12-02,10000064,208,60,60,65,20804,9
2017-12-02,10000064,209,63.25,63.25,63.25,9255,8
2017-12-02,10000064,210,9.99,9.99,9.99,11699,18
2017-12-02,10000064,211,11.5,10.99,14.97,27900,26
2017-12-02,10000064,212,14.95,14.95,14.95,9400,22
2017-12-02,10000064,213,10.56,10.56,10.56,227654,27
2017-12-02,10000064,215,5.97,5.4,5.97,127756,90
2017-12-02,10000064,216,8.02,8.02,8.03,88381,58
2017-12-02,10000064,217,8.94,7.01,9.5,297183,85
2017-12-02,10000064,218,14.98,14.98,14.98,93313,42
2017-12-02,10000064,219,9.99,9.99,9.99,1346115,44
2017-12-02,10000064,220,14.97,10.5,18.95,108350,69
2017-12-02,10000064,221,13.4,13.4,13.4,59062,40
2017-12-02,10000064,222,17.25,17.25,17.25,1868622,378
2017-12-02,10000064,223,45,45,45,12176,9
2017-12-02,10000064,224,33,1.06,38,10262,15
2017-12-02,10000064,225,31.3,29,31.39,30811,18
2017-12-02,10000064,226,39.98,36.5,39.99,24500,11
2017-12-02,10000064,227,1.12,1.12,1.12,400,3
2017-12-02,10000064,228,51.5,51.5,51.5,39350,10
2017-12-02,10000064,229,45.89,45.89,45.89,26180,9
2017-12-02,10000064,230,54,20,59.97,292899,57
2017-12-02,10000064,231,35,34,35,24100,5
2017-12-02,10000064,232,48.76,48.76,48.76,1000,1
2017-12-02,10000064,233,1.09,1.08,1.09,200,2
2017-12-02,10000064,235,98.63,98.63,98.63,4800,3
2017-12-02,10000064,236,178.99,178.99,178.99,600,2
2017-12-02,10000064,237,1.82,1.82,1.82,400,3
2017-12-02,10000064,238,190,190,190,3095,5
2017-12-02,10000064,239,2202.75,12,7998.98,8,6
2017-12-02,10000064,240,344.92,67.51,1699.98,6,6
2017-12-02,10000064,241,77.25,2.7,450,6,6
2017-12-02,10000064,242,349.74,140,1250,9,6
2017-12-02,10000064,243,23,23,23,7,6
2017-12-02,10000064,244,103.12,12,650,7,7
2017-12-02,10000064,245,2022.45,182,2404.5,11,9
2017-12-02,10000064,246,8464.73,103,15000,30,14
2017-12-02,10000064,247,39999,39999,39999,6,1
2017-12-02,10000064,248,9999.97,9999.97,9999.97,3,1
2017-12-02,10000064,249,1733.33,225,4750,3,3
2017-12-02,10000064,250,3000,3000,3000,10,1
2017-12-02,10000064,254,18999.99,17999.99,30000,8,3
2017-12-02,10000064,262,101649.1,101649.1,101649.1,25,2
2017-12-02,10000064,263,300,300,300,430,23
2017-12-02,10000064,264,899.99,899.99,899.99,260,5
2017-12-02,10000064,266,5.75,5.75,5.77,8974,13
2017-12-02,10000064,267,398,398,398,100,1
2017-12-02,10000064,269,19.99,19.99,19.99,1400,5
2017-12-02,10000064,377,23753.45,10000,34000,55,34
2017-12-02,10000064,380,596704.66,586958,656998.98,15,9
2017-12-02,10000064,393,22447.06,16699.5,49999.98,17,11
2017-12-02,10000064,394,651249.22,492436.76,794498.8,7,7
2017-12-02,10000064,399,25666.58,20000,29399.95,35,28
2017-12-02,10000064,400,499949.95,499949.95,499949.95,1,1
2017-12-02,10000064,434,90167.24,71988,124994.99,33,32
2017-12-02,10000064,438,3066633.28,2999899.83,3100000,3,3
2017-12-02,10000064,439,16897,9700,16950,139,107
2017-12-02,10000064,440,4800000,4800000,4800000,1,1
2017-12-02,10000064,442,55991.52,15999.99,63989.83,6,6
2017-12-02,10000064,443,14999.4,10000,19998.79,2,2
2017-12-02,10000064,444,6268.76,5000,6560.95,23,15
2017-12-02,10000064,447,49117.98,0.01,50000,12,9
2017-12-02,10000064,448,1800000,1800000,1800000,1,1
2017-12-02,10000064,450,8999.99,8999.99,8999.99,2,2
2017-12-02,10000064,452,41499.99,26999.99,85000,4,3
2017-12-02,10000064,453,27999.99,27999.99,27999.99,1,1
2017-12-02,10000064,454,60000,60000,60000,1,1
2017-12-02,10000064,457,256666.66,249999.99,269999.99,9,2
2017-12-02,10000064,459,424999.98,424999.98,424999.98,6,1
2017-12-02,10000064,463,1999999.98,1999999.98,1999999.98,16,1
2017-12-02,10000064,482,1331042.1,1199988,1547499.84,57,30
2017-12-02,10000064,483,14916.23,751.56,20999.99,81,45
2017-12-02,10000064,484,24208.39,7500,36481,23,12
2017-12-02,10000064,485,44398,44398,44398,3,1
2017-12-02,10000064,486,66626.18,32000,91005,17,9
2017-12-02,10000064,487,120000,120000,120000,2,1
2017-12-02,10000064,488,47359.69,36999.99,49999.83,31,6
2017-12-02,10000064,490,137000,137000,137000,4,1
2017-12-02,10000064,491,399999,399999,399999,5,1
2017-12-02,10000064,499,23975.55,23314.67,39950,40,10
2017-12-02,10000064,501,38776.83,38776.83,38776.83,2,1
2017-12-02,10000064,519,1300000,1300000,1300000,2,1
2017-12-02,10000064,520,60972.21,48500,88888.88,4,4
2017-12-02,10000064,523,22128.29,17370.78,23948,91,77
2017-12-02,10000064,524,120462.85,75000,147175.96,8,8
2017-12-02,10000064,526,47905.11,13025,63857.78,24,23
2017-12-02,10000064,527,1045486.81,1045486.81,1045486.81,1,1
2017-12-02,10000064,530,43940,43900,43980,2,2
2017-12-02,10000064,561,5899,5899,5899,115,70
2017-12-02,10000064,562,12500.01,12500.01,12500.01,101,28
2017-12-02,10000064,563,21623.47,20000,24999.5,81,13
2017-12-02,10000064,564,20000,20000,20000,157,24
2017-12-02,10000064,565,33998,30000,34000,130,65
2017-12-02,10000064,566,275549.49,251099.99,299998.98,10,4
2017-12-02,10000064,567,37006.48,2000.99,48750,12,8
2017-12-02,10000064,568,237150,124300,349999.99,8,5
2017-12-02,10000064,570,366460.4,353901.07,374999.95,10,5
2017-12-02,10000064,577,90011,90011,90011,1,1
2017-12-02,10000064,578,113480.64,99999.99,139980,41,32
2017-12-02,10000064,580,348000,348000,348000,1,1
2017-12-02,10000064,582,296661.14,296661.14,296661.14,2,1
2017-12-02,10000064,583,397666.33,294000,449499.5,3,3
2017-12-02,10000064,585,448180.98,390000,477271.47,3,3
2017-12-02,10000064,586,425000.01,425000.01,425000.01,1,1
2017-12-02,10000064,587,366666.67,300000,500000,3,3
2017-12-02,10000064,588,1000000,1000000,1000000,1,1
2017-12-02,10000064,589,499999.95,499999.95,499999.95,1,1
2017-12-02,10000064,591,449999.82,400000,499999.64,2,2
2017-12-02,10000064,592,219999.87,219999.87,219999.87,162,47
2017-12-02,10000064,593,340000,233900,356847.62,127,53
2017-12-02,10000064,594,290000,190000.02,334999.97,103,37
2017-12-02,10000064,597,483500,449000,485000,24,5
2017-12-02,10000064,599,111000.02,10000.03,212000,2,2
2017-12-02,10000064,601,1,1,1,1,1
2017-12-02,10000064,602,433332.99,400000,499998.98,3,3
2017-12-02,10000064,603,425000,400000,450000,2,2
2017-12-02,10000064,605,538874.5,77750,999999,2,2
2017-12-02,10000064,606,1755.98,1400.01,4500,43,42
2017-12-02,10000064,607,544606.47,380000,699999.99,91,41
2017-12-02,10000064,608,8253259.99,260000,200000000,50,46
2017-12-02,10000064,609,420765.23,400000,457653.68,10,6
2017-12-02,10000064,621,10600000,10000000,11800000,3,3
2017-12-02,10000064,622,10500000,10500000,10500000,1,1
2017-12-02,10000064,626,10402331.12,9999999.99,10949500,34,34
2017-12-02,10000064,627,9461095.83,8500000,11224999.5,9,9
2017-12-02,10000064,628,8500000,8500000,8500000,2,2
2017-12-02,10000064,629,10000000,10000000,10000000,1,1
2017-12-02,10000064,632,7900000,7900000,7900000,1,1
2017-12-02,10000064,633,8100000,8100000,8100000,1,1
2017-12-02,10000064,634,8072499.75,6500000,8540000,4,4
2017-12-02,10000064,638,175999999.99,175999999.99,175999999.99,1,1
2017-12-02,10000064,641,170000000,170000000,170000000,1,1
2017-12-02,10000064,644,209999999.99,209999999.99,209999999.99,1,1
2017-12-02,10000064,645,177149999.61,174800000,179499999.22,2,2
2017-12-02,10000064,648,783000,276000,1290000,2,2
2017-12-02,10000064,649,2487374.88,2150000,3750000,8,6
2017-12-02,10000064,650,390977.51,265000.07,459999.95,45,34
2017-12-02,10000064,652,1966666.63,1900000,1999999.95,3,3
2017-12-02,10000064,653,1189999,1189999,1189999,1,1
2017-12-02,10000064,654,1102957.21,590700.5,1175000,7,7
2017-12-02,10000064,655,1197574.92,510001.2,1261511.62,7,7
2017-12-02,10000064,656,1734710.35,1295000,1899999.99,14,7
2017-12-02,10000064,657,1879215.05,1799989,1972849.3,18,18
2017-12-02,10000064,672,130596.92,19999.98,199999.99,39,15
2017-12-02,10000064,786,60000,60000,60000,1,1
2017-12-02,10000064,788,300000,300000,300000,1,1
2017-12-02,10000064,813,180000,180000,180000,1,1
2017-12-02,10000064,814,140000,140000,140000,1,1
2017-12-02,10000064,819,20000,20000,20000,1,1
2017-12-02,10000064,941,2825000,2825000,2825000,3,2
2017-12-02,10000064,954,2725000,2725000,2725000,5,4
2017-12-02,10000064,955,2125000,2125000,2125000,3,2
2017-12-02,10000064,971,83250000,83250000,83250000,19,4
2017-12-02,10000064,985,3100000,3100000,3100000,2,2
2017-12-02,10000064,989,3425000,3425000,3425000,2,2
2017-12-02,10000064,990,6000000,6000000,6000000,3,3
2017-12-02,10000064,991,4287500,4287500,4287500,2,2
2017-12-02,10000064,992,11250000,11250000,11250000,1,1
2017-12-02,10000064,999,1660000000,1660000000,1660000000,1,1
2017-12-02,10000064,1010,49920,49920,49920,2,2
2017-12-02,10000064,1072,64500,64500,64500,5,5
2017-12-02,10000064,1074,15000,15000,15000,1,1
2017-12-02,10000064,1076,20000,20000,20000,4,3
2017-12-02,10000064,1096,243200,243200,243200,1,1
2017-12-02,10000064,1115,120000,120000,120000,1,1
2017-12-02,10000064,1129,750000,750000,750000,1,1
2017-12-02,10000064,1130,20000,20000,20000,2,2
2017-12-02,10000064,1131,30000,30000,30000,2,2
2017-12-02,10000064,1132,40000,40000,40000,4,4
2017-12-02,10000064,1133,50000,50000,50000,2,2
2017-12-02,10000064,1134,60000,60000,60000,1,1
2017-12-02,10000064,1135,70000,70000,70000,1,1
2017-12-02,10000064,1137,100000,100000,100000,8,8
2017-12-02,10000064,1138,80000,80000,80000,1,1
2017-12-02,10000064,1145,400000,400000,400000,1,1
2017-12-02,10000064,1153,1000000,1000000,1000000,1,1
2017-12-02,10000064,1182,28444.44,22999.99,30000,9,9
2017-12-02,10000064,1183,666241.24,649989.99,839990,8,8
2017-12-02,10000064,1185,55683.69,50500,63978,13,11
2017-12-02,10000064,1195,56665.7,44998,87499.5,21,17
2017-12-02,10000064,1201,43200.42,6201.46,58000,7,3
2017-12-02,10000064,1202,6596.9,6596.9,6596.9,2,1
2017-12-02,10000064,1218,1498600,1498600,1498600,2,2
2017-12-02,10000064,1223,1100.01,1100.01,1100.01,9810,2
2017-12-02,10000064,1224,40.12,40.12,40.12,114,3
2017-12-02,10000064,1225,10,10,10,6559,2
2017-12-02,10000064,1226,382,382,382,10978,7
2017-12-02,10000064,1227,53.3,53.3,53.3,784900,41
2017-12-02,10000064,1228,15.5,15.1,15.5,1502024,59
2017-12-02,10000064,1230,11.21,11.11,11.25,25858631,234
2017-12-02,10000064,1231,200,200,200,62990,3
2017-12-02,10000064,1236,688888,688888,688888,1,1
2017-12-02,10000064,1244,10806.43,5008,12099.95,47,33
2017-12-02,10000064,1254,24166.49,9999.99,66666,4,2
2017-12-02,10000064,1274,11999.99,11999.99,11999.99,1,1
2017-12-02,10000064,1276,598800,598800,598800,2,1
2017-12-02,10000064,1304,20558.89,20000,21000,16,9
2017-12-02,10000064,1305,999999.99,999999.99,999999.99,1,1
2017-12-02,10000064,1306,379959.86,375000,415500,49,9
2017-12-02,10000064,1317,3440,2500,3950,140,53
2017-12-02,10000064,1318,16640,16640,16640,2,2
2017-12-02,10000064,1319,766576.04,645849.84,898876.82,78,25
2017-12-02,10000064,1333,48999.99,48999.99,48999.99,1,1
2017-12-02,10000064,1335,485713.42,400000,499998.99,7,2
2017-12-02,10000064,1353,13476.89,100.11,14095,9,6
2017-12-02,10000064,1355,846999.66,846000,848998.98,3,3
2017-12-02,10000064,1403,26976.61,18700,39497,28,20
2017-12-02,10000064,1404,54380,54380,54380,1,1
2017-12-02,10000064,1405,711699.49,649999.98,969999.9,30,17
2017-12-02,10000064,1422,1116289,1074438.5,1199989.99,3,3
2017-12-02,10000064,1445,83094.32,59985,88000,25,18
2017-12-02,10000064,1447,789485.71,696979.06,974499,3,3
2017-12-02,10000064,1539,17418,14000,18980,16,13
2017-12-02,10000064,1541,1367395.66,1294443.99,1447997.89,7,5
2017-12-02,10000064,1551,84500,84500,84500,1,1
2017-12-02,10000064,1808,65542.77,54999.99,102942.5,9,5
2017-12-02,10000064,1810,9.5,9.5,9.5,1505,7
2017-12-02,10000064,1811,150000,150000,150000,1,1
2017-12-02,10000064,1814,3.3,0.16,5,2000,8
2017-12-02,10000064,1816,11.25,11.25,11.25,1600,7
2017-12-02,10000064,1817,160000,160000,160000,1,1
2017-12-02,10000064,1818,65.21,65.21,65.21,268550,2
2017-12-02,10000064,1820,59.95,59.95,59.95,1100,2
2017-12-02,10000064,1822,40.99,40.99,40.99,1200,3
2017-12-02,10000064,1824,70.17,70.17,77.58,2478,6
2017-12-02,10000064,1825,800000,800000,800000,1,1
2017-12-02,10000064,1826,1.16,1.16,1.16,300,2
2017-12-02,10000064,1828,1,1,1,200,2
2017-12-02,10000064,1830,1,1,1,200,2
2017-12-02,10000064,1832,1,1,1,200,2
2017-12-02,10000064,1875,33999.99,33999.99,33999.99,5,1
2017-12-02,10000064,1877,351102.35,351102.35,351102.35,3,1
2017-12-02,10000064,1952,1574423.99,1300000,2260483.97,7,5
2017-12-02,10000064,1955,70000,70000,70000,1,1
2017-12-02,10000064,1957,27999.24,27998.99,28000,4,3
2017-12-02,10000064,1973,47092.22,39500,50000,8,5
2017-12-02,10000064,1977,45000,45000,45000,179,57
2017-12-02,10000064,1986,46527.9,27000,66055.81,4,3
2017-12-02,10000064,1998,66617.27,51999.99,117777.77,9,6
2017-12-02,10000064,2018,59666.33,55000,68999.99,6,6
2017-12-02,10000064,2020,211000,211000,211000,1,1
2017-12-02,10000064,2032,498999.91,498999.91,498999.91,219,19
2017-12-02,10000064,2038,1599999.99,1599999.99,1599999.99,1,1
2017-12-02,10000064,2046,14980,10000,15000,124,86
2017-12-02,10000064,2047,50000,50000,50000,1,1
2017-12-02,10000064,2048,683564.99,580000,769999.61,71,44
2017-12-02,10000064,2073,0.77,0.77,0.77,90867,1
2017-12-02,10000064,2103,52499.45,45000,59998.89,2,2
2017-12-02,10000064,2173,33387.41,32999.99,34999.99,77,23
2017-12-02,10000064,2174,1700000,1700000,1700000,1,1
2017-12-02,10000064,2175,900248.53,1000,1299997.06,4,3
2017-12-02,10000064,2183,29749.98,29749.98,29749.98,811,68
2017-12-02,10000064,2184,1620000,900000,1800000,5,5
2017-12-02,10000064,2185,1001204.72,998000,1165896.29,84,18
2017-12-02,10000064,2193,112500.21,30001.23,129000,6,3
2017-12-02,10000064,2203,2250,2100.99,2500,239,64
2017-12-02,10000064,2204,200000,200000,200000,3,3
2017-12-02,10000064,2205,474890.07,459592.94,489997.97,25,4
2017-12-02,10000064,2254,81000,81000,81000,3,2
2017-12-02,10000064,2268,2.5,2.5,2.5,139363,1
2017-12-02,10000064,2281,3581652.25,3299999.99,3917516.44,20,17
2017-12-02,10000064,2292,750000,750000,750000,1,1
2017-12-02,10000064,2293,128500,128500,128500,1,1
2017-12-02,10000064,2295,123460,110000,130190,3,3
2017-12-02,10000064,2296,750000,750000,750000,1,1
2017-12-02,10000064,2301,2999999.99,2999999.99,2999999.99,1,1
2017-12-02,10000064,2312,12499,12499,12499,480,1
2017-12-02,10000064,2328,6000,6000,6000,200,1
2017-12-02,10000064,2329,6345,6345,6345,55,1
2017-12-02,10000064,2331,33492.49,33489.99,33499.99,4,3
2017-12-02,10000064,2333,1351220.14,1240000,3225000,37,8
2017-12-02,10000064,2355,1099988.98,1099988.98,1099988.98,1,1
2017-12-02,10000064,2363,86557,86557,86557,1,1
2017-12-02,10000064,2364,1584593.52,1488857.42,1999999.99,13,6
2017-12-02,10000064,2392,999,999,999,80,1
2017-12-02,10000064,2393,301,301,301,100,1
2017-12-02,10000064,2396,209,209,209,7800,4
2017-12-02,10000064,2397,405.07,405.07,405.07,860,1
2017-12-02,10000064,2398,490,490,490,20430,2
2017-12-02,10000064,2400,250.03,250.03,250.03,6680,3
2017-12-02,10000064,2401,990,990,990,1000,1
2017-12-02,10000064,2403,7500000,7500000,7500000,2,2
2017-12-02,10000064,2404,1287998.57,1287998.57,1287998.57,1,1
2017-12-02,10000064,2406,1000000,1000000,1000000,9,9
2017-12-02,10000064,2410,2681818.18,1699999.99,3500000,11,2
2017-12-02,10000064,2436,2176000,2176000,2176000,5,1
2017-12-02,10000064,2444,59607.31,50000,71999.49,35,7
2017-12-02,10000064,2446,2049311.85,1898898.96,2299999.99,8,2
2017-12-02,10000064,2454,2800,2450.99,2850,1366,230
2017-12-02,10000064,2455,250000,250000,250000,1,1
2017-12-02,10000064,2456,399000,395000,399999.89,186,33
2017-12-02,10000064,2464,3200,3200,3200,315,54
2017-12-02,10000064,2466,423999.87,423999.84,424000,5,2
2017-12-02,10000064,2476,52089.62,6000.24,75000,11,4
2017-12-02,10000064,2478,1175005.88,250012.88,2099998.87,6,2
2017-12-02,10000064,2486,7839.98,5950,7899.99,346,78
2017-12-02,10000064,2488,499898.37,499898.37,499898.37,799,12
2017-12-02,10000064,2495,500000,500000,500000,9,9
2017-12-02,10000064,2505,500000,500000,500000,12,12
2017-12-02,10000064,2506,374,197.07,374.5,300,3
2017-12-02,10000064,2508,620.6,620.6,620.6,500,2
2017-12-02,10000064,2512,8.99,8.99,8.99,2000,10
2017-12-02,10000064,2514,5.5,5.5,5.5,7700,13
2017-12-02,10000064,2516,6,6,6,5600,15
2017-12-02,10000064,2524,81000,81000,81000,10,4
2017-12-02,10000064,2525,81000,81000,81000,7,3
2017-12-02,10000064,2529,60499.99,60499.99,60499.99,1,1
2017-12-02,10000064,2533,81000,81000,81000,7,2
2017-12-02,10000064,2534,81000,81000,81000,8,3
2017-12-02,10000064,2537,60000,60000,60000,1,1
2017-12-02,10000064,2539,1400000,1400000,1400000,1,1
2017-12-02,10000064,2547,1048888,1048888,1048888,1,1
2017-12-02,10000064,2549,81000,81000,81000,10,3
2017-12-02,10000064,2550,81000,81000,81000,2,1
2017-12-02,10000064,2553,1440237.14,1280474.28,1600000,4,3
2017-12-02,10000064,2563,1997990,1997990,1997990,17,1
2017-12-02,10000064,2567,2225000,2225000,2225000,1,1
2017-12-02,10000064,2603,4499.99,4499.99,4499.99,228,17
2017-12-02,10000064,2605,486602.96,448958.13,490999.6,21,13
2017-12-02,10000064,2621,720,720,720,10312,2
2017-12-02,10000064,2629,698.97,698.97,698.97,1600,2
2017-12-02,10000064,2637,698.97,698.97,698.97,10000,1
2017-12-02,10000064,2679,349,349,349,65000,3
2017-12-02,10000064,2868,3000000,3000000,3000000,15,1
2017-12-02,10000064,2873,849999.99,849999.99,849999.99,11,3
2017-12-02,10000064,2876,1850000,1850000,1850000,2,1
2017-12-02,10000064,2881,550000,550000,550000,5,1
2017-12-02,10000064,2889,999995.43,999995.43,999995.43,4,1
2017-12-02,10000064,2969,3499000,3499000,3499000,6,1
2017-12-02,10000064,2977,1299999.5,1299999.5,1299999.5,4,2
2017-12-02,10000064,2998,34000000.05,34000000.05,34000000.05,1,1
2017-12-02,10000064,3017,999990,999990,999990,6,1
2017-12-02,10000064,3041,790000,790000,790000,2,1
2017-12-02,10000064,3074,962246.25,950000,998985,4,2
2017-12-02,10000064,3106,1999000,1999000,1999000,12,1
2017-12-02,10000064,3138,2119999.96,1999999.91,2200000,5,2
2017-12-02,10000064,3162,599999.98,599999.98,599999.98,3,1
2017-12-02,10000064,3170,755554.17,699995,800000,18,4
2017-12-02,10000064,3178,925602.12,811143.21,975000,14,6
2017-12-02,10000064,3184,1664285.71,1600000,2200000,7,7
2017-12-02,10000064,3242,78388.87,68999.97,87777.76,2,2
2017-12-02,10000064,3244,2230296.24,1599481.51,2861110.97,4,4
2017-12-02,10000064,3297,77777.77,77777.77,77777.77,1,1
2017-12-02,10000064,3300,19000,19000,19000,1,1
2017-12-02,10000064,3301,28415.01,20000,145000,15,15
2017-12-02,10000064,3302,27316.18,20000,150000,19,19
2017-12-02,10000064,3303,29152.45,20000,89997.5,16,16
2017-12-02,10000064,3304,111581.31,99999.99,300000,46,44
2017-12-02,10000064,3305,118000,100000,280000,10,10
2017-12-02,10000064,3306,131818.18,100000,450000,11,11
2017-12-02,10000064,3307,2000000,2000000,2000000,5,5
2017-12-02,10000064,3308,2003052.63,2000000,2015263.16,5,5
2017-12-02,10000064,3309,2749999.99,2000000,3499999.97,2,2
2017-12-02,10000064,3310,39500,38000,40000,4,4
2017-12-02,10000064,3311,80000,80000,80000,1,1
2017-12-02,10000064,3312,30250,500,60000,2,2
2017-12-02,10000064,3315,1000000,1000000,1000000,3,3
2017-12-02,10000064,3316,70000,70000,70000,2,2
2017-12-02,10000064,3317,110000,100000,150000,5,5
2017-12-02,10000064,3318,40250,500,80000,2,2
2017-12-02,10000064,3319,37500,20000,55000,2,2
2017-12-02,10000064,3320,10745.9,10000,13729.51,10,10
2017-12-02,10000064,3321,28749.38,20000,89995,8,8
2017-12-02,10000064,3322,27488.01,25000,39928.08,6,6
2017-12-02,10000064,3323,30000,30000,30000,16,13
2017-12-02,10000064,3324,117727.27,100000,295000,11,11
2017-12-02,10000064,3325,400000,400000,400000,2,2
2017-12-02,10000064,3326,350000,350000,350000,5,5
2017-12-02,10000064,3327,20000,20000,20000,2,2
2017-12-02,10000064,3328,37652.24,1001,40000,46,46
2017-12-02,10000064,3329,40000,40000,40000,8,8
2017-12-02,10000064,3330,40000,40000,40000,11,11
2017-12-02,10000064,3331,40000,40000,40000,10,10
2017-12-02,10000064,3332,512630.74,500000,850000,60,57
2017-12-02,10000064,3333,500000,500000,500000,3,3
2017-12-02,10000064,3334,566666.67,500000,900000,12,12
2017-12-02,10000064,3335,499210.36,495262.14,500000,6,6
2017-12-02,10000064,3336,4000000,4000000,4000000,4,4
2017-12-02,10000064,3337,4000000,4000000,4000000,3,3
2017-12-02,10000064,3338,4000000,4000000,4000000,5,5
2017-12-02,10000064,3339,4000000,4000000,4000000,3,3
2017-12-02,10000064,3340,266677.78,100,300000,9,9
2017-12-02,10000064,3341,300000,300000,300000,5,5
2017-12-02,10000064,3342,300000,300000,300000,3,3
2017-12-02,10000064,3343,300000,300000,300000,4,4
2017-12-02,10000064,3348,30000,20000,200000,36,33
2017-12-02,10000064,3349,75000,75000,75000,1,1
2017-12-02,10000064,3350,100000,100000,100000,3,3
2017-12-02,10000064,3351,400000,400000,400000,2,2
2017-12-02,10000064,3352,400000,400000,400000,1,1
2017-12-02,10000064,3355,32731.39,20000,145000,51,48
2017-12-02,10000064,3356,60000,60000,60000,23,23
2017-12-02,10000064,3357,187391.3,180000,265000,23,23
2017-12-02,10000064,3358,200000,100000,400000,3,3
2017-12-02,10000064,3359,220189.58,200000,400000,20,20
2017-12-02,10000064,3361,225071.43,200000,375000,14,14
2017-12-02,10000064,3363,23996.81,20000,130000,28,25
2017-12-02,10000064,3373,1000000,1000000,1000000,2,2
2017-12-02,10000064,3380,19999.86,19999,20000,7,7
2017-12-02,10000064,3385,46353.85,30000,50000,26,23
2017-12-02,10000064,3386,20005.29,20000,20022.14,4,4
2017-12-02,10000064,3387,113358.89,115,150000,9,9
2017-12-02,10000064,3388,18350,11000,65000,6,6
2017-12-02,10000064,3389,280000,280000,280000,5,5
2017-12-02,10000064,3392,20000,20000,20000,1,1
2017-12-02,10000064,3393,23915.2,20000,30000,12,12
2017-12-02,10000064,3394,60121.81,60000,60243.62,2,2
2017-12-02,10000064,3395,80000,80000,80000,2,2
2017-12-02,10000064,3397,1000000,1000000,1000000,1,1
2017-12-02,10000064,3402,20000,20000,20000,1,1
2017-12-02,10000064,3403,300000,300000,300000,4,4
2017-12-02,10000064,3405,23333.33,5000,25000,24,20
2017-12-02,10000064,3406,300000,300000,300000,3,3
2017-12-02,10000064,3408,15000000,15000000,15000000,1,1
2017-12-02,10000064,3409,350000,350000,350000,4,4
2017-12-02,10000064,3410,451981.63,450000,465853.01,16,16
2017-12-02,10000064,3411,75000,75000,75000,1,1
2017-12-02,10000064,3412,450000,450000,450000,2,2
2017-12-02,10000064,3413,20000,20000,20000,1,1
2017-12-02,10000064,3416,37449.25,35000,94998.67,49,48
2017-12-02,10000064,3417,40000,40000,40000,4,4
2017-12-02,10000064,3419,170000,170000,170000,3,3
2017-12-02,10000064,3420,210000,210000,210000,5,5
2017-12-02,10000064,3421,134259.26,130000,245000,27,24
2017-12-02,10000064,3422,103000,80000,195000,5,5
2017-12-02,10000064,3423,78122.93,75000,152529.42,50,41
2017-12-02,10000064,3424,79000,79000,79000,1,1
2017-12-02,10000064,3425,86000,84000,90000,3,3
2017-12-02,10000064,3427,120000,120000,120000,1,1
2017-12-02,10000064,3428,115000,88000,250000,6,6
2017-12-02,10000064,3429,118900,100000,194500,5,5
2017-12-02,10000064,3430,500000,500000,500000,3,3
2017-12-02,10000064,3431,106125,75000,199499.99,8,8
2017-12-02,10000064,3432,100000,100000,100000,2,2
2017-12-02,10000064,3433,100000,100000,100000,28,25
2017-12-02,10000064,3434,85940.64,80000,178020.59,33,30
2017-12-02,10000064,3435,150000,150000,150000,1,1
2017-12-02,10000064,3436,16736.95,1000,20000,6,6
2017-12-02,10000064,3437,48759.11,40000,75000,4,4
2017-12-02,10000064,3438,41362.66,40000,43000,11,11
2017-12-02,10000064,3439,200000,200000,200000,26,18
2017-12-02,10000064,3440,247740.2,220000,425950,8,8
2017-12-02,10000064,3441,385856.26,380000,423065.67,13,13
2017-12-02,10000064,3442,543968.83,500000,890000,45,39
2017-12-02,10000064,3443,20000,20000,20000,4,4
2017-12-02,10000064,3444,100000,100000,100000,3,3
2017-12-02,10000064,3446,106206.9,100000,280000,29,26
2017-12-02,10000064,3447,7500000,7500000,7500000,2,2
2017-12-02,10000064,3450,22500,22500,22500,1,1
2017-12-02,10000064,3451,30000,30000,30000,11,11
2017-12-02,10000064,3452,40108.36,40000,42113.07,39,36
2017-12-02,10000064,3453,25000,25000,25000,2,2
2017-12-02,10000064,3454,489999.98,340000,639999.96,2,2
2017-12-02,10000064,3455,30000,30000,30000,4,4
2017-12-02,10000064,3456,10000000,10000000,10000000,1,1
2017-12-02,10000064,3466,169000,169000,169000,1,1
2017-12-02,10000064,3467,36697.45,35000,41789.79,4,2
2017-12-02,10000064,3504,2999999,2999999,2999999,3,2
2017-12-02,10000064,3512,1798888,1798888,1798888,3,1
2017-12-02,10000064,3528,78340.18,75000,91500,11,11
2017-12-02,10000064,3529,400000,400000,400000,1,1
2017-12-02,10000064,3530,1605214.22,1459400.15,1799997.49,8,8
2017-12-02,10000064,3540,2199998.95,2199998.95,2199998.95,1,1
2017-12-02,10000064,3551,36000,36000,36000,5,5
2017-12-02,10000064,3552,1299.91,1299.91,1299.91,50,1
2017-12-02,10000064,3554,1799.98,1799.98,1799.98,414,10
2017-12-02,10000064,3566,35742.6,25999.99,47989.98,13,10
2017-12-02,10000064,3568,1164999.66,809999.99,1342499.5,3,3
2017-12-02,10000064,3643,68,68,68,7849,5
2017-12-02,10000064,3645,222.2,222.2,222.2,27452,49
2017-12-02,10000064,3647,237.52,236.82,279.37,395657,35
2017-12-02,10000064,3651,77.91,0.01,440,86,51
2017-12-02,10000064,3653,150000.67,10002.02,220000,3,3
2017-12-02,10000064,3655,1999998.99,1999998.99,1999998.99,1,1
2017-12-02,10000064,3673,0.21,0.21,0.21,120,11
2017-12-02,10000064,3683,320.01,320.01,320.01,8594,11
2017-12-02,10000064,3685,1,1,1,20,2
2017-12-02,10000064,3687,860,860,860,69285,14
2017-12-02,10000064,3689,9575,9575,9575,1774,6
2017-12-02,10000064,3699,45.02,45.01,58.69,594410,13
2017-12-02,10000064,3705,12.01,12.01,12.01,10,1
2017-12-02,10000064,3707,1.03,1.02,1.03,20,2
2017-12-02,10000064,3709,16.83,1,20,60,6
2017-12-02,10000064,3713,11644.37,10846,11681.73,7720,12
2017-12-02,10000064,3715,0.21,0.21,0.21,170,14
2017-12-02,10000064,3717,8.01,8.01,8.01,240,21
2017-12-02,10000064,3719,252,252,252.01,57,3
2017-12-02,10000064,3721,150,150,150,3,1
2017-12-02,10000064,3756,63316186.52,59290466.3,66000000,5,5
2017-12-02,10000064,3771,0.02,0.02,0.02,48,16
2017-12-02,10000064,3775,9290,9290,9290,1055,1
2017-12-02,10000064,3777,500,500,500,192,18
2017-12-02,10000064,3779,958.39,958.39,958.39,5080,2
2017-12-02,10000064,3810,5863.51,776,19900,40,4
2017-12-02,10000064,3812,168.71,168.71,168.71,4751,10
2017-12-02,10000064,3814,3.08,0.1,20.97,70,5
2017-12-02,10000064,3822,250.51,1.02,500,20,2
2017-12-02,10000064,3824,474.21,1,1000,19,2
2017-12-02,10000064,3826,1.02,1.02,1.02,30,3
2017-12-02,10000064,3829,44832.96,34000,47978,46,28
2017-12-02,10000064,3830,999999.99,999999.99,999999.99,1,1
2017-12-02,10000064,3831,941506.44,900000,1099900,33,15
2017-12-02,10000064,3839,86567.33,67999.99,99207,12,11
2017-12-02,10000064,3840,999999.99,999999.99,999999.99,1,1
2017-12-02,10000064,3841,1708939.24,1354192.98,1999998.92,7,5
2017-12-02,10000064,3887,27871.47,27497,65999.49,21,20
2017-12-02,10000064,3888,1112499.94,1099999.92,1149999.99,4,4
2017-12-02,10000064,3893,35999900,35999900,35999900,1,1
2017-12-02,10000064,3895,29394800,28999800,29789800,2,2
2017-12-02,10000064,3898,20000000,20000000,20000000,2,2
2017-12-02,10000064,4025,51813.52,34350.01,58307.6,32,26
2017-12-02,10000064,4027,77605.48,20001.32,200000,39,28
2017-12-02,10000064,4051,19400,19400,19400,20000,1
2017-12-02,10000064,4136,90000,90000,90000,1,1
2017-12-02,10000064,4250,2498998.98,2498998.98,2498998.98,1,1
2017-12-02,10000064,4254,899999.99,899999.99,899999.99,1,1
2017-12-02,10000064,4302,71000000,71000000,71000000,2,1
2017-12-02,10000064,4308,82799999,82799999,82799999,1,1
2017-12-02,10000064,4312,21757,21757,23499.95,7120,5
2017-12-02,10000064,4385,4500000,4500000,4500000,6,6
2017-12-02,10000064,4391,705499.59,599998.98,811000.2,2,2
2017-12-02,10000064,4393,64679.65,40000.01,68000,93,49
2017-12-02,10000064,4395,554058.19,498000,646155.17,8,4
2017-12-02,10000064,4399,9958211.45,9958206.32,9958216.57,2,2
2017-12-02,10000064,4403,630000,600000,690000,3,2
2017-12-02,10000064,4405,1680592,1450000,1999995.78,27,14
2017-12-02,10000064,4411,663333.32,600000,789999.97,3,3
2017-12-02,10000064,4435,46171.21,44899.95,77999.95,28,19
2017-12-02,10000064,4471,13193.11,2559.5,17500,9,8
2017-12-02,10000064,4477,45083.06,35071.85,90000,6,6
2017-12-02,10000064,4529,8816.73,181,17000,11,11
2017-12-02,10000064,4531,40741.46,31000,77450.02,11,10
2017-12-02,10000064,4533,192416.18,145718.21,449999.97,16,15
2017-12-02,10000064,4535,35029.98,2505.01,50000,6,5
2017-12-02,10000064,4569,59464.26,775,147500,5,5
2017-12-02,10000064,4573,453122.36,349800,599999.9,8,7
2017-12-02,10000064,4575,250000,250000,250000,2,2
2017-12-02,10000064,4609,40000,40000,40000,1,1
2017-12-02,10000064,4787,119466.81,54997.76,1499999.99,22,20
2017-12-02,10000064,4831,6900,6900,6900,3,1
2017-12-02,10000064,4833,347549.47,76825,448998.4,6,6
2017-12-02,10000064,4835,652.99,4.99,1300.99,4,3
2017-12-02,10000064,4871,240000,240000,240000,6,4
2017-12-02,10000064,5007,35000,20000,50000,2,2
2017-12-02,10000064,5009,707.17,171,3390,6,6
2017-12-02,10000064,5013,99991.91,99991.91,99991.91,1,1
2017-12-02,10000064,5089,119.91,111,211,11,9
2017-12-02,10000064,5091,57.57,15,78.85,3,2
2017-12-02,10000064,5093,1513.69,121,2400,36,12
2017-12-02,10000064,5137,3616.22,1600,16657.79,20,15
2017-12-02,10000064,5141,19991.61,2501.1,75000,11,9
2017-12-02,10000064,5179,675000,675000,675000,1,1
2017-12-02,10000064,5217,12785.72,11714.29,13500,5,4
2017-12-02,10000064,5219,283551.55,17777.77,349995,5,2
2017-12-02,10000064,5221,7777.77,7777.77,7777.77,1,1
2017-12-02,10000064,5239,33397.6,29668.95,45000,69,41
2017-12-02,10000064,5245,37119.79,28997.81,69697.77,34,20
2017-12-02,10000064,5279,136.07,136.07,136.07,2,1
2017-12-02,10000064,5281,2502.25,4.99,4999.5,4,4
2017-12-02,10000064,5282,0.01,0.01,0.01,1,1
2017-12-02,10000064,5299,1600.01,1600.01,1600.01,5,5
2017-12-02,10000064,5301,6041.44,105,9999.07,5,4
2017-12-02,10000064,5302,32411.95,13001.5,35000.01,17,3
2017-12-02,10000064,5319,100,100,100,3,3
2017-12-02,10000064,5321,830.75,830,831,4,4
2017-12-02,10000064,5322,7397.6,5625,19000,5,5
2017-12-02,10000064,5339,702.5,702,703,2,2
2017-12-02,10000064,5361,3521,35,8750,5,5
2017-12-02,10000064,5363,4868.86,1514.51,25000,7,7
2017-12-02,10000064,5365,5428.57,125,12500,7,5
2017-12-02,10000064,5399,6744.89,6000,11999.5,9,8
2017-12-02,10000064,5403,27523,6999,131101.99,6,6
2017-12-02,10000064,5405,9997.76,1113,17989.99,17,12
2017-12-02,10000064,5439,17542.87,4600,24897.99,13,12
2017-12-02,10000064,5443,26120.74,5008.22,30008.22,22,11
2017-12-02,10000064,5445,31710.61,10018.01,50000,43,14
2017-12-02,10000064,5493,68235.43,10001.42,74999.96,17,8
2017-12-02,10000064,5533,90714.29,73000,135000,7,3
2017-12-02,10000064,5599,198993.33,198990,199000,3,3
2017-12-02,10000064,5631,130836.49,86000,295000.54,8,7
2017-12-02,10000064,5683,550000,550000,550000,1,1
2017-12-02,10000064,5693,92953.87,91907.74,94000,2,2
2017-12-02,10000064,5721,116320.01,116320.01,116320.01,2,2
2017-12-02,10000064,5723,199000,199000,199000,1,1
2017-12-02,10000064,5745,16577.88,1030,124000,8,8
2017-12-02,10000064,5747,46213.66,322,197495.96,9,9
2017-12-02,10000064,5839,1688948.6,1655979.99,1800000,16,15
2017-12-02,10000064,5865,1.01,1.01,1.01,1,1
2017-12-02,10000064,5867,123444.44,121888.88,125000,2,2
2017-12-02,10000064,5869,114.67,114,115,6,6
2017-12-02,10000064,5933,130899.83,75000,271000,30,6
2017-12-02,10000064,5945,305710.02,216420.04,395000,2,2
2017-12-02,10000064,5955,159622.47,159000.03,160244.9,2,2
2017-12-02,10000064,5971,32802.54,30000,67500,28,23
2017-12-02,10000064,5973,256115.01,150115.05,290000,139,60
2017-12-02,10000064,5975,30754.44,14000,37500,10,10
2017-12-02,10000064,6001,18383.96,5002.3,33000,64,54
2017-12-02,10000064,6003,21853.18,20000,34000.03,29,26
2017-12-02,10000064,6005,17011.32,1203.53,18494.99,16,14
2017-12-02,10000064,6073,120794.89,114999.99,279999.99,19,16
2017-12-02,10000064,6131,1170.02,19,5200,9,8
2017-12-02,10000064,6159,14561.47,422,15000,15,7
2017-12-02,10000064,6160,23834.75,1780,90000,4,4
2017-12-02,10000064,6173,143022.38,2501.51,154900,9,7
2017-12-02,10000064,6176,57500,15000,100000,4,3
2017-12-02,10000064,6296,34369.67,5055,92999,3,3
2017-12-02,10000064,6325,88904.16,70780.98,179500,12,11
2017-12-02,10000064,6437,224020.31,214989.52,226027.76,14,13
2017-12-02,10000064,6439,14438.4,4798,53000,5,5
2017-12-02,10000064,6441,75000,75000,75000,3,3
2017-12-02,10000064,6443,39999.9,39999.9,39999.9,2,2
2017-12-02,10000064,6485,11699.99,1500,26250,15,14
2017-12-02,10000064,6527,706.18,1,995,30,9
2017-12-02,10000064,6569,35889.45,900.62,40999.99,36,26
2017-12-02,10000064,6633,12070.93,12070.93,12070.93,1,1
2017-12-02,10000064,6671,90000,90000,90000,3,3
2017-12-02,10000064,6673,501,501,501,2,1
2017-12-02,10000064,6675,117777.78,117777.78,117777.78,2,2
2017-12-02,10000064,6717,12909,2212,45000,4,2
2017-12-02,10000064,6719,1195700,1195700,1195700,1,1
2017-12-02,10000064,6721,180000,180000,180000,3,1
2017-12-02,10000064,6805,200000,200000,200000,1,1
2017-12-02,10000064,6963,1025367.82,1025367.82,1025367.82,3,2
2017-12-02,10000064,7247,1175571.49,801000.11,1675000,7,4
2017-12-02,10000064,7249,38727.27,30000,45000,11,8
2017-12-02,10000064,7251,16434.37,11000,17000,23,14
2017-12-02,10000064,7253,297888,297888,297888,1,1
2017-12-02,10000064,7287,619923.96,549999.99,650000,70,23
2017-12-02,10000064,7289,75565.88,52000,117777.77,43,14
2017-12-02,10000064,7291,51245.42,17777.78,53534.07,40,20
2017-12-02,10000064,7293,100075.84,25003.4,108999.99,70,34
2017-12-02,10000064,7327,599820.99,599820.99,599821,10,3
2017-12-02,10000064,7329,249999.99,249999.99,249999.99,5,1
2017-12-02,10000064,7331,211101.11,1202.21,421000,2,2
2017-12-02,10000064,7333,238086.94,20000,247999.99,23,4
2017-12-02,10000064,7367,1776666.87,410001.82,1777777.75,31,9
2017-12-02,10000064,7369,191793.02,39005.12,229990,10,6
2017-12-02,10000064,7371,37000,32500,64000,7,4
2017-12-02,10000064,7373,201666.65,190000,224999.95,3,2
2017-12-02,10000064,7407,700000,700000,700000,1,1
2017-12-02,10000064,7447,400000.81,400000.81,400000.81,4,1
2017-12-02,10000064,7487,270002.76,270002.76,270002.76,1,1
2017-12-02,10000064,7489,58190.91,30000,60000.01,11,7
2017-12-02,10000064,7491,71674.83,10000,89000,12,7
2017-12-02,10000064,7493,44367.56,5000,49000,18,11
2017-12-02,10000064,7535,423919.03,202888.9,559848.5,12,8
2017-12-02,10000064,7537,70075.21,40000,110000,13,11
2017-12-02,10000064,7539,12900.5,10001,17450,6,6
2017-12-02,10000064,7541,59000.01,50000.01,150000,13,6
2017-12-02,10000064,7579,1612699.5,950005.06,1900567.22,30,18
2017-12-02,10000064,7581,89545.9,69990,175000,46,25
2017-12-02,10000064,7583,23888.48,5000,30500,20,14
2017-12-02,10000064,7585,377999.95,250000,428999.85,32,13
2017-12-02,10000064,7621,10101,10101,10101,1,1
2017-12-02,10000064,7623,602,602,602,2,1
2017-12-02,10000064,7667,60700.01,700,120700.01,2,2
2017-12-02,10000064,7669,190409.99,190409.99,190409.99,6,2
2017-12-02,10000064,7703,709210.01,209210.01,1409210.01,12,8
2017-12-02,10000064,7705,2002,2002,2002,2,1
2017-12-02,10000064,7707,130000,130000,130000,1,1
2017-12-02,10000064,7709,120000.98,50002.45,200000,5,3
2017-12-02,10000064,7743,298716,298716,298716,4,1
2017-12-02,10000064,7749,11600,11600,11600,1,1
2017-12-02,10000064,7831,10000.05,10000.05,10000.05,1,1
2017-12-02,10000064,7997,659182.31,5093,790000.17,6,2
2017-12-02,10000064,8027,1115501,631002.07,1599999.94,8,5
2017-12-02,10000064,8089,577294.82,377778.09,1100000,23,15
2017-12-02,10000064,8091,150208.89,47996.51,198000,9,8
2017-12-02,10000064,8103,140000,140000,140000,1,1
2017-12-02,10000064,8105,2458331.73,2399995,2699999.95,12,4
2017-12-02,10000064,8135,102.01,102.01,102.01,1,1
2017-12-02,10000064,8175,110000,110000,110000,1,1
2017-12-02,10000064,8177,72999.99,24999.99,224500,8,4
2017-12-02,10000064,8225,76190.4,57777.76,150000,21,16
2017-12-02,10000064,8263,58841,49500,68495.99,14,13
2017-12-02,10000064,8335,241803.2,236611.52,246994.88,2,2
2017-12-02,10000064,8337,249995.95,149991.9,350000,2,2
2017-12-02,10000064,8419,205001.04,205001.04,205001.04,3,2
2017-12-02,10000064,8427,112696,60000,122479,12,10
2017-12-02,10000064,8433,490979.49,257888.09,554777.76,24,21
2017-12-02,10000064,8517,4351797.99,2400000,4789499.99,5,5
2017-12-02,10000064,8521,365838.89,353376.18,495000,12,10
2017-12-02,10000064,8529,244631.55,231000,360049.43,16,10
2017-12-02,10000064,8531,3501.04,3501.04,3501.04,1,1
2017-12-02,10000064,8535,6200.1,3250.13,18000,5,5
2017-12-02,10000064,8537,3250.1,3250.1,3250.1,1,1
2017-12-02,10000064,8583,6524.76,4086.67,7500,7,3
2017-12-02,10000064,8748,41723.69,31999,50359.5,10,9
2017-12-02,10000064,8785,7777.77,7777.77,7777.77,1,1
2017-12-02,10000064,8789,1002.03,1002.03,1002.03,1,1
2017-12-02,10000064,8815,749900,749900,749900,2,1
2017-12-02,10000064,8863,80002.34,80002.34,80002.34,1,1
2017-12-02,10000064,9139,1266626.35,1266626.35,1266626.35,1,1
2017-12-02,10000064,9207,1999990,1999990,1999990,7,2
2017-12-02,10000064,9213,642499.5,639999,650000,4,3
2017-12-02,10000064,9329,399999.98,399999.98,399999.98,4,1
2017-12-02,10000064,9411,2171166.67,2160000,2176750,3,3
2017-12-02,10000064,9457,737990,737990,737990,2,2
2017-12-02,10000064,9521,1004.51,1004.01,1005,4,4
2017-12-02,10000064,9568,93479.5,90000,100000,5,5
2017-12-02,10000064,9580,273278.99,273278.99,273278.99,2,2
2017-12-02,10000064,9582,97851.84,97777.76,98000,3,3
2017-12-02,10000064,9608,42417.69,502.05,84000,6,6
2017-12-02,10000064,9622,49424.49,500,88998.98,8,8
2017-12-02,10000064,9632,233112.42,199949.96,649999.49,40,32
2017-12-02,10000064,9646,18000,18000,18000,1,1
2017-12-02,10000064,9660,62057.98,20000,90000,8,7
2017-12-02,10000064,9670,4366.67,50,13000,3,3
2017-12-02,10000064,9728,113011.05,113011.05,113011.05,8,6
2017-12-02,10000064,9772,113010,113010,113010,1,1
2017-12-02,10000064,9784,39500,20000,59000,2,2
2017-12-02,10000064,9800,60002.05,60002.05,60002.05,5,5
2017-12-02,10000064,9808,113011.05,113011.05,113011.05,1,1
2017-12-02,10000064,9826,11.12,11.12,11.12,141,13
2017-12-02,10000064,9832,9395.09,9395.09,9395.09,489,3
2017-12-02,10000064,9834,72140.01,72140.01,72140.01,2,1
2017-12-02,10000064,9836,7380,7380,7380,75,1
2017-12-02,10000064,9840,8030.1,8030.1,8030.1,2,1
2017-12-02,10000064,9842,17213.32,13329.94,17990,12,2
2017-12-02,10000064,9848,85000,85000,85000,3006,4
2017-12-02,10000064,9850,443.14,442.55,498.28,519939,16
2017-12-02,10000064,9852,44.55,44.41,59.2,794888,20
2017-12-02,10000064,9899,10881480.91,9999500,10944942.75,6,6
2017-12-02,10000064,9941,10534235.18,10225000,11461940.71,8,8
2017-12-02,10000064,9942,10913572.03,10600000,12099502.09,7,7
2017-12-02,10000064,9943,10480503.36,9999000,11599990.11,10,9
2017-12-02,10000064,9944,64273.61,54989.89,67808,40,30
2017-12-02,10000064,9956,11949995.82,11699991.72,12199999.92,2,2
2017-12-02,10000064,10039,712.23,700,1456.78,21,17
2017-12-02,10000064,10040,3360,3360,3360,1,1
2017-12-02,10000064,10190,1234102.37,1198998.97,1250000,35,10
2017-12-02,10000064,10208,16422100.01,16422100.01,16422100.01,1,1
2017-12-02,10000064,10216,15140740.72,15140740.72,15140740.72,1,1
2017-12-02,10000064,10221,17999888.01,17999888.01,17999888.01,1,1
2017-12-02,10000064,10225,17334000,17334000,17334000,1,1
2017-12-02,10000064,10228,26999990,26999990,26999990,1,1
2017-12-02,10000064,10246,4700,4699.99,4700,2470,36
2017-12-02,10000064,10250,1643382.35,1050000,2977500,17,4
2017-12-02,10000064,10629,99998.95,99998.95,99998.95,1,1
2017-12-02,10000064,10631,692999.97,692999.97,692999.97,8,2
2017-12-02,10000064,10678,19865,19862,21000,189,92
2017-12-02,10000064,10679,999999.99,999999.99,999999.99,2,2
2017-12-02,10000064,10688,69439.71,30999.09,99000,25,5
2017-12-02,10000064,10690,67292.21,59355.39,100000,29,12
2017-12-02,10000064,10692,51562.5,12001.97,80000,15,7
2017-12-02,10000064,10694,291699.08,240000,309998.99,30,17
2017-12-02,10000064,10836,43849.16,37500,51000,12,12
2017-12-02,10000064,10838,250000,250000,250000,1,1
2017-12-02,10000064,10850,918974.8,900000,995875,5,5
2017-12-02,10000064,10858,1799998.99,1799998.99,1799998.99,1,1
2017-12-02,10000064,10866,236500,236500,236500,2,2
2017-12-02,10000064,10868,500,500,500,1,1
2017-12-02,10000064,10870,5702.5,505,10900,2,2
2017-12-02,10000064,10872,66944.34,49500,89999,9,8
2017-12-02,10000064,10874,449000,449000,449000,1,1
2017-12-02,10000064,10880,195500,195500,195500,2,1
2017-12-02,10000064,10884,399000,399000,399000,1,1
2017-12-02,10000064,10998,31221.24,22500,36000.04,99,39
2017-12-02,10000064,11082,1000000,1000000,1000000,2,2
2017-12-02,10000064,11083,4450000,4000000,4900000,2,2
2017-12-02,10000064,11084,1450000,1450000,1450000,2,2
2017-12-02,10000064,11105,312398.16,265000,374996,25,12
2017-12-02,10000064,11129,19999.99,19882,60000,226,97
2017-12-02,10000064,11130,50000,50000,50000,8,8
2017-12-02,10000064,11132,144502.99,18500,199999.99,35,12
2017-12-02,10000064,11134,144094.59,21000,199999.99,37,15
2017-12-02,10000064,11135,50000,50000,50000,1,1
2017-12-02,10000064,11172,40449500,39999999.99,40899000,2,2
2017-12-02,10000064,11196,47558333.18,47558333.18,47558333.18,1,1
2017-12-02,10000064,11200,34777777.5,34555555,35000000,2,2
2017-12-02,10000064,11207,505000,500000,620000,24,24
2017-12-02,10000064,11227,120000,120000,120000,1,1
2017-12-02,10000064,11237,218688.17,218688.17,218688.17,1,1
2017-12-02,10000064,11267,260738.49,198899,293770.29,9,8
2017-12-02,10000064,11269,935345.37,925001,999998.93,29,10
2017-12-02,10000064,11279,1400000,1400000,1400000,1,1
2017-12-02,10000064,11283,2476,2476,2476,109,4
2017-12-02,10000064,11285,5490.51,4000,5999.89,261,15
2017-12-02,10000064,11287,5900,5900,5900,103,4
2017-12-02,10000064,11289,5376.81,999.99,6200,69,7
2017-12-02,10000064,11293,39250,37000,55000,8,6
2017-12-02,10000064,11295,139999.98,130000,149999.95,2,2
2017-12-02,10000064,11297,306666.67,300000,310000,3,3
2017-12-02,10000064,11299,874999.45,750000,999998.89,2,2
2017-12-02,10000064,11301,111000,111000,111000,1,1
2017-12-02,10000064,11303,100000,100000,100000,2,2
2017-12-02,10000064,11305,153999.97,153999.97,153999.97,1,1
2017-12-02,10000064,11309,153333.58,65001.35,175000,33,10
2017-12-02,10000064,11311,88117.28,31012.01,175000,25,11
2017-12-02,10000064,11317,403500,402000,404999.99,2,2
2017-12-02,10000064,11325,530121.48,520000,700000,8,5
2017-12-02,10000064,11327,258560,258560,258560,2,2
2017-12-02,10000064,11341,7537.16,5200.5,9600,57,28
2017-12-02,10000064,11343,5435.06,4015,13700.04,41,25
2017-12-02,10000064,11349,246222.22,150000,389000,9,6
2017-12-02,10000064,11351,75222.22,50000,100000,9,7
2017-12-02,10000064,11355,19999.33,14999,30000,3,3
2017-12-02,10000064,11370,1739997.38,620000.06,1800000,8,8
2017-12-02,10000064,11377,32332750,32332750,32332750,1,1
2017-12-02,10000064,11395,500000,500000,500000,4,4
2017-12-02,10000064,11399,9006,9006,9006,1111,5
2017-12-02,10000064,11441,9952222.22,9952222.22,9952222.22,1,1
2017-12-02,10000064,11442,10000000,10000000,10000000,1,1
2017-12-02,10000064,11444,8000000,8000000,8000000,2,2
2017-12-02,10000064,11445,6000000,6000000,6000000,1,1
2017-12-02,10000064,11446,10000000,10000000,10000000,1,1
2017-12-02,10000064,11447,10000000,10000000,10000000,1,1
2017-12-02,10000064,11448,10000000,10000000,10000000,1,1
2017-12-02,10000064,11449,10000000,10000000,10000000,1,1
2017-12-02,10000064,11450,7000000,7000000,7000000,1,1
2017-12-02,10000064,11454,8000000,8000000,8000000,1,1
2017-12-02,10000064,11455,10000000,10000000,10000000,1,1
2017-12-02,10000064,11463,549.99,549.99,549.99,40,1
2017-12-02,10000064,11466,549.99,549.99,549.99,40,1
2017-12-02,10000064,11475,499.98,499.98,499.98,250,1
2017-12-02,10000064,11496,201.75,201.75,201.75,27,1
2017-12-02,10000064,11539,511,511,511,2,1
2017-12-02,10000064,11541,4001,4001,4001,6,2
2017-12-02,10000064,11554,60499,60499,60499,1,1
2017-12-02,10000064,11561,415001.02,415001.02,415001.02,1,1
2017-12-02,10000064,11563,275715.89,250000,379000,37,33
2017-12-02,10000064,11566,120000,120000,120000,14,14
2017-12-02,10000064,11569,400000,400000,400000,2,2
2017-12-02,10000064,11572,400000,400000,400000,1,1
2017-12-02,10000064,11577,4499999.98,4499999.97,4499999.98,5,3
2017-12-02,10000064,11578,6949982.83,6900000,7399896.99,6,4
2017-12-02,10000064,11579,3800000,3500000,5750000,15,15
2017-12-02,10000064,11584,75000,75000,75000,25,22
2017-12-02,10000064,11613,99940,99940,99940,2,2
2017-12-02,10000064,11621,99000,99000,99000,2,2
2017-12-02,10000064,11634,118400,118400,118400,1,1
2017-12-02,10000064,11640,790000,790000,790000,8,3
2017-12-02,10000064,11644,2100000,2100000,2100000,1,1
2017-12-02,10000064,11646,2100000,2100000,2100000,1,1
2017-12-02,10000064,11648,2100000,2100000,2100000,1,1
2017-12-02,10000064,11689,778,778,778,1,1
2017-12-02,10000064,11890,282640,282640,282640,1,1
2017-12-02,10000064,11957,289999999.98,289999999.98,289999999.98,1,1
2017-12-02,10000064,12003,166664999.99,166000000,166997499.99,3,3
2017-12-02,10000064,12052,266166.13,250000,278290.95,7,7
2017-12-02,10000064,12056,58016.97,54000,66656,32,27
2017-12-02,10000064,12057,322560,322560,322560,2,2
2017-12-02,10000064,12058,3359666.67,3199000,3440000,3,3
2017-12-02,10000064,12066,419999.48,339999.99,499998.96,2,2
2017-12-02,10000064,12076,6224747.48,5950000,6499494.96,4,4
2017-12-02,10000064,12092,1000000,1000000,1000000,5,5
2017-12-02,10000064,12093,4000000,4000000,4000000,4,4
2017-12-02,10000064,12095,4994500,4000000,5989000,2,2
2017-12-02,10000064,12096,28000000,28000000,28000000,1,1
2017-12-02,10000064,12183,275000,275000,275000,1,1
2017-12-02,10000064,12185,225000,225000,225000,2,2
2017-12-02,10000064,12186,200000,200000,200000,3,3
2017-12-02,10000064,12187,175000,175000,175000,3,3
2017-12-02,10000064,12188,150000,150000,150000,2,2
2017-12-02,10000064,12189,400000,400000,400000,1,1
2017-12-02,10000064,12190,125000,125000,125000,4,4
2017-12-02,10000064,12191,80555.54,75000,124999.9,9,6
2017-12-02,10000064,12192,100000,100000,100000,2,2
2017-12-02,10000064,12193,50000,50000,50000,7,4
2017-12-02,10000064,12195,25000,25000,25000,6,3
2017-12-02,10000064,12196,300000,300000,300000,3,3
2017-12-02,10000064,12201,1500000,1450000,1550000,2,2
2017-12-02,10000064,12206,2960000,2900000,3000000,5,5
2017-12-02,10000064,12207,4010000,4010000,4010000,9,1
2017-12-02,10000064,12208,7695000,5500000,9890000,2,2
2017-12-02,10000064,12210,1000000,1000000,1000000,5,5
2017-12-02,10000064,12211,2987250,2948999.99,3000000,4,4
2017-12-02,10000064,12213,1166666.67,1150000,1200000,3,3
2017-12-02,10000064,12214,9000000,9000000,9000000,1,1
2017-12-02,10000064,12239,25000000,25000000,25000000,1,1
2017-12-02,10000064,12274,86499.79,85999.98,93998,10,4
2017-12-02,10000064,12305,106537.7,100000,244000,45,38
2017-12-02,10000064,12344,169666.5,30000.07,180000,18,7
2017-12-02,10000064,12365,120000,120000,120000,15,15
2017-12-02,10000064,12366,120517.99,120000,127769.91,15,15
2017-12-02,10000064,12367,120000,120000,120000,15,15
2017-12-02,10000064,12441,899979,899979,899979,1,1
2017-12-02,10000064,12442,425000,425000,425000,1,1
2017-12-02,10000064,12484,8023996.01,7219981.05,8949999.99,5,5
2017-12-02,10000064,12485,7957499.75,7900000,8979999.99,4,4
2017-12-02,10000064,12486,3842874.62,3800000,3900041.11,7,7
2017-12-02,10000064,12487,6549994.5,4799989,8300000,2,2
2017-12-02,10000064,12530,220000,220000,220000,1,1
2017-12-02,10000064,12538,2122.1,2122.09,2122.1,4,4
2017-12-02,10000064,12563,190000,190000,190000,2,2
2017-12-02,10000064,12565,187980.85,187980.85,187980.85,404,3
2017-12-02,10000064,12608,98.92,98.92,98.92,4800,3
2017-12-02,10000064,12612,75,74,75.01,110656,14
2017-12-02,10000064,12614,34.99,34.99,34.99,61769,7
2017-12-02,10000064,12618,64.99,64.99,64.99,1000,1
2017-12-02,10000064,12620,44.99,44.99,44.99,1010,3
2017-12-02,10000064,12625,98.94,98.94,98.94,1000,1
2017-12-02,10000064,12631,98.92,98.92,98.92,1000,1
2017-12-02,10000064,12633,92.42,92.42,92.42,1000,1
2017-12-02,10000064,12709,35800,35800,35800,1,1
2017-12-02,10000064,12729,219000000,219000000,219000000,1,1
2017-12-02,10000064,12785,149,149,153.98,22000,3
2017-12-02,10000064,12789,105,105,105,8000,2
2017-12-02,10000064,12803,374,374,374,12000,3
2017-12-02,10000064,12807,349,349,349,4260,2
2017-12-02,10000064,12816,599999,599999,599999,8,1
2017-12-02,10000064,12865,72.8,72.8,72.8,2,2
2017-12-02,10000064,13001,2999998.99,2999998.99,2999998.99,5,1
2017-12-02,10000064,13250,24399990,24399990,24399990,1,1
2017-12-02,10000064,13253,848220,848220,848220,1,1
2017-12-02,10000064,13261,27543755,27543755,27543755,1,1
2017-12-02,10000064,13267,113.06,113.06,113.06,30,3
2017-12-02,10000064,13278,114285.71,100000,200000,7,7
2017-12-02,10000064,13279,251252.18,250000,266278.35,13,13
2017-12-02,10000064,13283,64168.33,2505,95000,3,3
2017-12-02,10000064,13284,1192012.94,1192012.94,1192012.94,1,1
2017-12-02,10000064,13285,1198989,1198989,1198989,2,2
2017-12-02,10000064,13286,33251.24,3005,39999.99,4,4
2017-12-02,10000064,13287,783550,567100,1000000,2,2
2017-12-02,10000064,13320,88888,88888,88888,1,1
2017-12-02,10000064,13773,49999969,49999969,49999969,1,1
2017-12-02,10000064,14059,5000000,5000000,5000000,1,1
2017-12-02,10000064,14070,40998990,40998990,40998990,1,1
2017-12-02,10000064,14080,250000,250000,250000,1,1
2017-12-02,10000064,14112,20000000,20000000,20000000,1,1
2017-12-02,10000064,14228,1,1,1,1,1
2017-12-02,10000064,14272,400000,400000,400000,1,1
2017-12-02,10000064,14276,189416.98,25000.27,271500,12,3
2017-12-02,10000064,14278,1198411.82,850000.85,1344546.48,20,11
2017-12-02,10000064,14292,1,1,1,6,6
2017-12-02,10000064,14295,5687499.26,4874999.95,6499998.57,2,2
2017-12-02,10000064,14296,5949999.44,5149999.99,6749998.89,2,2
2017-12-02,10000064,14297,6182999.99,4948999.98,6799999.99,3,3
2017-12-02,10000064,14298,5974499.67,5148999.99,6799999.35,2,2
2017-12-02,10000064,14299,4499998.96,4499998.96,4499998.96,1,1
2017-12-02,10000064,15331,974,974,974,5392,653
2017-12-02,10000064,15479,4399999.99,4399999.99,4399999.99,1,1
2017-12-02,10000064,15508,35410,33500,35650,87,23
2017-12-02,10000064,15510,33827.96,30000,39998.99,33,10
2017-12-02,10000064,15587,1500.02,1500.02,1500.02,11,5
2017-12-02,10000064,15588,2783.23,2524.52,5599,12,11
2017-12-02,10000064,15596,3000,3000,3000,512,67
2017-12-02,10000064,15597,7000,7000,7000,216,48
2017-12-02,10000064,15598,13688.52,13000,15000,61,15
2017-12-02,10000064,15599,20003,20003,20003,50,19
2017-12-02,10000064,15600,400201.75,400201.12,400202.06,3,2
2017-12-02,10000064,15601,800000.05,800000.05,800000.05,12,1
2017-12-02,10000064,15602,60000.19,60000.19,60000.19,4,2
2017-12-02,10000064,15604,1672727.29,1100000.07,1800000,22,5
2017-12-02,10000064,15605,1500000.13,1500000.13,1500000.13,5,1
2017-12-02,10000064,15607,4500,4500,4500,135,31
2017-12-02,10000064,15608,8000,8000,8000,102,17
2017-12-02,10000064,15609,9686.5,6500,14466.25,5,2
2017-12-02,10000064,15610,152200.02,152200.02,152200.02,24,4
2017-12-02,10000064,15611,26072.9,12500,29621.5,20,11
2017-12-02,10000064,15612,49619.05,47000,50000,42,11
2017-12-02,10000064,15613,100000.26,100000.26,100000.26,14,8
2017-12-02,10000064,15614,100000.02,100000.02,100000.02,13,4
2017-12-02,10000064,15615,1509000.08,1509000.08,1509000.08,18,11
2017-12-02,10000064,15625,4400,4400,4400,32,1
2017-12-02,10000064,15626,4000,4000,4000,4,1
2017-12-02,10000064,15656,50000.18,50000.18,50000.18,6,2
2017-12-02,10000064,15669,1452739.16,1000000.06,1801000,23,7
2017-12-02,10000064,15887,69899888,69899888,69899888,1,1
2017-12-02,10000064,15992,23484.85,10000,25000,99,8
2017-12-02,10000064,15996,24408.71,20000.2,30000,93,19
2017-12-02,10000064,15999,29000.07,26000.08,50000,8,5
2017-12-02,10000064,16000,30000.01,30000.01,30000.01,11,2
2017-12-02,10000064,16002,30000.02,30000.02,30000.02,1,1
2017-12-02,10000064,16069,78296.87,70000,85000,31,28
2017-12-02,10000064,16118,40000,40000,40000,15,4
2017-12-02,10000064,16119,1,1,1,4,1
2017-12-02,10000064,16229,57194444.02,56499999.15,57888888.88,2,2
2017-12-02,10000064,16238,971111.38,420001.2,1100000,9,9
2017-12-02,10000064,16240,968519.53,790000,989999.92,57,56
2017-12-02,10000064,16242,1016666.67,1000000,1100000,12,3
2017-12-02,10000064,16264,200000,200000,200000,2209,24
2017-12-02,10000064,16272,361,361,361,6798,2
2017-12-02,10000064,16273,148.99,148.99,148.99,59894,23
2017-12-02,10000064,16274,999.98,999.98,999.98,10000,1
2017-12-02,10000064,16275,6000,6000,6000,707,2
2017-12-02,10000064,16278,2359750,2200000,2750000,8,5
2017-12-02,10000064,16281,375000,375000,375000,5,5
2017-12-02,10000064,16297,1080,1080,1080,1,1
2017-12-02,10000064,16299,51020,1530,150000,3,3
2017-12-02,10000064,16301,197794.99,170590,224999.97,2,2
2017-12-02,10000064,16303,903818.18,819000,974500,11,4
2017-12-02,10000064,16305,137777.75,137777.75,137777.75,2,2
2017-12-02,10000064,16309,148999.9,148999.9,148999.9,2,2
2017-12-02,10000064,16311,379545.83,325000,633099.95,24,7
2017-12-02,10000064,16345,134989,134989,134989,1,1
2017-12-02,10000064,16351,489000,489000,489000,1,1
2017-12-02,10000064,16355,90000,90000,90000,1,1
2017-12-02,10000064,16361,75000,75000,75000,1,1
2017-12-02,10000064,16363,150000,150000,150000,1,1
2017-12-02,10000064,16369,180000,180000,180000,1,1
2017-12-02,10000064,16371,200000,200000,200000,1,1
2017-12-02,10000064,16373,175000,175000,175000,1,1
2017-12-02,10000064,16375,570000,570000,570000,1,1
2017-12-02,10000064,16379,200000,200000,200000,1,1
2017-12-02,10000064,16381,173333.33,170000,175000,3,3
2017-12-02,10000064,16383,285061.59,40123.17,530000,2,2
2017-12-02,10000064,16389,649999.99,649999.99,649999.99,1,1
2017-12-02,10000064,16391,850000,775000,999999.99,3,3
2017-12-02,10000064,16421,30000,30000,30000,1,1
2017-12-02,10000064,16433,30284.47,2111,74999.99,15,9
2017-12-02,10000064,16435,18346.68,733,80000,9,8
2017-12-02,10000064,16439,862,815.01,909,4,4
2017-12-02,10000064,16467,288913.34,288913.34,288913.34,1,1
2017-12-02,10000064,16469,272500,195000,350000,2,2
2017-12-02,10000064,16477,99000,99000,99000,5,1
2017-12-02,10000064,16505,679000,679000,679000,3,1
2017-12-02,10000064,16521,1777.77,1777.77,1777.77,3,3
2017-12-02,10000064,16523,19350,19350,19350,2,2
2017-12-02,10000064,16525,79665.67,78999,79999,3,2
2017-12-02,10000064,16527,210002.8,210002.8,210002.8,4,4
2017-12-02,10000064,16531,1999990,1999990,1999990,1,1
2017-12-02,10000064,16533,5899990,5899990,5899990,2,1
2017-12-02,10000064,16591,32000000,32000000,32000000,1,1
2017-12-02,10000064,16594,1500000,1500000,1500000,3,3
2017-12-02,10000064,16595,12500000,12500000,12500000,1,1
2017-12-02,10000064,16596,35000000,35000000,35000000,1,1
2017-12-02,10000064,16597,20000000,20000000,20000000,2,2
2017-12-02,10000064,16598,3500000,3500000,3500000,20,17
2017-12-02,10000064,16622,5250000,5000000,6000000,4,4
2017-12-02,10000064,16670,386.66,386.66,386.66,10031,3
2017-12-02,10000064,16671,347.99,347.99,347.99,1700,1
2017-12-02,10000064,16673,300,300,300,6400,2
2017-12-02,10000064,16678,999.98,999.98,999.98,1100,1
2017-12-02,10000064,16679,1277.11,1277.11,1277.11,1011,2
2017-12-02,10000064,16680,4198.57,4198.57,4198.57,600,1
2017-12-02,10000064,16681,6968.81,6968.81,6968.81,203,4
2017-12-02,10000064,16682,7115.49,7100.21,7436.43,22,3
2017-12-02,10000064,17205,2.08,2.08,2.08,2,2
2017-12-02,10000064,17214,0.01,0.01,0.01,2,2
2017-12-02,10000064,17215,2.15,2.14,2.15,7,7
2017-12-02,10000064,17217,3043286.44,546559.56,5540013.32,2,2
2017-12-02,10000064,17264,896.7,895.72,897.67,2,2
2017-12-02,10000064,17323,5000000,5000000,5000000,1,1
2017-12-02,10000064,17329,5000000,5000000,5000000,3,3
2017-12-02,10000064,17331,5000000,5000000,5000000,1,1
2017-12-02,10000064,17337,5000000,5000000,5000000,2,2
2017-12-02,10000064,17339,5000000,5000000,5000000,1,1
2017-12-02,10000064,17341,5000000,5000000,5000000,2,2
2017-12-02,10000064,17344,5000000,5000000,5000000,1,1
2017-12-02,10000064,17345,5000000,5000000,5000000,2,2
2017-12-02,10000064,17357,5000000,5000000,5000000,2,2
2017-12-02,10000064,17366,99324.21,40000,207972.64,6,4
2017-12-02,10000064,17444,500,500,500,276,2
2017-12-02,10000064,17445,500,500,500,432,1
2017-12-02,10000064,17448,397.01,397.01,397.01,12390,7
2017-12-02,10000064,17449,413.01,403,414,8451,10
2017-12-02,10000064,17452,100,100,100,7858,4
2017-12-02,10000064,17453,185,185,185,45765,4
2017-12-02,10000064,17455,59.41,59.26,59.61,10925541,164
2017-12-02,10000064,17456,59.2,59.2,59.2,4001014,85
2017-12-02,10000064,17459,39,39,39,159362,9
2017-12-02,10000064,17460,42.02,42.02,42.02,19396,9
2017-12-02,10000064,17463,15.51,15.51,15.51,2471437,75
2017-12-02,10000064,17464,22.76,22.76,22.76,1587960,58
2017-12-02,10000064,17470,9.1,9.1,9.1,16773956,154
2017-12-02,10000064,17471,11.21,11.21,11.21,1276790,55
2017-12-02,10000064,17476,23627011.81,22020690.28,25000000,6,6
2017-12-02,10000064,17478,23804998.49,16725000,24949999.5,10,10
2017-12-02,10000064,17480,18759752.6,16005262.09,19998000,12,12
2017-12-02,10000064,17482,1882663.2,1406580.79,2032999.99,52,26
2017-12-02,10000064,17703,25875000,25749999.99,26000000,2,2
2017-12-02,10000064,17715,210000000,210000000,210000000,1,1
2017-12-02,10000064,17765,55821.25,50000,120000,46,3
2017-12-02,10000064,17841,10981011.92,9199711.42,14500000,9,8
2017-12-02,10000064,17843,61128924.98,54209300.25,66800000,12,12
2017-12-02,10000064,17848,1277777.77,1000000,1499999.99,18,3
2017-12-02,10000064,17849,3695649.78,2300000,3999999,23,12
2017-12-02,10000064,17867,64.02,64.02,64.02,219074,23
2017-12-02,10000064,17868,59.8,59.8,59.8,243443,28
2017-12-02,10000064,17887,750,750,750,505925,8
2017-12-02,10000064,17888,715,330,1100,2000,2
2017-12-02,10000064,17889,950,950,950,190000,1
2017-12-02,10000064,17893,124530.83,120081.08,125087.05,9,6
2017-12-02,10000064,17894,139754.3,123007.37,228000,12,8
2017-12-02,10000064,17895,272005.3,272000.01,272007.41,7,5
2017-12-02,10000064,17897,1,1,1,19,1
2017-12-02,10000064,17912,4051539.19,3022000,4670949.99,9,5
2017-12-02,10000064,17918,489890000,489890000,489890000,1,1
2017-12-02,10000064,17928,55000000,55000000,55000000,1,1
2017-12-02,10000064,17938,19225.87,17499.01,23430.29,93,54
2017-12-02,10000064,17940,529208.34,500000,850500,12,12
2017-12-02,10000064,18025,400000,400000,400000,2,2
2017-12-02,10000064,18056,49999.99,49999.99,49999.99,10,1
2017-12-02,10000064,18057,300000,300000,300000,1,1
2017-12-02,10000064,18058,15325.48,3200.25,36299.99,75,4
2017-12-02,10000064,18060,20000,20000,20000,6,1
2017-12-02,10000064,18062,24952.38,17999.99,50000,21,4
2017-12-02,10000064,18066,21562.46,10500,39999.9,16,2
2017-12-02,10000064,18067,100000,100000,100000,1,1
2017-12-02,10000064,18612,257623.48,250000,295740.9,12,2
2017-12-02,10000064,18626,249999.98,249999.98,249999.98,1,1
2017-12-02,10000064,18635,189000.07,189000.07,189000.07,30,1
2017-12-02,10000064,18637,275000,275000,275000,5,1
2017-12-02,10000064,18639,48269.98,20000,60700,20,16
2017-12-02,10000064,18754,1609990,1609990,1609990,1,1
2017-12-02,10000064,18797,800000,800000,800000,1,1
2017-12-02,10000064,18829,109998753,109998753,109998753,2,1
2017-12-02,10000064,19046,130000000,130000000,130000000,1,1
2017-12-02,10000064,19051,8000000,8000000,8000000,1,1
2017-12-02,10000064,19187,41999890,41999890,41999890,1,1
2017-12-02,10000064,19319,24000000.01,24000000,24000000.01,2,2
2017-12-02,10000064,19400,11000,11000,11000,8,1
2017-12-02,10000064,19404,85000.09,85000.08,85000.09,5,3
2017-12-02,10000064,19405,132500.09,132500.09,132500.09,1,1
2017-12-02,10000064,19406,550000,550000,550000,10,6
2017-12-02,10000064,19407,800000,800000,800000,2,2
2017-12-02,10000064,19408,1700000,1700000,1700000,1,1
2017-12-02,10000064,19660,2201,2201,2201,5,4
2017-12-02,10000064,19699,14000000,14000000,14000000,1,1
2017-12-02,10000064,19719,30000000,30000000,30000000,2,2
2017-12-02,10000064,19739,3999998.99,3999998.99,3999998.99,6,1
2017-12-02,10000064,19744,800000,800000,800000,1,1
2017-12-02,10000064,19759,200000,200000,200000,3,3
2017-12-02,10000064,19760,160000,160000,160000,6,6
2017-12-02,10000064,19761,1000000,1000000,1000000,4,4
2017-12-02,10000064,19766,800000,800000,800000,3,3
2017-12-02,10000064,19767,400000,400000,400000,1,1
2017-12-02,10000064,19806,1300000,1300000,1300000,1,1
2017-12-02,10000064,19810,5,5,5,1,1
2017-12-02,10000064,19812,166,166,166,1,1
2017-12-02,10000064,19814,4778,4778,4778,1,1
2017-12-02,10000064,19921,90000,90000,90000,7,7
2017-12-02,10000064,19922,600000,600000,600000,2,2
2017-12-02,10000064,19923,0.01,0.01,0.01,1,1
2017-12-02,10000064,19925,1100,1100,1100,4,3
2017-12-02,10000064,19927,1002.21,1002.21,1002.21,2,2
2017-12-02,10000064,19929,2847.28,2000,9999.03,8,6
2017-12-02,10000064,19931,25000,25000,25000,4,1
2017-12-02,10000064,19935,350.01,350.01,350.01,2,2
2017-12-02,10000064,19939,248.65,242.27,255.02,2,2
2017-12-02,10000064,19942,216.67,25,600,3,3
2017-12-02,10000064,19944,2004.06,2004.01,2005,21,6
2017-12-02,10000064,19946,5002.67,5002.02,5003,9,7
2017-12-02,10000064,19950,0.01,0.01,0.01,3,3
2017-12-02,10000064,19952,5000,5000,5000,1,1
2017-12-02,10000064,19962,44,44,44,1300,2
2017-12-02,10000064,19964,104.8,104.8,104.8,1000,1
2017-12-02,10000064,19966,500,500,500,102,2
2017-12-02,10000064,20115,730.54,730.54,730.54,33,1
2017-12-02,10000064,20171,128189.82,77125.01,215000,27,3
2017-12-02,10000064,20172,44145.7,44145.7,44145.7,15,2
2017-12-02,10000064,20209,900000,900000,900000,1,1
2017-12-02,10000064,20210,899999.5,899999,900000,2,2
2017-12-02,10000064,20211,14999990,14999990,14999990,2,2
2017-12-02,10000064,20306,58.46,58.46,58.46,23500,1
2017-12-02,10000064,20307,54.25,54.25,54.25,21000,2
2017-12-02,10000064,20312,865332.99,865332.99,865332.99,1,1
2017-12-02,10000064,20314,168750,168500,169000,2,2
2017-12-02,10000064,20315,1949991,1949989,1949999,5,5
2017-12-02,10000064,20342,50000000,50000000,50000000,2,2
2017-12-02,10000064,20345,967767.77,967767.77,967767.77,1,1
2017-12-02,10000064,20411,97001.01,97001.01,97001.01,12,1
2017-12-02,10000064,20412,62500.01,62500.01,62500.01,8,1
2017-12-02,10000064,20413,101500,101500,101500,9,1
2017-12-02,10000064,20414,170000,170000,170000,51,2
2017-12-02,10000064,20415,77787.78,77787.78,77787.78,7,1
2017-12-02,10000064,20416,137429.94,98271.08,204000,27,3
2017-12-02,10000064,20418,69783.8,60017.59,200000,43,2
2017-12-02,10000064,20419,144615.39,140000.01,180000,26,3
2017-12-02,10000064,20421,31124.2,31124.2,31124.2,3,2
2017-12-02,10000064,20423,69000.34,69000.31,69000.37,17,3
2017-12-02,10000064,20424,30000.08,30000.08,30000.09,24,4
2017-12-02,10000064,20433,244999.98,244999.98,244999.98,1,1
2017-12-02,10000064,20494,100000,100000,100000,2,2
2017-12-02,10000064,20495,100000,100000,100000,1,1
2017-12-02,10000064,20527,75000000,75000000,75000000,42,4
2017-12-02,10000064,20531,100000000,100000000,100000000,10,1
2017-12-02,10000064,20533,400000000,400000000,400000000,1,1
2017-12-02,10000064,20769,3383.09,3383.09,3383.09,1000,1
2017-12-02,10000064,20949,310.58,310.58,310.58,1000,1
2017-12-02,10000064,21030,872279600,872279600,872279600,5,1
2017-12-02,10000064,21059,120000,120000,120000,26,26
2017-12-02,10000064,21096,2102666.39,1800000,2449998.99,15,9
2017-12-02,10000064,21338,100,100,100,1000,1
2017-12-02,10000064,21386,2470,2470,2470,1000,1
2017-12-02,10000064,21402,3965.82,3965.82,3965.82,9000,2
2017-12-02,10000064,21551,49999978,49999978,49999978,1,1
2017-12-02,10000064,21587,0.1,0.1,0.1,24,1
2017-12-02,10000064,21592,0.15,0.15,0.15,128,1
2017-12-02,10000064,21593,0.55,0.55,0.55,138,2
2017-12-02,10000064,21594,0.52,0.52,0.52,121,2
2017-12-02,10000064,21595,0.15,0.15,0.15,53,1
2017-12-02,10000064,21603,10000000,10000000,10000000,8,8
2017-12-02,10000064,21610,20000000,20000000,20000000,1,1
2017-12-02,10000064,21638,1169784.42,361000.36,1231998.89,14,5
2017-12-02,10000064,21640,1043460.88,1000000.01,1099999.99,13,5
2017-12-02,10000064,21718,100000,100000,100000,4,4
2017-12-02,10000064,21789,999947.67,999947.67,999947.67,1,1
2017-12-02,10000064,21802,79999687.91,79999687.91,79999687.91,1,1
2017-12-02,10000064,21803,17500000,17500000,17500000,1,1
2017-12-02,10000064,21841,240000.01,240000.01,240000.01,3,3
2017-12-02,10000064,21853,100519.66,98949.99,150000,28,26
2017-12-02,10000064,21855,12900,12899.99,12900,4,2
2017-12-02,10000064,21857,1902.46,100,2999,87,70
2017-12-02,10000064,21898,550,550,550,8762,7
2017-12-02,10000064,21906,550,550,550,5500,5
2017-12-02,10000064,21924,525,525,525,11004,7
2017-12-02,10000064,21931,894.92,894.92,894.92,1000,1
2017-12-02,10000064,22043,25000000,25000000,25000000,1,1
2017-12-02,10000064,22175,61220.62,50000,74996,54,49
2017-12-02,10000064,22176,332640,332640,332640,4,4
2017-12-02,10000064,22177,59898.57,50000,73979,47,39
2017-12-02,10000064,22178,332640,332640,332640,4,4
2017-12-02,10000064,22229,4837500,4800000,4875000,2,2
2017-12-02,10000064,22291,1194643.59,672441.35,1399995.47,11,7
2017-12-02,10000064,22534,18500000,18500000,18500000,1,1
2017-12-02,10000064,22536,385660.4,379994.99,389162,5,5
2017-12-02,10000064,22541,9000000,9000000,9000000,5,5
2017-12-02,10000064,22542,31691.84,29750,39999.99,67,49
2017-12-02,10000064,22552,2199972.25,1600000,3999889,4,4
2017-12-02,10000064,22570,24999999.99,24999999.99,24999999.99,1,1
2017-12-02,10000064,22576,40771.12,33712.68,54887.99,3,3
2017-12-02,10000064,22578,82448.6,80000,310000,94,91
2017-12-02,10000064,22761,32000000,32000000,32000000,1,1
2017-12-02,10000064,22806,120000,120000,120000,14,14
2017-12-02,10000064,22807,120000,120000,120000,15,15
2017-12-02,10000064,22808,120000,120000,120000,15,15
2017-12-02,10000064,22809,120000,120000,120000,15,15
2017-12-02,10000064,22961,626.67,500,674.99,11140,8
2017-12-02,10000064,22965,829.99,829.99,829.99,1200,1
2017-12-02,10000064,22967,794.85,794.85,794.85,2,1
2017-12-02,10000064,22985,994.52,994.52,994.52,67539,1
2017-12-02,10000064,22987,924.73,924.73,924.73,2,1
2017-12-02,10000064,22993,1000,1000,1000,20000,1
2017-12-02,10000064,23009,589.98,589.98,589.98,39812,14
2017-12-02,10000064,23011,895.84,895.84,895.84,25000,1
2017-12-02,10000064,23013,895.62,895.62,895.62,2300,3
2017-12-02,10000064,23015,881.85,881.85,881.85,1200,1
2017-12-02,10000064,23025,889.98,889.98,889.98,17900,6
2017-12-02,10000064,23069,50000000,50000000,50000000,3,3
2017-12-02,10000064,23071,463996.67,395995,600000,6,2
2017-12-02,10000064,23079,600000,600000,600000,2,1
2017-12-02,10000064,23087,41100,41100,41100,1,1
2017-12-02,10000064,23097,530000,500000,550000,5,2
2017-12-02,10000064,23123,1688738.54,1688738.54,1688738.54,1,1
2017-12-02,10000064,23124,750000,750000,750000,1,1
2017-12-02,10000064,23131,16000,16000,16000,1,1
2017-12-02,10000064,23136,1010,1010,1010,1,1
2017-12-02,10000064,23148,0.01,0.01,0.01,1,1
2017-12-02,10000064,23154,2303000,2303000,2303000,1,1
2017-12-02,10000064,23158,0.1,0.1,0.1,305,3
2017-12-02,10000064,23159,12.04,12.04,12.04,250,3
2017-12-02,10000064,23160,0.1,0.1,0.1,89,2
2017-12-02,10000064,23161,0.1,0.1,0.1,65,2
2017-12-02,10000064,23163,5.77,5.77,5.77,184,3
2017-12-02,10000064,23164,20,20,20,248,5
2017-12-02,10000064,23165,5.31,5.31,5.31,152,2
2017-12-02,10000064,23166,128.18,128.18,128.18,26,1
2017-12-02,10000064,23167,62.74,62.74,62.74,54,1
2017-12-02,10000064,23175,1000,1000,1000,1,1
2017-12-02,10000064,23527,351177.21,299999.99,400000.01,51,28
2017-12-02,10000064,23533,34495.99,34495.99,34495.99,1,1
2017-12-02,10000064,23560,14000000,14000000,14000000,1,1
2017-12-02,10000064,23561,6101.56,6101.56,6101.56,2,1
2017-12-02,10000064,23563,71000,71000,71000,10,1
2017-12-02,10000064,23564,14000000,14000000,14000000,1,1
2017-12-02,10000064,23566,474166.67,400000,845000,6,6
2017-12-02,10000064,23594,450000,450000,450000,4,4
2017-12-02,10000064,23606,157295.66,150000,195000,39,35
2017-12-02,10000064,23618,52028.6,50000,69778.57,39,32
2017-12-02,10000064,23705,59000,59000,59000,2,1
2017-12-02,10000064,23707,34927.8,9950,79887.84,14,3
2017-12-02,10000064,23709,45085.01,45085.01,45085.01,5,1
2017-12-02,10000064,23731,14999.99,14999.99,14999.99,10,1
2017-12-02,10000064,23791,39000,39000,39000,1,1
2017-12-02,10000064,23834,29999515.8,29999515.8,29999515.8,1,1
2017-12-02,10000064,23912,1250000000,1250000000,1250000000,1,1
2017-12-02,10000064,24241,50000,50000,50000,129,122
2017-12-02,10000064,24242,999999.96,999999,1000000,26,23
2017-12-02,10000064,24268,7500000,7500000,7500000,1,1
2017-12-02,10000064,24270,7500000,7500000,7500000,1,1
2017-12-02,10000064,24313,500000000,500000000,500000000,1,1
2017-12-02,10000064,24348,1557472.42,1499000,1589997,19,13
2017-12-02,10000064,24349,90000,90000,90000,1,1
2017-12-02,10000064,24395,235640.55,216895,399999,11,9
2017-12-02,10000064,24417,1825000,1825000,1825000,2,1
2017-12-02,10000064,24427,1614856.45,1525999.98,1699999,94,9
2017-12-02,10000064,24438,1369996.29,1369996.29,1369996.29,1,1
2017-12-02,10000064,24445,225000,225000,225000,5,1
2017-12-02,10000064,24471,133.99,133.99,133.99,5000,1
2017-12-02,10000064,24475,147.98,147.98,147.98,7500,3
2017-12-02,10000064,24486,150,150,150,10000,1
2017-12-02,10000064,24488,200,200,200,162000,4
2017-12-02,10000064,24490,300,300,300,110000,2
2017-12-02,10000064,24495,148.95,148.95,148.95,50700,4
2017-12-02,10000064,24511,523.97,523.97,523.97,5000,1
2017-12-02,10000064,24513,568.99,568.99,568.99,2000,1
2017-12-02,10000064,24541,0.01,0.01,0.01,820,1
2017-12-02,10000064,24560,8900000,8900000,8900000,3,1
2017-12-02,10000064,24568,10000000,10000000,10000000,1,1
2017-12-02,10000064,24613,15000000,15000000,15000000,1,1
2017-12-02,10000064,24625,20000000,20000000,20000000,1,1
2017-12-02,10000064,24632,21835740.5,21835740.5,21835740.5,1,1
2017-12-02,10000064,24698,39134106.68,26003322.06,45699499,3,3
2017-12-02,10000064,24700,59399998.16,59399998.16,59399998.16,1,1
2017-12-02,10000064,25233,150000,150000,150000,1,1
2017-12-02,10000064,25235,150000,150000,150000,5,5
2017-12-02,10000064,25266,2454000.85,2200000,2852003.99,14,9
2017-12-02,10000064,25544,29791332,29686998,30000000,3,3
2017-12-02,10000064,25565,4000,4000,4000,1,1
2017-12-02,10000064,25567,9667,9667,9667,1,1
2017-12-02,10000064,25588,9200.02,9200.02,9200.03,1480,75
2017-12-02,10000064,25589,4507.62,4507.62,4507.62,1751,90
2017-12-02,10000064,25590,96000.18,96000.18,96000.18,1411,196
2017-12-02,10000064,25591,200089.5,200089.5,200089.52,1968,261
2017-12-02,10000064,25592,7539.01,7539.01,7539.01,844,61
2017-12-02,10000064,25593,11000.01,11000.01,11000.01,1412,55
2017-12-02,10000064,25594,40048.55,40048.55,40048.55,821,67
2017-12-02,10000064,25595,18101.85,18101.85,18101.85,801,47
2017-12-02,10000064,25596,33200.15,33200.15,33200.15,2085,228
2017-12-02,10000064,25597,3502.84,3502.83,3502.85,2555,184
2017-12-02,10000064,25598,10000.27,10000.26,10000.28,4179,188
2017-12-02,10000064,25599,913.01,913.01,913.01,6044,198
2017-12-02,10000064,25600,25890.25,25890.25,25900,4711,214
2017-12-02,10000064,25601,3673,3673,3673,5859,240
2017-12-02,10000064,25602,12500,12500,12500,1024,8
2017-12-02,10000064,25603,40081.62,40081.62,40081.62,131,23
2017-12-02,10000064,25604,12720.2,12720.2,12720.2,1504,159
2017-12-02,10000064,25605,26000.33,26000.33,26000.33,762,68
2017-12-02,10000064,25606,60999.15,60999.15,60999.15,1017,19
2017-12-02,10000064,25607,45500,45500,45500.01,29,2
2017-12-02,10000064,25608,385000.03,385000.02,385000.03,34,2
2017-12-02,10000064,25611,68477.01,68477,68477.01,15,2
2017-12-02,10000064,25612,900000.1,900000.1,900000.1,13,1
2017-12-02,10000064,25613,539480.23,539480.23,539480.23,14,2
2017-12-02,10000064,25614,414063.08,414063.08,414063.09,6,2
2017-12-02,10000064,25615,2662500.1,2500000.13,3800000,16,5
2017-12-02,10000064,25616,10210.03,10210.03,10210.04,66,10
2017-12-02,10000064,25617,367000.16,367000.14,367000.16,54,7
2017-12-02,10000064,25618,20420.3,20420.3,20420.3,72,7
2017-12-02,10000064,25619,543830.53,543830.53,543830.53,104,7
2017-12-02,10000064,25620,42000.02,42000.02,42000.02,172,8
2017-12-02,10000064,25622,430262.84,430262.84,430262.84,1,1
2017-12-02,10000064,25623,36625.12,36625.1,36625.12,21,3
2017-12-02,10000064,25624,4311225.78,4310004,4321000.02,9,2
2017-12-02,10000064,25625,2310000.26,2310000.26,2310000.26,1,1
2017-12-02,10000064,25711,40000,40000,40000,3,1
2017-12-02,10000064,25713,174833.67,100000,324000,6,4
2017-12-02,10000064,25739,450000,450000,450000,3,3
2017-12-02,10000064,25810,450000,450000,450000,4,4
2017-12-02,10000064,25811,507999.98,450000,739999.91,5,5
2017-12-02,10000064,25812,5649999.99,5649999.99,5649999.99,1,1
2017-12-02,10000064,25861,48500,45000,49999.99,154,109
2017-12-02,10000064,25862,332640,332640,332640,3,3
2017-12-02,10000064,25863,950000,800000,1000000,4,4
2017-12-02,10000064,25888,7916666.33,6000000,8874999.5,3,3
2017-12-02,10000064,25894,7500000,7500000,7500000,3,2
2017-12-02,10000064,25898,12499999,12499999,12499999,1,1
2017-12-02,10000064,25906,1399988.97,1399978.97,1399998.97,2,2
2017-12-02,10000064,25948,5822847.5,5745694.99,5900000,4,2
2017-12-02,10000064,25954,14975000,14975000,14975000,1,1
2017-12-02,10000064,26006,16999999,16999999,16999999,1,1
2017-12-02,10000064,26020,8099986.88,8099986.88,8099986.88,1,1
2017-12-02,10000064,26030,11999998.99,11999998.99,11999998.99,1,1
2017-12-02,10000064,26058,6199996.95,6199996.95,6199996.95,1,1
2017-12-02,10000064,26070,5188888,5188888,5188888,1,1
2017-12-02,10000064,26084,10999999,10999999,10999999,1,1
2017-12-02,10000064,26088,10999999,10999999,10999999,1,1
2017-12-02,10000064,26090,999998.97,999998.97,999998.97,1,1
2017-12-02,10000064,26252,62100.82,60000,120000,53,50
2017-12-02,10000064,26253,100000,100000,100000,15,15
2017-12-02,10000064,26254,20000,20000,20000,19,19
2017-12-02,10000064,26255,128333.33,100000,210000,15,15
2017-12-02,10000064,26256,102000.07,100000,210000,15,15
2017-12-02,10000064,26257,108888.89,100000,180000,9,9
2017-12-02,10000064,26258,96157.73,71310,100000,6,6
2017-12-02,10000064,26259,112941.18,100000,210000,17,17
2017-12-02,10000064,26260,100000,100000,100000,7,7
2017-12-02,10000064,26261,123000,100000,180000,20,20
2017-12-02,10000064,26444,22853105,22853105,22853105,1,1
2017-12-02,10000064,26448,199975000,199975000,199975000,1,1
2017-12-02,10000064,26759,300000,300000,300000,1,1
2017-12-02,10000064,26912,1750000.01,1750000.01,1750000.01,3,1
2017-12-02,10000064,26929,113520.03,99999.99,125000,51,18
2017-12-02,10000064,26930,125000,125000,125000,1,1
2017-12-02,10000064,26931,3900000,3900000,3900000,1,1
2017-12-02,10000064,27015,20000,20000,20000,260,260
2017-12-02,10000064,27073,1,1,1,1,1
2017-12-02,10000064,27127,4999999.99,4999999.99,4999999.99,1,1
2017-12-02,10000064,27143,1836664.6,1509995.8,1999999,3,3
2017-12-02,10000064,27169,3000000.01,3000000.01,3000000.01,1,1
2017-12-02,10000064,27321,459.55,459.55,459.55,100,1
2017-12-02,10000064,27327,458.65,458.65,458.65,500,5
2017-12-02,10000064,27333,458.69,458.69,458.69,600,5
2017-12-02,10000064,27339,3300,3300,3300,1000,1
2017-12-02,10000064,27361,990,990,990,2748,9
2017-12-02,10000064,27371,1099,1099,1099,778,3
2017-12-02,10000064,27381,548.55,548.55,548.55,400,4
2017-12-02,10000064,27387,548.56,548.56,548.56,100,1
2017-12-02,10000064,27401,1800,1800,1800,2000,1
2017-12-02,10000064,27405,1499.6,1113.14,1499.6,5084,3
2017-12-02,10000064,27441,1294.01,1294.01,1294.01,2763,4
2017-12-02,10000064,27453,1450,1450,1450,1000,1
2017-12-02,10000064,27902,106052.63,100000,215000,19,16
2017-12-02,10000064,27906,25000000,25000000,25000000,1,1
2017-12-02,10000064,27911,12000000,12000000,12000000,1,1
2017-12-02,10000064,27914,2068108.06,2068108.06,2068108.06,1,1
2017-12-02,10000064,27916,45201,45201,45201,3,1
2017-12-02,10000064,27918,6496,6496,6496,2,1
2017-12-02,10000064,27920,6496.23,6496.23,6496.23,1,1
2017-12-02,10000064,27932,59999.98,59999.98,59999.98,1,1
2017-12-02,10000064,28073,16999990,16999990,16999990,2,2
2017-12-02,10000064,28164,4500000,4500000,4500000,1,1
2017-12-02,10000064,28201,799998.98,799998.98,799998.98,5,1
2017-12-02,10000064,28266,2839990,2839990,2839990,1,1
2017-12-02,10000064,28270,1743118.75,900000,2248990,8,2
2017-12-02,10000064,28274,690000,690000,690000,2,1
2017-12-02,10000064,28286,2140000,2140000,2140000,3,2
2017-12-02,10000064,28290,3999980,3999980,3999980,2,1
2017-12-02,10000064,28302,1154681.83,980000,1404227.3,17,3
2017-12-02,10000064,28326,974.99,974.99,974.99,10000,1
2017-12-02,10000064,28361,4002.04,4002.04,4002.04,665,5
2017-12-02,10000064,28362,124925.74,120000,135000,93,3
2017-12-02,10000064,28416,1000,1000,1000,166,1
2017-12-02,10000064,28421,5870,5870,5870,71,1
2017-12-02,10000064,28422,5700,5700,5700,715,2
2017-12-02,10000064,28423,6190,6190,6190,483,1
2017-12-02,10000064,28426,3000.01,3000.01,3000.01,84,1
2017-12-02,10000064,28432,1600.01,1600.01,1600.01,23375,1
2017-12-02,10000064,28576,1023999.61,940000,1449999.5,15,9
2017-12-02,10000064,28578,998750,998750,998750,7,3
2017-12-02,10000064,28585,25000000,25000000,25000000,1,1
2017-12-02,10000064,28656,64000000,64000000,64000000,2,2
2017-12-02,10000064,28667,64000000,64000000,64000000,1,1
2017-12-02,10000064,28668,28500,28400,29999.98,1198,26
2017-12-02,10000064,28754,305494999.98,300990000,309999999.96,4,2
2017-12-02,10000064,28756,34500000,34500000,34500000,2,2
2017-12-02,10000064,28758,36225000,35999999.99,37900000,4,4
2017-12-02,10000064,28879,1000000,1000000,1000000,5,5
2017-12-02,10000064,28880,5000000,5000000,5000000,4,4
2017-12-02,10000064,28999,12679.28,12000,13000,15,10
2017-12-02,10000064,29001,15373.22,15000,26450.29,56,7
2017-12-02,10000064,29003,114555,114555,114555,5,1
2017-12-02,10000064,29005,11999.97,11999.97,11999.97,5,1
2017-12-02,10000064,29007,10000,10000,10000,50,1
2017-12-02,10000064,29009,21714.28,15000,59999.99,7,6
2017-12-02,10000064,29011,14499.96,12000,29000,28,6
2017-12-02,10000064,29015,35993.99,15000,49989.99,5,3
2017-12-02,10000064,29248,380001.42,15007.11,467500,5,5
2017-12-02,10000064,29344,50824016.64,50824016.64,50824016.64,1,1
2017-12-02,10000064,29637,50000000,50000000,50000000,6,6
2017-12-02,10000064,30013,4900,4900,5600,998,70
2017-12-02,10000064,30028,67213.99,55000,69999.99,56,7
2017-12-02,10000064,30222,6.01,6.01,6.01,300,1
2017-12-02,10000064,30324,10000000,10000000,10000000,1,1
2017-12-02,10000064,30325,10000000,10000000,10000000,1,1
2017-12-02,10000064,30327,10000000,10000000,10000000,2,2
2017-12-02,10000064,30328,4142.86,200,25000,7,7
2017-12-02,10000064,30342,1086.96,11,3113.83,9,9
2017-12-02,10000064,30376,20000,20000,20000,1,1
2017-12-02,10000064,30422,5000,5000,5000,1,1
2017-12-02,10000064,30424,451.09,451.09,451.09,1,1
2017-12-02,10000064,30486,545657.09,514399.91,566769,50,5
2017-12-02,10000064,30488,496999,485999.98,497997.91,196,15
2017-12-02,10000064,30532,5000000,5000000,5000000,1,1
2017-12-02,10000064,30537,5000000,5000000,5000000,1,1
2017-12-02,10000064,30538,5000000,5000000,5000000,1,1
2017-12-02,10000064,30539,5000000,5000000,5000000,1,1
2017-12-02,10000064,30540,5000000,5000000,5000000,2,2
2017-12-02,10000064,30545,5000000,5000000,5000000,2,2
2017-12-02,10000064,30546,5000000,5000000,5000000,1,1
2017-12-02,10000064,30547,5000000,5000000,5000000,1,1
2017-12-02,10000064,30550,5000000,5000000,5000000,2,2
2017-12-02,10000064,30551,5000000,5000000,5000000,1,1
2017-12-02,10000064,30553,5000000,5000000,5000000,1,1
2017-12-02,10000064,30554,5000000,5000000,5000000,1,1
2017-12-02,10000064,30650,1500000,1500000,1500000,1,1
2017-12-02,10000064,30652,1500000,1500000,1500000,1,1
2017-12-02,10000064,30653,1500000,1500000,1500000,1,1
2017-12-02,10000064,30744,200000,200000,200000,5709,11
2017-12-02,10000064,30745,500000,500000,500000,5568,12
2017-12-02,10000064,30746,1500000,1500000,1500000,3016,10
2017-12-02,10000064,30747,5000000,5000000,5000000,2115,10
2017-12-02,10000064,30788,10000000,10000000,10000000,1,1
2017-12-02,10000064,30832,2249444,2248888,2250000,2,2
2017-12-02,10000064,30836,1550000,1550000,1550000,1,1
2017-12-02,10000064,30839,5940.68,3000,8500,73,21
2017-12-02,10000064,30987,593163.27,550000,850000,98,18
2017-12-02,10000064,30997,808757.68,777515.36,840000,2,2
2017-12-02,10000064,31009,470341.94,454410.33,550000,6,6
2017-12-02,10000064,31011,2425908.94,2399999.99,2990681.29,7,4
2017-12-02,10000064,31015,11999979,11999979,11999979,1,1
2017-12-02,10000064,31021,740379.43,622888.88,857869.98,4,4
2017-12-02,10000064,31023,2285866.5,1750000,2821733,2,2
2017-12-02,10000064,31033,664454.01,590000,738908.02,2,2
2017-12-02,10000064,31035,2437500.57,1750000.01,3125001.12,2,2
2017-12-02,10000064,31039,11999989.99,11999989.99,11999989.99,1,1
2017-12-02,10000064,31045,1049133.52,999999,1061417.15,5,3
2017-12-02,10000064,31047,2999999.2,2999999,3000000,5,4
2017-12-02,10000064,31055,2110366.69,1972273.67,2225493.06,9,6
2017-12-02,10000064,31057,11299999.97,11299999.97,11299999.97,2,1
2017-12-02,10000064,31063,650000,650000,650000,1,1
2017-12-02,10000064,31083,1863656.67,1799990,1990990,3,3
2017-12-02,10000064,31085,4389999.83,4389999.83,4389999.83,1,1
2017-12-02,10000064,31105,335145.12,300000,423206.94,7,5
2017-12-02,10000064,31117,318000,310000,334000,3,2
2017-12-02,10000064,31118,125000,125000,125000,1,1
2017-12-02,10000064,31119,1299546.15,1149999.99,1800000,13,5
2017-12-02,10000064,31120,750000,750000,750000,1,1
2017-12-02,10000064,31125,11999999.99,11999999.99,11999999.99,1,1
2017-12-02,10000064,31129,440840,440840,440840,1,1
2017-12-02,10000064,31141,548900,548900,548900,1,1
2017-12-02,10000064,31153,385848.75,250000,450000,8,7
2017-12-02,10000064,31155,1449990,1449990,1449990,1,1
2017-12-02,10000064,31159,433800.47,290980,500000,4,3
2017-12-02,10000064,31161,1999999,1999999,1999999,2,1
2017-12-02,10000064,31167,19999999.99,19999999.99,19999999.99,2,1
2017-12-02,10000064,31177,383830.37,377998.8,500000,6,4
2017-12-02,10000064,31179,1489887.97,1489887.97,1489887.97,3,1
2017-12-02,10000064,31189,399993,399993,399993,1,1
2017-12-02,10000064,31201,322335.99,285798.98,350000,11,10
2017-12-02,10000064,31202,125000,125000,125000,1,1
2017-12-02,10000064,31207,4998998.98,4998998.98,4998998.98,2,2
2017-12-02,10000064,31213,116813.66,107767.77,144950,32,21
2017-12-02,10000064,31214,125000,125000,125000,3,3
2017-12-02,10000064,31220,2939767.7,2500000,3379535.39,2,2
2017-12-02,10000064,31226,140290.55,139776.99,144400,9,8
2017-12-02,10000064,31227,125000,125000,125000,1,1
2017-12-02,10000064,31228,399998.98,399998.98,399998.98,1,1
2017-12-02,10000064,31238,186819.09,165009.99,295000,11,11
2017-12-02,10000064,31239,125000,125000,125000,1,1
2017-12-02,10000064,31244,4754998.98,4754998.98,4754998.98,1,1
2017-12-02,10000064,31250,799977,799977,799977,1,1
2017-12-02,10000064,31274,304469.65,299999.99,349166.2,11,2
2017-12-02,10000064,31322,408710.74,264000,577776.85,5,5
2017-12-02,10000064,31324,2669999.94,2669999.94,2669999.94,2,2
2017-12-02,10000064,31358,889041.9,840000,999998.24,38,22
2017-12-02,10000064,31360,4508296.62,4480000,4999989.99,20,18
2017-12-02,10000064,31361,750000,750000,750000,1,1
2017-12-02,10000064,31364,4999850,4899775,5200000,3,2
2017-12-02,10000064,31366,27999999.96,25999999.93,29999999.99,2,2
2017-12-02,10000064,31370,340589.48,332490.49,400000,50,29
2017-12-02,10000064,31371,125000,125000,125000,1,1
2017-12-02,10000064,31372,1785208.6,1500000,2450500,17,10
2017-12-02,10000064,31376,4699957.99,4699957.99,4699957.99,2,2
2017-12-02,10000064,31378,15099999.59,15099998.98,15100000,10,8
2017-12-02,10000064,31382,449999.99,449999.99,449999.99,1,1
2017-12-02,10000064,31394,375438.69,314999.98,405658.05,3,3
2017-12-02,10000064,31406,674801.89,550000,699748.53,6,6
2017-12-02,10000064,31408,2449979.98,2399959.95,2500000,2,2
2017-12-02,10000064,31454,247650.33,199999,300000,5,3
2017-12-02,10000064,31484,2482494.57,2400000,2564989.14,4,3
2017-12-02,10000064,31514,983333.17,983333.17,983333.17,3,3
2017-12-02,10000064,31526,1110824.23,999999.93,1575776.04,14,11
2017-12-02,10000064,31527,125000,125000,125000,1,1
2017-12-02,10000064,31538,1279593.03,1098997.9,1550000,5,5
2017-12-02,10000064,31540,4699999.37,4699999,4700000.12,3,2
2017-12-02,10000064,31544,2839991.99,2839991.99,2839991.99,1,1
2017-12-02,10000064,31552,1940000,1940000,1940000,1,1
2017-12-02,10000064,31562,647346.69,647346.69,647346.69,1,1
2017-12-02,10000064,31574,599998.96,599998.96,599998.96,1,1
2017-12-02,10000064,31576,2999998.98,2999998.98,2999998.98,1,1
2017-12-02,10000064,31586,654567.88,621851.82,720000,3,2
2017-12-02,10000064,31604,8500000,8500000,8500000,3,2
2017-12-02,10000064,31620,993747.49,875000,1350000,8,7
2017-12-02,10000064,31668,244399.99,244399.99,244399.99,2,1
2017-12-02,10000064,31680,172727.27,160000,299999.99,11,2
2017-12-02,10000064,31692,149998,149998,149998,1,1
2017-12-02,10000064,31704,198999.99,198999.99,198999.99,2,2
2017-12-02,10000064,31710,8414982.5,8414982.5,8414982.5,1,1
2017-12-02,10000064,31716,103041.45,77768,149999.99,42,30
2017-12-02,10000064,31718,383333.33,380000,390000,6,6
2017-12-02,10000064,31722,2997495,2997000,2997990,4,3
2017-12-02,10000064,31724,5399999.99,5399999.99,5399999.99,1,1
2017-12-02,10000064,31728,74500,39000,109999.99,2,2
2017-12-02,10000064,31740,99999.23,99999,99999.46,2,2
2017-12-02,10000064,31742,244600,244199.99,245000,4,4
2017-12-02,10000064,31748,5999990,5999990,5999990,1,1
2017-12-02,10000064,31752,97115.41,77777,189999.98,12,11
2017-12-02,10000064,31754,309730.55,218000,439509,11,10
2017-12-02,10000064,31758,2998000,2998000,2998000,2,1
2017-12-02,10000064,31760,10000000,10000000,10000000,1,1
2017-12-02,10000064,31764,46829.82,46829.82,46829.82,1,1
2017-12-02,10000064,31766,449995.86,399992.74,499998.98,2,2
2017-12-02,10000064,31776,88022,82088,90000,4,2
2017-12-02,10000064,31788,445073.7,442864.82,488878.7,22,15
2017-12-02,10000064,31789,125000,125000,125000,2,2
2017-12-02,10000064,31790,2206080.23,2119000,2319991.85,29,19
2017-12-02,10000064,31794,8999989.97,8999989.97,8999989.97,2,1
2017-12-02,10000064,31796,27472245.91,25888986.65,27999999,4,2
2017-12-02,10000064,31800,520246.01,379296.48,630000,23,14
2017-12-02,10000064,31802,2231523.91,1821899.53,2777689.76,7,3
2017-12-02,10000064,31810,9071085.64,8990990,9191229.1,5,2
2017-12-02,10000064,31812,27097957.86,27097957.86,27097957.86,3,2
2017-12-02,10000064,31866,3700000,3700000,3700000,2,1
2017-12-02,10000064,31874,3979333.42,3896667.14,3999999.99,5,2
2017-12-02,10000064,31878,5275000,5275000,5275000,3,1
2017-12-02,10000064,31880,1150000,1150000,1150000,13,3
2017-12-02,10000064,31882,1999978,1999978,1999978,4,2
2017-12-02,10000064,31884,2789999.93,2789999.92,2789999.93,13,4
2017-12-02,10000064,31888,2474995,2449990,2499999.99,10,2
2017-12-02,10000064,31892,4499546.19,4499546.19,4499546.19,5,1
2017-12-02,10000064,31904,18937470.58,18937470.58,18937470.58,1,1
2017-12-02,10000064,31928,14000000,14000000,14000000,2,1
2017-12-02,10000064,31930,39999999,39999999,39999999,2,1
2017-12-02,10000064,31932,39000000,39000000,39000000,1,1
2017-12-02,10000064,31936,9999969.98,9999969.98,9999969.98,2,2
2017-12-02,10000064,31982,39496.67,39490,39500,9,4
2017-12-02,10000064,31990,65000,65000,65000,5,1
2017-12-02,10000064,31998,93495.89,84789.99,110000,28,3
2017-12-02,10000064,32006,125000,125000,125000,494,6
2017-12-02,10000064,32014,270407.41,268975.01,277999.12,63,8
2017-12-02,10000064,32025,427443.12,427443.12,427443.12,1,1
2017-12-02,10000064,32027,1799998,1799998,1799998,1,1
2017-12-02,10000064,32033,450000,450000,450000,1,1
2017-12-02,10000064,32041,476999.5,430000,523999,2,2
2017-12-02,10000064,32043,3749900,3749900,3749900,3,3
2017-12-02,10000064,32061,9874980.62,9874980.62,9874980.62,1,1
2017-12-02,10000064,32071,2750757.36,2607070.72,2894444,2,2
2017-12-02,10000064,32082,125000,125000,125000,1,1
2017-12-02,10000064,32083,3899998.98,3899998.98,3899998.98,1,1
2017-12-02,10000064,32339,100000000,100000000,100000000,4,4
2017-12-02,10000064,32459,58577.14,10,198000,7,7
2017-12-02,10000064,32772,770000,700000,840000,4,4
2017-12-02,10000064,32774,349999.99,349999.99,349999.99,1,1
2017-12-02,10000064,32782,21.97,21.97,21.97,100,1
2017-12-02,10000064,32787,26595.73,25383.57,29002.81,73,22
2017-12-02,10000064,32797,500000,500000,500000,3,3
2017-12-02,10000064,32819,1224294.58,924999,1699998.99,8,4
2017-12-02,10000064,32858,180000,180000,180000,1,1
2017-12-02,10000064,32862,2000000,2000000,2000000,1,1
2017-12-02,10000064,32872,1263947.16,1200000,1299998.89,67,59
2017-12-02,10000064,32873,8242751,8242751,8242751,2,2
2017-12-02,10000064,32876,1243020.67,1000000,1499998.98,6,6
2017-12-02,10000064,32878,100000,100000,100000,1,1
2017-12-02,10000064,32880,200000,132734.78,220000,119,97
2017-12-02,10000064,32881,5123892.36,5000006.95,5247777.77,2,2
2017-12-02,10000064,32918,38000,38000,38000,1,1
2017-12-02,10000064,32999,200000,200000,200000,9,9
2017-12-02,10000064,33000,200000,200000,200000,4,4
2017-12-02,10000064,33001,200000,200000,200000,4,4
2017-12-02,10000064,33002,200000,200000,200000,4,4
2017-12-02,10000064,33003,379650,359300,400000,2,2
2017-12-02,10000064,33004,4000000,4000000,4000000,1,1
2017-12-02,10000064,33006,1000000,1000000,1000000,1,1
2017-12-02,10000064,33007,89999.99,89999.99,89999.99,7,3
2017-12-02,10000064,33008,500000,500000,500000,2,2
2017-12-02,10000064,33010,250000,250000,250000,2,2
2017-12-02,10000064,33011,18962.87,18947.5,19008.99,4,4
2017-12-02,10000064,33012,125000,125000,125000,1,1
2017-12-02,10000064,33076,317677.91,289680.76,440000,14,14
2017-12-02,10000064,33078,1061904.76,1000000,1650000,21,18
2017-12-02,10000064,33091,100000,100000,100000,7,7
2017-12-02,10000064,33092,118333.33,100000,210000,12,12
2017-12-02,10000064,33093,69112.82,204.01,100000,49,47
2017-12-02,10000064,33094,100000,100000,100000,6,6
2017-12-02,10000064,33095,1000000,1000000,1000000,3,3
2017-12-02,10000064,33096,1000000,1000000,1000000,6,6
2017-12-02,10000064,33097,1016647.57,1000000,1067742.73,11,11
2017-12-02,10000064,33098,1000000,1000000,1000000,3,3
2017-12-02,10000064,33101,850000,500000,1200000,2,2
2017-12-02,10000064,33138,160000.06,160000.06,160000.06,2,1
2017-12-02,10000064,33149,34999990,34999990,34999990,1,1
2017-12-02,10000064,33151,137269806.42,137269806.42,137269806.42,1,1
2017-12-02,10000064,33157,162999999.99,162999999.99,162999999.99,1,1
2017-12-02,10000064,33176,155600,155600,155600,4,4
2017-12-02,10000064,33178,125999.59,119999,130000,5,4
2017-12-02,10000064,33180,163540.82,144725,375000,11,11
2017-12-02,10000064,33195,1055.05,1000,1110.1,2,2
2017-12-02,10000064,33199,1999998.99,1999998.99,1999998.99,1,1
2017-12-02,10000064,33270,107148.82,99000.07,115297.56,2,2
2017-12-02,10000064,33271,255321,255321,255321,1,1
2017-12-02,10000064,33330,13799.3,13799.3,13799.3,5,1
2017-12-02,10000064,33332,55000,55000,55000,144,5
2017-12-02,10000064,33334,40999.15,40999.15,40999.15,5,1
2017-12-02,10000064,33359,49879,49879,49879,100,1
2017-12-02,10000064,33362,39975,39975,39975,200,1
2017-12-02,10000064,33399,5000000,5000000,5000000,6,6
2017-12-02,10000064,33407,36000000,36000000,36000000,5,5
2017-12-02,10000064,33441,29000,29000,29000,2,1
2017-12-02,10000064,33448,66850,66850,66850,4,1
2017-12-02,10000064,33467,3000000,3000000,3000000,2,2
2017-12-02,10000064,33468,66240499.61,65480999.99,66999999.22,2,2
2017-12-02,10000064,33470,166102022.03,166102022.03,166102022.03,1,1
2017-12-02,10000064,33474,2477106.63,2094989.96,2999999,14,13
2017-12-02,10000064,33475,8649458.86,3201212.55,9250000,14,14
2017-12-02,10000064,33485,1000000,1000000,1000000,4,1
2017-12-02,10000064,33517,999999.5,999999,1000000,2,2
2017-12-02,10000064,33519,20010005.19,30015.56,30000000,3,3
2017-12-02,10000064,33539,1400000,1400000,1400000,10,1
2017-12-02,10000064,33569,67.85,67.85,67.85,300,1
2017-12-02,10000064,33572,1.01,1.01,1.01,10,1
2017-12-02,10000064,33577,300000.03,300000.03,300000.03,8,1
2017-12-02,10000064,33599,100000,100000,100000,6,1
2017-12-02,10000064,33603,10000,10000,10000,1,1
2017-12-02,10000064,33606,10000000,10000000,10000000,28,1
2017-12-02,10000064,33618,45000000.01,45000000.01,45000000.01,1,1
2017-12-02,10000064,33697,52000000,52000000,52000000,1,1
2017-12-02,10000064,33699,106270.03,100000,225000,61,54
2017-12-02,10000064,33706,10000,10000,10000,5,1
2017-12-02,10000064,33816,69999999.99,69999999.99,69999999.99,1,1
2017-12-02,10000064,33822,49999.99,49999.99,49999.99,1,1
2017-12-02,10000064,33890,1299999.99,1299999.99,1299999.99,1,1
2017-12-02,10000064,33892,3999989.99,3999989.99,3999989.99,8,4
2017-12-02,10000064,33898,19999999,19999999,19999999,3,1
2017-12-02,10000064,34201,229000.12,229000.12,229000.12,9,6
2017-12-02,10000064,34202,5750000,5750000,5750000,1,1
2017-12-02,10000064,34203,345000.18,345000.16,345000.18,38,6
2017-12-02,10000064,34204,876001,876001,876001.01,15,4
2017-12-02,10000064,34205,302173.92,300000.01,350000,23,8
2017-12-02,10000064,34206,211000.85,211000.85,211000.87,41,10
2017-12-02,10000064,34207,5165999.73,3248000.2,6124999.5,3,3
2017-12-02,10000064,34208,4000000.01,4000000.01,4000000.01,1,1
2017-12-02,10000064,34272,7674980,7674980,7674980,2,1
2017-12-02,10000064,34317,54950000,54950000,54950000,1,1
2017-12-02,10000064,34328,1449000000,1449000000,1449000000,1,1
2017-12-02,10000064,34390,1000000,1000000,1000000,2,2
2017-12-02,10000064,34496,1452538.7,1452538.7,1452538.7,51,1
2017-12-02,10000064,34533,1000000,1000000,1000000,2,2
2017-12-02,10000064,34562,54000000,54000000,54000000,1,1
2017-12-02,10000064,34738,1000000,1000000,1000000,1,1
2017-12-02,10000064,34746,720001,720001,720001,1,1
2017-12-02,10000064,35656,109166.67,47750,300000,18,17
2017-12-02,10000064,35657,423588.01,233077.07,474990.48,7,7
2017-12-02,10000064,35658,61305.42,25000.01,70000,29,21
2017-12-02,10000064,35659,43988.57,7000.06,65099.49,9,9
2017-12-02,10000064,35660,12617.78,1000,20000,9,9
2017-12-02,10000064,35661,250000,250000,250000,3,1
2017-12-02,10000064,35680,1000000,1000000,1000000,4,4
2017-12-02,10000064,35683,56950000,55000000,58900000,4,4
2017-12-02,10000064,35685,1000000,1000000,1000000,3,3
2017-12-02,10000064,35770,99999.99,99999.99,99999.99,1,1
2017-12-02,10000064,35771,1699999,1699999,1699999,1,1
2017-12-02,10000064,35790,2299998.99,2299998.99,2299998.99,2,2
2017-12-02,10000064,35794,14166.48,9999.98,34998.98,6,2
2017-12-02,10000064,35795,18333.15,14999.99,34998.97,6,2
2017-12-02,10000064,35825,799000000,799000000,799000000,1,1
2017-12-02,10000064,36451,27000001,27000001,27000001,1,1
2017-12-02,10000064,36911,8000000,8000000,8000000,1,1
2017-12-02,10000064,37451,1999999,1999999,1999999,2,1
2017-12-02,10000064,37456,20000000.01,20000000.01,20000000.01,1,1
2017-12-02,10000064,37544,3751.26,2.01,10000,8,7
2017-12-02,10000064,37545,634.35,25,1243.69,2,2
2017-12-02,10000064,37547,1500000,1500000,1500000,1,1
2017-12-02,10000064,37588,1874867,1874867,1874867,2,1
2017-12-02,10000064,37600,7367544.11,7367544.11,7367544.11,1,1
2017-12-02,10000064,37608,1350001.16,1350001.06,1350002.01,29,22
2017-12-02,10000064,37610,1304002.04,1304002.02,1304002.12,20,18
2017-12-02,10000064,37611,1301960.21,1300000,1302001.02,49,35
2017-12-02,10000064,37796,5000000,5000000,5000000,2,2
2017-12-02,10000064,37797,5000000,5000000,5000000,1,1
2017-12-02,10000064,37798,5000000,5000000,5000000,1,1
2017-12-02,10000064,37799,5000000,5000000,5000000,1,1
2017-12-02,10000064,37824,200000,200000,200000,5,1
2017-12-02,10000064,40334,10833.14,9999.01,10999.96,6,2
2017-12-02,10000064,40335,10833.3,9999.99,10999.96,6,2
2017-12-02,10000064,40519,351547571.33,335500043.51,399795560.06,8,7
2017-12-02,10000064,40520,808190464.98,803600000,811000000,49,34
2017-12-02,10000064,40572,100000000,100000000,100000000,2,2
2017-12-02,10000064,40573,100000000,100000000,100000000,2,2
2017-12-02,10000064,41031,222,222,222,1,1
2017-12-02,10000064,41032,1189.15,67.01,7920,7,6
2017-12-02,10000064,41033,236.5,236,237,4,4
2017-12-02,10000064,41034,80864.81,72915.88,120705.19,33,16
2017-12-02,10000064,41054,301000.03,301000,301000.05,3,3
2017-12-02,10000064,41055,316923.2,304000.13,472000,13,6
2017-12-02,10000064,41056,301000.05,301000.05,301000.05,5,5
2017-12-02,10000064,41155,16566.78,13999.99,39999.98,26,8
2017-12-02,10000064,41403,45000000,45000000,45000000,1,1
2017-12-02,10000064,41404,45000000,45000000,45000000,1,1
2017-12-02,10000064,41405,27000000,27000000,27000000,30,2
2017-12-02,10000064,41489,20000,20000,20000,673,5
2017-12-02,10000064,41490,999999,999999,999999,105,2
2017-12-02,10000064,42149,2402663.33,2402663.33,2402663.33,1,1
2017-12-02,10000064,42206,11826155,11826155,11826155,1,1
2017-12-02,10000064,42226,258560.02,258560.02,258560.02,1,1
2017-12-02,10000064,42244,59800000,59800000,59800000,1,1
2017-12-02,10000064,42528,999832.18,999824.68,999839.68,4,3
2017-12-02,10000064,42685,41502838.5,30000000,53005677,2,2
2017-12-02,10000064,42829,999.98,999.98,999.98,300,1
2017-12-02,10000064,42830,725.78,725.78,725.78,300,1
2017-12-02,10000064,42906,1000000,1000000,1000000,1,1
2017-12-02,10000064,43530,5289999.99,4999999.99,5870000,3,3
2017-12-02,10000064,43699,95043.05,91325.34,100000,7,2
2017-12-02,10000064,43702,80000,80000,80000,3,3
2017-12-02,10000064,43703,18000000,18000000,18000000,3,3
2017-12-02,10000064,43902,125000,125000,125000,1,1
2017-12-02,10000064,44102,3999999.99,3999999.99,3999999.99,1,1
2017-12-02,10000064,44113,10000000,10000000,10000000,1,1
2017-12-02,10000064,44150,979333,979333,979333,1,1
2017-12-02,10000064,44992,3220000.01,3192388.88,3225000,28158,97
2017-12-02,10000064,45621,67999999.98,67999999.98,67999999.98,1,1
2017-12-02,10000064,45635,171360000,170080000,172000000,32,22
2017-12-02,10000064,45746,1000000,1000000,1000000,20,13
2017-12-02,10000064,45748,5000000,5000000,5000000,6,3
2017-12-02,10000064,45749,25000000,25000000,25000000,7,5
2017-12-02,10000064,45750,15000000,15000000,15000000,3,3
2017-12-02,10000064,45770,6666666.66,6666666.66,6666666.66,1,1
2017-12-02,10000064,45783,20000,20000,20000,1,1
2017-12-02,10000064,45810,833333.83,1,1666666.66,2,2
2017-12-02,10000064,45814,280000,280000,280000,1,1
2017-12-02,10000064,45819,2666666.66,2666666.66,2666666.66,1,1
2017-12-02,10000064,45846,800000,800000,800000,1,1
2017-12-02,10000064,45872,699887.46,699886.91,699888,2,2
2017-12-02,10000064,45873,467731.48,453777.78,495638.89,3,3
2017-12-02,10000064,45888,2922222.22,2922222.22,2922222.22,1,1
2017-12-02,10000064,45932,100000,100000,100000,1,1
2017-12-02,10000064,45933,200000,200000,200000,1,1
2017-12-02,10000064,45936,120000,120000,120000,1,1
2017-12-02,10000064,45938,100000,100000,100000,1,1
2017-12-02,10000064,45939,750000,750000,750000,1,1
2017-12-02,10000064,45955,777777,777777,777777,1,1
2017-12-02,10000064,45966,20000,20000,20000,1,1
2017-12-02,10000064,45996,183333.33,180000,190000,45,8
2017-12-02,10000064,45999,11000000,11000000,11000000,3,1
2017-12-02,10000064,46002,2500000,2500000,2500000,1,1
2017-12-02,10000064,46004,1999999.99,1999999.99,1999999.99,4,1
2017-12-02,10000064,46005,5000000,5000000,5000000,1,1
2017-12-02,10000064,46008,857692.31,25000,1250000,13,4
2017-12-02,10000064,46050,686363.64,550000,1300000,11,3
2017-12-02,10000064,46152,10000000,10000000,10000000,4,4
2017-12-02,10000064,46153,15000000,15000000,15000000,4,4
2017-12-02,10000064,46154,20000000,20000000,20000000,4,4
2017-12-02,10000064,46155,25000000,25000000,25000000,2,2
2017-12-02,10000064,46156,30000000,30000000,30000000,3,3
2017-12-02,10000064,46166,10000000,10000000,10000000,2,2
2017-12-02,10000064,46167,10000000,10000000,10000000,5,3
2017-12-02,10000064,46168,10000000,10000000,10000000,2,2
2017-12-02,10000064,46170,10000000,10000000,10000000,2,2
2017-12-02,10000064,46171,10000000,10000000,10000000,1,1
2017-12-02,10000064,46172,10000000,10000000,10000000,2,2
2017-12-02,10000064,46173,10000000,10000000,10000000,1,1
2017-12-02,10000064,46174,10000000,10000000,10000000,1,1
2017-12-02,10000064,46175,10000000,10000000,10000000,2,2
2017-12-02,10000064,46176,10000000,10000000,10000000,1,1
2017-12-02,10000064,46177,10000000,10000000,10000000,2,2
2017-12-02,10000064,46178,10000000,10000000,10000000,3,2
2017-12-02,10000064,46179,10000000,10000000,10000000,2,2
2017-12-02,10000064,46180,10000000,10000000,10000000,2,2
2017-12-02,10000064,46183,10000000,10000000,10000000,1,1
2017-12-02,10000064,46184,10000000,10000000,10000000,1,1
2017-12-02,10000064,46186,10000000,10000000,10000000,1,1
2017-12-02,10000064,46200,10000000,10000000,10000000,1,1
2017-12-02,10000064,46201,10000000,10000000,10000000,1,1
2017-12-02,10000064,46204,20000000,20000000,20000000,1,1
2017-12-02,10000064,46205,20000000,20000000,20000000,1,1
2017-12-02,10000064,46206,20000000,20000000,20000000,2,2
2017-12-02,10000064,46207,20000000,20000000,20000000,2,2
2017-12-02,10000064,46208,20000000,20000000,20000000,2,2
2017-12-02,10000064,46209,20000000,20000000,20000000,2,2
2017-12-02,10000064,46210,20000000,20000000,20000000,2,2
2017-12-02,10000064,46211,20000000,20000000,20000000,8,4
2017-12-02,10000064,46212,20000000,20000000,20000000,2,2
2017-12-02,10000064,46213,20000000,20000000,20000000,2,2
2017-12-02,10000064,46214,20000000,20000000,20000000,2,2
2017-12-02,10000064,46216,20000000,20000000,20000000,1,1
2017-12-02,10000064,46218,20000000,20000000,20000000,1,1
2017-12-02,10000064,46355,229995,229995,229995,2,1
2017-12-02,10000064,46367,319998,319998,319998,2,1
2017-12-02,10000064,46381,5000000,5000000,5000000,1,1
2017-12-02,10000064,46649,500000000,500000000,500000000,1,1
2017-12-02,10000065,20,152.04,152.02,152.04,253531,39
2017-12-02,10000065,21,278.89,278.89,278.89,22,1
2017-12-02,10000065,22,500,500,500,1,1
2017-12-02,10000065,34,5.6,5.6,5.6,113212050,115
2017-12-02,10000065,35,4.38,4.16,4.52,747974,74
2017-12-02,10000065,36,75,75,75,5734139,80
2017-12-02,10000065,37,65,65,65,2342578,63
2017-12-02,10000065,38,482.56,482.56,482.56,803435,39
2017-12-02,10000065,39,1700,1700,1700,1333266,33
2017-12-02,10000065,40,1750,1750,1750,887711,21
2017-12-02,10000065,42,1500,1500,1500,10,1
2017-12-02,10000065,179,3.99,3.99,3.99,100,1
2017-12-02,10000065,181,4,4,4,100,1
2017-12-02,10000065,182,50,50,50,9000,1
2017-12-02,10000065,183,4,4,4,100,1
2017-12-02,10000065,184,8,8,8,100,1
2017-12-02,10000065,195,1,1,1,100,1
2017-12-02,10000065,198,1,1,1,100,1
2017-12-02,10000065,201,1,1,1,100,1
2017-12-02,10000065,206,94.99,94.99,94.99,1500,1
2017-12-02,10000065,207,50,50,50,2950,4
2017-12-02,10000065,208,75,75,75,3000,1
2017-12-02,10000065,209,68.99,68.99,68.99,11000,2
2017-12-02,10000065,212,5,5,5,600,5
2017-12-02,10000065,217,18,18,18,3000,1
2017-12-02,10000065,218,28.91,28.91,28.91,1,1
2017-12-02,10000065,222,19,19,19,8000,2
2017-12-02,10000065,229,44.98,44.98,44.98,5200,3
2017-12-02,10000065,239,6949.99,6949.99,6950,29,9
2017-12-02,10000065,240,6359.98,4450,9876.21,42,15
2017-12-02,10000065,241,2500,2054,4949.99,340,15
2017-12-02,10000065,242,5853.81,4995,6499,60,19
2017-12-02,10000065,243,5999,5999,5999,12,1
2017-12-02,10000065,245,9505.73,8950,9876.21,30,9
2017-12-02,10000065,246,6095.82,1500.02,6799,60,18
2017-12-02,10000065,250,64980,64980,64980,5,1
2017-12-02,10000065,251,8096.64,8096.64,8096.64,1,1
2017-12-02,10000065,254,25138.5,24487.07,26441.35,6,3
2017-12-02,10000065,263,355.32,350,361.97,90,3
2017-12-02,10000065,377,13475,12900,15200,8,8
2017-12-02,10000065,380,732750,650500,815000,2,2
2017-12-02,10000065,393,14900,14900,14900,1,1
2017-12-02,10000065,399,19160,18900,20100,5,5
2017-12-02,10000065,400,520000,520000,520000,1,1
2017-12-02,10000065,434,64672.73,61800,69650,11,11
2017-12-02,10000065,438,3273000,3273000,3273000,1,1
2017-12-02,10000065,439,20183.3,18800,27987.21,42,33
2017-12-02,10000065,444,17900,17900,17900,10,8
2017-12-02,10000065,447,67777,67777,67777,1,1
2017-12-02,10000065,448,1929000,1929000,1929000,1,1
2017-12-02,10000065,450,16164.54,15600,18987.21,6,4
2017-12-02,10000065,451,48700,48699.99,48700,8,6
2017-12-02,10000065,452,68255.92,48200,95000,75,34
2017-12-02,10000065,453,32899.99,32899.99,32899.99,4,2
2017-12-02,10000065,454,58913.33,54999.99,64950,30,10
2017-12-02,10000065,456,202197.9,202197.9,202197.9,1,1
2017-12-02,10000065,457,288298.81,288298.81,288298.81,1,1
2017-12-02,10000065,482,1080100.01,101000.1,1200000,20,13
2017-12-02,10000065,483,9280.93,512.5,14500,21,13
2017-12-02,10000065,484,2000,2000,2000,3,1
2017-12-02,10000065,485,6000,6000,6000,2,1
2017-12-02,10000065,487,12000,12000,12000,4,1
2017-12-02,10000065,523,21311.71,19997.77,46990.9,28,23
2017-12-02,10000065,561,24000,24000,24000,8,2
2017-12-02,10000065,562,24990,24990,24990,1,1
2017-12-02,10000065,578,164333.15,125449.98,199999.99,12,7
2017-12-02,10000065,589,222918.5,146999.99,250000,20,17
2017-12-02,10000065,590,214000,127999.99,300000,2,2
2017-12-02,10000065,591,349919.22,221999.99,400000,9,9
2017-12-02,10000065,596,500,500,500,3,3
2017-12-02,10000065,597,367284.79,216999.99,477504.67,14,14
2017-12-02,10000065,602,528000,528000,528000,1,1
2017-12-02,10000065,606,60000,60000,60000,1,1
2017-12-02,10000065,607,498204.62,498204.62,498204.62,2,2
2017-12-02,10000065,621,7301000.01,7301000.01,7301000.01,1,1
2017-12-02,10000065,623,10968906.23,10968906.23,10968906.23,1,1
2017-12-02,10000065,624,13208965.36,12313460.54,14999975,3,3
2017-12-02,10000065,625,8000000,8000000,8000000,1,1
2017-12-02,10000065,626,10784679.09,10784679.09,10784679.09,2,2
2017-12-02,10000065,628,10000000,10000000,10000000,2,2
2017-12-02,10000065,629,2500000,2500000,2500000,1,1
2017-12-02,10000065,655,1625000,1250000,2000000,2,2
2017-12-02,10000065,656,1463424.14,1460000.01,1466848.27,2,2
2017-12-02,10000065,657,100000.01,100000.01,100000.01,1,1
2017-12-02,10000065,672,19076.67,14990,27250,6,5
2017-12-02,10000065,814,140000,140000,140000,1,1
2017-12-02,10000065,937,2575000,2575000,2575000,1,1
2017-12-02,10000065,1157,12500,12500,12500,3,3
2017-12-02,10000065,1158,15000,15000,15000,3,2
2017-12-02,10000065,1182,154537.64,154537.64,154537.64,1,1
2017-12-02,10000065,1183,1199500,878000,1521000,2,2
2017-12-02,10000065,1185,27800,27800,27800,2,2
2017-12-02,10000065,1195,62700,62700,62700,4,3
2017-12-02,10000065,1197,35000,35000,35000,1,1
2017-12-02,10000065,1201,5599.99,5599.99,5599.99,1,1
2017-12-02,10000065,1202,35489.98,24987.21,38990.9,4,2
2017-12-02,10000065,1214,5000000,5000000,5000000,1,1
2017-12-02,10000065,1224,35.43,35.43,35.43,1054911,45
2017-12-02,10000065,1225,500,500,500,8,1
2017-12-02,10000065,1226,280,280,280,21221,5
2017-12-02,10000065,1227,204.5,204.5,204.5,18333,2
2017-12-02,10000065,1228,15.18,15.18,15.18,1523019,49
2017-12-02,10000065,1229,55,55,55,59,1
2017-12-02,10000065,1230,11.51,11.51,11.52,5103414,87
2017-12-02,10000065,1231,415,415,415,11796,3
2017-12-02,10000065,1232,500,500,500,38,2
2017-12-02,10000065,1236,1321000,1321000,1321000,1,1
2017-12-02,10000065,1244,15500,15500,15500,2,2
2017-12-02,10000065,1248,959000,959000,959000,3,1
2017-12-02,10000065,1264,40000,40000,40000,1,1
2017-12-02,10000065,1284,36000,36000,36000,1,1
2017-12-02,10000065,1294,40000,40000,40000,1,1
2017-12-02,10000065,1304,60000,60000,60000,1,1
2017-12-02,10000065,1306,430494.74,430494.74,430494.74,1,1
2017-12-02,10000065,1317,11152.92,9876.21,14135.97,10,5
2017-12-02,10000065,1319,1102624.16,770000,1572000,55,14
2017-12-02,10000065,1333,46900,46900,46900,1,1
2017-12-02,10000065,1403,39846.28,31500,56538.85,3,3
2017-12-02,10000065,1405,625600,123999.99,751000,5,3
2017-12-02,10000065,1422,965500.06,965500.06,965500.06,6,3
2017-12-02,10000065,1445,93772.21,45000,142544.41,2,2
2017-12-02,10000065,1539,59994,59994,59994,1,1
2017-12-02,10000065,1541,1225000,1225000,1225000,1,1
2017-12-02,10000065,1808,52500,50000,55000,2,2
2017-12-02,10000065,1944,1659046.59,1392627.11,1850000,6,6
2017-12-02,10000065,1952,1349980,1349980,1349980,1,1
2017-12-02,10000065,1977,171666,120000,199999,12,12
2017-12-02,10000065,1978,1450500.06,1450500.06,1450500.06,1,1
2017-12-02,10000065,1986,39999.99,39999.99,39999.99,2,2
2017-12-02,10000065,1999,1320500.06,1320500.06,1320500.06,1,1
2017-12-02,10000065,2006,12007503.35,12007503.35,12007503.35,2,1
2017-12-02,10000065,2024,1416000,1416000,1416000,1,1
2017-12-02,10000065,2032,780500.06,780500.06,780500.06,1,1
2017-12-02,10000065,2046,12803.84,9000,15700,25,23
2017-12-02,10000065,2048,771379.45,707836.98,950500,11,8
2017-12-02,10000065,2161,399998.69,399998.69,399998.69,1,1
2017-12-02,10000065,2162,2375000,2375000,2375000,1,1
2017-12-02,10000065,2173,48867.21,48867.21,48867.21,6,2
2017-12-02,10000065,2175,1300223.21,1250000,1383928.57,8,2
2017-12-02,10000065,2183,41269.83,37747.89,49999,48,10
2017-12-02,10000065,2185,1200000,1200000,1200000,2,1
2017-12-02,10000065,2194,6000000,6000000,6000000,1,1
2017-12-02,10000065,2203,4084.55,2999,5400,57,17
2017-12-02,10000065,2205,489173.15,483090.46,550000,11,3
2017-12-02,10000065,2281,3263650,3020500,3749950,3,2
2017-12-02,10000065,2291,137000,137000,137000,1,1
2017-12-02,10000065,2293,75000,75000,75000,1,1
2017-12-02,10000065,2295,150000,150000,150000,2,2
2017-12-02,10000065,2301,2500000,2500000,2500000,1,1
2017-12-02,10000065,2333,1450000,1450000,1450000,1,1
2017-12-02,10000065,2363,76778.88,76778.88,76778.88,4,3
2017-12-02,10000065,2364,1200000,1200000,1200000,1,1
2017-12-02,10000065,2403,7500000,7500000,7500000,1,1
2017-12-02,10000065,2406,1000000,1000000,1000000,1,1
2017-12-02,10000065,2454,3702.35,3000,5999,141,28
2017-12-02,10000065,2456,413013.75,405000,500000,32,6
2017-12-02,10000065,2464,5145.4,2780,9876.21,15,2
2017-12-02,10000065,2477,4000000,4000000,4000000,1,1
2017-12-02,10000065,2486,8828.33,8175.66,9372.53,70,15
2017-12-02,10000065,2488,448000,446000,450000,2,2
2017-12-02,10000065,2514,14,14,14,10000,1
2017-12-02,10000065,2515,40000,40000,40000,1,1
2017-12-02,10000065,2525,150000,150000,150000,1,1
2017-12-02,10000065,2534,82000,82000,82000,1,1
2017-12-02,10000065,2553,1487100,1487100,1487100,2,2
2017-12-02,10000065,2559,2000000,2000000,2000000,2,1
2017-12-02,10000065,2603,10381.25,10324.99,10400,4,4
2017-12-02,10000065,2605,469000,469000,469000,3,1
2017-12-02,10000065,2629,525,525,525,2000,1
2017-12-02,10000065,2921,1861778.87,1861778.87,1861778.87,4,1
2017-12-02,10000065,2993,1000000,1000000,1000000,4,1
2017-12-02,10000065,2998,70000000,70000000,70000000,1,1
2017-12-02,10000065,3041,1682360.63,1677777,1690000,8,2
2017-12-02,10000065,3074,999000,999000,999000,3,1
2017-12-02,10000065,3184,1600000,1600000,1600000,2,2
2017-12-02,10000065,3301,20000,20000,20000,1,1
2017-12-02,10000065,3302,20006.66,20000,20019.99,3,3
2017-12-02,10000065,3303,10010.03,20.05,20000,2,2
2017-12-02,10000065,3304,100000,100000,100000,1,1
2017-12-02,10000065,3306,100000.02,100000,100000.06,6,6
2017-12-02,10000065,3307,2000000,2000000,2000000,1,1
2017-12-02,10000065,3308,2000000,2000000,2000000,1,1
2017-12-02,10000065,3309,2000000,2000000,2000000,1,1
2017-12-02,10000065,3310,40000,40000,40000,1,1
2017-12-02,10000065,3312,60000,60000,60000,1,1
2017-12-02,10000065,3315,1000000,1000000,1000000,2,2
2017-12-02,10000065,3316,70000,70000,70000,2,2
2017-12-02,10000065,3317,100000,100000,100000,2,2
2017-12-02,10000065,3318,80000,80000,80000,1,1
2017-12-02,10000065,3319,20000,20000,20000,1,1
2017-12-02,10000065,3323,30000,30000,30000,2,2
2017-12-02,10000065,3324,100000,100000,100000,3,3
2017-12-02,10000065,3328,40000,40000,40000,4,4
2017-12-02,10000065,3331,40000,40000,40000,8,8
2017-12-02,10000065,3332,500000,500000,500000,3,3
2017-12-02,10000065,3333,500000,500000,500000,1,1
2017-12-02,10000065,3334,489300,489300,489300,1,1
2017-12-02,10000065,3335,455636.36,12000,500000,11,11
2017-12-02,10000065,3336,3966666.67,3900000,4000000,3,3
2017-12-02,10000065,3337,4000000,4000000,4000000,2,2
2017-12-02,10000065,3338,4000000,4000000,4000000,2,2
2017-12-02,10000065,3339,4000000,4000000,4000000,1,1
2017-12-02,10000065,3340,300000,300000,300000,1,1
2017-12-02,10000065,3348,20000,20000,20000,9,8
2017-12-02,10000065,3352,400000,400000,400000,1,1
2017-12-02,10000065,3355,20000,20000,20000,17,17
2017-12-02,10000065,3356,60000,60000,60000,10,10
2017-12-02,10000065,3357,180000,180000,180000,4,4
2017-12-02,10000065,3359,200000,200000,200000,5,5
2017-12-02,10000065,3361,200000,200000,200000,7,7
2017-12-02,10000065,3363,20000,20000,20000,7,7
2017-12-02,10000065,3380,20000,19999.99,20000,2,2
2017-12-02,10000065,3385,49842.82,49214.11,50000,5,5
2017-12-02,10000065,3386,20000,20000,20000,2,2
2017-12-02,10000065,3387,149760,148800,150000,5,5
2017-12-02,10000065,3388,195000,140000,250000,2,2
2017-12-02,10000065,3389,280000,280000,280000,2,2
2017-12-02,10000065,3393,30000,30000,30000,3,3
2017-12-02,10000065,3394,60000,60000,60000,1,1
2017-12-02,10000065,3395,80000,80000,80000,2,2
2017-12-02,10000065,3403,300000,300000,300000,5,3
2017-12-02,10000065,3405,25000,25000,25000,5,5
2017-12-02,10000065,3406,300000,300000,300000,5,3
2017-12-02,10000065,3409,350000,350000,350000,2,2
2017-12-02,10000065,3410,450000,450000,450000,7,7
2017-12-02,10000065,3412,450000,450000,450000,3,3
2017-12-02,10000065,3416,35000,35000,35000,10,10
2017-12-02,10000065,3421,130000,130000,130000,4,4
2017-12-02,10000065,3422,80000,80000,80000,3,3
2017-12-02,10000065,3423,75000,75000,75000,8,8
2017-12-02,10000065,3424,79000,79000,79000,1,1
2017-12-02,10000065,3425,42042.33,84.66,84000,4,3
2017-12-02,10000065,3427,120000,120000,120000,2,2
2017-12-02,10000065,3428,88000,88000,88000,2,2
2017-12-02,10000065,3429,100000,100000,100000,1,1
2017-12-02,10000065,3430,500000,500000,500000,2,2
2017-12-02,10000065,3431,75000,75000,75000,2,2
2017-12-02,10000065,3433,87500,75000,100000,2,2
2017-12-02,10000065,3434,80000,80000,80000,2,2
2017-12-02,10000065,3435,125000,125000,125000,1,1
2017-12-02,10000065,3436,20000,20000,20000,1,1
2017-12-02,10000065,3438,40000,40000,40000,1,1
2017-12-02,10000065,3439,200000,200000,200000,1,1
2017-12-02,10000065,3440,220000,220000,220000,4,4
2017-12-02,10000065,3441,380000,380000,380000,1,1
2017-12-02,10000065,3442,500000,500000,500000,6,6
2017-12-02,10000065,3443,17500,15000,20000,2,2
2017-12-02,10000065,3444,100000,100000,100000,3,3
2017-12-02,10000065,3446,100000,100000,100000,4,4
2017-12-02,10000065,3447,7500000,7500000,7500000,1,1
2017-12-02,10000065,3449,20000,20000,20000,1,1
2017-12-02,10000065,3451,30000,30000,30000,2,2
2017-12-02,10000065,3452,40000,40000,40000,14,14
2017-12-02,10000065,3453,25000,25000,25000,1,1
2017-12-02,10000065,3455,30000,30000,30000,2,2
2017-12-02,10000065,3456,10000000,10000000,10000000,1,1
2017-12-02,10000065,3467,34614.45,30000,49995.95,13,3
2017-12-02,10000065,3528,137666.67,135000,139000,3,3
2017-12-02,10000065,3554,1299.91,1299.91,1299.91,305,3
2017-12-02,10000065,3566,18699.71,18500,19898,7,3
2017-12-02,10000065,3643,68.01,68.01,68.01,16241,2
2017-12-02,10000065,3645,281.06,281.06,281.06,2630,1
2017-12-02,10000065,3647,225,225,225,45468,120
2017-12-02,10000065,3651,703.37,642.62,870.74,6,4
2017-12-02,10000065,3685,497.56,490,530.7,193376,7
2017-12-02,10000065,3687,780,780,780,220129,22
2017-12-02,10000065,3689,9000,9000,9000,3271,4
2017-12-02,10000065,3713,8302.29,8294.68,8312.33,30000,24
2017-12-02,10000065,3715,1,1,1,30,2
2017-12-02,10000065,3717,7.77,7.77,7.77,10,1
2017-12-02,10000065,3719,1,1,1,10,1
2017-12-02,10000065,3771,10.02,10.02,10.02,10,1
2017-12-02,10000065,3777,2676.43,2583.65,2862,30,4
2017-12-02,10000065,3814,27.61,27.61,27.61,6874,17
2017-12-02,10000065,3826,1499.96,1499.96,1499.96,10,1
2017-12-02,10000065,3829,77916.67,60500,165000,6,4
2017-12-02,10000065,3841,1460398.38,1450497.98,1500000,5,4
2017-12-02,10000065,3887,62844.44,44300,81388.89,4,4
2017-12-02,10000065,4025,20000.01,20000.01,20000.01,6,3
2017-12-02,10000065,4027,46528.58,5900.01,77000,7,5
2017-12-02,10000065,4051,24998.99,24998.99,24998.99,4000,1
2017-12-02,10000065,4385,4450000,4400000,4500000,4,4
2017-12-02,10000065,4393,134000,134000,134000,1,1
2017-12-02,10000065,4395,570652.79,570652.79,570652.79,2,1
2017-12-02,10000065,4403,15000,15000,15000,2,1
2017-12-02,10000065,4405,1657248.47,1573996.93,1740500,6,2
2017-12-02,10000065,4435,26541.8,106,74777,11,6
2017-12-02,10000065,4471,1561.99,1561.99,1561.99,1,1
2017-12-02,10000065,4477,1386.05,1386.05,1386.05,3,3
2017-12-02,10000065,4529,15000,15000,15000,1,1
2017-12-02,10000065,4531,77989.71,77989.71,77989.71,1,1
2017-12-02,10000065,4533,175017.77,175017.77,175017.77,2,2
2017-12-02,10000065,4571,90100,90100,90100,1,1
2017-12-02,10000065,4573,262849.62,262849.62,262849.62,2,2
2017-12-02,10000065,4787,42486.34,42486.34,42486.34,3,3
2017-12-02,10000065,4831,47127.42,39000,55254.84,2,2
2017-12-02,10000065,5009,14999.9,14999.9,14999.9,1,1
2017-12-02,10000065,5011,1002.17,1002.17,1002.17,1,1
2017-12-02,10000065,5089,100,100,100,1,1
2017-12-02,10000065,5093,1723.33,100,9840,6,4
2017-12-02,10000065,5175,35200,35200,35200,3,1
2017-12-02,10000065,5177,46833.06,45999.85,46999.7,6,2
2017-12-02,10000065,5181,1777.77,1777.77,1777.77,1,1
2017-12-02,10000065,5215,49058,1058,73058,3,2
2017-12-02,10000065,5217,26389.77,24987.21,32000,5,4
2017-12-02,10000065,5221,139999.99,139999.99,139999.99,8,1
2017-12-02,10000065,5239,32399.97,22000,47499.91,20,10
2017-12-02,10000065,5245,39925.92,21000,77777.77,9,5
2017-12-02,10000065,5319,1250.44,1250.44,1250.44,1,1
2017-12-02,10000065,5320,3434.04,3434.04,3434.04,2,1
2017-12-02,10000065,5399,2505,2505,2505,7,6
2017-12-02,10000065,5405,84133.47,1200.2,250000,3,2
2017-12-02,10000065,5439,124535.8,52,497987.21,4,4
2017-12-02,10000065,5443,48039.89,5225.99,133667.68,3,3
2017-12-02,10000065,5445,13811.83,1573.99,75000,6,3
2017-12-02,10000065,5493,203555,203555,203555,2,2
2017-12-02,10000065,5533,133675.93,1037.78,199995,3,3
2017-12-02,10000065,5631,190000,190000,190000,1,1
2017-12-02,10000065,5743,30000,30000,30000,1,1
2017-12-02,10000065,5757,10003,10003,10003,1,1
2017-12-02,10000065,5839,2238500,2000000,2477000,2,2
2017-12-02,10000065,5849,220900,1800,440000,2,2
2017-12-02,10000065,5955,25005.02,25005.02,25005.02,4,3
2017-12-02,10000065,5971,20940.61,2901.01,48000,5,3
2017-12-02,10000065,5973,274977.78,165000,425000,10,8
2017-12-02,10000065,6001,21912.5,2550,80000,8,6
2017-12-02,10000065,6003,25411.26,817.77,34997.77,7,7
2017-12-02,10000065,6005,13350.67,201,32500,6,4
2017-12-02,10000065,6073,160000,160000,160000,2,1
2017-12-02,10000065,6131,21000,21000,21000,1,1
2017-12-02,10000065,6159,5.12,5.12,5.12,1,1
2017-12-02,10000065,6160,11107.33,202,16560,3,2
2017-12-02,10000065,6173,631252.47,10000,690002.73,32,3
2017-12-02,10000065,6176,51,51,51,1,1
2017-12-02,10000065,6296,50050,50050,50050,1,1
2017-12-02,10000065,6437,47777.77,47777.77,47777.77,1,1
2017-12-02,10000065,6439,34138.89,30500,37777.77,2,2
2017-12-02,10000065,6441,68774.74,68774.74,68774.74,1,1
2017-12-02,10000065,6569,27629.33,51,41767.77,7,7
2017-12-02,10000065,6631,150000,150000,150000,8,3
2017-12-02,10000065,6633,90261,261,108261,12,7
2017-12-02,10000065,6635,35000.98,35000.98,35000.98,1,1
2017-12-02,10000065,6637,3035.03,3035.03,3035.03,2,1
2017-12-02,10000065,6671,111546,111546,111546,4,1
2017-12-02,10000065,6673,10817.9,101,21534.8,2,2
2017-12-02,10000065,6675,1490000,1490000,1490000,5,1
2017-12-02,10000065,6677,127000,127000,127000,19,5
2017-12-02,10000065,6715,217777.77,217777.77,217777.77,1,1
2017-12-02,10000065,6717,115777.73,115777.73,115777.73,5,3
2017-12-02,10000065,6719,80999.99,80999.99,80999.99,1,1
2017-12-02,10000065,6721,399997.77,399997.77,399997.77,2,1
2017-12-02,10000065,6805,270000,270000,270000,1,1
2017-12-02,10000065,6859,320000,320000,320000,5,1
2017-12-02,10000065,6919,329000,329000,329000,1,1
2017-12-02,10000065,6963,599999.99,599999.99,599999.99,4,1
2017-12-02,10000065,7171,86000.02,86000.02,86000.02,1,1
2017-12-02,10000065,7289,8000,8000,8000,1,1
2017-12-02,10000065,7291,7.77,7.77,7.77,1,1
2017-12-02,10000065,7449,10000.01,10000.01,10000.01,2,1
2017-12-02,10000065,7625,800000,800000,800000,1,1
2017-12-02,10000065,7703,75000.01,75000.01,75000.01,1,1
2017-12-02,10000065,8007,78504.63,78504.63,78504.63,2,1
2017-12-02,10000065,8091,85000,85000,85000,1,1
2017-12-02,10000065,8105,3802984,254999.99,4689980,5,2
2017-12-02,10000065,8133,69000,69000,69000,1,1
2017-12-02,10000065,8175,37007.73,37007.73,37007.73,2,1
2017-12-02,10000065,8177,101.01,101.01,101.01,3,2
2017-12-02,10000065,8225,30434.37,101.04,91101.04,3,2
2017-12-02,10000065,8263,22500.52,501.04,44500,2,2
2017-12-02,10000065,8335,55000,55000,55000,1,1
2017-12-02,10000065,8427,163067.77,163067.77,163067.77,4,3
2017-12-02,10000065,8433,720000,720000,720000,2,2
2017-12-02,10000065,8517,4700000.01,4700000.01,4700000.01,2,1
2017-12-02,10000065,8529,200000.02,200000.02,200000.02,3,2
2017-12-02,10000065,8531,7.77,7.77,7.77,1,1
2017-12-02,10000065,8748,107777.77,107777.77,107777.77,2,2
2017-12-02,10000065,8759,129000,129000,129000,1,1
2017-12-02,10000065,8903,8499.99,8499.99,8499.99,1,1
2017-12-02,10000065,9207,105999.97,105999.97,105999.97,1,1
2017-12-02,10000065,9493,10000.01,10000.01,10000.01,1,1
2017-12-02,10000065,9622,15000,15000,15000,2,1
2017-12-02,10000065,9632,320000,320000,320000,2,2
2017-12-02,10000065,9668,21000.19,21000.19,21000.19,2,1
2017-12-02,10000065,9670,101.11,101.11,101.11,1,1
2017-12-02,10000065,9678,21000.13,21000.13,21000.13,3,1
2017-12-02,10000065,9680,101.03,101.03,101.03,2,1
2017-12-02,10000065,9728,11000.27,11000.27,11000.27,1,1
2017-12-02,10000065,9744,101.02,101.02,101.02,1,1
2017-12-02,10000065,9762,10000.44,10000.44,10000.44,2,1
2017-12-02,10000065,9772,12000.01,12000.01,12000.01,3,1
2017-12-02,10000065,9784,101.28,101.28,101.28,1,1
2017-12-02,10000065,9800,38900,38900,38900,1,1
2017-12-02,10000065,9808,41011,41011,41011,1,1
2017-12-02,10000065,9826,367.5,367.41,385.65,5799,16
2017-12-02,10000065,9842,12000,12000,12000,17,1
2017-12-02,10000065,9852,51.06,44.45,51.08,330549,54
2017-12-02,10000065,9899,12800000,12800000,12800000,1,1
2017-12-02,10000065,10039,19710.49,17987.21,20000,7,7
2017-12-02,10000065,10190,1350500.06,1350500.06,1350500.06,1,1
2017-12-02,10000065,10208,25000000,25000000,25000000,1,1
2017-12-02,10000065,10216,22499990,22499990,22499990,1,1
2017-12-02,10000065,10246,16316.21,15777.78,22777.7,13,5
2017-12-02,10000065,10678,78999,78999,78999,3,1
2017-12-02,10000065,10688,0.01,0.01,0.01,1,1
2017-12-02,10000065,10690,0.01,0.01,0.01,1,1
2017-12-02,10000065,10872,73899.96,73899.96,73899.96,1,1
2017-12-02,10000065,10998,49910.52,48900,54999.99,19,10
2017-12-02,10000065,11083,1000000,1000000,1000000,2,2
2017-12-02,10000065,11084,3000000,3000000,3000000,1,1
2017-12-02,10000065,11105,500000,500000,500000,1,1
2017-12-02,10000065,11129,24500,24500,24500,3,3
2017-12-02,10000065,11132,250000,250000,250000,1,1
2017-12-02,10000065,11134,9275,100,24000,84,23
2017-12-02,10000065,11135,50000,50000,50000,5,5
2017-12-02,10000065,11176,37500000,37500000,37500000,1,1
2017-12-02,10000065,11192,6020000,6020000,6020000,1,1
2017-12-02,10000065,11196,38144944.74,38144944.74,38144944.74,1,1
2017-12-02,10000065,11207,500000,500000,500000,4,4
2017-12-02,10000065,11217,97999.89,97999.89,97999.89,1,1
2017-12-02,10000065,11267,226000,226000,226000,1,1
2017-12-02,10000065,11268,1000000,1000000,1000000,1,1
2017-12-02,10000065,11269,920500.06,920500.06,920500.06,1,1
2017-12-02,10000065,11277,201420,201420,201420,1,1
2017-12-02,10000065,11293,150000,150000,150000,2,1
2017-12-02,10000065,11299,710000,710000,710000,2,2
2017-12-02,10000065,11301,70000,70000,70000,1,1
2017-12-02,10000065,11311,106002,6002.01,306001.97,3,3
2017-12-02,10000065,11319,70000,70000,70000,2,1
2017-12-02,10000065,11327,260000,260000,260000,1,1
2017-12-02,10000065,11341,18793.75,12082.5,25505,4,3
2017-12-02,10000065,11343,1505.01,1505.01,1505.01,5,5
2017-12-02,10000065,11349,240000,240000,240000,1,1
2017-12-02,10000065,11355,255984,255984,255984,1,1
2017-12-02,10000065,11370,1485500,771000,2200000,2,2
2017-12-02,10000065,11393,34999990,34999990,34999990,1,1
2017-12-02,10000065,11395,500000,500000,500000,3,3
2017-12-02,10000065,11399,13993.8,13993.8,13993.8,29621,3
2017-12-02,10000065,11443,10000000,10000000,10000000,1,1
2017-12-02,10000065,11446,10000000,10000000,10000000,1,1
2017-12-02,10000065,11453,10000000,10000000,10000000,1,1
2017-12-02,10000065,11489,148100,148100,148100,2,1
2017-12-02,10000065,11561,310000,310000,310000,2,1
2017-12-02,10000065,11563,274712.49,258850,279999.99,4,4
2017-12-02,10000065,11566,120000,120000,120000,6,6
2017-12-02,10000065,11578,8499955,8499955,8499955,1,1
2017-12-02,10000065,11584,75000,75000,75000,4,4
2017-12-02,10000065,11621,99000,99000,99000,1,1
2017-12-02,10000065,11855,245.74,245.46,246.01,123876,4
2017-12-02,10000065,12034,30000000,30000000,30000000,1,1
2017-12-02,10000065,12052,249999.99,249999.99,249999.99,1,1
2017-12-02,10000065,12056,59142.86,42000,75000,7,6
2017-12-02,10000065,12068,5444980,5444980,5444980,1,1
2017-12-02,10000065,12179,40000000,40000000,40000000,2,1
2017-12-02,10000065,12186,200000,200000,200000,1,1
2017-12-02,10000065,12187,175000,175000,175000,1,1
2017-12-02,10000065,12188,150000,150000,150000,1,1
2017-12-02,10000065,12189,400000,400000,400000,1,1
2017-12-02,10000065,12190,125000,125000,125000,1,1
2017-12-02,10000065,12191,75000,75000,75000,1,1
2017-12-02,10000065,12192,100000,100000,100000,2,2
2017-12-02,10000065,12193,50000,50000,50000,1,1
2017-12-02,10000065,12195,25000,25000,25000,4,4
2017-12-02,10000065,12204,3000000,3000000,3000000,2,2
2017-12-02,10000065,12205,9000000,9000000,9000000,1,1
2017-12-02,10000065,12212,20000000,20000000,20000000,1,1
2017-12-02,10000065,12213,1000000,1000000,1000000,1,1
2017-12-02,10000065,12214,3000000,3000000,3000000,2,2
2017-12-02,10000065,12215,9000000,9000000,9000000,2,2
2017-12-02,10000065,12305,100000,100000,100000,5,5
2017-12-02,10000065,12346,3499980,3499980,3499980,12,1
2017-12-02,10000065,12365,120000,120000,120000,6,6
2017-12-02,10000065,12366,120000,120000,120000,6,6
2017-12-02,10000065,12367,120000,120000,120000,7,7
2017-12-02,10000065,12441,3699914,3699914,3699914,1,1
2017-12-02,10000065,12484,6554444.33,5331666.5,9000000,3,3
2017-12-02,10000065,12485,5449999.99,5449999.99,5449999.99,2,2
2017-12-02,10000065,12486,7399999.99,7399999.99,7399999.99,2,2
2017-12-02,10000065,12487,5449999.99,5449999.99,5449999.99,1,1
2017-12-02,10000065,12528,1849.99,1849.99,1849.99,1,1
2017-12-02,10000065,12543,2149.99,2149.99,2149.99,1,1
2017-12-02,10000065,12557,229110,229110,229110,4,1
2017-12-02,10000065,12565,195998.56,195998.56,195998.56,8,1
2017-12-02,10000065,13278,100000,100000,100000,4,4
2017-12-02,10000065,13283,10005.01,10005.01,10005.01,1,1
2017-12-02,10000065,14272,1709.99,1709.99,1709.99,1,1
2017-12-02,10000065,14292,1,1,1,1,1
2017-12-02,10000065,15316,1,1,1,25,1
2017-12-02,10000065,15331,950.04,950.04,950.04,1166,89
2017-12-02,10000065,15508,46999,46999,46999,5,1
2017-12-02,10000065,15587,2200,2200,2200,43,4
2017-12-02,10000065,15588,4000,4000,4000,9,5
2017-12-02,10000065,15589,7500,7500,7500,14,3
2017-12-02,10000065,15590,10000,10000,10000,20,3
2017-12-02,10000065,15591,15000.01,15000.01,15000.01,2,2
2017-12-02,10000065,15592,206164.13,206164.12,206164.14,2,2
2017-12-02,10000065,15593,95000,90000,100000,2,2
2017-12-02,10000065,15596,201.01,201.01,201.01,9,1
2017-12-02,10000065,15597,821.29,821.29,821.29,10,6
2017-12-02,10000065,15598,1500.13,1500.13,1500.13,2,2
2017-12-02,10000065,15607,460,460,460,4,1
2017-12-02,10000065,15608,613.25,613.25,613.25,15,8
2017-12-02,10000065,15614,100000.04,100000.04,100000.04,2,2
2017-12-02,10000065,15625,2919.35,2250,4500,93,11
2017-12-02,10000065,15626,4236.56,2000,8000,75,10
2017-12-02,10000065,15627,7500,7500,7500,3,3
2017-12-02,10000065,15628,15333.34,9500.01,20000,9,5
2017-12-02,10000065,15629,14772.73,12500,25000,11,3
2017-12-02,10000065,15646,25000,25000,25000,3,3
2017-12-02,10000065,15660,15000,15000,15000,3,1
2017-12-02,10000065,15674,20000,20000,20000,7,1
2017-12-02,10000065,15994,12500,12500,12500,2,1
2017-12-02,10000065,15997,25749.99,20999.99,40000,8,6
2017-12-02,10000065,15998,40999.99,40999.99,40999.99,2,2
2017-12-02,10000065,16002,22000.01,22000.01,22000.01,2,2
2017-12-02,10000065,16069,78750,60000,85000,4,4
2017-12-02,10000065,16118,2000.95,2000.95,2000.95,6,2
2017-12-02,10000065,16119,101.9,101.9,101.9,8,2
2017-12-02,10000065,16236,1350758.48,915999.99,1416735.61,10,10
2017-12-02,10000065,16237,8635240,8635240,8635240,1,1
2017-12-02,10000065,16240,1083992.4,1083992.4,1083992.4,1,1
2017-12-02,10000065,16262,175000,175000,175000,6,1
2017-12-02,10000065,16272,555,555,555,2700,1
2017-12-02,10000065,16273,500,500,500,9234,13
2017-12-02,10000065,16278,2599999.99,2300000,2899999.97,4,2
2017-12-02,10000065,16281,375000,375000,375000,3,3
2017-12-02,10000065,16305,135000,135000,135000,1,1
2017-12-02,10000065,16307,170166.67,170166.67,170166.67,2,1
2017-12-02,10000065,16311,629999.92,629999.92,629999.92,1,1
2017-12-02,10000065,16357,10000,10000,10000,1,1
2017-12-02,10000065,16359,10000,10000,10000,2,1
2017-12-02,10000065,16361,10000.01,10000.01,10000.01,3,1
2017-12-02,10000065,16365,10000.01,10000.01,10000.01,1,1
2017-12-02,10000065,16369,10000,10000,10000,3,1
2017-12-02,10000065,16371,5000.01,5000.01,5000.01,1,1
2017-12-02,10000065,16373,10000.01,10000.01,10000.01,2,1
2017-12-02,10000065,16375,10000.02,10000.02,10000.02,6,1
2017-12-02,10000065,16377,10000,10000,10000,1,1
2017-12-02,10000065,16379,45004.37,45004.37,45004.37,2,1
2017-12-02,10000065,16383,10000.02,10000.02,10000.02,2,1
2017-12-02,10000065,16389,510000,510000,510000,1,1
2017-12-02,10000065,16415,1,1,1,1,1
2017-12-02,10000065,16423,1,1,1,1,1
2017-12-02,10000065,16439,200.01,200.01,200.01,3,3
2017-12-02,10000065,16475,320,320,320,4,1
2017-12-02,10000065,16497,10510.99,10510.99,10510.99,2,1
2017-12-02,10000065,16505,1000.28,1000.28,1000.28,1,1
2017-12-02,10000065,16521,1800,1800,1800,3,2
2017-12-02,10000065,16525,677777.77,677777.77,677777.77,7,1
2017-12-02,10000065,16527,7015.99,7015.99,7015.99,1,1
2017-12-02,10000065,16591,32000000,32000000,32000000,1,1
2017-12-02,10000065,16594,1500000,1500000,1500000,2,2
2017-12-02,10000065,16595,12500000,12500000,12500000,1,1
2017-12-02,10000065,16596,35000000,35000000,35000000,1,1
2017-12-02,10000065,16597,20000000,20000000,20000000,1,1
2017-12-02,10000065,16598,3500000,3500000,3500000,7,7
2017-12-02,10000065,16622,5000000,5000000,5000000,2,2
2017-12-02,10000065,17200,574500.07,48000.28,750000,4,2
2017-12-02,10000065,17239,12,12,12,1,1
2017-12-02,10000065,17328,5000000,5000000,5000000,2,1
2017-12-02,10000065,17340,5000000,5000000,5000000,2,1
2017-12-02,10000065,17353,5000000,5000000,5000000,2,1
2017-12-02,10000065,17356,5000000,5000000,5000000,2,2
2017-12-02,10000065,17366,810000,49999.99,1000000,5,2
2017-12-02,10000065,17444,373.94,373.94,373.94,5985,3
2017-12-02,10000065,17445,408.91,408.91,408.91,84,1
2017-12-02,10000065,17448,300,300,300,10222,5
2017-12-02,10000065,17449,335.06,335.06,335.06,27,1
2017-12-02,10000065,17452,142.02,142.02,142.03,103649,21
2017-12-02,10000065,17453,173.65,173.65,173.65,289335,23
2017-12-02,10000065,17459,38.13,38.13,38.13,1140834,59
2017-12-02,10000065,17460,39.89,39.89,39.89,1421191,27
2017-12-02,10000065,17463,18.26,18.26,18.26,633454,40
2017-12-02,10000065,17464,15.18,15.18,15.18,390580,27
2017-12-02,10000065,17470,12.02,12.02,12.02,2412346,52
2017-12-02,10000065,17471,13.35,13.35,13.35,1497588,39
2017-12-02,10000065,17476,29000000,29000000,29000000,1,1
2017-12-02,10000065,17478,27986709.65,26804001.07,29169418.23,2,2
2017-12-02,10000065,17482,2362962.67,2200000,2444444,3,2
2017-12-02,10000065,17867,31,31,31,915,1
2017-12-02,10000065,17868,32.04,32.04,32.04,10465,1
2017-12-02,10000065,17887,1200,1200,1200,15000,1
2017-12-02,10000065,17889,1000,1000,1000,15000,1
2017-12-02,10000065,17893,3205.95,3205.95,3205.95,1,1
2017-12-02,10000065,17895,47777.78,47777.78,47777.78,51,1
2017-12-02,10000065,17912,4753366.67,4235000,5790100,3,2
2017-12-02,10000065,17938,33771.21,27300,33794,15,15
2017-12-02,10000065,17940,428642.87,500.06,500000,7,7
2017-12-02,10000065,18025,400000,400000,400000,1,1
2017-12-02,10000065,18029,1,1,1,40,1
2017-12-02,10000065,18052,51333.33,51333.33,51333.33,2,1
2017-12-02,10000065,18060,26798.18,21000,49990.9,5,2
2017-12-02,10000065,18580,100000000,100000000,100000000,2,2
2017-12-02,10000065,18618,200000,200000,200000,2,1
2017-12-02,10000065,18639,40500,34000,60000,4,4
2017-12-02,10000065,19400,11000,11000,11000,28,3
2017-12-02,10000065,19404,180000,180000,180000,2,2
2017-12-02,10000065,19406,600000,600000,600000,5,4
2017-12-02,10000065,19407,1200000,1200000,1200000,2,2
2017-12-02,10000065,19417,51680000,51680000,51680000,2,1
2017-12-02,10000065,19419,80000000,80000000,80000000,2,1
2017-12-02,10000065,19719,30000000,30000000,30000000,1,1
2017-12-02,10000065,19744,344275.45,312312.13,598003.15,9,9
2017-12-02,10000065,19759,200000,200000,200000,1,1
2017-12-02,10000065,19760,160000,160000,160000,1,1
2017-12-02,10000065,19814,3867.98,3867.98,3867.98,1,1
2017-12-02,10000065,19927,890001.57,890001.57,890001.57,2,1
2017-12-02,10000065,19939,1501,1501,1501,1,1
2017-12-02,10000065,20138,34096,34096,34096,1,1
2017-12-02,10000065,20171,79427.26,30180.15,260000,14,2
2017-12-02,10000065,20172,40032.52,40032.52,40032.52,11,1
2017-12-02,10000065,20210,1799989.99,1799989.99,1799989.99,1,1
2017-12-02,10000065,20211,5899990,5899990,5899990,2,2
2017-12-02,10000065,20212,15000000,15000000,15000000,1,1
2017-12-02,10000065,20342,50000000,50000000,50000000,1,1
2017-12-02,10000065,20411,17456.07,17456.07,17456.07,2,1
2017-12-02,10000065,20494,100000,100000,100000,1,1
2017-12-02,10000065,20495,100000,100000,100000,1,1
2017-12-02,10000065,20524,75000000,75000000,75000000,1,1
2017-12-02,10000065,20525,100000000,100000000,100000000,2,2
2017-12-02,10000065,20533,400000000,400000000,400000000,1,1
2017-12-02,10000065,21059,120000,120000,120000,6,6
2017-12-02,10000065,21071,387400,387400,387400,1,1
2017-12-02,10000065,21096,3549000,2986999.99,4111000,2,2
2017-12-02,10000065,21603,9990196.08,9970588.23,10000000,3,2
2017-12-02,10000065,21718,100000,100000,100000,2,2
2017-12-02,10000065,21790,75000,75000,75000,1,1
2017-12-02,10000065,21802,75000000,75000000,75000000,1,1
2017-12-02,10000065,21841,174999.99,174999.99,174999.99,1,1
2017-12-02,10000065,21853,97733.56,97733.56,97733.56,9,9
2017-12-02,10000065,21855,750,750,750,1,1
2017-12-02,10000065,21857,19246.63,18500,20739.88,3,2
2017-12-02,10000065,21894,755.69,755.69,755.69,5980,1
2017-12-02,10000065,21918,765.69,765.69,765.69,8500,1
2017-12-02,10000065,22175,59078.47,49999,64500,19,16
2017-12-02,10000065,22177,65053.3,58999.5,145000,13,13
2017-12-02,10000065,22229,5980500,5980500,5980500,2,1
2017-12-02,10000065,22291,1250496.9,1230496.54,1280497.43,5,2
2017-12-02,10000065,22536,920000,599999.99,1000000,5,4
2017-12-02,10000065,22541,9000000,9000000,9000000,1,1
2017-12-02,10000065,22542,41836.31,1777.77,45000,18,14
2017-12-02,10000065,22551,28000000,28000000,28000000,1,1
2017-12-02,10000065,22552,5000000,5000000,5000000,5,4
2017-12-02,10000065,22578,80000,80000,80000,25,25
2017-12-02,10000065,22761,32000000,32000000,32000000,2,2
2017-12-02,10000065,22806,105015.01,120.05,120000,8,8
2017-12-02,10000065,22807,120000,120000,120000,6,6
2017-12-02,10000065,22808,120000,120000,120000,6,6
2017-12-02,10000065,22809,120000,120000,120000,6,6
2017-12-02,10000065,23087,75000,75000,75000,1,1
2017-12-02,10000065,23095,1499999.49,1499999,1499999.98,10,2
2017-12-02,10000065,23527,716666.67,650000,750000,3,3
2017-12-02,10000065,23566,400000,400000,400000,2,2
2017-12-02,10000065,23606,150000,150000,150000,7,7
2017-12-02,10000065,23618,50000,50000,50000,7,7
2017-12-02,10000065,23707,19287.5,13000,25575,6,2
2017-12-02,10000065,23719,6855.58,6855.58,6855.58,20,1
2017-12-02,10000065,23791,57250,57250,57250,4,3
2017-12-02,10000065,24241,55000,50000,150000,20,20
2017-12-02,10000065,24242,1000000,1000000,1000000,3,3
2017-12-02,10000065,24270,7500000,7500000,7500000,4,3
2017-12-02,10000065,24311,500000000,500000000,500000000,1,1
2017-12-02,10000065,24312,500000000,500000000,500000000,1,1
2017-12-02,10000065,24348,2004199.8,1979999.99,2371000,5,4
2017-12-02,10000065,24427,1440348,1429990,1440500,119,8
2017-12-02,10000065,24445,361111.11,350000,400000,9,2
2017-12-02,10000065,24499,150,150,150,10000,1
2017-12-02,10000065,24509,550,550,550,5000,1
2017-12-02,10000065,24563,250000000,250000000,250000000,1,1
2017-12-02,10000065,24624,20000000,20000000,20000000,3,2
2017-12-02,10000065,24625,20000000,20000000,20000000,3,3
2017-12-02,10000065,25233,150000,150000,150000,2,2
2017-12-02,10000065,25235,150000,150000,150000,2,2
2017-12-02,10000065,25239,1500000,1500000,1500000,1,1
2017-12-02,10000065,25588,7947.38,7000.01,10000,38,16
2017-12-02,10000065,25589,2000.01,2000.01,2000.01,119,13
2017-12-02,10000065,25590,79905.47,79905.47,79905.47,265,38
2017-12-02,10000065,25591,150001,150001,150001,102,14
2017-12-02,10000065,25592,5064.62,5064.62,5064.62,166,27
2017-12-02,10000065,25593,5575.05,5575.05,5575.05,136,15
2017-12-02,10000065,25594,25018.01,25018.01,25018.01,426,49
2017-12-02,10000065,25595,15060.86,15010.86,15611.47,104,13
2017-12-02,10000065,25596,21776.69,21692.72,22500,79,23
2017-12-02,10000065,25597,2487.22,2487.1,2490,50,7
2017-12-02,10000065,25598,7950.04,7950.03,7950.04,668,35
2017-12-02,10000065,25599,866.54,864,1000.05,734,39
2017-12-02,10000065,25600,22560.02,22560.02,22560.02,852,42
2017-12-02,10000065,25601,3650.74,3625,3650.74,953,32
2017-12-02,10000065,25602,9600.06,9600.06,9600.06,57,4
2017-12-02,10000065,25603,18963.55,18963.55,18963.55,167,22
2017-12-02,10000065,25604,9288.01,9288.01,9288.01,30,11
2017-12-02,10000065,25605,10151.56,10151.56,10151.56,360,32
2017-12-02,10000065,25606,34663.98,34560.9,35334,15,2
2017-12-02,10000065,25614,219300.01,219300.01,219300.01,14,1
2017-12-02,10000065,25615,500000.22,500000.22,500000.22,4,1
2017-12-02,10000065,25618,13040,13040,13040,12,2
2017-12-02,10000065,25619,150000,150000,150000,8,1
2017-12-02,10000065,25620,18000,18000,18000,11,2
2017-12-02,10000065,25623,8500,8500,8500,3,1
2017-12-02,10000065,25718,5499990,5499990,5499990,1,1
2017-12-02,10000065,25739,450000,450000,450000,4,4
2017-12-02,10000065,25811,450000,450000,450000,3,3
2017-12-02,10000065,25861,72616.25,61835,82750,24,23
2017-12-02,10000065,25862,332640,332640,332640,1,1
2017-12-02,10000065,26252,60000,60000,60000,8,8
2017-12-02,10000065,26253,100000,100000,100000,3,3
2017-12-02,10000065,26254,20000,20000,20000,2,2
2017-12-02,10000065,26255,100000,100000,100000,3,3
2017-12-02,10000065,26256,100000,100000,100000,2,2
2017-12-02,10000065,26257,100000,100000,100000,2,2
2017-12-02,10000065,26258,100000,100000,100000,3,3
2017-12-02,10000065,26259,100000,100000,100000,1,1
2017-12-02,10000065,26260,100000,100000,100000,2,2
2017-12-02,10000065,26261,100000,100000,100000,1,1
2017-12-02,10000065,26929,171424.22,171424.22,171424.22,1,1
2017-12-02,10000065,27015,20000.19,20000,20010,52,52
2017-12-02,10000065,27309,10000000,10000000,10000000,1,1
2017-12-02,10000065,27345,3494.81,3494.81,3494.81,1000,1
2017-12-02,10000065,27371,1200,1200,1200,600,2
2017-12-02,10000065,27401,1900,1900,1900,6500,1
2017-12-02,10000065,27902,100000,100000,100000,2,2
2017-12-02,10000065,28164,4500000,4500000,4500000,1,1
2017-12-02,10000065,28209,1253217.87,140000,1531522.34,10,3
2017-12-02,10000065,28274,1000000,1000000,1000000,30,4
2017-12-02,10000065,28374,500000000,500000000,500000000,2,2
2017-12-02,10000065,28576,1050250,1050000,1050500,4,3
2017-12-02,10000065,28578,939199.6,850249.5,1295000,5,3
2017-12-02,10000065,28585,25000000,25000000,25000000,3,3
2017-12-02,10000065,28606,824999999.98,824999999.98,824999999.98,1,1
2017-12-02,10000065,28609,32000000,32000000,32000000,1,1
2017-12-02,10000065,28656,64000000,64000000,64000000,1,1
2017-12-02,10000065,28668,29000,29000,29000,449,5
2017-12-02,10000065,28756,38500000,38500000,38500000,1,1
2017-12-02,10000065,28879,1000000,1000000,1000000,1,1
2017-12-02,10000065,28880,5000000,5000000,5000000,1,1
2017-12-02,10000065,28999,13000,13000,13000,1,1
2017-12-02,10000065,29009,13000,13000,13000,1,1
2017-12-02,10000065,29248,417775.55,329999.99,517495,9,9
2017-12-02,10000065,29637,50000000,50000000,50000000,4,4
2017-12-02,10000065,29986,202396686.82,202396686.82,202396686.82,1,1
2017-12-02,10000065,30013,9449.96,9449.96,9449.96,299,18
2017-12-02,10000065,30028,74500,74000,75000,32,3
2017-12-02,10000065,30371,150,150,150,660,1
2017-12-02,10000065,30486,580833.33,535000,590000,24,4
2017-12-02,10000065,30488,480952.07,475554.82,485000,28,3
2017-12-02,10000065,30540,5000000,5000000,5000000,1,1
2017-12-02,10000065,30546,5000000,5000000,5000000,1,1
2017-12-02,10000065,30550,5000000,5000000,5000000,1,1
2017-12-02,10000065,30553,5000000,5000000,5000000,1,1
2017-12-02,10000065,30652,1500000,1500000,1500000,1,1
2017-12-02,10000065,30653,1500000,1500000,1500000,1,1
2017-12-02,10000065,30744,200000,200000,200000,6607,16
2017-12-02,10000065,30745,500000,500000,500000,5967,15
2017-12-02,10000065,30746,1500000,1500000,1500000,3121,14
2017-12-02,10000065,30747,5000000,5000000,5000000,1695,13
2017-12-02,10000065,30832,1500000,1500000,1500000,1,1
2017-12-02,10000065,30834,1571666.67,1557500,1600000,3,3
2017-12-02,10000065,30836,1658888.89,1540000,1777777.77,2,2
2017-12-02,10000065,30839,17958.33,100,26887.5,3,3
2017-12-02,10000065,30987,648000,648000,648000,4,2
2017-12-02,10000065,31009,663000,663000,663000,2,1
2017-12-02,10000065,31011,3600000,3600000,3600000,1,1
2017-12-02,10000065,31021,615000,615000,615000,1,1
2017-12-02,10000065,31023,2800000,2800000,2800000,1,1
2017-12-02,10000065,31033,675000,675000,675000,1,1
2017-12-02,10000065,31045,1072833.33,1072833.33,1072833.33,2,1
2017-12-02,10000065,31083,900000,900000,900000,2,1
2017-12-02,10000065,31105,383855.43,383855.43,383855.43,1,1
2017-12-02,10000065,31117,349841.18,222891,392157.9,4,2
2017-12-02,10000065,31119,1600000,1600000,1600000,2,1
2017-12-02,10000065,31171,3980061.68,3980061.68,3980061.68,2,1
2017-12-02,10000065,31201,214953.26,214953.26,214953.26,2,2
2017-12-02,10000065,31213,143225.88,143005.36,144990,9,6
2017-12-02,10000065,31238,142000,142000,142000,1,1
2017-12-02,10000065,31358,867375.8,853470,922999,5,5
2017-12-02,10000065,31361,750000,750000,750000,1,1
2017-12-02,10000065,31370,335939.36,307343.44,400000,10,8
2017-12-02,10000065,31372,1485744.22,1485744.22,1485744.22,4,2
2017-12-02,10000065,31396,790990,790990,790990,1,1
2017-12-02,10000065,31406,935000,935000,935000,3,1
2017-12-02,10000065,31442,317339.99,313500,319259.98,3,3
2017-12-02,10000065,31450,53000000,53000000,53000000,1,1
2017-12-02,10000065,31454,316793.03,279000,342799.95,7,6
2017-12-02,10000065,31478,750000,750000,750000,1,1
2017-12-02,10000065,31526,1500000,1500000,1500000,1,1
2017-12-02,10000065,31716,144497.98,103244.69,165124.62,3,3
2017-12-02,10000065,31718,441454.92,441454.92,441454.92,1,1
2017-12-02,10000065,31722,2799999.99,2799999.99,2799999.99,1,1
2017-12-02,10000065,31754,378450.22,378450.22,378450.22,2,2
2017-12-02,10000065,31766,107000,107000,107000,3,1
2017-12-02,10000065,31788,464133.32,459000,466699.99,6,3
2017-12-02,10000065,31790,3389919.58,3055597.92,3498000,5,3
2017-12-02,10000065,31998,100000,100000,100000,100,1
2017-12-02,10000065,32006,12115.36,12115.36,12115.36,50,1
2017-12-02,10000065,32035,1793330,1793330,1793330,1,1
2017-12-02,10000065,32780,1200000,1200000,1200000,1,1
2017-12-02,10000065,32787,42566.24,40799.14,75000,18,4
2017-12-02,10000065,32858,180000,180000,180000,1,1
2017-12-02,10000065,32874,2418000.81,2418000.81,2418000.81,1,1
2017-12-02,10000065,32876,861710.85,450000.01,1273421.69,2,2
2017-12-02,10000065,32880,174024.23,113000,195000,37,35
2017-12-02,10000065,32982,29986000,29986000,29986000,1,1
2017-12-02,10000065,32999,200000,200000,200000,1,1
2017-12-02,10000065,33000,200000,200000,200000,1,1
2017-12-02,10000065,33001,200000,200000,200000,1,1
2017-12-02,10000065,33002,200000,200000,200000,1,1
2017-12-02,10000065,33076,479995.26,450000,539985.78,3,3
2017-12-02,10000065,33078,1000000,1000000,1000000,5,5
2017-12-02,10000065,33091,82401.87,50000,88042.33,5,5
2017-12-02,10000065,33093,100000,100000,100000,4,4
2017-12-02,10000065,33095,1000000,1000000,1000000,5,5
2017-12-02,10000065,33096,1000000,1000000,1000000,1,1
2017-12-02,10000065,33097,1000000,1000000,1000000,3,3
2017-12-02,10000065,33140,27998654.11,25999994.99,28997983.67,3,2
2017-12-02,10000065,33141,26999998.89,26999998.88,26999998.92,6,2
2017-12-02,10000065,33176,125000,125000,125000,1,1
2017-12-02,10000065,33180,116900,112500,123500,5,5
2017-12-02,10000065,33195,1000,1000,1000,2,1
2017-12-02,10000065,33440,13500,13500,13500,1,1
2017-12-02,10000065,33467,3000000,3000000,3000000,3,3
2017-12-02,10000065,33468,68889999,68889999,68889999,1,1
2017-12-02,10000065,33474,2429332.33,2395999.08,2495998.83,3,3
2017-12-02,10000065,33475,8733333.5,8200000.51,9000000,3,3
2017-12-02,10000065,33571,32.07,32.07,32.07,200,1
2017-12-02,10000065,33572,11.1,11.1,11.1,200,1
2017-12-02,10000065,33573,11.08,11.08,11.08,200,1
2017-12-02,10000065,33699,100000,100000,100000,6,6
2017-12-02,10000065,33892,9999999.99,9999999.99,9999999.99,1,1
2017-12-02,10000065,33894,3490990,3490990,3490990,1,1
2017-12-02,10000065,34204,920000.06,920000.06,920000.06,2,2
2017-12-02,10000065,34205,335000.05,210000.09,460000,2,2
2017-12-02,10000065,34390,1000000,1000000,1000000,1,1
2017-12-02,10000065,34496,2500000,2500000,2500000,1,1
2017-12-02,10000065,35656,45666.67,15000,61000,6,5
2017-12-02,10000065,35657,12500,12500,12500,4,1
2017-12-02,10000065,35658,36275,1500,60000,12,10
2017-12-02,10000065,35659,19599.01,501.04,95990.9,5,3
2017-12-02,10000065,35660,501.04,501.04,501.04,4,2
2017-12-02,10000065,35661,26000,26000,26000,2,1
2017-12-02,10000065,35662,119166.67,13000,650000,6,2
2017-12-02,10000065,35680,500507.78,1015.56,1000000,2,2
2017-12-02,10000065,35790,1750500,1750500,1750500,1,1
2017-12-02,10000065,37610,750000,750000,750000,1,1
2017-12-02,10000065,37611,600000,600000,600000,1,1
2017-12-02,10000065,37796,5000000,5000000,5000000,1,1
2017-12-02,10000065,37797,5000000,5000000,5000000,1,1
2017-12-02,10000065,37798,5000000,5000000,5000000,1,1
2017-12-02,10000065,37799,5000000,5000000,5000000,1,1
2017-12-02,10000065,37816,2000,2000,2000,1,1
2017-12-02,10000065,37817,2000,2000,2000,1,1
2017-12-02,10000065,37880,10,10,10,1,1
2017-12-02,10000065,37881,100000.04,100000.04,100000.04,1,1
2017-12-02,10000065,37882,10,10,10,1,1
2017-12-02,10000065,37883,100000.01,100000.01,100000.01,1,1
2017-12-02,10000065,37889,10,10,10,1,1
2017-12-02,10000065,37892,10,10,10,1,1
2017-12-02,10000065,37893,10,10,10,1,1
2017-12-02,10000065,37894,10,10,10,1,1
2017-12-02,10000065,37895,10,10,10,1,1
2017-12-02,10000065,37896,10,10,10,1,1
2017-12-02,10000065,40519,371889363.47,300068090.4,407800000,3,3
2017-12-02,10000065,40520,795011154.69,747848999.99,797800000,13,11
2017-12-02,10000065,41034,190000.91,190000.91,190000.91,5,3
2017-12-02,10000065,41054,300000,300000,300000,1,1
2017-12-02,10000065,41055,300000,300000,300000,1,1
2017-12-02,10000065,41056,140000,140000,140000,1,1
2017-12-02,10000065,41537,250000000,250000000,250000000,1,1
2017-12-02,10000065,42528,1000000,1000000,1000000,3,1
2017-12-02,10000065,42829,735,735,735,1501,2
2017-12-02,10000065,42830,800,800,800,4501,3
2017-12-02,10000065,42831,735,735,735,1501,2
2017-12-02,10000065,43699,250000,100000,399999.99,10,2
2017-12-02,10000065,43702,80000,80000,80000,1,1
2017-12-02,10000065,44067,250000000,250000000,250000000,1,1
2017-12-02,10000065,44992,3215852,3213019.43,3220000.01,4932,19
2017-12-02,10000065,45635,174133333.33,172800000,174800000,6,3
2017-12-02,10000065,45746,1000000,1000000,1000000,2,2
2017-12-02,10000065,45748,5000000,5000000,5000000,1,1
2017-12-02,10000065,45749,25000000,25000000,25000000,2,2
2017-12-02,10000065,45750,15000000,15000000,15000000,2,2
2017-12-02,10000065,45888,173000,173000,173000,1,1
2017-12-02,10000065,46152,10000000,10000000,10000000,2,1
2017-12-02,10000065,46153,15000000,15000000,15000000,2,1
2017-12-02,10000065,46154,20000000,20000000,20000000,2,1
2017-12-02,10000065,46155,25000000,25000000,25000000,2,1
2017-12-02,10000065,46156,30000000,30000000,30000000,2,1
2017-12-02,10000066,34,4.8,4.8,4.8,86559848,23
2017-12-02,10000066,35,5.01,5.01,5.01,18441181,6
2017-12-02,10000066,36,74,74,74,3672002,5
2017-12-02,10000066,37,48,48,48,643178,3
2017-12-02,10000066,38,370,370,390,608330,5
2017-12-02,10000066,39,852.17,852.17,852.17,92088,3
2017-12-02,10000066,40,1033.96,1033.96,1033.96,304449,4
2017-12-02,10000066,202,320,320,320,10000,1
2017-12-02,10000066,204,190,190,190,50000,1
2017-12-02,10000066,209,69.99,69.99,69.99,20000,1
2017-12-02,10000066,211,18,18,18,18000,1
2017-12-02,10000066,212,40,40,40,5000,1
2017-12-02,10000066,215,5.6,5.6,5.6,5000,1
2017-12-02,10000066,247,33960.47,33960.47,33960.47,12,1
2017-12-02,10000066,251,33960.47,33960.47,33960.47,12,1
2017-12-02,10000066,377,30000,30000,30000,2,1
2017-12-02,10000066,380,948399.45,948399.45,948399.45,1,1
2017-12-02,10000066,434,54999.87,54999.73,55000,2,2
2017-12-02,10000066,438,3399999.99,3399999.99,3399999.99,4,3
2017-12-02,10000066,439,20000,20000,20000,1,1
2017-12-02,10000066,440,5249999.98,5249999.98,5249999.98,1,1
2017-12-02,10000066,448,2063658.79,1718294.04,2149999.98,5,5
2017-12-02,10000066,482,1299999.99,1299999.99,1299999.99,2,1
2017-12-02,10000066,499,7498,7498,7498,1,1
2017-12-02,10000066,519,1340397.6,1340397.6,1340397.6,4,1
2017-12-02,10000066,526,45000,45000,45000,1,1
2017-12-02,10000066,527,1025769.18,1025769.18,1025769.18,1,1
2017-12-02,10000066,584,460000,460000,460000,7,2
2017-12-02,10000066,585,375000,375000,375000,1,1
2017-12-02,10000066,592,500000,500000,500000,1,1
2017-12-02,10000066,593,495714.29,490000,500000,7,6
2017-12-02,10000066,594,500000,500000,500000,1,1
2017-12-02,10000066,597,400000,400000,400000,1,1
2017-12-02,10000066,605,321190.48,321190.48,321190.48,1,1
2017-12-02,10000066,607,425000,425000,425000,15,1
2017-12-02,10000066,608,450000,450000,450000,2,2
2017-12-02,10000066,609,450000,450000,450000,1,1
2017-12-02,10000066,645,175000000,175000000,175000000,1,1
2017-12-02,10000066,655,1235734.97,1235734.97,1235734.97,1,1
2017-12-02,10000066,657,1868261.74,1832101.96,1938235.72,5,5
2017-12-02,10000066,1195,54998,54998,54998,7,3
2017-12-02,10000066,1248,1399999,1399999,1399999,2,1
2017-12-02,10000066,1306,499999.66,450000,599998.99,3,2
2017-12-02,10000066,1319,984439.07,879999,1266402.78,31,11
2017-12-02,10000066,1403,26000,26000,26000,3,1
2017-12-02,10000066,1405,760038.32,757449.89,776863.11,15,8
2017-12-02,10000066,1422,1099998,1099998,1099998,1,1
2017-12-02,10000066,1447,899999,899999,899999,6,1
2017-12-02,10000066,1978,1654782,1654782,1654782,1,1
2017-12-02,10000066,1999,1500000,1500000,1500000,2,1
2017-12-02,10000066,2032,720309.31,720309.31,720309.31,6,2
2017-12-02,10000066,2038,1299999.98,1299999.98,1299999.98,1,1
2017-12-02,10000066,2046,14500,14500,14500,2,2
2017-12-02,10000066,2048,617252.57,500000,649999.99,12,11
2017-12-02,10000066,2175,1420000,1420000,1420000,11,3
2017-12-02,10000066,2185,1268997.63,1268997.63,1268997.63,2,1
2017-12-02,10000066,2195,2095597.41,2000000,2884276,37,5
2017-12-02,10000066,2205,593750,500000,650000,24,4
2017-12-02,10000066,2254,1199999.97,1199999.97,1199999.97,1,1
2017-12-02,10000066,2281,3226923.07,3200000,3249999.99,13,8
2017-12-02,10000066,2299,2023998.99,2023998.99,2023998.99,2,1
2017-12-02,10000066,2301,2849999.99,2849999.99,2849999.99,1,1
2017-12-02,10000066,2364,1499999.99,1499999.99,1499999.99,5,2
2017-12-02,10000066,2393,362,362,362,235353,2
2017-12-02,10000066,2398,430,430,430,46260,1
2017-12-02,10000066,2404,1708008.12,1708008.12,1708008.12,3,1
2017-12-02,10000066,2454,9999,9999,9999,5,1
2017-12-02,10000066,2456,454788,454788,454788,33,5
2017-12-02,10000066,2486,46913.78,46913.78,46913.78,3,1
2017-12-02,10000066,2488,480000,480000,480000,25,3
2017-12-02,10000066,2524,899995,899995,899995,1,1
2017-12-02,10000066,2533,200000,200000,200000,1,1
2017-12-02,10000066,2534,880000.01,880000.01,880000.01,1,1
2017-12-02,10000066,2549,899995,899995,899995,1,1
2017-12-02,10000066,2550,1199999.99,1199999.99,1199999.99,1,1
2017-12-02,10000066,2551,1199999.96,1199999.96,1199999.96,2,2
2017-12-02,10000066,2553,1292203.11,1200000,1384406.21,2,2
2017-12-02,10000066,2605,462499.99,350000,574999.98,10,4
2017-12-02,10000066,2621,500,500,500,80000,1
2017-12-02,10000066,2629,560,560,560,50000,1
2017-12-02,10000066,2873,1095651.3,1095651.3,1095651.3,1,1
2017-12-02,10000066,2998,60000000,60000000,60000000,1,1
2017-12-02,10000066,3017,1199999.99,1199999.99,1199999.99,3,1
2017-12-02,10000066,3057,7999999,7999999,7999999,4,1
2017-12-02,10000066,3082,2590000,2590000,2590000,5,1
2017-12-02,10000066,3146,2399998.97,2399998.97,2399998.97,6,1
2017-12-02,10000066,3162,699999.99,699999.99,699999.99,3,1
2017-12-02,10000066,3244,1807910.76,1673732.31,1874999.98,3,3
2017-12-02,10000066,3265,7500000,7500000,7500000,4,1
2017-12-02,10000066,3330,100000,100000,100000,1,1
2017-12-02,10000066,3332,5000000,5000000,5000000,1,1
2017-12-02,10000066,3334,2000000,2000000,2000000,1,1
2017-12-02,10000066,3410,950000,950000,950000,1,1
2017-12-02,10000066,3504,2799999.96,2799999.96,2799999.96,1,1
2017-12-02,10000066,3520,2233333,2200000,2299999,6,2
2017-12-02,10000066,3540,2000000,2000000,2000000,1,1
2017-12-02,10000066,3542,461200000,461200000,461200000,1,1
2017-12-02,10000066,3568,1000000,1000000,1000000,1,1
2017-12-02,10000066,3831,1439998.92,1439998.91,1439998.93,2,2
2017-12-02,10000066,3841,1328160.5,1224354.76,1396837.21,10,5
2017-12-02,10000066,4025,130000,130000,130000,6,2
2017-12-02,10000066,4027,200000,200000,200000,3,2
2017-12-02,10000066,4051,22000,22000,22000,1000,1
2017-12-02,10000066,4246,20200,20200,20200,59434,1
2017-12-02,10000066,4247,22000,22000,22000,1000,2
2017-12-02,10000066,4250,2959998.99,2959998.99,2959998.99,3,1
2017-12-02,10000066,4258,2499998.99,2499998.99,2499998.99,1,1
2017-12-02,10000066,4312,20308.84,20308.84,20308.84,2000,1
2017-12-02,10000066,4393,80933.08,80933.08,80933.08,1,1
2017-12-02,10000066,4403,716666.64,350000,899999.96,3,3
2017-12-02,10000066,4405,1550000,1549999.99,1550000,11,6
2017-12-02,10000066,4435,149999.98,149999.98,149999.98,5,1
2017-12-02,10000066,4471,49999.98,49999.98,49999.98,9,2
2017-12-02,10000066,4533,399998,399998,399998,1,1
2017-12-02,10000066,5399,84635.95,83181.81,84999.49,5,5
2017-12-02,10000066,5445,35000,35000,35000,3,2
2017-12-02,10000066,5649,149999.99,149999.99,149999.99,2,1
2017-12-02,10000066,5839,1595000.94,1595000.94,1595000.94,1,1
2017-12-02,10000066,5945,499999.96,499999.96,499999.96,1,1
2017-12-02,10000066,5971,66333.32,49999.98,98999.99,3,3
2017-12-02,10000066,5973,508149.53,500000,524448.6,3,3
2017-12-02,10000066,5975,37999.99,37999.99,37999.99,1,1
2017-12-02,10000066,6001,64997.99,64997.99,64997.99,1,1
2017-12-02,10000066,6003,144999.99,144999.99,144999.99,6,1
2017-12-02,10000066,6005,49999.99,49999.99,49999.99,1,1
2017-12-02,10000066,6173,50000,50000,50000,1,1
2017-12-02,10000066,7287,800000,800000,800000,2,1
2017-12-02,10000066,8089,414997.81,414997.81,414997.81,3,1
2017-12-02,10000066,8105,2099999.94,2099999.94,2099999.94,10,1
2017-12-02,10000066,8225,74999.99,74999.99,74999.99,2,1
2017-12-02,10000066,8263,17540,17540,17540,18,3
2017-12-02,10000066,8517,3867017.5,3867017.5,3867017.5,2,1
2017-12-02,10000066,8521,599999.98,599999.98,599999.98,1,1
2017-12-02,10000066,8529,160000,150000,199999.99,5,2
2017-12-02,10000066,8748,59999.98,59999.98,59999.98,1,1
2017-12-02,10000066,9632,400000,400000,400000,27,2
2017-12-02,10000066,9646,299998.99,299998.99,299998.99,18,1
2017-12-02,10000066,9836,9820,9820,9820,6710,2
2017-12-02,10000066,9899,13900000,13900000,13900000,1,1
2017-12-02,10000066,9941,13900000,13900000,13900000,1,1
2017-12-02,10000066,9942,13984615.38,13984615.38,13984615.38,1,1
2017-12-02,10000066,9943,14900000,14900000,14900000,1,1
2017-12-02,10000066,9950,3499999.85,3499999.85,3499999.85,2,1
2017-12-02,10000066,9956,12666666.67,12666666.67,12666666.67,1,1
2017-12-02,10000066,10190,1410000,1410000,1410000,1,1
2017-12-02,10000066,10208,25000000,25000000,25000000,1,1
2017-12-02,10000066,10212,29000000,29000000,29000000,1,1
2017-12-02,10000066,10216,25000000,25000000,25000000,1,1
2017-12-02,10000066,10221,25000000,25000000,25000000,1,1
2017-12-02,10000066,10246,20000,20000,20000,20,2
2017-12-02,10000066,10250,1500000,1500000,1500000,19,4
2017-12-02,10000066,10631,499999.92,499999.92,499999.92,5,1
2017-12-02,10000066,10678,20000,20000,20000,2,1
2017-12-02,10000066,10680,1499999,1499999,1499999,5,2
2017-12-02,10000066,10694,399998.99,399998.99,399998.99,2,1
2017-12-02,10000066,10858,1899998.99,1899998.99,1899998.99,1,1
2017-12-02,10000066,10998,64826.12,49999.97,79652.26,2,2
2017-12-02,10000066,11105,500000,500000,500000,1,1
2017-12-02,10000066,11129,29000,29000,29000,5,3
2017-12-02,10000066,11172,39999999.99,39999999.99,39999999.99,4,1
2017-12-02,10000066,11176,39950000,39950000,39950000,1,1
2017-12-02,10000066,11200,40000000,40000000,40000000,1,1
2017-12-02,10000066,11269,1064911.2,1064911.2,1064911.2,7,5
2017-12-02,10000066,11311,399998,399998,399998,1,1
2017-12-02,10000066,11325,800000,800000,800000,1,1
2017-12-02,10000066,11370,1866665.83,1699995,1899999.99,6,6
2017-12-02,10000066,11399,9982.8,8778.84,10000,71,2
2017-12-02,10000066,11489,102750,102750,102750,1,1
2017-12-02,10000066,11578,7466107.88,6799999.99,7499999.99,11,5
2017-12-02,10000066,11579,4999999.99,4999999.99,4999999.99,2,2
2017-12-02,10000066,11640,847692.3,847692.3,847692.3,1,1
2017-12-02,10000066,12038,41799999.99,41799999.99,41799999.99,1,1
2017-12-02,10000066,12058,3470573.01,3267948.41,3673197.6,2,2
2017-12-02,10000066,12271,7499999.99,7499999.99,7499999.99,1,1
2017-12-02,10000066,12484,3500000,3500000,3500000,1,1
2017-12-02,10000066,12563,124998.45,124998.45,124998.45,9,1
2017-12-02,10000066,12565,99999.99,99999.99,99999.99,9,1
2017-12-02,10000066,12608,276.8,276.8,276.8,10000,1
2017-12-02,10000066,12612,100,100,100,5000,2
2017-12-02,10000066,12614,43.2,43.2,43.2,5000,1
2017-12-02,10000066,12620,56.4,56.4,56.4,4500,2
2017-12-02,10000066,12789,269,269,269,2000,1
2017-12-02,10000066,13001,2800000,2800000,2800000,6,1
2017-12-02,10000066,13003,2799999.98,2799999.98,2799999.98,2,2
2017-12-02,10000066,13216,23316666.65,23000000,23949999.95,3,2
2017-12-02,10000066,15681,110000000,110000000,110000000,1,1
2017-12-02,10000066,16272,470,470,470,284000,2
2017-12-02,10000066,16273,22.48,22.48,22.48,384034,19
2017-12-02,10000066,16275,2500,2500,2500,2000,2
2017-12-02,10000066,16278,2800000,2800000,2800000,4,1
2017-12-02,10000066,16303,350000,350000,350000,7,2
2017-12-02,10000066,16638,4000,4000,4000,391,1
2017-12-02,10000066,16643,9800,9800,9800,203,1
2017-12-02,10000066,17366,100001,100001,100001,2,1
2017-12-02,10000066,17478,20000000,20000000,20000000,1,1
2017-12-02,10000066,17482,2299999.99,2299999.99,2299999.99,4,1
2017-12-02,10000066,17715,245309747.63,240000000,247964621.45,3,3
2017-12-02,10000066,17736,425000000,425000000,425000000,1,1
2017-12-02,10000066,17887,1600,1600,1600,59306,5
2017-12-02,10000066,17888,1000,1000,1000,54600,7
2017-12-02,10000066,17889,975,975,975,200000,3
2017-12-02,10000066,17938,77000,20000,80000,20,5
2017-12-02,10000066,17940,1500000,1500000,1500000,1,1
2017-12-02,10000066,18594,750000,750000,750000,10,1
2017-12-02,10000066,18596,533664.45,533664.45,533664.45,3,2
2017-12-02,10000066,18604,325000,325000,325000,5,2
2017-12-02,10000066,18624,726578.95,726578.95,726578.95,4,1
2017-12-02,10000066,19198,600000000,600000000,600000000,1,1
2017-12-02,10000066,19719,33000000,33000000,33000000,1,1
2017-12-02,10000066,20347,1299998.99,1299998.99,1299998.99,1,1
2017-12-02,10000066,20701,54500000,54500000,54500000,1,1
2017-12-02,10000066,20703,73999999.99,73999999.99,73999999.99,1,1
2017-12-02,10000066,21096,2109131.87,2099999.99,2250676.02,33,13
2017-12-02,10000066,21640,1192730.76,1192730.76,1192730.76,2,1
2017-12-02,10000066,21815,7053260.36,4500001,8102431.53,31,3
2017-12-02,10000066,21896,990,990,990,96000,2
2017-12-02,10000066,21922,749,749,749,5000,1
2017-12-02,10000066,22177,850999.99,850999.99,850999.99,1,1
2017-12-02,10000066,22291,1290000,1290000,1290000,18,1
2017-12-02,10000066,22544,255000000.45,255000000.45,255000000.45,1,1
2017-12-02,10000066,23009,579.66,579.66,579.66,6960,3
2017-12-02,10000066,23011,655,655,655,1160,2
2017-12-02,10000066,23025,1000,1000,1000,4740,1
2017-12-02,10000066,23031,700,700,700,1000,1
2017-12-02,10000066,23055,3517932.5,3517932.5,3517932.5,5,1
2017-12-02,10000066,23527,345014.13,280000,366685.5,4,3
2017-12-02,10000066,23707,12400,12400,12400,3,1
2017-12-02,10000066,24242,2000000,2000000,2000000,1,1
2017-12-02,10000066,24348,1769999,1769999,1769999,2,2
2017-12-02,10000066,24395,600000,600000,600000,1,1
2017-12-02,10000066,24417,1643849.07,1600000,1782274.76,4,4
2017-12-02,10000066,24427,1690500,1525000,1855999.99,4,4
2017-12-02,10000066,24438,1483333.33,1450000,1500000,3,3
2017-12-02,10000066,24443,2000000,2000000,2000000,2,1
2017-12-02,10000066,24499,189.99,189.99,189.99,3500,1
2017-12-02,10000066,24523,2749,2749,2749,10000,1
2017-12-02,10000066,24696,40000000,40000000,40000000,1,1
2017-12-02,10000066,25590,85000,85000,85000,14,1
2017-12-02,10000066,25591,200000,200000,200000,10,1
2017-12-02,10000066,25592,7500,7500,7500,9,1
2017-12-02,10000066,25593,5500,5500,5500,8,1
2017-12-02,10000066,25594,35000,35000,35000,10,1
2017-12-02,10000066,25598,9000,9000,9000,129,1
2017-12-02,10000066,25599,1400,1400,1400,103,1
2017-12-02,10000066,25601,6500,6500,6500,86,1
2017-12-02,10000066,25602,16500,16500,16500,34,2
2017-12-02,10000066,25604,10000,10000,10000,5,1
2017-12-02,10000066,25605,34000,34000,34000,6,1
2017-12-02,10000066,25861,168180.91,100000,249998,11,4
2017-12-02,10000066,25888,12000000,12000000,12000000,1,1
2017-12-02,10000066,25892,11500000,11500000,11500000,1,1
2017-12-02,10000066,25898,16000000,16000000,16000000,2,2
2017-12-02,10000066,26436,21000000,21000000,21000000,1,1
2017-12-02,10000066,26912,2499998,2499998,2499998,3,1
2017-12-02,10000066,26929,223999.98,223999.98,223999.98,12,2
2017-12-02,10000066,27361,934.13,934.13,934.13,960,1
2017-12-02,10000066,27371,1130,1130,1130,8500,1
2017-12-02,10000066,27387,1199.99,1199.99,1199.99,600,1
2017-12-02,10000066,27912,1678798.8,1678798.8,1678798.8,22,2
2017-12-02,10000066,27914,2499998,2499998,2499998,2,2
2017-12-02,10000066,28211,1000000,1000000,1000000,4,1
2017-12-02,10000066,28213,1424803.1,1366838,1499999.98,11,3
2017-12-02,10000066,28262,380399,380399,380399,10,2
2017-12-02,10000066,28361,5000,5000,5000,46,1
2017-12-02,10000066,28362,95000,95000,95000,27,1
2017-12-02,10000066,28363,120000,120000,120000,26,1
2017-12-02,10000066,28364,20000,20000,20000,12,1
2017-12-02,10000066,28366,1650000.01,1650000.01,1650000.01,13,1
2017-12-02,10000066,28420,335000,335000,335000,447,1
2017-12-02,10000066,28576,1100863.04,1050000,1202589.12,3,2
2017-12-02,10000066,28578,1299999.99,1299999.99,1299999.99,3,1
2017-12-02,10000066,28646,6000000,6000000,6000000,4,1
2017-12-02,10000066,28668,27500,27500,27500,3726,12
2017-12-02,10000066,28999,10666.67,10000,12000,3,3
2017-12-02,10000066,29001,11500,11000,12000,8,6
2017-12-02,10000066,29009,12000,12000,12000,1,1
2017-12-02,10000066,29011,14999,14999,14999,1,1
2017-12-02,10000066,30013,7680,7100,10000,40,4
2017-12-02,10000066,30486,650000,650000,650000,8,1
2017-12-02,10000066,30488,623333.33,574999.99,720000,12,2
2017-12-02,10000066,30832,2499999.88,2499999.88,2499999.88,1,1
2017-12-02,10000066,30834,1849999.5,1600000,2099999,4,4
2017-12-02,10000066,30987,749999.99,749999.99,749999.99,3,1
2017-12-02,10000066,31045,836363.63,754545.45,1000000,6,4
2017-12-02,10000066,31063,1000000,1000000,1000000,1,1
2017-12-02,10000066,31083,1299999,1299999,1299999,2,1
2017-12-02,10000066,31085,5770782.29,5770782.29,5770782.29,2,1
2017-12-02,10000066,31111,4239999.98,4199999.98,4440000,6,2
2017-12-02,10000066,31119,2100000,2100000,2100000,3,1
2017-12-02,10000066,31159,844116.61,844116.61,844116.61,10,1
2017-12-02,10000066,31171,5055555.56,5000000,5250000.02,9,4
2017-12-02,10000066,31201,199999,199999,199999,1,1
2017-12-02,10000066,31213,250000,250000,250000,1,1
2017-12-02,10000066,31238,179888.86,179888.86,179888.86,2,1
2017-12-02,10000066,31358,849999.98,849999.98,849999.98,3,2
2017-12-02,10000066,31360,3999997.98,3999997.98,3999997.98,10,2
2017-12-02,10000066,31366,25000000.03,25000000.03,25000000.03,7,1
2017-12-02,10000066,31370,300000,300000,300000,6,3
2017-12-02,10000066,31372,1560571.42,1550000,1586999.97,7,4
2017-12-02,10000066,31622,2200000,2200000,2200000,1,1
2017-12-02,10000066,31718,700000,700000,700000,2,2
2017-12-02,10000066,31722,2669989.95,2669989.95,2669989.95,1,1
2017-12-02,10000066,31724,4500000,4500000,4500000,1,1
2017-12-02,10000066,31730,424999,424999,424999,12,1
2017-12-02,10000066,31754,699999.99,699999.99,699999.99,1,1
2017-12-02,10000066,31766,350000,350000,350000,10,1
2017-12-02,10000066,31788,750000,750000,750000,3,1
2017-12-02,10000066,31790,2947619.05,1800000,3500000,21,8
2017-12-02,10000066,31794,6500000,6500000,6500000,2,1
2017-12-02,10000066,31796,28135897.41,24499999.97,29953846.15,9,5
2017-12-02,10000066,31802,1999898.79,1999898.79,1999898.79,3,2
2017-12-02,10000066,31818,1700000,1700000,1700000,1,1
2017-12-02,10000066,31866,4387407.4,4387407.4,4387407.4,2,1
2017-12-02,10000066,31868,4999999.99,4999999.99,4999999.99,3,2
2017-12-02,10000066,31870,5500000,5500000,5500000,4,1
2017-12-02,10000066,32006,119999.96,119999.95,120000,71,4
2017-12-02,10000066,32226,125000000,125000000,125000000,1,1
2017-12-02,10000066,32780,1449999.99,1449999.99,1449999.99,1,1
2017-12-02,10000066,32872,2700000,2700000,2700000,1,1
2017-12-02,10000066,33003,110000,110000,110000,2,1
2017-12-02,10000066,33076,399999.99,399999.99,399999.99,3,2
2017-12-02,10000066,33093,3000000,3000000,3000000,1,1
2017-12-02,10000066,33103,539999.99,539999.99,539999.99,1,1
2017-12-02,10000066,33180,199998.97,199998.97,199998.97,2,1
2017-12-02,10000066,33474,2399999,2399999,2399999,4,4
2017-12-02,10000066,33475,9133826.88,8500000,9300000,12,7
2017-12-02,10000066,33618,40000000,40000000,40000000,1,1
2017-12-02,10000066,33681,108999999.99,108999999.99,108999999.99,1,1
2017-12-02,10000066,33824,1699999.98,1699999.98,1699999.98,1,1
2017-12-02,10000066,33828,30000000,30000000,30000000,1,1
2017-12-02,10000066,33844,105800000.01,105800000.01,105800000.01,1,1
2017-12-02,10000066,33890,999999.98,999999.98,999999.98,9,3
2017-12-02,10000066,34266,300000,300000,300000,10,1
2017-12-02,10000066,34593,19197596.4,19197596.4,19197596.4,6,2
2017-12-02,10000066,35657,1169540.48,255761.13,1474133.6,4,2
2017-12-02,10000066,35658,342527.02,342527.02,342527.02,1,1
2017-12-02,10000066,35659,99999.99,99999.99,99999.99,2,2
2017-12-02,10000066,35661,649999.97,649999.97,649999.97,1,1
2017-12-02,10000066,35790,1699998.81,1699998.81,1699998.81,10,1
2017-12-02,10000066,35794,28652.78,26633.47,29998.99,10,2
2017-12-02,10000066,35795,17998,17998,17998,7,2
2017-12-02,10000066,35899,73999999.84,73999999.84,73999999.84,1,1
2017-12-02,10000066,36910,10000000,10000000,10000000,2,2
2017-12-02,10000066,37135,25000000,25000000,25000000,1,1
2017-12-02,10000066,40357,176800000.02,176800000.02,176800000.02,2,1
2017-12-02,10000066,40358,2372772,2000235.8,2496950.73,40,3
2017-12-02,10000066,40361,2100000,2100000,2100000,58,3
2017-12-02,10000066,40556,12999999,12999999,12999999,20,1
2017-12-02,10000066,40558,11000000,11000000,11000000,27,2
2017-12-02,10000066,40559,9955357.14,9950000,9968750,42,4
2017-12-02,10000066,40560,31500000,31500000,31500000,6,1
2017-12-02,10000066,41057,5299999.99,5299999.99,5299999.99,1,1
2017-12-02,10000066,41411,44000000,44000000,44000000,1,1
2017-12-02,10000066,41415,160000000,160000000,160000000,3,1
2017-12-02,10000066,41489,8965.61,8965.61,8965.61,50,1
2017-12-02,10000066,42829,700,700,700,2000,1
2017-12-02,10000066,42830,1200,1200,1200,2000,1
2017-12-02,10000066,42835,1348.98,1348.98,1348.98,1000,1
2017-12-02,10000066,42836,828,828,828,1000,1
2017-12-02,10000066,42837,1100,1100,1100,1000,1
2017-12-02,10000066,43551,4800000,4800000,4800000,1,1
2017-12-02,10000066,43554,4999999,4999999,4999999,4,1
2017-12-02,10000066,45482,5000000,5000000,5000000,1,1
2017-12-02,10000066,45748,7500000,7500000,7500000,2,2
2017-12-02,10000066,46355,299999.99,299999.99,299999.99,20,1
2017-12-02,10000066,46365,299999.99,299999.99,299999.99,20,1
2017-12-02,10000066,46367,299999.99,299999.99,299999.99,20,1
2017-12-02,10000066,46368,1359375,1359375,1359375,3,1
2017-12-02,10000066,46369,349999.99,349999.99,349999.99,20,1
2017-12-02,10000066,46371,299999.99,299999.99,299999.99,20,1
2017-12-02,10000067,18,2,2,2,555,2
2017-12-02,10000067,20,182,182,182,2423960,99
2017-12-02,10000067,34,4.89,4.89,4.89,139704716,93
2017-12-02,10000067,35,4.39,4.39,4.77,4230662,57
2017-12-02,10000067,36,63.1,63.1,64,3621086,67
2017-12-02,10000067,37,43.3,43.3,46,537646,46
2017-12-02,10000067,38,330,275,350,100720,45
2017-12-02,10000067,39,1400,1400,1400,68255,34
2017-12-02,10000067,40,1720,1720,1794.29,15107,32
2017-12-02,10000067,43,310.01,310.01,310.01,112918,6
2017-12-02,10000067,44,7000.31,7000.31,7000.31,429,3
2017-12-02,10000067,181,0.01,0.01,0.01,500,3
2017-12-02,10000067,184,19.83,19.83,19.83,10500,5
2017-12-02,10000067,185,23.5,23.5,23.5,10400,5
2017-12-02,10000067,188,18,18,18,200,2
2017-12-02,10000067,189,44.8,44.8,44.8,5200,2
2017-12-02,10000067,190,43,43,43,15000,2
2017-12-02,10000067,191,42.01,42.01,42.01,10000,1
2017-12-02,10000067,192,36.27,1.02,71.51,200,2
2017-12-02,10000067,193,79.8,79.8,79.8,14400,6
2017-12-02,10000067,199,161,161,161,20000,1
2017-12-02,10000067,200,220,220,220,20300,4
2017-12-02,10000067,201,0.03,0.03,0.03,100,1
2017-12-02,10000067,202,317,317,317,2400,4
2017-12-02,10000067,204,198.99,198.99,198.99,11600,3
2017-12-02,10000067,205,144.98,144.98,144.98,1200,3
2017-12-02,10000067,206,80,80,80,5200,6
2017-12-02,10000067,207,59.99,59,64,9336,11
2017-12-02,10000067,208,69.98,69.98,69.99,6700,9
2017-12-02,10000067,209,59.96,59.96,59.96,38279,17
2017-12-02,10000067,210,10,10,10,7128,11
2017-12-02,10000067,211,20,18,23,5700,13
2017-12-02,10000067,212,0.17,0.17,0.17,33180,12
2017-12-02,10000067,213,13.4,13.4,13.4,12253,8
2017-12-02,10000067,215,6.99,6.99,6.99,6000,2
2017-12-02,10000067,216,14.99,14.99,14.99,51355,6
2017-12-02,10000067,217,0.02,0.02,0.02,4496,7
2017-12-02,10000067,218,15,15,15,7450,10
2017-12-02,10000067,221,9.48,9.48,9.48,3200,3
2017-12-02,10000067,222,17,16.95,19.5,78348,29
2017-12-02,10000067,223,60,60,60,10100,2
2017-12-02,10000067,224,39.69,39.69,39.69,10300,4
2017-12-02,10000067,225,0.03,0.03,0.03,600,5
2017-12-02,10000067,226,36.99,36.99,36.99,25480,7
2017-12-02,10000067,227,70.5,70.5,70.5,12500,7
2017-12-02,10000067,228,64.47,64.47,64.47,10700,7
2017-12-02,10000067,229,40,40,40,20000,1
2017-12-02,10000067,230,79.99,73.5,99,78294,23
2017-12-02,10000067,232,0.5,0.5,0.5,200,2
2017-12-02,10000067,233,79,79,79,6000,2
2017-12-02,10000067,234,0.03,0.03,0.03,100,1
2017-12-02,10000067,235,8,8,8,300,2
2017-12-02,10000067,238,168,168,168,32444,4
2017-12-02,10000067,240,7.51,5.01,10.01,2,2
2017-12-02,10000067,241,234.17,7.51,687.5,6,5
2017-12-02,10000067,242,10,10,10,3,2
2017-12-02,10000067,243,250.83,5,300,6,2
2017-12-02,10000067,244,50.5,50.5,50.5,2,1
2017-12-02,10000067,246,5,5,5,1,1
2017-12-02,10000067,247,7880.91,110.89,10000,14,4
2017-12-02,10000067,251,55.55,55.55,55.55,1,1
2017-12-02,10000067,252,55.55,55.55,55.55,1,1
2017-12-02,10000067,253,110.01,110.01,110.01,3,2
2017-12-02,10000067,254,30486.05,29750,34902.33,7,2
2017-12-02,10000067,259,2002.07,2002.07,2002.07,1,1
2017-12-02,10000067,260,5000.7,5000.7,5000.7,1,1
2017-12-02,10000067,262,169975.75,169975.75,169975.75,4,1
2017-12-02,10000067,263,296.75,296.75,296.75,214,3
2017-12-02,10000067,266,0.13,0.13,0.13,700,1
2017-12-02,10000067,267,189.97,189.97,189.97,10000,1
2017-12-02,10000067,269,0.02,0.02,0.02,100,1
2017-12-02,10000067,377,15500,15500,15500,2,2
2017-12-02,10000067,380,499580,498000,501950,5,2
2017-12-02,10000067,393,25000,25000,25000,1,1
2017-12-02,10000067,394,415330.55,300000,472995.83,3,3
2017-12-02,10000067,399,16564.54,14999.99,19693.64,3,2
2017-12-02,10000067,400,355687.67,158000,729995.71,7,5
2017-12-02,10000067,434,61570,60000,67850,5,5
2017-12-02,10000067,438,3935138.97,3929851.8,3951000.49,4,4
2017-12-02,10000067,439,11625,11000,14999.99,4,4
2017-12-02,10000067,440,2931617.5,605000,5258235,4,3
2017-12-02,10000067,444,9204.99,7700,11000,9,8
2017-12-02,10000067,447,75000.01,75000.01,75000.01,1,1
2017-12-02,10000067,448,1950176.39,901053.24,2299884.11,4,4
2017-12-02,10000067,451,16000,16000,16000,1,1
2017-12-02,10000067,453,25000,25000,25000,3,1
2017-12-02,10000067,482,1188751.75,435013.05,1299499.49,12,7
2017-12-02,10000067,483,21029.41,19500,53000,17,9
2017-12-02,10000067,485,12000,12000,12000,3,1
2017-12-02,10000067,499,12556.95,9000,18500,11,4
2017-12-02,10000067,520,74312.5,72250,75000,4,2
2017-12-02,10000067,523,29826.3,29749.4,29980.11,3,3
2017-12-02,10000067,524,35000,35000,35000,1,1
2017-12-02,10000067,526,54061.99,44874.39,100000,6,2
2017-12-02,10000067,527,1323614.89,1323614.89,1323614.89,1,1
2017-12-02,10000067,563,20998.86,20997,21000,21,3
2017-12-02,10000067,564,37000,37000,37000,9,3
2017-12-02,10000067,565,36983.74,36233.37,37234.04,8,3
2017-12-02,10000067,567,40210.84,38599.4,41500,9,2
2017-12-02,10000067,568,280000,280000,280000,5,2
2017-12-02,10000067,570,250000,250000,250000,4,1
2017-12-02,10000067,574,1200000,1200000,1200000,3,2
2017-12-02,10000067,577,50000,50000,50000,1,1
2017-12-02,10000067,578,148975.61,100000,240000,7,6
2017-12-02,10000067,585,425000,425000,425000,1,1
2017-12-02,10000067,586,500000,450000,525000,3,3
2017-12-02,10000067,587,300000,300000,300000,1,1
2017-12-02,10000067,589,362481.81,250000,399975.75,4,4
2017-12-02,10000067,593,546750,430000,899999.99,4,4
2017-12-02,10000067,594,0.03,0.03,0.03,1,1
2017-12-02,10000067,596,103,103,103,1,1
2017-12-02,10000067,602,268000.12,81000.36,350000,6,5
2017-12-02,10000067,605,425000,420000,430000,2,2
2017-12-02,10000067,607,506592.54,484777.63,510000,6,5
2017-12-02,10000067,608,411977.58,202750.12,621205.05,4,4
2017-12-02,10000067,609,600000,600000,600000,1,1
2017-12-02,10000067,621,10476000,10052000,10900000,2,2
2017-12-02,10000067,626,11239673,10999999.99,11925000,8,8
2017-12-02,10000067,627,12333333.33,12000000,12500000,3,3
2017-12-02,10000067,628,9000000,9000000,9000000,1,1
2017-12-02,10000067,634,8000000,8000000,8000000,1,1
2017-12-02,10000067,639,195000000,195000000,195000000,1,1
2017-12-02,10000067,648,907433.39,2300.16,1360000,3,3
2017-12-02,10000067,649,1201000.05,3000.1,2399000,2,2
2017-12-02,10000067,650,1213438.4,1049950.03,1540415.14,3,3
2017-12-02,10000067,654,1322697.5,1250000,1395395,2,2
2017-12-02,10000067,655,1298583.85,1069000,1525000,5,5
2017-12-02,10000067,656,1065644.19,2999.98,1312737.5,5,5
2017-12-02,10000067,657,1879219.75,1685000,2500000,8,8
2017-12-02,10000067,672,55706.18,47500,148000,10,10
2017-12-02,10000067,804,3000000,3000000,3000000,1,1
2017-12-02,10000067,805,4000000,4000000,4000000,1,1
2017-12-02,10000067,812,160000,160000,160000,1,1
2017-12-02,10000067,813,180000,180000,180000,1,1
2017-12-02,10000067,837,120000,120000,120000,2,2
2017-12-02,10000067,838,150000,150000,150000,1,1
2017-12-02,10000067,937,2575000,2575000,2575000,1,1
2017-12-02,10000067,969,83750000,83750000,83750000,1,1
2017-12-02,10000067,970,80750000,80750000,80750000,1,1
2017-12-02,10000067,973,81750000,81750000,81750000,1,1
2017-12-02,10000067,1032,91160,91160,91160,1,1
2017-12-02,10000067,1132,40000,40000,40000,1,1
2017-12-02,10000067,1136,80000,80000,80000,1,1
2017-12-02,10000067,1145,400000,400000,400000,1,1
2017-12-02,10000067,1154,30000,30000,30000,1,1
2017-12-02,10000067,1155,20000,20000,20000,1,1
2017-12-02,10000067,1156,10000,10000,10000,1,1
2017-12-02,10000067,1157,12500,12500,12500,7,5
2017-12-02,10000067,1158,15000,15000,15000,1,1
2017-12-02,10000067,1159,25000,25000,25000,1,1
2017-12-02,10000067,1160,35000,35000,35000,1,1
2017-12-02,10000067,1161,40000,40000,40000,7,2
2017-12-02,10000067,1162,300000,300000,300000,1,1
2017-12-02,10000067,1163,200000,200000,200000,1,1
2017-12-02,10000067,1164,100000,100000,100000,1,1
2017-12-02,10000067,1165,125000,125000,125000,7,2
2017-12-02,10000067,1166,150000,150000,150000,1,1
2017-12-02,10000067,1167,250000,250000,250000,1,1
2017-12-02,10000067,1168,350000,350000,350000,2,2
2017-12-02,10000067,1169,400000,400000,400000,9,4
2017-12-02,10000067,1170,3000000,3000000,3000000,1,1
2017-12-02,10000067,1171,2000000,2000000,2000000,1,1
2017-12-02,10000067,1172,1000000,1000000,1000000,1,1
2017-12-02,10000067,1173,1250000,1250000,1250000,7,2
2017-12-02,10000067,1174,1500000,1500000,1500000,1,1
2017-12-02,10000067,1175,2500000,2500000,2500000,1,1
2017-12-02,10000067,1176,3500000,3500000,3500000,1,1
2017-12-02,10000067,1177,4000000,4000000,4000000,7,2
2017-12-02,10000067,1179,250000,250000,250000,6,3
2017-12-02,10000067,1183,826205.55,687146.28,999000,7,7
2017-12-02,10000067,1185,77666,75000,78999,6,4
2017-12-02,10000067,1195,50000,50000,50000,1,1
2017-12-02,10000067,1214,5000000,5000000,5000000,1,1
2017-12-02,10000067,1224,42.72,42.71,43.03,1838416,35
2017-12-02,10000067,1227,33,33,33,152049,11
2017-12-02,10000067,1228,17.21,17,17.21,1449306,26
2017-12-02,10000067,1230,12.94,12.94,12.94,1105814,49
2017-12-02,10000067,1236,548487.65,66000.9,644985,6,3
2017-12-02,10000067,1244,35735,27500,41225,5,3
2017-12-02,10000067,1246,39250,39000,39500,2,2
2017-12-02,10000067,1248,1858938.12,1502022.99,1977909.83,4,2
2017-12-02,10000067,1304,16143.93,16143.93,16143.93,1,1
2017-12-02,10000067,1306,666666.32,400000,1199998.96,3,2
2017-12-02,10000067,1317,3241.65,990,4500,74,11
2017-12-02,10000067,1319,753516.23,618997,1211000,54,20
2017-12-02,10000067,1335,341599.98,341000,341999.97,5,2
2017-12-02,10000067,1403,19482.24,19200,19999,27,11
2017-12-02,10000067,1404,54380,54380,54380,2,1
2017-12-02,10000067,1405,781429.07,728999.99,800000,38,18
2017-12-02,10000067,1422,1199099.6,158000.23,1642999.07,10,7
2017-12-02,10000067,1447,371004.6,371004.6,371004.6,6,1
2017-12-02,10000067,1541,1712313.67,1498999,1818971,3,3
2017-12-02,10000067,1808,28750,28750,28750,2,2
2017-12-02,10000067,1810,2.52,2.52,2.52,400,4
2017-12-02,10000067,1814,0.01,0.01,0.01,400,4
2017-12-02,10000067,1818,4.23,4.23,4.23,200,2
2017-12-02,10000067,1820,45,45,45,803,6
2017-12-02,10000067,1822,4.33,4.33,4.33,300,3
2017-12-02,10000067,1824,10,10,10,800,3
2017-12-02,10000067,1830,150,150,150,100,1
2017-12-02,10000067,1877,227002,227002,227002,5,1
2017-12-02,10000067,1944,1391711.54,1274500,1508923.07,4,4
2017-12-02,10000067,1952,1879399.98,803000.02,2148499.96,5,4
2017-12-02,10000067,1964,2250000,2250000,2250000,4,1
2017-12-02,10000067,1977,27800,27800,27800,1,1
2017-12-02,10000067,1986,28000.03,28000.03,28000.03,1,1
2017-12-02,10000067,1998,37000,35000,39000,2,2
2017-12-02,10000067,1999,1110284.33,1000000,1181379.67,6,3
2017-12-02,10000067,2007,82750000,82750000,82750000,1,1
2017-12-02,10000067,2018,58333.33,55000,59000,6,2
2017-12-02,10000067,2032,741709.99,120001.4,771885,20,14
2017-12-02,10000067,2038,1846996.95,1846996.95,1846996.95,1,1
2017-12-02,10000067,2046,9688.01,9000,11181.65,18,18
2017-12-02,10000067,2048,689242.97,599000,924999.43,23,21
2017-12-02,10000067,2103,20000,20000,20000,3,1
2017-12-02,10000067,2104,1200000,1200000,1200000,6,1
2017-12-02,10000067,2162,2375000,2375000,2375000,1,1
2017-12-02,10000067,2173,38173.17,27499.99,45000,41,8
2017-12-02,10000067,2174,1700000,1700000,1700000,1,1
2017-12-02,10000067,2175,1166452.95,1150000,1200000,22,4
2017-12-02,10000067,2183,10000.04,10000.04,10000.04,321,19
2017-12-02,10000067,2185,1175251.96,1112000.01,1199897.78,50,12
2017-12-02,10000067,2193,62000.8,40001,150000,5,3
2017-12-02,10000067,2194,6000000,6000000,6000000,1,1
2017-12-02,10000067,2203,2000,1995,2000,172,28
2017-12-02,10000067,2205,619999.11,550000,649998.69,10,4
2017-12-02,10000067,2254,80750,80000,81000,4,3
2017-12-02,10000067,2272,1.5,1.5,1.5,83303,1
2017-12-02,10000067,2281,3356363.54,2024000,5477000,22,10
2017-12-02,10000067,2291,80000,80000,80000,3,1
2017-12-02,10000067,2293,164000,125000,203000,2,2
2017-12-02,10000067,2295,102833.3,102833.3,102833.3,1,1
2017-12-02,10000067,2297,1761184.29,1700000,2442958.62,5,4
2017-12-02,10000067,2299,2099992.59,2099992.59,2099992.59,2,2
2017-12-02,10000067,2301,2618194.9,2299999.99,3363682.19,7,6
2017-12-02,10000067,2303,2184155.9,1997959.18,2694991.99,7,7
2017-12-02,10000067,2317,11500,11500,11500,160,1
2017-12-02,10000067,2331,19499.75,19499.75,19499.75,3,1
2017-12-02,10000067,2333,649745.74,1000,1298491.46,8,6
2017-12-02,10000067,2363,49999,49999,49999,6,2
2017-12-02,10000067,2364,1559685.2,1299999,1699999,8,6
2017-12-02,10000067,2398,475.03,475.03,475.03,48726,3
2017-12-02,10000067,2399,800,800,800,1920,2
2017-12-02,10000067,2403,7500000,7500000,7500000,1,1
2017-12-02,10000067,2404,657049.66,105556.96,1289959,34,7
2017-12-02,10000067,2406,1000000,1000000,1000000,1,1
2017-12-02,10000067,2410,1160019.15,885850,2805034.06,7,2
2017-12-02,10000067,2436,2041002.18,2041002.18,2041002.18,13,2
2017-12-02,10000067,2444,59073.26,55000,59999,27,3
2017-12-02,10000067,2445,7000000,7000000,7000000,1,1
2017-12-02,10000067,2446,2273437.5,2210000,2500000,32,6
2017-12-02,10000067,2454,1002.06,1002.06,1002.06,730,44
2017-12-02,10000067,2456,385000,379999.99,398999,258,35
2017-12-02,10000067,2463,2500,2500,2500,320,1
2017-12-02,10000067,2464,3262.96,1175.06,5000,63,16
2017-12-02,10000067,2466,640000,640000,640000,1,1
2017-12-02,10000067,2476,9703.8,0.01,14555.7,3,3
2017-12-02,10000067,2477,4000000,4000000,4000000,1,1
2017-12-02,10000067,2478,1500000,1500000,1500000,1,1
2017-12-02,10000067,2486,8939.97,7000,15788.96,88,18
2017-12-02,10000067,2487,400000,400000,400000,1,1
2017-12-02,10000067,2488,447492.75,442000,458986.27,36,5
2017-12-02,10000067,2495,500000,500000,500000,2,2
2017-12-02,10000067,2505,500000,500000,500000,2,2
2017-12-02,10000067,2510,50.01,50.01,50.01,100,1
2017-12-02,10000067,2512,0.15,0.15,0.15,600,5
2017-12-02,10000067,2524,91545.88,81000,144275.25,6,5
2017-12-02,10000067,2525,81000,81000,81000,5,4
2017-12-02,10000067,2531,1790631.11,1790631.11,1790631.11,2,2
2017-12-02,10000067,2533,76285.71,75500,81000,7,2
2017-12-02,10000067,2534,83111.11,81000,100000,9,6
2017-12-02,10000067,2539,1464815.16,1317859.28,2141000,7,6
2017-12-02,10000067,2547,1999896,1999896,1999896,1,1
2017-12-02,10000067,2549,81000,81000,81000,5,4
2017-12-02,10000067,2550,81000,81000,81000,4,4
2017-12-02,10000067,2551,81000,81000,81000,4,3
2017-12-02,10000067,2553,881999.92,476000.35,1287999.49,4,4
2017-12-02,10000067,2603,9971.69,9742.1,9999,10,8
2017-12-02,10000067,2605,438354.34,81008.02,477997.98,17,11
2017-12-02,10000067,2621,598,598,598,9468,3
2017-12-02,10000067,2629,589,589,589,30000,1
2017-12-02,10000067,2637,1119,1119,1119,500,1
2017-12-02,10000067,2679,600,600,600,15000,3
2017-12-02,10000067,2811,1800,1800,1800,1500,1
2017-12-02,10000067,2993,900000,900000,900000,1,1
2017-12-02,10000067,2998,88000000,88000000,88000000,1,1
2017-12-02,10000067,3001,640000,520000,799999.99,7,2
2017-12-02,10000067,3025,2000000,2000000,2000000,3,2
2017-12-02,10000067,3090,6586987.95,6586987.95,6586987.95,6,2
2017-12-02,10000067,3136,20000000,20000000,20000000,1,1
2017-12-02,10000067,3178,1900000,1900000,1900000,3,1
2017-12-02,10000067,3184,1600000,1600000,1600000,3,3
2017-12-02,10000067,3218,690000000,690000000,690000000,3,1
2017-12-02,10000067,3242,55000,55000,55000,5,1
2017-12-02,10000067,3244,1356331.66,679000,1694997.5,3,3
2017-12-02,10000067,3301,20000,20000,20000,2,2
2017-12-02,10000067,3302,20000,20000,20000,2,2
2017-12-02,10000067,3303,20000,20000,20000,1,1
2017-12-02,10000067,3304,100083.33,100000,100500,6,6
2017-12-02,10000067,3305,100000,100000,100000,1,1
2017-12-02,10000067,3306,100000,100000,100000,3,3
2017-12-02,10000067,3308,2000000,2000000,2000000,1,1
2017-12-02,10000067,3309,2000000,2000000,2000000,2,2
2017-12-02,10000067,3318,80000,80000,80000,1,1
2017-12-02,10000067,3319,20000,20000,20000,1,1
2017-12-02,10000067,3320,505000,10000,999999.99,2,2
2017-12-02,10000067,3321,20000,20000,20000,4,4
2017-12-02,10000067,3322,27916.67,25000,29375,3,3
2017-12-02,10000067,3323,30000,30000,30000,3,3
2017-12-02,10000067,3324,100000,100000,100000,4,4
2017-12-02,10000067,3325,400000,400000,400000,2,2
2017-12-02,10000067,3326,350000,350000,350000,1,1
2017-12-02,10000067,3328,40000,40000,40000,1,1
2017-12-02,10000067,3329,40000,40000,40000,1,1
2017-12-02,10000067,3330,40000,40000,40000,1,1
2017-12-02,10000067,3331,40000,40000,40000,6,4
2017-12-02,10000067,3332,1416666.67,500000,8000000.04,9,9
2017-12-02,10000067,3333,500000,500000,500000,1,1
2017-12-02,10000067,3334,450000,400000,500000,2,2
2017-12-02,10000067,3335,550000,500000,750000,5,5
2017-12-02,10000067,3337,4000000,4000000,4000000,1,1
2017-12-02,10000067,3338,4000000,4000000,4000000,2,2
2017-12-02,10000067,3339,4000000,4000000,4000000,4,3
2017-12-02,10000067,3341,300000,300000,300000,1,1
2017-12-02,10000067,3343,300000,300000,300000,2,2
2017-12-02,10000067,3348,20619.05,20000,24333.34,7,7
2017-12-02,10000067,3349,75000,75000,75000,1,1
2017-12-02,10000067,3351,400000,400000,400000,2,2
2017-12-02,10000067,3352,400000,400000,400000,1,1
2017-12-02,10000067,3354,2500000,2500000,2500000,2,2
2017-12-02,10000067,3355,20000,20000,20000,4,4
2017-12-02,10000067,3356,60000,60000,60000,5,5
2017-12-02,10000067,3357,180000,180000,180000,5,5
2017-12-02,10000067,3358,100000,100000,100000,2,2
2017-12-02,10000067,3359,200000,200000,200000,7,7
2017-12-02,10000067,3361,200000,200000,200000,5,5
2017-12-02,10000067,3363,210000,20000,400000,2,2
2017-12-02,10000067,3373,1000000,1000000,1000000,1,1
2017-12-02,10000067,3385,49666.67,49000,50000,3,3
2017-12-02,10000067,3387,85000,20000,150000,2,2
2017-12-02,10000067,3388,250000,250000,250000,2,2
2017-12-02,10000067,3389,280000,280000,280000,1,1
2017-12-02,10000067,3393,30000,30000,30000,1,1
2017-12-02,10000067,3397,1000000,1000000,1000000,1,1
2017-12-02,10000067,3398,25000000,25000000,25000000,2,2
2017-12-02,10000067,3405,25000,25000,25000,6,6
2017-12-02,10000067,3406,300000,300000,300000,1,1
2017-12-02,10000067,3409,350000,350000,350000,1,1
2017-12-02,10000067,3410,450000,450000,450000,2,2
2017-12-02,10000067,3416,35000,35000,35000,2,2
2017-12-02,10000067,3421,130000,130000,130000,4,4
2017-12-02,10000067,3422,80000,80000,80000,1,1
2017-12-02,10000067,3423,75000,75000,75000,7,6
2017-12-02,10000067,3427,120000,120000,120000,2,2
2017-12-02,10000067,3428,88000,88000,88000,1,1
2017-12-02,10000067,3430,500000,500000,500000,2,2
2017-12-02,10000067,3431,75000,75000,75000,1,1
2017-12-02,10000067,3433,100000,100000,100000,5,5
2017-12-02,10000067,3434,80000,80000,80000,6,6
2017-12-02,10000067,3437,40000,40000,40000,1,1
2017-12-02,10000067,3438,68571.43,40000,240000,7,7
2017-12-02,10000067,3439,200000,200000,200000,5,5
2017-12-02,10000067,3440,220000,220000,220000,4,4
2017-12-02,10000067,3441,411428.57,380000,600000,7,6
2017-12-02,10000067,3442,1207142.87,500000,5000000.06,7,7
2017-12-02,10000067,3444,100000,100000,100000,3,3
2017-12-02,10000067,3446,100000,100000,100000,6,6
2017-12-02,10000067,3450,22500,22500,22500,2,1
2017-12-02,10000067,3451,191666.67,30000,1000000,6,6
2017-12-02,10000067,3452,40000,40000,40000,4,4
2017-12-02,10000067,3454,340000,340000,340000,1,1
2017-12-02,10000067,3455,30000,30000,30000,1,1
2017-12-02,10000067,3456,10000000,10000000,10000000,2,2
2017-12-02,10000067,3466,91000,91000,91000,1,1
2017-12-02,10000067,3467,37302.63,34000,50000,19,5
2017-12-02,10000067,3488,989999,989999,989999,2,2
2017-12-02,10000067,3496,50001.01,50001.01,50001.01,1,1
2017-12-02,10000067,3504,5999899,5999899,5999899,5,3
2017-12-02,10000067,3512,2250000,2250000,2250000,3,1
2017-12-02,10000067,3528,91486.67,65000,98108.34,5,4
2017-12-02,10000067,3530,2598009.27,2304915.62,2799984.44,7,6
2017-12-02,10000067,3538,200000,200000,200000,2,1
2017-12-02,10000067,3539,800000,800000,800000,1,1
2017-12-02,10000067,3540,1792285.43,1750000,1897999,7,2
2017-12-02,10000067,3551,36000,36000,36000,1,1
2017-12-02,10000067,3553,500000,500000,500000,6,2
2017-12-02,10000067,3554,2400,2400,2400,328,4
2017-12-02,10000067,3555,1000000,1000000,1000000,6,2
2017-12-02,10000067,3568,15000,15000,15000,1,1
2017-12-02,10000067,3576,85000,85000,85000,4,2
2017-12-02,10000067,3578,3999999.98,3999999.98,3999999.98,1,1
2017-12-02,10000067,3645,236.67,90,312,90,6
2017-12-02,10000067,3683,350,350,350,9806,5
2017-12-02,10000067,3685,560,560,560,217098,15
2017-12-02,10000067,3687,860,860,860,129976,7
2017-12-02,10000067,3689,8000,8000,8000,214,2
2017-12-02,10000067,3703,1.03,1.02,1.03,60,7
2017-12-02,10000067,3705,1.02,1.01,1.02,60,6
2017-12-02,10000067,3707,1.04,1.03,1.04,30,3
2017-12-02,10000067,3709,1,1,1,40,5
2017-12-02,10000067,3711,1,1,1,30,1
2017-12-02,10000067,3713,10846,10846,10846,11430,11
2017-12-02,10000067,3721,334.75,334.75,334.75,100,2
2017-12-02,10000067,3756,34500000,8000000,61000000,2,2
2017-12-02,10000067,3766,425000,425000,425000,1,1
2017-12-02,10000067,3810,306.28,25,400.04,80,5
2017-12-02,10000067,3812,141,141,141,2600,1
2017-12-02,10000067,3818,1,1,1,30,1
2017-12-02,10000067,3820,1.02,1.02,1.02,20,1
2017-12-02,10000067,3822,1.04,1.03,1.04,29,3
2017-12-02,10000067,3824,1,1,1,10,1
2017-12-02,10000067,3826,1.03,1.03,1.04,30,3
2017-12-02,10000067,3829,36803.81,35107.87,45000,8,7
2017-12-02,10000067,3831,1174999.99,1100000,1189999.99,6,5
2017-12-02,10000067,3839,72250,69499.99,75000,4,2
2017-12-02,10000067,3841,2082929.66,1717777,2600649.98,9,6
2017-12-02,10000067,3887,38700.03,38700.03,38700.03,2,2
2017-12-02,10000067,3888,1568485.35,1290017.02,1707991.97,6,6
2017-12-02,10000067,3895,34174943.96,33849999,34499888.92,2,2
2017-12-02,10000067,4025,102417.82,10000,270000.02,11,10
2017-12-02,10000067,4027,27763.41,12001.1,38600,27,13
2017-12-02,10000067,4247,24000,24000,24000,7600,2
2017-12-02,10000067,4250,2671718,2671718,2671718,1,1
2017-12-02,10000067,4260,2500000,2500000,2500000,1,1
2017-12-02,10000067,4312,23250,23250,23250,4455,5
2017-12-02,10000067,4385,4500000,4500000,4500000,2,2
2017-12-02,10000067,4391,925000.02,925000.02,925000.02,3,3
2017-12-02,10000067,4393,70621.96,60000,111050.5,11,9
2017-12-02,10000067,4395,1649792.38,1562240.73,1999999,5,4
2017-12-02,10000067,4397,2495497.38,2495497.38,2495497.38,2,1
2017-12-02,10000067,4403,660999.26,550000,697999.01,4,2
2017-12-02,10000067,4405,2097374.43,1839472,2499999.96,31,19
2017-12-02,10000067,4409,18750,18750,18750,2,1
2017-12-02,10000067,4435,64522.98,43999.55,449000,14,7
2017-12-02,10000067,4471,9088.59,1005.03,19800,7,6
2017-12-02,10000067,4477,154802.05,104.19,549000,4,4
2017-12-02,10000067,4529,55.55,55.55,55.55,1,1
2017-12-02,10000067,4531,20759.72,53,145000,7,7
2017-12-02,10000067,4533,985,985,985,1,1
2017-12-02,10000067,4535,5,5,5,1,1
2017-12-02,10000067,4569,5,5,5,1,1
2017-12-02,10000067,4573,483632.89,400000,650898.67,3,3
2017-12-02,10000067,4609,6000,6000,6000,9,3
2017-12-02,10000067,4611,6000,6000,6000,2,1
2017-12-02,10000067,4615,5,5,5,2,1
2017-12-02,10000067,4787,23442.44,2700,99888,36,12
2017-12-02,10000067,4831,107.01,107,107.01,8,6
2017-12-02,10000067,4833,220556.71,5002.07,490000,9,5
2017-12-02,10000067,4835,105.17,105.17,105.17,3,3
2017-12-02,10000067,5007,5,5,5,2,2
2017-12-02,10000067,5009,11,11,11,1,1
2017-12-02,10000067,5011,20101.29,20101.29,20101.29,12,1
2017-12-02,10000067,5013,5.01,5,5.02,3,3
2017-12-02,10000067,5049,36000,36000,36000,1,1
2017-12-02,10000067,5087,506,506,506,6,6
2017-12-02,10000067,5089,11,10.99,11,5,5
2017-12-02,10000067,5091,5,5,5,2,2
2017-12-02,10000067,5093,207.18,201.01,217.16,18,12
2017-12-02,10000067,5137,263,263,263,14,6
2017-12-02,10000067,5141,1205,1205,1205,3,2
2017-12-02,10000067,5217,1,1,1,1,1
2017-12-02,10000067,5221,1,1,1,1,1
2017-12-02,10000067,5239,29562.18,101.04,30500,23,15
2017-12-02,10000067,5245,81657,74998.98,129111,5,3
2017-12-02,10000067,5281,11,11,11,1,1
2017-12-02,10000067,5282,5,5,5,3,3
2017-12-02,10000067,5299,179.39,179.39,179.39,1,1
2017-12-02,10000067,5301,5.03,5.02,5.03,4,4
2017-12-02,10000067,5302,120965.8,1617,299989,5,5
2017-12-02,10000067,5319,2086.32,108.2,9999,5,4
2017-12-02,10000067,5320,1000.13,1000.12,1000.14,3,3
2017-12-02,10000067,5321,209.05,209.05,209.05,6,4
2017-12-02,10000067,5322,109,109,109,2,2
2017-12-02,10000067,5342,5.02,5.02,5.02,1,1
2017-12-02,10000067,5363,3999.5,3999.24,3999.75,2,2
2017-12-02,10000067,5365,200.03,200.03,200.03,1,1
2017-12-02,10000067,5399,5544.02,1150.46,13996.95,9,9
2017-12-02,10000067,5403,26000.21,4000.21,70000.21,3,3
2017-12-02,10000067,5405,5000.12,5000.12,5000.12,4,4
2017-12-02,10000067,5439,4020.54,4020.53,4020.55,7,5
2017-12-02,10000067,5443,5,5,5,1,1
2017-12-02,10000067,5445,3335.02,1002.02,15000.02,6,6
2017-12-02,10000067,5533,5.1,5.1,5.1,4,4
2017-12-02,10000067,5599,93552.5,105,187000,4,3
2017-12-02,10000067,5631,602.19,602.19,602.19,1,1
2017-12-02,10000067,5721,100000,100000,100000,5,3
2017-12-02,10000067,5723,117999.05,117999.05,117999.05,1,1
2017-12-02,10000067,5759,100001.03,100001.03,100001.03,2,2
2017-12-02,10000067,5839,1562727.18,1025000,2200000,11,11
2017-12-02,10000067,5849,1002.42,1002.42,1002.42,3,3
2017-12-02,10000067,5867,148062.02,124.04,296000,2,2
2017-12-02,10000067,5869,5.03,5.03,5.03,2,2
2017-12-02,10000067,5945,343002.05,343002.05,343002.05,136,5
2017-12-02,10000067,5955,140000,140000,140000,1,1
2017-12-02,10000067,5971,34731.66,1540,45540,12,9
2017-12-02,10000067,5973,265053.31,152002.02,350000.01,34,26
2017-12-02,10000067,5975,104934,4802,150000,6,6
2017-12-02,10000067,6001,28403.92,106.01,90000,12,12
2017-12-02,10000067,6003,18477.21,107.04,50000.01,11,8
2017-12-02,10000067,6005,37427.28,2007.2,52038.92,9,8
2017-12-02,10000067,6073,65000,65000,65000,1,1
2017-12-02,10000067,6131,10,10,10,3,3
2017-12-02,10000067,6135,50376.02,752.02,100000.01,2,2
2017-12-02,10000067,6159,59755.27,7,239000,4,3
2017-12-02,10000067,6160,10142.54,206,20000,13,9
2017-12-02,10000067,6173,58493.19,5.01,140000,5,5
2017-12-02,10000067,6176,5.02,5.02,5.02,1,1
2017-12-02,10000067,6296,50094.02,5,125179.95,5,4
2017-12-02,10000067,6437,195773.53,195773.53,195773.53,3,2
2017-12-02,10000067,6439,200000,200000,200000,1,1
2017-12-02,10000067,6443,175000,175000,175000,1,1
2017-12-02,10000067,6485,17837.04,5755.56,42000,3,3
2017-12-02,10000067,6527,10,10,10,1,1
2017-12-02,10000067,6569,27765.6,51.19,55480,8,5
2017-12-02,10000067,6635,5002.99,5002.99,5002.99,2,1
2017-12-02,10000067,6759,52000,52000,52000,6,1
2017-12-02,10000067,6863,1300000,1300000,1300000,1,1
2017-12-02,10000067,6865,1490000,1490000,1490000,5,1
2017-12-02,10000067,6923,100,100,100,1,1
2017-12-02,10000067,7003,165000,165000,165000,1,1
2017-12-02,10000067,7087,750000,750000,750000,10,1
2017-12-02,10000067,7123,240000,240000,240000,1,1
2017-12-02,10000067,7131,130001,130001,130001,1,1
2017-12-02,10000067,7167,100001,100001,100001,2,2
2017-12-02,10000067,7247,1250000,200000,1400000,8,3
2017-12-02,10000067,7287,685147.66,55444.98,999999,3,2
2017-12-02,10000067,7289,1999.12,1999.12,1999.12,1,1
2017-12-02,10000067,7327,1512500.03,1500000,2000000,8,4
2017-12-02,10000067,7367,1860253.89,890011.14,2500000,8,6
2017-12-02,10000067,7369,16000.53,10000,22001.06,2,2
2017-12-02,10000067,7371,499500,499000,500000,4,2
2017-12-02,10000067,7409,1001.01,1001.01,1001.01,1,1
2017-12-02,10000067,7453,210001.32,210001.32,210001.32,1,1
2017-12-02,10000067,7487,502500,502500,502500,1,1
2017-12-02,10000067,7579,325000.01,325000.01,325000.01,1,1
2017-12-02,10000067,7583,50000,50000,50000,7,1
2017-12-02,10000067,7585,194.46,100.04,288.88,2,2
2017-12-02,10000067,7619,200000,200000,200000,1,1
2017-12-02,10000067,7625,1290000,1290000,1290000,5,1
2017-12-02,10000067,7663,10000,10000,10000,1,1
2017-12-02,10000067,7703,1533714.28,1324999.99,1812000,7,2
2017-12-02,10000067,7705,1000,1000,1000,1,1
2017-12-02,10000067,7743,125000.11,125000.11,125000.11,1,1
2017-12-02,10000067,7745,10000,10000,10000,1,1
2017-12-02,10000067,7783,10007.04,10007.04,10007.04,1,1
2017-12-02,10000067,7785,150001.26,150001.26,150001.26,1,1
2017-12-02,10000067,7789,180001.19,180001.19,180001.19,2,1
2017-12-02,10000067,7997,750000,750000,750000,5,4
2017-12-02,10000067,8025,163.61,163.61,163.61,1,1
2017-12-02,10000067,8027,756886.88,311019,1500000,8,4
2017-12-02,10000067,8089,559464.08,500000,700000,28,8
2017-12-02,10000067,8091,5.02,5.02,5.02,2,2
2017-12-02,10000067,8101,107.07,107.07,107.07,3,3
2017-12-02,10000067,8105,1000015.02,1000015.02,1000015.02,2,2
2017-12-02,10000067,8117,1010.13,1010.13,1010.13,1,1
2017-12-02,10000067,8133,5,5,5,1,1
2017-12-02,10000067,8135,5.14,5.14,5.14,1,1
2017-12-02,10000067,8175,24342.38,1009.05,71009.05,3,2
2017-12-02,10000067,8177,7.33,5,12,3,3
2017-12-02,10000067,8225,228404.99,5.14,296754.96,5,5
2017-12-02,10000067,8263,66669.89,5.34,199999,3,3
2017-12-02,10000067,8419,980000,980000,980000,1,1
2017-12-02,10000067,8427,110.23,110.23,110.23,1,1
2017-12-02,10000067,8433,553200.05,21000.12,800000,5,4
2017-12-02,10000067,8517,2551068.19,1505102.28,4500000.03,9,7
2017-12-02,10000067,8521,984998.88,984998.88,984998.88,1,1
2017-12-02,10000067,8529,349249.59,329999,368500.17,4,4
2017-12-02,10000067,8535,5001.1,5001.1,5001.1,1,1
2017-12-02,10000067,8537,140.07,140.07,140.07,2,2
2017-12-02,10000067,8579,5.04,5.04,5.04,1,1
2017-12-02,10000067,8583,2001.08,2001.08,2001.08,1,1
2017-12-02,10000067,8585,1902.08,1902.08,1902.08,1,1
2017-12-02,10000067,8639,60001.08,60001.08,60001.08,1,1
2017-12-02,10000067,8641,113603,113603,113603,1,1
2017-12-02,10000067,8748,36263.82,127.65,72400,4,4
2017-12-02,10000067,8905,5996.74,5996,5997.48,2,2
2017-12-02,10000067,9127,300000,300000,300000,1,1
2017-12-02,10000067,9207,1900000,1900000,1900000,6,1
2017-12-02,10000067,9247,15000.01,15000.01,15000.01,1,1
2017-12-02,10000067,9253,48972.32,48972.32,48972.32,1,1
2017-12-02,10000067,9491,1000000.02,1000000.02,1000000.02,11,1
2017-12-02,10000067,9582,140000,140000,140000,4,1
2017-12-02,10000067,9622,34421.33,507,99999.98,6,6
2017-12-02,10000067,9632,231225.99,35001,248276.1,22,17
2017-12-02,10000067,9646,5,5,5,2,2
2017-12-02,10000067,9660,83334.96,4.87,125000,3,3
2017-12-02,10000067,9668,151102,151102,151102,101,2
2017-12-02,10000067,9670,55.55,55.55,55.55,2,2
2017-12-02,10000067,9678,110009.91,110009.91,110009.91,1,1
2017-12-02,10000067,9680,400.09,400.09,400.09,1,1
2017-12-02,10000067,9728,146441.17,1002,180000,12,7
2017-12-02,10000067,9734,175000,175000,175000,2,2
2017-12-02,10000067,9744,110.89,110.89,110.89,1,1
2017-12-02,10000067,9772,151005.45,151005.45,151005.45,3,2
2017-12-02,10000067,9800,50002.65,50002.65,50002.65,5,3
2017-12-02,10000067,9826,369.85,250.01,385.87,94,4
2017-12-02,10000067,9832,4000,4000,4000,481,2
2017-12-02,10000067,9840,11595.25,11595.25,11595.25,15,1
2017-12-02,10000067,9848,70000.61,70000.61,70000.61,26,2
2017-12-02,10000067,9850,428.8,428.77,428.88,87000,6
2017-12-02,10000067,9899,11600000,11600000,11600000,1,1
2017-12-02,10000067,9942,10599999.84,10599999.84,10599999.84,1,1
2017-12-02,10000067,9944,56373.97,50358.58,58185.81,8,5
2017-12-02,10000067,9956,9000000,9000000,9000000,1,1
2017-12-02,10000067,10190,1983988.3,1978000,1999959.09,7,5
2017-12-02,10000067,10208,22699993.09,22000000,23399986.18,2,2
2017-12-02,10000067,10221,23999998.5,22000000,25999997,2,2
2017-12-02,10000067,10246,8386.57,6500,10495,67,8
2017-12-02,10000067,10250,1290438.57,1225000,1300000,70,6
2017-12-02,10000067,10688,1001,1001,1001,1,1
2017-12-02,10000067,10692,1001,1001,1001,1,1
2017-12-02,10000067,10694,3508.67,3508.67,3508.67,2,2
2017-12-02,10000067,10836,63783.8,63783.8,63783.8,1,1
2017-12-02,10000067,10837,364640,364640,364640,1,1
2017-12-02,10000067,10850,533073.06,140109.59,729554.79,3,3
2017-12-02,10000067,10858,1299999.98,1299999.98,1299999.98,2,1
2017-12-02,10000067,10880,11001.01,11001.01,11001.01,1,1
2017-12-02,10000067,10888,43000,43000,43000,1,1
2017-12-02,10000067,10998,38710.35,36000,39000,12,10
2017-12-02,10000067,11083,1000000,1000000,1000000,1,1
2017-12-02,10000067,11105,240899.92,160000,249999.86,10,5
2017-12-02,10000067,11129,24389.9,6105.1,29994.13,45,37
2017-12-02,10000067,11130,50000,50000,50000,3,3
2017-12-02,10000067,11132,17221.44,14999,49999.99,9,6
2017-12-02,10000067,11134,28303.16,10000,29000,46,27
2017-12-02,10000067,11202,42999982.51,42999982.51,42999982.51,1,1
2017-12-02,10000067,11207,500000,500000,500000,5,5
2017-12-02,10000067,11267,499999.99,499999.99,499999.99,2,1
2017-12-02,10000067,11269,1839816.68,1799996.41,1999098.95,10,7
2017-12-02,10000067,11277,135000,120000,150000,2,2
2017-12-02,10000067,11283,4600,4600,4600,1127,5
2017-12-02,10000067,11284,1750000,1750000,1750000,6,2
2017-12-02,10000067,11285,5043.34,4070,5308.8,28,2
2017-12-02,10000067,11286,2500000,2500000,2500000,6,2
2017-12-02,10000067,11287,6654.96,6654.96,6654.97,359,13
2017-12-02,10000067,11288,3750000,3750000,3750000,7,3
2017-12-02,10000067,11289,25,25,25,1031,13
2017-12-02,10000067,11290,5000000,5000000,5000000,7,3
2017-12-02,10000067,11297,335000,335000,335000,2,1
2017-12-02,10000067,11299,750000,750000,750000,1,1
2017-12-02,10000067,11301,115000,80000,150000,2,2
2017-12-02,10000067,11309,266666.67,200000,300000,3,3
2017-12-02,10000067,11311,61002.5,2005.01,119999.99,4,4
2017-12-02,10000067,11317,365844.45,250000.33,499000,6,5
2017-12-02,10000067,11325,470562.97,450200.01,1000000.01,54,6
2017-12-02,10000067,11327,414079.48,405000.55,750000,38,3
2017-12-02,10000067,11341,1742.03,56,6800.11,8,7
2017-12-02,10000067,11343,1140.89,5,4498,4,3
2017-12-02,10000067,11349,43668.33,503,129999,3,3
2017-12-02,10000067,11351,5004.01,5004.01,5004.01,3,2
2017-12-02,10000067,11355,15750,15750,15750,1,1
2017-12-02,10000067,11370,2097072.07,1799999.99,3594050,13,12
2017-12-02,10000067,11433,8666666.67,6000000,10000000,3,3
2017-12-02,10000067,11441,10000000,10000000,10000000,1,1
2017-12-02,10000067,11442,10000000,10000000,10000000,3,3
2017-12-02,10000067,11443,10000000,10000000,10000000,1,1
2017-12-02,10000067,11446,10000000,10000000,10000000,2,2
2017-12-02,10000067,11447,8000000,6000000,10000000,2,2
2017-12-02,10000067,11448,10000000,10000000,10000000,1,1
2017-12-02,10000067,11449,10000000,10000000,10000000,1,1
2017-12-02,10000067,11452,10000000,10000000,10000000,1,1
2017-12-02,10000067,11453,10000000,10000000,10000000,2,2
2017-12-02,10000067,11455,10000000,10000000,10000000,2,2
2017-12-02,10000067,11475,1.35,1.35,1.35,200,2
2017-12-02,10000067,11476,1.36,1.36,1.36,100,1
2017-12-02,10000067,11481,0.1,0.1,0.1,100,1
2017-12-02,10000067,11482,0.1,0.1,0.1,200,2
2017-12-02,10000067,11483,0.09,0.09,0.09,100,1
2017-12-02,10000067,11486,1.06,1.06,1.06,100,1
2017-12-02,10000067,11489,372272.73,345000,375000,11,2
2017-12-02,10000067,11529,10000000,10000000,10000000,1,1
2017-12-02,10000067,11539,510.37,510.37,510.37,6,1
2017-12-02,10000067,11558,70000,70000,70000,4,1
2017-12-02,10000067,11561,437131.95,422000,452263.89,2,2
2017-12-02,10000067,11563,312249.51,310500.02,313999,2,2
2017-12-02,10000067,11566,120000,120000,120000,7,7
2017-12-02,10000067,11569,400000,400000,400000,1,1
2017-12-02,10000067,11572,400000,400000,400000,1,1
2017-12-02,10000067,11574,2000000,2000000,2000000,2,2
2017-12-02,10000067,11577,4939998.32,4200004.98,5899993.97,5,5
2017-12-02,10000067,11578,7633166.57,7000000,7699999.98,12,9
2017-12-02,10000067,11579,3928571.43,3500000,4500000,7,7
2017-12-02,10000067,11584,75000,75000,75000,6,6
2017-12-02,10000067,11620,98700,98700,98700,1,1
2017-12-02,10000067,11640,1165374.58,980988.16,1199999.6,9,6
2017-12-02,10000067,11642,2112799.99,2083999.98,2119999.99,5,2
2017-12-02,10000067,11644,3000000,3000000,3000000,4,2
2017-12-02,10000067,11646,3000061.3,3000000,3000081.73,4,2
2017-12-02,10000067,11648,2544874.67,2544874.67,2544874.67,1,1
2017-12-02,10000067,11691,5100,5100,5100,6,1
2017-12-02,10000067,12053,1581880,1581880,1581880,1,1
2017-12-02,10000067,12054,200000,200000,200000,1,1
2017-12-02,10000067,12056,36057.41,30000,40775.94,7,7
2017-12-02,10000067,12058,3500000,3500000,3500000,1,1
2017-12-02,10000067,12068,3743873.99,2000001,5487746.97,2,2
2017-12-02,10000067,12092,1000000,1000000,1000000,1,1
2017-12-02,10000067,12180,375000,375000,375000,1,1
2017-12-02,10000067,12181,350000,350000,350000,1,1
2017-12-02,10000067,12182,325000,325000,325000,2,2
2017-12-02,10000067,12183,275000,275000,275000,1,1
2017-12-02,10000067,12184,250000,250000,250000,1,1
2017-12-02,10000067,12185,225000,225000,225000,1,1
2017-12-02,10000067,12186,200000,200000,200000,1,1
2017-12-02,10000067,12187,175000,175000,175000,1,1
2017-12-02,10000067,12188,150000,150000,150000,1,1
2017-12-02,10000067,12189,400000,400000,400000,1,1
2017-12-02,10000067,12194,300000,300000,300000,1,1
2017-12-02,10000067,12196,300000,300000,300000,1,1
2017-12-02,10000067,12205,9000000,9000000,9000000,1,1
2017-12-02,10000067,12213,1000000,1000000,1000000,2,2
2017-12-02,10000067,12214,3000000,3000000,3000000,1,1
2017-12-02,10000067,12215,9000000,9000000,9000000,1,1
2017-12-02,10000067,12257,170000,170000,170000,1,1
2017-12-02,10000067,12274,129166.66,125000,149999.99,12,7
2017-12-02,10000067,12305,100000,100000,100000,3,3
2017-12-02,10000067,12346,2000000,1999999.99,2000000,6,2
2017-12-02,10000067,12365,120000,120000,120000,7,7
2017-12-02,10000067,12366,120000,120000,120000,7,7
2017-12-02,10000067,12367,120000,120000,120000,7,7
2017-12-02,10000067,12441,912500,800000,949999.99,4,4
2017-12-02,10000067,12442,574999.99,499999.99,800000,4,3
2017-12-02,10000067,12484,6296999.78,4499999.95,8992499.5,5,5
2017-12-02,10000067,12485,3999999.96,3999999.96,3999999.96,1,1
2017-12-02,10000067,12486,4694841.3,3391892.6,5997790,2,2
2017-12-02,10000067,12487,5345400,4694900,5995899.99,2,2
2017-12-02,10000067,12530,500000,500000,500000,1,1
2017-12-02,10000067,12532,500000.01,500000.01,500000.01,2,1
2017-12-02,10000067,12533,2250,2250,2250,1,1
2017-12-02,10000067,12557,232439.36,198994.78,499996,9,2
2017-12-02,10000067,12559,198980.54,198980.54,198980.54,32,1
2017-12-02,10000067,12563,365789.37,175000,1499999,19,4
2017-12-02,10000067,12612,72,72,72,23500,3
2017-12-02,10000067,12729,278999999.92,278999999.92,278999999.92,1,1
2017-12-02,10000067,12779,726.36,726.36,726.36,3365,1
2017-12-02,10000067,12787,390,390,390,53500,3
2017-12-02,10000067,12791,384.87,384.87,384.87,5000,1
2017-12-02,10000067,12801,299.92,299.92,299.92,10000,1
2017-12-02,10000067,12805,205.13,205.13,205.13,28500,4
2017-12-02,10000067,12816,497990,497990,497990,12,1
2017-12-02,10000067,12818,290000,290000,290000,1,1
2017-12-02,10000067,12822,374999.99,374999.99,374999.99,18,1
2017-12-02,10000067,12826,295000.02,295000.02,295000.02,6,1
2017-12-02,10000067,13001,3037486.95,3037486.94,3037486.95,4,2
2017-12-02,10000067,13237,21460000,21460000,21460000,1,1
2017-12-02,10000067,13238,987000,987000,987000,1,1
2017-12-02,10000067,13252,7500000,7500000,7500000,1,1
2017-12-02,10000067,13267,10,10,10,23,3
2017-12-02,10000067,13278,100000,100000,100000,1,1
2017-12-02,10000067,13279,325437.5,250000,400875,2,2
2017-12-02,10000067,13283,100000,100000,100000,1,1
2017-12-02,10000067,13285,35000,35000,35000,1,1
2017-12-02,10000067,13949,1400000,1400000,1400000,1,1
2017-12-02,10000067,14003,10000000,10000000,10000000,1,1
2017-12-02,10000067,14074,37999999.18,37999999.18,37999999.18,1,1
2017-12-02,10000067,14140,1400000,1400000,1400000,1,1
2017-12-02,10000067,14256,45000000,45000000,45000000,1,1
2017-12-02,10000067,14272,1000000,1000000,1000000,1,1
2017-12-02,10000067,14274,10000,10000,10000,1,1
2017-12-02,10000067,15331,1154.01,1154.01,1154.01,22386,153
2017-12-02,10000067,15508,58125,40000,65000,40,7
2017-12-02,10000067,15510,85714.28,0.01,99999.99,7,3
2017-12-02,10000067,15587,1415.78,45.01,4500,13,7
2017-12-02,10000067,15588,1664.01,80.01,8000,10,6
2017-12-02,10000067,15590,20.01,20.01,20.01,7,3
2017-12-02,10000067,15591,30.01,30.01,30.01,2,1
2017-12-02,10000067,15592,500000,500000,500000,11,1
2017-12-02,10000067,15596,1000,1000,1000,9,2
2017-12-02,10000067,15597,1000,1000,1000,2,2
2017-12-02,10000067,15607,501.88,501.87,501.89,6,2
2017-12-02,10000067,15609,0.01,0.01,0.01,3,1
2017-12-02,10000067,15612,10000,10000,10000,2,2
2017-12-02,10000067,15613,200000,200000,200000,99,3
2017-12-02,10000067,15614,100006,100006,100006,351,4
2017-12-02,10000067,15625,45,45,45,6,1
2017-12-02,10000067,15626,80.01,80.01,80.01,3,1
2017-12-02,10000067,15628,5150,200,20000,4,3
2017-12-02,10000067,15646,500,500,500,2,2
2017-12-02,10000067,15994,250.01,250.01,250.01,2,1
2017-12-02,10000067,15999,0.01,0.01,0.01,1,1
2017-12-02,10000067,16000,10000,10000,10000,1,1
2017-12-02,10000067,16069,85000,85000,85000,1,1
2017-12-02,10000067,16236,414000.01,85000.01,1085000.01,10,4
2017-12-02,10000067,16237,8635240,8635240,8635240,1,1
2017-12-02,10000067,16238,735000.01,95000.01,1375000,4,3
2017-12-02,10000067,16240,197392.31,25100,1145000,13,4
2017-12-02,10000067,16262,180000,180000,180000,627,4
2017-12-02,10000067,16273,200,200,200,69456,17
2017-12-02,10000067,16274,700,700,700,675227,1
2017-12-02,10000067,16275,4999,4999,4999,1630,1
2017-12-02,10000067,16278,2274999.5,2050000,2499999,4,2
2017-12-02,10000067,16281,375000,375000,375000,4,4
2017-12-02,10000067,16297,1401.04,1401.04,1401.04,1,1
2017-12-02,10000067,16301,186753.99,15008,358499.98,2,2
2017-12-02,10000067,16303,731480,700000,857399.99,5,2
2017-12-02,10000067,16313,500,500,500,1,1
2017-12-02,10000067,16323,300,300,300,1,1
2017-12-02,10000067,16353,80001.05,80001.05,80001.05,5,2
2017-12-02,10000067,16355,40001.3,40001.3,40001.3,1,1
2017-12-02,10000067,16359,51002.01,51002.01,51002.01,1,1
2017-12-02,10000067,16361,118002.15,5,124002.03,8,5
2017-12-02,10000067,16363,140000.02,80000.06,199999.97,2,2
2017-12-02,10000067,16365,101868.85,1000.01,152303.27,3,3
2017-12-02,10000067,16367,399999.99,399999.99,399999.99,1,1
2017-12-02,10000067,16369,1301.03,1301.03,1301.03,4,4
2017-12-02,10000067,16371,76003.02,76003.02,76003.02,1,1
2017-12-02,10000067,16373,2110,2110,2110,2,1
2017-12-02,10000067,16381,1505,1505,1505,3,3
2017-12-02,10000067,16385,2000,2000,2000,4,2
2017-12-02,10000067,16389,349999.77,349999.77,349999.77,4,2
2017-12-02,10000067,16391,926642.47,758785.44,1290000,4,3
2017-12-02,10000067,16395,10000,10000,10000,1,1
2017-12-02,10000067,16413,0.01,0.01,0.01,2,2
2017-12-02,10000067,16425,0.01,0.01,0.01,5,3
2017-12-02,10000067,16429,0.01,0.01,0.01,2,2
2017-12-02,10000067,16431,0.01,0.01,0.01,3,2
2017-12-02,10000067,16433,400.28,400.28,400.28,3,3
2017-12-02,10000067,16435,243.75,243.75,243.75,1,1
2017-12-02,10000067,16439,5000,5000,5000,3,1
2017-12-02,10000067,16443,5,5,5,1,1
2017-12-02,10000067,16447,1505.27,1505.27,1505.27,1,1
2017-12-02,10000067,16451,5,5,5,1,1
2017-12-02,10000067,16455,5,5,5,1,1
2017-12-02,10000067,16457,5126997.98,4993996.95,5259999,4,4
2017-12-02,10000067,16469,196614.43,2501,225000,7,3
2017-12-02,10000067,16475,26001,26001,26001,1,1
2017-12-02,10000067,16485,109,109,109,1,1
2017-12-02,10000067,16491,5.02,5.02,5.02,1,1
2017-12-02,10000067,16495,105.15,105.15,105.15,1,1
2017-12-02,10000067,16507,904,904,904,1,1
2017-12-02,10000067,16527,5.55,5.55,5.55,1,1
2017-12-02,10000067,16596,35000000,35000000,35000000,1,1
2017-12-02,10000067,16597,20000000,20000000,20000000,1,1
2017-12-02,10000067,16598,3500000,3500000,3500000,3,3
2017-12-02,10000067,16622,5000000,5000000,5000000,2,2
2017-12-02,10000067,16682,1101.29,1101.29,1101.29,73,1
2017-12-02,10000067,17200,6,6,6,1,1
2017-12-02,10000067,17215,1007,1007,1007,2,1
2017-12-02,10000067,17217,300000,300000,300000,1,1
2017-12-02,10000067,17366,154616.4,20000,449999.98,39,18
2017-12-02,10000067,17368,100000,100000,100000,3,1
2017-12-02,10000067,17441,539,539,539,16000,1
2017-12-02,10000067,17452,163,153.3,180,169431,29
2017-12-02,10000067,17453,200,200,200,275309,23
2017-12-02,10000067,17455,18.82,18.82,18.82,1467,2
2017-12-02,10000067,17456,61.46,61.46,61.46,100000,1
2017-12-02,10000067,17459,43.04,43.04,44.03,2822178,46
2017-12-02,10000067,17460,45.37,45.37,45.37,1371280,27
2017-12-02,10000067,17463,16.93,16.5,17.59,784589,20
2017-12-02,10000067,17464,20.04,20.04,20.04,293180,14
2017-12-02,10000067,17470,11.5,10.02,11.5,961592,14
2017-12-02,10000067,17471,10.13,10.13,10.13,501289,13
2017-12-02,10000067,17478,15002150,11002150,23002150,3,3
2017-12-02,10000067,17480,15920035.72,9000089,20100000,5,5
2017-12-02,10000067,17482,2308884.3,1950000,2550000,27,12
2017-12-02,10000067,17619,37999999.99,37999999.99,37999999.99,2,2
2017-12-02,10000067,17736,448700000,448700000,448700000,1,1
2017-12-02,10000067,17765,30000,30000,30000,10,1
2017-12-02,10000067,17843,79999998.99,79999998.99,79999998.99,1,1
2017-12-02,10000067,17867,60,60,60,100000,1
2017-12-02,10000067,17868,56,56,56,8124,5
2017-12-02,10000067,17887,999,999,999,21934,2
2017-12-02,10000067,17888,1200,1200,1200,155500,3
2017-12-02,10000067,17889,1100,1100,1100,55000,4
2017-12-02,10000067,17893,90007.17,90007.17,90007.17,3,2
2017-12-02,10000067,17894,84666.67,84666.67,84666.67,3,1
2017-12-02,10000067,17895,250000,250000,250000,2,1
2017-12-02,10000067,17912,3720681.33,3406022,4350000,6,2
2017-12-02,10000067,17918,599999900,599999900,599999900,1,1
2017-12-02,10000067,17922,67000000,67000000,67000000,5,1
2017-12-02,10000067,17932,25400020.18,25400020.18,25400020.18,1,1
2017-12-02,10000067,17938,19048,15000,19887.99,39,24
2017-12-02,10000067,17940,500000,500000,500000,4,4
2017-12-02,10000067,18025,400000,400000,400000,1,1
2017-12-02,10000067,18037,800000,800000,800000,1,1
2017-12-02,10000067,18046,99555.51,99555.51,99555.51,4,1
2017-12-02,10000067,18048,99000,99000,99000,6,2
2017-12-02,10000067,18068,102505.14,102505.14,102505.14,3,1
2017-12-02,10000067,18600,658000.47,658000.47,658000.47,2,2
2017-12-02,10000067,18602,150277.78,30500.01,300000,9,2
2017-12-02,10000067,18604,32500,32500,32500,7,1
2017-12-02,10000067,18606,499000,499000,499000,22,2
2017-12-02,10000067,18608,989540.49,989540.49,989540.49,2,1
2017-12-02,10000067,18614,221522.73,215000,222000,44,3
2017-12-02,10000067,18616,144883.72,30000,160000,43,2
2017-12-02,10000067,18618,165000,165000,165000,20,1
2017-12-02,10000067,18635,575000,575000,575000,5,2
2017-12-02,10000067,18639,46572.18,44999.88,69911.32,41,14
2017-12-02,10000067,19045,299999999.88,299999999.88,299999999.88,1,1
2017-12-02,10000067,19181,52000000,52000000,52000000,1,1
2017-12-02,10000067,19258,14500000,14500000,14500000,1,1
2017-12-02,10000067,19269,19900000.09,19900000.09,19900000.09,1,1
2017-12-02,10000067,19400,10999.99,10999.99,10999.99,157,9
2017-12-02,10000067,19402,40000,40000,40000,1,1
2017-12-02,10000067,19404,175164.18,18000.08,180000,67,28
2017-12-02,10000067,19405,360000,360000,360000,36,17
2017-12-02,10000067,19406,600000,600000,600000,198,32
2017-12-02,10000067,19407,1200000,1200000,1200000,189,36
2017-12-02,10000067,19408,2100000,2100000,2100000,132,33
2017-12-02,10000067,19410,9900000,9900000,9900000,1,1
2017-12-02,10000067,19411,13200000,13200000,13200000,1,1
2017-12-02,10000067,19412,17160000,17160000,17160000,1,1
2017-12-02,10000067,19416,43200000,43200000,43200000,6,5
2017-12-02,10000067,19417,51680000,51680000,51680000,10,5
2017-12-02,10000067,19421,133837000,133837000,133837000,14,4
2017-12-02,10000067,19422,3360000,3360000,3360000,1,1
2017-12-02,10000067,19500,50350.5,2001,98700,2,2
2017-12-02,10000067,19726,1300000000.04,1300000000.04,1300000000.04,1,1
2017-12-02,10000067,19739,3977160.82,3000000.01,4343596.13,11,3
2017-12-02,10000067,19759,200000,200000,200000,2,2
2017-12-02,10000067,19760,160000,160000,160000,2,2
2017-12-02,10000067,19761,1000000,1000000,1000000,1,1
2017-12-02,10000067,19766,800000,800000,800000,2,2
2017-12-02,10000067,19767,400000,400000,400000,2,2
2017-12-02,10000067,19806,1949000,1799000,2098999.99,2,2
2017-12-02,10000067,19810,78343.1,122,97898.36,5,4
2017-12-02,10000067,19814,120000,120000,120000,1,1
2017-12-02,10000067,19921,90000,90000,90000,2,2
2017-12-02,10000067,19922,600000,600000,600000,1,1
2017-12-02,10000067,19923,2187.28,2187.28,2187.28,1,1
2017-12-02,10000067,19925,44998.01,4990.04,55000,5,2
2017-12-02,10000067,19929,600.67,401.01,1000,3,3
2017-12-02,10000067,19931,599.31,398.97,1000,3,3
2017-12-02,10000067,19935,150200.06,400.11,300000,2,2
2017-12-02,10000067,19939,3900.01,3800,4000.01,2,2
2017-12-02,10000067,19944,32000,32000,32000,1,1
2017-12-02,10000067,19952,250000,250000,250000,1,1
2017-12-02,10000067,20171,35011.39,35011.39,35011.39,3,1
2017-12-02,10000067,20172,99999.99,99999.99,99999.99,3,1
2017-12-02,10000067,20187,1245000000,1245000000,1245000000,1,1
2017-12-02,10000067,20209,1200000,1200000,1200000,1,1
2017-12-02,10000067,20210,999999.99,999999.99,999999.99,1,1
2017-12-02,10000067,20211,4000000,4000000,4000000,1,1
2017-12-02,10000067,20212,11999999.99,11999999.99,11999999.99,1,1
2017-12-02,10000067,20213,28000000.09,28000000.09,28000000.09,1,1
2017-12-02,10000067,20306,113.99,113.99,113.99,15600,2
2017-12-02,10000067,20307,95,95,95,24312,3
2017-12-02,10000067,20312,1100000,1100000,1100000,3,3
2017-12-02,10000067,20314,830769.23,830769.23,830769.23,1,1
2017-12-02,10000067,20315,14000000,14000000,14000000,2,1
2017-12-02,10000067,20342,50000000,50000000,50000000,1,1
2017-12-02,10000067,20345,449998.99,449998.99,449998.99,1,1
2017-12-02,10000067,20347,949999.98,949999.98,949999.98,1,1
2017-12-02,10000067,20351,2094999.5,1789999,2400000,2,2
2017-12-02,10000067,20353,4999999.98,4999999.98,4999999.98,1,1
2017-12-02,10000067,20411,95889,95889,95889,11,4
2017-12-02,10000067,20413,8734,8734,8734,8,1
2017-12-02,10000067,20414,63416.16,55180.47,73149.24,24,5
2017-12-02,10000067,20416,113750.76,35006.04,125000.01,8,2
2017-12-02,10000067,20419,90000.95,90000,90001,41,2
2017-12-02,10000067,20421,1,1,1,55,2
2017-12-02,10000067,20424,102.37,102.37,102.37,6,1
2017-12-02,10000067,20495,100000,100000,100000,1,1
2017-12-02,10000067,20533,400000000,400000000,400000000,2,2
2017-12-02,10000067,21059,126811.59,120000,201739.13,12,12
2017-12-02,10000067,21096,3095453.9,2999998.99,3575000,11,5
2017-12-02,10000067,21603,10000000,10000000,10000000,3,3
2017-12-02,10000067,21610,20000000,20000000,20000000,3,3
2017-12-02,10000067,21611,30000000,30000000,30000000,5,5
2017-12-02,10000067,21638,1124172.29,1050000,1132898.44,19,6
2017-12-02,10000067,21640,1146323.35,963505.1,1281999,27,7
2017-12-02,10000067,21718,100000,100000,100000,1,1
2017-12-02,10000067,21740,1844.84,1490,2199.67,6000,2
2017-12-02,10000067,21803,17500000,17500000,17500000,1,1
2017-12-02,10000067,21815,6500000,6500000,6500000,6,6
2017-12-02,10000067,21855,111111,111111,111111,5,1
2017-12-02,10000067,21857,41.67,41.67,41.67,1,1
2017-12-02,10000067,21896,1000,1000,1000,1000,1
2017-12-02,10000067,21922,975,975,975,1600,2
2017-12-02,10000067,21926,1750,1750,1750,5000,1
2017-12-02,10000067,22043,25000000,25000000,25000000,1,1
2017-12-02,10000067,22175,64946.43,59997.95,65000,21,18
2017-12-02,10000067,22177,55249.29,50000,55555,16,12
2017-12-02,10000067,22229,3975000,3975000,3975000,4,1
2017-12-02,10000067,22242,75000000,75000000,75000000,2,2
2017-12-02,10000067,22291,1373549.92,752000,2596699.93,16,9
2017-12-02,10000067,22436,1100000000,1100000000,1100000000,1,1
2017-12-02,10000067,22448,425000000.22,425000000.22,425000000.22,1,1
2017-12-02,10000067,22535,108614504.39,105010060.5,169890050.5,18,2
2017-12-02,10000067,22536,612500,225000,1000000,2,2
2017-12-02,10000067,22541,9000000,9000000,9000000,5,5
2017-12-02,10000067,22542,33285.78,7208.01,44999.99,22,13
2017-12-02,10000067,22546,315000000,315000000,315000000,1,1
2017-12-02,10000067,22551,28000000,28000000,28000000,1,1
2017-12-02,10000067,22552,1200000,1200000,1200000,1,1
2017-12-02,10000067,22576,40788.64,35000,44647.74,5,2
2017-12-02,10000067,22578,80000,80000,80000,5,5
2017-12-02,10000067,22611,10000000,10000000,10000000,2,1
2017-12-02,10000067,22761,32000000,32000000,32000000,4,4
2017-12-02,10000067,22806,125000,120000,200000,16,6
2017-12-02,10000067,22807,133333.33,120000,200000,6,5
2017-12-02,10000067,22808,133333.33,120000,200000,6,5
2017-12-02,10000067,22809,133333.33,120000,200000,6,5
2017-12-02,10000067,23025,890,890,890,17290,7
2017-12-02,10000067,23033,1767,1767,1767,887,1
2017-12-02,10000067,23049,2249.94,2249.94,2249.94,6000,1
2017-12-02,10000067,23059,3800000,3800000,3800000,9,1
2017-12-02,10000067,23069,50000000,50000000,50000000,4,4
2017-12-02,10000067,23087,213333.33,213333.33,213333.33,1,1
2017-12-02,10000067,23089,999999.97,999999.97,999999.97,4,1
2017-12-02,10000067,23091,1499999.97,1499999.97,1499999.97,1,1
2017-12-02,10000067,23093,998960.55,998960.55,998960.55,1,1
2017-12-02,10000067,23105,1285990.45,1285990.45,1285990.45,8,1
2017-12-02,10000067,23158,1,1,1,299,2
2017-12-02,10000067,23159,1,1,1,802,3
2017-12-02,10000067,23525,225000,225000,225000,20,2
2017-12-02,10000067,23527,436539.71,395258,477709.94,11,10
2017-12-02,10000067,23533,58546.3,52092.59,65000,2,2
2017-12-02,10000067,23559,145000,145000,145000,2,1
2017-12-02,10000067,23563,140000,140000,140000,1,1
2017-12-02,10000067,23566,577777.78,400000,2000000,9,7
2017-12-02,10000067,23594,450000,450000,450000,4,3
2017-12-02,10000067,23606,625000,150000,3000000,6,6
2017-12-02,10000067,23618,50000,50000,50000,6,6
2017-12-02,10000067,23707,10,10,10,225,2
2017-12-02,10000067,23727,5100,5100,5100,10,1
2017-12-02,10000067,24241,420000.01,50000,1900000.06,5,5
2017-12-02,10000067,24242,1000000,1000000,1000000,6,6
2017-12-02,10000067,24268,7500000,7500000,7500000,1,1
2017-12-02,10000067,24270,7500000,7500000,7500000,1,1
2017-12-02,10000067,24314,500000000,500000000,500000000,1,1
2017-12-02,10000067,24348,1237086.08,201007,1999999,12,9
2017-12-02,10000067,24395,649999.88,300000,999999.76,2,2
2017-12-02,10000067,24427,1473999,1470999,1475999,248,10
2017-12-02,10000067,24438,1387996.86,1387996.86,1387996.86,2,1
2017-12-02,10000067,24443,884897.49,879794.99,889999.99,2,2
2017-12-02,10000067,24486,219,219,219,20000,1
2017-12-02,10000067,24490,1490,1490,1490,10000,1
2017-12-02,10000067,24493,298.84,298.84,298.84,4000,1
2017-12-02,10000067,24494,238.58,238.58,238.58,4000,1
2017-12-02,10000067,24495,249,249,249,10000,1
2017-12-02,10000067,24497,194.99,194.99,194.99,10000,1
2017-12-02,10000067,24499,190,190,190,12000,2
2017-12-02,10000067,24509,523.08,523.08,523.08,4810,1
2017-12-02,10000067,24511,600,600,600,2000,1
2017-12-02,10000067,24513,699.99,699.99,699.99,30000,1
2017-12-02,10000067,24521,2999.98,2999.98,2999.98,2746,2
2017-12-02,10000067,24525,1500,1500,1500,1500,1
2017-12-02,10000067,24531,609,609,609,21000,2
2017-12-02,10000067,24533,788,788,788,1000,1
2017-12-02,10000067,24535,550,550,550,3000,2
2017-12-02,10000067,24537,641,641,641,500,1
2017-12-02,10000067,24539,850,850,850,500,1
2017-12-02,10000067,24541,750,750,750,13500,3
2017-12-02,10000067,24568,10000000,10000000,10000000,2,2
2017-12-02,10000067,24571,10000000,10000000,10000000,4,4
2017-12-02,10000067,24572,10000000,10000000,10000000,3,3
2017-12-02,10000067,24606,125000000,125000000,125000000,1,1
2017-12-02,10000067,24613,15000000,15000000,15000000,2,2
2017-12-02,10000067,24698,24000000.01,24000000.01,24000000.01,1,1
2017-12-02,10000067,24700,28400000.01,11800000.01,45000000.01,2,2
2017-12-02,10000067,24764,20000000,20000000,20000000,2,2
2017-12-02,10000067,25233,150000,150000,150000,2,2
2017-12-02,10000067,25235,150000,150000,150000,6,4
2017-12-02,10000067,25266,1554000.16,225001,1995499.81,8,5
2017-12-02,10000067,25544,29998234,29998234,29998234,3,3
2017-12-02,10000067,25588,15001,15001,15001,1922,17
2017-12-02,10000067,25589,2544.35,2544.35,2544.35,111,26
2017-12-02,10000067,25590,90001.21,90001.21,90002,2461,55
2017-12-02,10000067,25591,200002.07,200002.07,200003,2416,37
2017-12-02,10000067,25592,12000,12000,12000,1652,28
2017-12-02,10000067,25593,10000,10000,10000,124,17
2017-12-02,10000067,25594,52057.92,38000.1,55000,384,47
2017-12-02,10000067,25595,14541.48,14524.25,14700.45,92,26
2017-12-02,10000067,25596,35100.01,35100.01,35100.01,2206,40
2017-12-02,10000067,25597,4000.22,4000.22,4000.22,2242,22
2017-12-02,10000067,25598,8900.09,8900.09,8900.09,4124,58
2017-12-02,10000067,25599,4499,4499,4499,1569,55
2017-12-02,10000067,25600,20323.03,20222.29,24000,12353,61
2017-12-02,10000067,25601,5000,5000,5000,597,56
2017-12-02,10000067,25602,14501.09,14501.09,14501.09,52,4
2017-12-02,10000067,25603,28585.26,28002.69,30000,96,27
2017-12-02,10000067,25604,9204.61,9002.29,9546.23,81,21
2017-12-02,10000067,25605,20303.36,20303.36,20303.36,4534,50
2017-12-02,10000067,25606,50000.11,50000.11,50000.11,65,4
2017-12-02,10000067,25609,288082.67,288082.67,288082.68,10,2
2017-12-02,10000067,25612,655001.35,655001.35,655001.35,3,1
2017-12-02,10000067,25616,5110.66,5110.66,5110.66,57,2
2017-12-02,10000067,25617,402626.59,402626.59,402626.59,33,2
2017-12-02,10000067,25618,11133.51,11133.51,11133.51,18,2
2017-12-02,10000067,25619,548059.92,548059.92,548059.92,10,2
2017-12-02,10000067,25620,32106.06,32106.06,32106.06,12,1
2017-12-02,10000067,25622,610801.01,610801.01,610801.01,3,1
2017-12-02,10000067,25707,789999.99,789999.99,789999.99,2,1
2017-12-02,10000067,25709,5.02,5.02,5.02,1,1
2017-12-02,10000067,25713,5.13,5.13,5.13,2,1
2017-12-02,10000067,25719,800000,800000,800000,1,1
2017-12-02,10000067,25739,450000,450000,450000,1,1
2017-12-02,10000067,25810,450000,450000,450000,2,2
2017-12-02,10000067,25861,114990.7,60799.95,999999.99,71,38
2017-12-02,10000067,25863,1000000,1000000,1000000,1,1
2017-12-02,10000067,25894,20000000,20000000,20000000,1,1
2017-12-02,10000067,25896,39999999.97,39999999.97,39999999.97,1,1
2017-12-02,10000067,25902,16487960.2,16487960.2,16487960.2,1,1
2017-12-02,10000067,25948,7697024.71,6899999.92,9797124.1,6,5
2017-12-02,10000067,26022,15000000,15000000,15000000,1,1
2017-12-02,10000067,26030,22999871.81,22999871.81,22999871.81,1,1
2017-12-02,10000067,26083,1250000,1250000,1250000,1,1
2017-12-02,10000067,26084,20499999.43,20499999.43,20499999.43,1,1
2017-12-02,10000067,26086,22499991.21,22499991.21,22499991.21,1,1
2017-12-02,10000067,26252,61464.43,60000,70251.03,7,7
2017-12-02,10000067,26253,100000,100000,100000,2,2
2017-12-02,10000067,26254,20000,20000,20000,1,1
2017-12-02,10000067,26255,99296.3,97888.89,100000,3,3
2017-12-02,10000067,26256,100000,100000,100000,2,2
2017-12-02,10000067,26257,100000,100000,100000,2,2
2017-12-02,10000067,26258,74500,49000,100000,2,2
2017-12-02,10000067,26259,100000,100000,100000,4,4
2017-12-02,10000067,26260,100000,100000,100000,1,1
2017-12-02,10000067,26261,100000,100000,100000,4,4
2017-12-02,10000067,26338,179999999.98,179999999.98,179999999.98,1,1
2017-12-02,10000067,26374,54974999.99,54974999.99,54974999.99,1,1
2017-12-02,10000067,26380,79999999.96,79999999.96,79999999.96,1,1
2017-12-02,10000067,26929,250000,249999.99,250000,15,10
2017-12-02,10000067,26930,125000,125000,125000,2,2
2017-12-02,10000067,26931,3999997.99,3999997.99,3999997.99,1,1
2017-12-02,10000067,27091,5999999.58,5999999.58,5999999.58,1,1
2017-12-02,10000067,27187,37100000,37100000,37100000,1,1
2017-12-02,10000067,27321,990,990,990,500,1
2017-12-02,10000067,27333,1499.63,1499.63,1499.63,2000,1
2017-12-02,10000067,27361,1849,1849,1849,7500,3
2017-12-02,10000067,27371,1301.39,1203.78,1398.99,5000,5
2017-12-02,10000067,27377,2382.9,2382.9,2382.9,3076,2
2017-12-02,10000067,27381,1199,1199,1199,7000,2
2017-12-02,10000067,27387,1226.52,1226.52,1226.52,11998,5
2017-12-02,10000067,27405,726.68,726.68,726.68,1658,1
2017-12-02,10000067,27413,1549.82,1549.82,1549.82,2000,2
2017-12-02,10000067,27423,2469.97,2469.97,2469.97,1000,1
2017-12-02,10000067,27429,2307.96,2307.96,2307.96,8344,2
2017-12-02,10000067,27435,1500,1500,1500,5000,1
2017-12-02,10000067,27441,1849.99,1849.99,1849.99,7000,3
2017-12-02,10000067,27902,100000,100000,100000,7,7
2017-12-02,10000067,27906,25000000,25000000,25000000,3,3
2017-12-02,10000067,27911,12000000,12000000,12000000,1,1
2017-12-02,10000067,27936,10000000,10000000,10000000,1,1
2017-12-02,10000067,28209,2150000,2150000,2150000,1,1
2017-12-02,10000067,28211,1299994.54,1299994.54,1299994.54,5,1
2017-12-02,10000067,28213,1648996.72,1648994.55,1648998.88,12,3
2017-12-02,10000067,28270,1900000,1900000,1900000,10,2
2017-12-02,10000067,28282,2600000,2600000,2600000,5,1
2017-12-02,10000067,28361,181.99,181.99,181.99,125,2
2017-12-02,10000067,28362,142401.45,142102.18,143000,99,3
2017-12-02,10000067,28363,130091,130091,130091,28,1
2017-12-02,10000067,28374,500000000,500000000,500000000,1,1
2017-12-02,10000067,28410,9000,9000,9000,20,1
2017-12-02,10000067,28425,4800,4800,4800,837,1
2017-12-02,10000067,28428,2200,2200,2200,820,1
2017-12-02,10000067,28431,1700,1700,1700,1,1
2017-12-02,10000067,28576,943766.08,550281,999969.96,40,13
2017-12-02,10000067,28578,470000.5,15001,925000,2,2
2017-12-02,10000067,28585,25000000,25000000,25000000,1,1
2017-12-02,10000067,28606,775000000,775000000,775000000,1,1
2017-12-02,10000067,28609,32000000,32000000,32000000,1,1
2017-12-02,10000067,28615,4000000,4000000,4000000,1,1
2017-12-02,10000067,28646,6999999.99,6999999.99,6999999.99,1,1
2017-12-02,10000067,28656,64000000,64000000,64000000,1,1
2017-12-02,10000067,28667,64000000,64000000,64000000,1,1
2017-12-02,10000067,28668,30000,28150,37599,206,6
2017-12-02,10000067,28672,1499999.91,1499999.91,1499999.91,1,1
2017-12-02,10000067,28756,30660000.99,26080002,35239999.98,2,2
2017-12-02,10000067,28758,28989771.38,26881004,35000000,13,7
2017-12-02,10000067,28879,1000000,1000000,1000000,8,8
2017-12-02,10000067,28880,5000000,5000000,5000000,4,4
2017-12-02,10000067,28999,45031.82,16315.14,73748.49,4,4
2017-12-02,10000067,29001,40459.54,23000,68997.98,20,9
2017-12-02,10000067,29009,46631.86,35000,69895.58,6,4
2017-12-02,10000067,29248,449999,399999,499999,2,2
2017-12-02,10000067,29337,139000000.17,139000000.17,139000000.17,1,1
2017-12-02,10000067,29637,50000000,50000000,50000000,3,3
2017-12-02,10000067,30013,7499.99,7499.99,7499.99,1261,30
2017-12-02,10000067,30014,5000000,5000000,5000000,1,1
2017-12-02,10000067,30028,67571.52,59999.98,89999.98,52,4
2017-12-02,10000067,30029,5000000,5000000,5000000,1,1
2017-12-02,10000067,30486,493248.26,487996.99,499999.89,48,4
2017-12-02,10000067,30488,550000,415000,550000,134,13
2017-12-02,10000067,30497,20.99,20.99,20.99,1,1
2017-12-02,10000067,30540,5000000,5000000,5000000,1,1
2017-12-02,10000067,30544,5000000,5000000,5000000,1,1
2017-12-02,10000067,30546,5000000,5000000,5000000,1,1
2017-12-02,10000067,30548,5000000,5000000,5000000,1,1
2017-12-02,10000067,30549,5000000,5000000,5000000,1,1
2017-12-02,10000067,30552,5000000,5000000,5000000,1,1
2017-12-02,10000067,30553,5000000,5000000,5000000,1,1
2017-12-02,10000067,30744,200000,200000,200000,15022,14
2017-12-02,10000067,30745,500000,500000,500000,15065,12
2017-12-02,10000067,30746,1400000,1400000,1400000,759,5
2017-12-02,10000067,30747,4500023.5,4500022,4500024,4,2
2017-12-02,10000067,30832,2999843.16,2999766.97,2999996,6,3
2017-12-02,10000067,30834,2499287.11,2499279.42,2499289.67,4,2
2017-12-02,10000067,30987,484937.9,484937.9,484937.9,1,1
2017-12-02,10000067,30994,50000000,50000000,50000000,1,1
2017-12-02,10000067,31009,987999.96,987999.96,987999.96,1,1
2017-12-02,10000067,31011,3499999.92,3499999.92,3499999.92,2,2
2017-12-02,10000067,31015,13986999.98,12973999.95,15000000,2,2
2017-12-02,10000067,31033,910999.98,910999.98,910999.98,1,1
2017-12-02,10000067,31045,837386.39,786185.19,990990,4,2
2017-12-02,10000067,31053,39999991.99,39999991.99,39999991.99,1,1
2017-12-02,10000067,31055,1963381.35,1750000,1985313.54,11,6
2017-12-02,10000067,31066,750000,750000,750000,1,1
2017-12-02,10000067,31073,2900000,2900000,2900000,2,1
2017-12-02,10000067,31083,1200000,1200000,1200000,3,1
2017-12-02,10000067,31085,2000000,2000000,2000000,3,1
2017-12-02,10000067,31105,480000,320000,800000,6,3
2017-12-02,10000067,31111,7500000,7500000,7500000,1,1
2017-12-02,10000067,31119,2934959.15,2390948.94,5111000,5,3
2017-12-02,10000067,31153,490990,490990,490990,1,1
2017-12-02,10000067,31155,1290990,1290990,1290990,1,1
2017-12-02,10000067,31159,490990,490990,490990,1,1
2017-12-02,10000067,31161,1990990,1990990,1990990,1,1
2017-12-02,10000067,31171,8000000,8000000,8000000,3,3
2017-12-02,10000067,31201,2999999,2999999,2999999,3,2
2017-12-02,10000067,31204,750000,750000,750000,1,1
2017-12-02,10000067,31213,189333.32,150000,219999.97,15,8
2017-12-02,10000067,31238,250000,250000,250000,1,1
2017-12-02,10000067,31316,5000000,5000000,5000000,1,1
2017-12-02,10000067,31322,560000,560000,560000,1,1
2017-12-02,10000067,31358,699666.67,699000,700000,3,3
2017-12-02,10000067,31360,2809562.29,2300000,2999999.95,32,8
2017-12-02,10000067,31364,6999998.94,6999998.94,6999998.94,3,3
2017-12-02,10000067,31370,407439.25,396998.89,444333,9,7
2017-12-02,10000067,31372,1670251.13,1600000,1888888,23,7
2017-12-02,10000067,31376,11546004.18,9730021,11999999.98,5,4
2017-12-02,10000067,31378,12679988.65,12499971.63,12800000,5,5
2017-12-02,10000067,31397,750000,750000,750000,1,1
2017-12-02,10000067,31409,750000,750000,750000,1,1
2017-12-02,10000067,31538,1700000,1700000,1700000,2,2
2017-12-02,10000067,31546,9000000,9000000,9000000,2,1
2017-12-02,10000067,31598,1624999.21,499998.99,4999999.88,4,3
2017-12-02,10000067,31620,8224990.3,8224990.3,8224990.3,1,1
2017-12-02,10000067,31626,6700000,6700000,6700000,1,1
2017-12-02,10000067,31638,8000000,8000000,8000000,2,1
2017-12-02,10000067,31644,1300000,1300000,1300000,1,1
2017-12-02,10000067,31650,8000000,8000000,8000000,1,1
2017-12-02,10000067,31716,285999,247998.99,399998,4,3
2017-12-02,10000067,31718,673372.3,557982.24,750299,5,4
2017-12-02,10000067,31742,406881.86,345998.79,528648.01,3,3
2017-12-02,10000067,31752,174399.99,159999.99,183999.99,5,4
2017-12-02,10000067,31753,125000,125000,125000,1,1
2017-12-02,10000067,31754,2036610.37,2000000,2139318.15,7,7
2017-12-02,10000067,31760,10000000,10000000,10000000,1,1
2017-12-02,10000067,31788,499998.99,499998.99,499999,7,4
2017-12-02,10000067,31790,2984388.49,2531097,3562099.99,10,6
2017-12-02,10000067,31791,750000,750000,750000,1,1
2017-12-02,10000067,31793,50000000,50000000,50000000,1,1
2017-12-02,10000067,31796,2500001.95,2500001.95,2500001.95,1,1
2017-12-02,10000067,31800,950000,950000,950000,1,1
2017-12-02,10000067,31802,2799996.54,2499999,3099994.08,4,3
2017-12-02,10000067,31868,4994881.14,4994881.14,4994881.14,6,2
2017-12-02,10000067,31880,2282726.64,2048998.96,2669999.99,33,6
2017-12-02,10000067,31882,2630999.33,2599999,2693000,6,2
2017-12-02,10000067,31884,3498998.97,3498998.97,3498998.97,9,3
2017-12-02,10000067,31892,4488979.92,4488979.92,4488979.92,2,1
2017-12-02,10000067,31896,29000000.16,29000000.16,29000000.16,1,1
2017-12-02,10000067,31928,12000000,12000000,12000000,1,1
2017-12-02,10000067,31936,19999999,19999999,19999999,1,1
2017-12-02,10000067,31998,125000,125000,125000,38,1
2017-12-02,10000067,32014,350000,350000,350000,20,1
2017-12-02,10000067,32027,3249999,3249999,3249999,2,2
2017-12-02,10000067,32043,3100000,3100000,3100000,6,2
2017-12-02,10000067,32071,4000000,4000000,4000000,1,1
2017-12-02,10000067,32339,100000000,100000000,100000000,1,1
2017-12-02,10000067,32772,1105000,1105000,1105000,1,1
2017-12-02,10000067,32780,1499990,1499990,1499990,1,1
2017-12-02,10000067,32787,25087.19,19400,29999.54,90,20
2017-12-02,10000067,32797,500000,500000,500000,3,3
2017-12-02,10000067,32819,1249999.99,1249999.99,1249999.99,1,1
2017-12-02,10000067,32872,1459976.5,1353930.01,1650000,6,5
2017-12-02,10000067,32874,1180000.36,1180000.36,1180000.36,1,1
2017-12-02,10000067,32876,31006.54,31006.54,31006.54,1,1
2017-12-02,10000067,32880,208591.75,197257.51,219999.98,19,19
2017-12-02,10000067,32881,4188888.89,4177777.77,4200000,2,2
2017-12-02,10000067,32918,40000,40000,40000,1,1
2017-12-02,10000067,32999,233333.33,200000,300000,6,4
2017-12-02,10000067,33000,200000,200000,200000,2,2
2017-12-02,10000067,33001,200000,200000,200000,1,1
2017-12-02,10000067,33003,1029999.99,1029999.99,1029999.99,5,1
2017-12-02,10000067,33007,210499.99,210499.99,210499.99,4,2
2017-12-02,10000067,33078,1025000,1000000,1200000,8,8
2017-12-02,10000067,33091,100000,100000,100000,5,5
2017-12-02,10000067,33092,95000,90000,100000,2,2
2017-12-02,10000067,33093,100000,100000,100000,4,4
2017-12-02,10000067,33094,100000,100000,100000,2,2
2017-12-02,10000067,33095,1000000,1000000,1000000,4,4
2017-12-02,10000067,33096,1000000,1000000,1000000,3,3
2017-12-02,10000067,33097,1000000,1000000,1000000,2,2
2017-12-02,10000067,33098,1000000,1000000,1000000,1,1
2017-12-02,10000067,33101,1239285.18,1239285.18,1239285.18,8,1
2017-12-02,10000067,33138,1500000,1500000,1500000,1,1
2017-12-02,10000067,33151,180000000,180000000,180000000,1,1
2017-12-02,10000067,33176,1888.88,1888.88,1888.88,1,1
2017-12-02,10000067,33178,167499.48,159999,174999.95,2,2
2017-12-02,10000067,33180,265542.38,235000,500000,10,6
2017-12-02,10000067,33181,600000,600000,600000,1,1
2017-12-02,10000067,33195,1000.62,1000.6,1000.64,6,2
2017-12-02,10000067,33270,233185.19,233185.19,233185.19,1,1
2017-12-02,10000067,33399,5000000,5000000,5000000,2,2
2017-12-02,10000067,33407,36000000,36000000,36000000,1,1
2017-12-02,10000067,33440,729998,729998,729998,3,1
2017-12-02,10000067,33467,3000000,3000000,3000000,1,1
2017-12-02,10000067,33468,77299960.01,61999899.99,139000000.06,5,5
2017-12-02,10000067,33474,2012404.45,1997888,2309999.61,8,7
2017-12-02,10000067,33475,9381075.69,9000000,9680000,50,26
2017-12-02,10000067,33517,1000000,1000000,1000000,6,4
2017-12-02,10000067,33577,300000,300000,300000,4,1
2017-12-02,10000067,33681,95000000,95000000,95000000,1,1
2017-12-02,10000067,33697,18500000.16,18500000.16,18500000.16,1,1
2017-12-02,10000067,33699,100000,100000,100000,5,5
2017-12-02,10000067,33824,1749998.9,1499999,2499998.58,4,2
2017-12-02,10000067,33915,320000,320000,320000,1,1
2017-12-02,10000067,34201,250001.27,250001.26,250001.33,5,4
2017-12-02,10000067,34203,607001.18,607001.18,607001.18,4,3
2017-12-02,10000067,34204,945000.05,945000.05,945000.05,2,2
2017-12-02,10000067,34205,284000.01,284000.01,284000.01,9,6
2017-12-02,10000067,34206,181000.69,157001.11,220000,21,8
2017-12-02,10000067,34327,35000000,35000000,35000000,2,1
2017-12-02,10000067,34363,800000,800000,800000,1,1
2017-12-02,10000067,34496,500000.01,500000.01,500000.01,1,1
2017-12-02,10000067,34562,62499998.81,62499998.81,62499998.81,2,1
2017-12-02,10000067,34575,60000.05,60000.05,60000.05,2,2
2017-12-02,10000067,35656,141911.43,70108.11,150000,7,7
2017-12-02,10000067,35657,350000.98,350000.98,350000.98,2,1
2017-12-02,10000067,35658,7501.67,2002,35000,6,6
2017-12-02,10000067,35659,279371.7,2801,399999.97,7,7
2017-12-02,10000067,35660,62155.25,1207,245000,4,4
2017-12-02,10000067,35661,338002.09,338002.09,338002.09,65,3
2017-12-02,10000067,35662,318000.09,318000.09,318000.09,128,4
2017-12-02,10000067,35680,1000000,1000000,1000000,2,2
2017-12-02,10000067,35685,1000000,1000000,1000000,1,1
2017-12-02,10000067,35771,102000.32,102000.32,102000.32,1,1
2017-12-02,10000067,35790,1492656.67,996000,2485970,3,2
2017-12-02,10000067,35795,249999,249999,249999,1,1
2017-12-02,10000067,35835,1295008000,1295008000,1295008000,1,1
2017-12-02,10000067,35959,24800000,24800000,24800000,1,1
2017-12-02,10000067,36908,8000000.01,8000000.01,8000000.01,2,1
2017-12-02,10000067,36912,8000000.01,8000000.01,8000000.01,2,1
2017-12-02,10000067,37135,18000000.19,18000000.19,18000000.19,1,1
2017-12-02,10000067,37450,485750,485750,485750,3,1
2017-12-02,10000067,37479,49999.98,49999.98,49999.98,1,1
2017-12-02,10000067,37482,120000000,120000000,120000000,1,1
2017-12-02,10000067,37544,110,110,110,3,3
2017-12-02,10000067,37545,27.01,27,27.02,4,4
2017-12-02,10000067,37608,1410600.02,107000,1550000.05,35,8
2017-12-02,10000067,37610,1501070.36,1499000.1,1505795.58,55,10
2017-12-02,10000067,37611,1461222.48,1448976.11,1495000.1,62,9
2017-12-02,10000067,37615,20000000,20000000,20000000,1,1
2017-12-02,10000067,37796,5000000,5000000,5000000,2,2
2017-12-02,10000067,37797,5000000,5000000,5000000,3,3
2017-12-02,10000067,37798,5000000,5000000,5000000,2,2
2017-12-02,10000067,37799,5000000,5000000,5000000,2,2
2017-12-02,10000067,37848,19990,19990,19990,450,1
2017-12-02,10000067,40328,4000000,4000000,4000000,1,1
2017-12-02,10000067,40519,310389105.2,306500222.64,329833518,6,2
2017-12-02,10000067,40520,830216666.67,829800000,830800000,12,6
2017-12-02,10000067,40572,100000000,100000000,100000000,4,4
2017-12-02,10000067,40573,100000000,100000000,100000000,3,3
2017-12-02,10000067,41032,1136.6,12.02,2261.18,2,2
2017-12-02,10000067,41034,120294.06,80000,180999,17,6
2017-12-02,10000067,41054,410000,410000,410000,1,1
2017-12-02,10000067,41055,458003.06,458003.06,458003.06,66,3
2017-12-02,10000067,41056,405297.33,405000,406000,74,6
2017-12-02,10000067,41057,4999999,4999999,4999999,1,1
2017-12-02,10000067,41155,28900.01,28900.01,28900.01,4,2
2017-12-02,10000067,41410,38899999.99,38899999.99,38899999.99,1,1
2017-12-02,10000067,41490,1500000,1500000,1500000,10,1
2017-12-02,10000067,42244,64775000,64775000,64775000,1,1
2017-12-02,10000067,42528,1499999,1499999,1499999,3,2
2017-12-02,10000067,42695,10.05,10.05,10.05,899,1
2017-12-02,10000067,42829,850,850,850,4069,4
2017-12-02,10000067,42830,680,680,680,11774,8
2017-12-02,10000067,42831,990,990,990,2500,2
2017-12-02,10000067,42832,10.05,10.05,10.05,1495,1
2017-12-02,10000067,42835,0.01,0.01,0.01,2400,2
2017-12-02,10000067,42838,1900.01,1900.01,1900.01,900,1
2017-12-02,10000067,42840,1500,1500,1500,900,1
2017-12-02,10000067,42880,18000000,18000000,18000000,1,1
2017-12-02,10000067,42881,18000000,18000000,18000000,1,1
2017-12-02,10000067,42882,18000000,18000000,18000000,1,1
2017-12-02,10000067,43544,3500000,3500000,3500000,1,1
2017-12-02,10000067,43551,8101600,170000,19999000,5,2
2017-12-02,10000067,43554,2280000,2280000,2280000,3,2
2017-12-02,10000067,43694,73900000,73900000,73900000,4,1
2017-12-02,10000067,43702,80000,80000,80000,1,1
2017-12-02,10000067,43703,18000000,18000000,18000000,3,3
2017-12-02,10000067,44067,250000000,250000000,250000000,2,2
2017-12-02,10000067,44898,40000000,40000000,40000000,1,1
2017-12-02,10000067,44992,3120007.31,3120007.31,3120037.46,6076,22
2017-12-02,10000067,45009,230000000,230000000,230000000,1,1
2017-12-02,10000067,45591,3199903.49,3199903.49,3199903.49,1,1
2017-12-02,10000067,45601,3199896.45,3199896.45,3199896.45,1,1
2017-12-02,10000067,45613,3199896.34,3199896.34,3199896.34,1,1
2017-12-02,10000067,45625,3199911.19,3199911.19,3199911.19,1,1
2017-12-02,10000067,45635,176800000,176800000,176800000,2,2
2017-12-02,10000067,45746,1000000,1000000,1000000,7,7
2017-12-02,10000067,45748,5000000,5000000,5000000,1,1
2017-12-02,10000067,45750,15000000,15000000,15000000,1,1
2017-12-02,10000067,45787,1500000,1500000,1500000,1,1
2017-12-02,10000067,45998,2420000,1500000,3649999.99,5,5
2017-12-02,10000067,46004,500000,500000,500000,2,1
2017-12-02,10000067,46008,9534051.88,9068103.76,10000000,2,2
2017-12-02,10000067,46152,10000000,10000000,10000000,2,1
2017-12-02,10000067,46153,15000000,15000000,15000000,2,1
2017-12-02,10000067,46154,20000000,20000000,20000000,2,1
2017-12-02,10000067,46155,25000000,25000000,25000000,3,2
2017-12-02,10000067,46156,30000000,30000000,30000000,2,1
2017-12-02,10000067,46350,10000000,10000000,10000000,1,1
2017-12-02,10000067,46352,10000000,10000000,10000000,1,1
2017-12-02,10000067,46357,10000000,10000000,10000000,1,1
2017-12-02,10000067,46359,10000000,10000000,10000000,2,2
2017-12-02,10000067,46361,10000000,10000000,10000000,1,1
2017-12-02,10000068,18,55,55,55.02,4327871,133
2017-12-02,10000068,20,285,170.02,310,51827,33
2017-12-02,10000068,21,674,674,674,501,1
2017-12-02,10000068,34,4.67,4.56,5.56,155150610,440
2017-12-02,10000068,35,5,5,5,45510810,271
2017-12-02,10000068,36,59,59,59,13718413,211
2017-12-02,10000068,37,59.92,45.1,60,948901,157
2017-12-02,10000068,38,398.99,398.99,398.99,216832,182
2017-12-02,10000068,39,1489,1489,1489,451437,136
2017-12-02,10000068,40,1598.99,1598.99,1598.99,354324,75
2017-12-02,10000068,41,18.08,16.5,24.97,178236,37
2017-12-02,10000068,42,420.02,420.02,420.02,60,6
2017-12-02,10000068,43,305.5,305.5,305.5,57302,15
2017-12-02,10000068,44,10001,10001,10001,325,1
2017-12-02,10000068,45,9.84,1,76.1,68,7
2017-12-02,10000068,178,3.25,3.25,3.25,2560,4
2017-12-02,10000068,179,0.01,0.01,0.01,400,4
2017-12-02,10000068,180,0.01,0.01,0.01,100,1
2017-12-02,10000068,181,17.99,17.99,17.99,4430,4
2017-12-02,10000068,182,15,15,15,2300,6
2017-12-02,10000068,183,1.8,1.8,1.8,100,1
2017-12-02,10000068,184,25,25,25,1401,6
2017-12-02,10000068,185,28,28,28,1500,5
2017-12-02,10000068,186,14.99,14.99,14.99,150,1
2017-12-02,10000068,189,34.8,34.8,34.8,10000,1
2017-12-02,10000068,195,49.65,49.65,49.65,15000,1
2017-12-02,10000068,199,5.03,5.03,5.03,8040,1
2017-12-02,10000068,202,269.88,269.88,269.88,40000,1
2017-12-02,10000068,203,250,250,250,1100,2
2017-12-02,10000068,205,160,160,160,1000,1
2017-12-02,10000068,206,2,2,2,400,4
2017-12-02,10000068,207,2,2,2,100,1
2017-12-02,10000068,208,2,2,2,400,3
2017-12-02,10000068,209,58.17,58.17,58.17,95000,10
2017-12-02,10000068,210,11.01,11.01,11.01,10100,10
2017-12-02,10000068,211,2.55,2.55,2.55,5820,7
2017-12-02,10000068,212,0.4,0.4,0.4,1100,8
2017-12-02,10000068,213,0.3,0.3,0.3,546,5
2017-12-02,10000068,215,4.19,3.2,4.19,71434,53
2017-12-02,10000068,216,3.95,3.94,6.95,186743,41
2017-12-02,10000068,217,5.62,5.62,5.62,353234,50
2017-12-02,10000068,218,4.24,4.24,4.24,18714,19
2017-12-02,10000068,219,10,10,10,27984,25
2017-12-02,10000068,220,11.85,11.85,11.85,245738,30
2017-12-02,10000068,221,13.49,13.49,13.49,104132,41
2017-12-02,10000068,222,15.65,15.65,15.65,1126293,248
2017-12-02,10000068,223,21.99,21,21.99,12165,7
2017-12-02,10000068,224,31.95,31.95,31.95,7398,7
2017-12-02,10000068,225,26,25,27,29420,7
2017-12-02,10000068,226,34.31,34.31,34.31,35200,4
2017-12-02,10000068,227,100,100,100,6700,4
2017-12-02,10000068,228,42.49,42.49,42.49,26400,7
2017-12-02,10000068,229,43.5,43.5,43.5,5200,3
2017-12-02,10000068,230,56.25,56.24,58,64503,21
2017-12-02,10000068,231,100,100,100,1403,3
2017-12-02,10000068,232,98.94,98.94,98.94,10000,1
2017-12-02,10000068,233,64,64,64,1305,2
2017-12-02,10000068,234,60,60,60,2300,2
2017-12-02,10000068,236,149.98,149.98,149.98,6999,1
2017-12-02,10000068,237,172.5,172.5,172.5,5600,2
2017-12-02,10000068,238,130,35,150,9598,8
2017-12-02,10000068,239,5,5,5,2,2
2017-12-02,10000068,240,603.08,5.13,1500,5,4
2017-12-02,10000068,241,5,5,5,4,3
2017-12-02,10000068,242,361.43,5,2500,7,7
2017-12-02,10000068,243,5,5,5,7,5
2017-12-02,10000068,244,9088.63,5,9996.99,33,4
2017-12-02,10000068,245,5,5,5,4,4
2017-12-02,10000068,246,5.03,5.03,5.03,1,1
2017-12-02,10000068,247,39998.95,39998.95,39998.95,50,1
2017-12-02,10000068,248,5254.17,5000,6525.01,6,2
2017-12-02,10000068,253,10000,10000,10000,1,1
2017-12-02,10000068,254,88460.56,50000,89998.98,52,2
2017-12-02,10000068,255,130000,130000,130000,5,1
2017-12-02,10000068,258,156999,156999,156999,4,1
2017-12-02,10000068,259,174000,174000,174000,2,1
2017-12-02,10000068,262,249999,249999,249999,5,1
2017-12-02,10000068,263,199,199,199,470,25
2017-12-02,10000068,266,0.29,0.29,0.29,501,6
2017-12-02,10000068,269,12.79,12.79,12.79,300,4
2017-12-02,10000068,377,11999.99,11999.99,11999.99,130,29
2017-12-02,10000068,380,499999,499999,499999,2,1
2017-12-02,10000068,393,14641.82,12000,14986.54,7,4
2017-12-02,10000068,394,298837.4,288000,310432.17,12,3
2017-12-02,10000068,399,42258.16,40601.95,79998.98,19,16
2017-12-02,10000068,400,898000,898000,898000,3,3
2017-12-02,10000068,434,57005.83,7787.77,64996.94,41,37
2017-12-02,10000068,439,11749.99,9389.9,11749.99,140,99
2017-12-02,10000068,440,5395000,5185000,5500000,3,3
2017-12-02,10000068,442,72400,69500,75999.99,5,5
2017-12-02,10000068,444,6788.46,5999.99,7000,26,26
2017-12-02,10000068,447,100000,100000,100000,3,3
2017-12-02,10000068,448,1974999.75,1900000,2049999.5,4,4
2017-12-02,10000068,450,86639.96,86639.96,86639.96,2,2
2017-12-02,10000068,452,44710.23,44383,45000,6,4
2017-12-02,10000068,454,114550.91,107898,116214.14,5,3
2017-12-02,10000068,458,444441.99,444441.99,444441.99,2,1
2017-12-02,10000068,482,1079584.92,999999,1089999,49,27
2017-12-02,10000068,483,10000,3500,11970,109,58
2017-12-02,10000068,484,44214.17,15500,48999.86,7,3
2017-12-02,10000068,486,18975.5,18950.99,19000,4,3
2017-12-02,10000068,487,65000,65000,65000,3,1
2017-12-02,10000068,493,634632.17,634632.17,634632.17,2,2
2017-12-02,10000068,499,32488.4,11480,64000,10,5
2017-12-02,10000068,501,71666.67,65000,75000,9,2
2017-12-02,10000068,520,82950,82950,82950,1,1
2017-12-02,10000068,523,15001.92,14999.98,17500,82,61
2017-12-02,10000068,524,43538.33,35000,44500,19,18
2017-12-02,10000068,526,40534.57,8007.77,45000.05,20,15
2017-12-02,10000068,527,1322000,1144000,1500000,4,4
2017-12-02,10000068,530,26911.67,24745,27995,3,3
2017-12-02,10000068,533,44994,44994,44994,1,1
2017-12-02,10000068,561,7299,7299,7299,115,68
2017-12-02,10000068,562,35553.85,22989,69999,76,21
2017-12-02,10000068,563,27850,27850,27850,164,12
2017-12-02,10000068,564,28458.57,25000.01,29999,37,20
2017-12-02,10000068,565,35856.01,32970.25,38500,99,39
2017-12-02,10000068,566,349699.96,349699.96,349699.96,1,1
2017-12-02,10000068,567,48441.75,47494,50000,15,5
2017-12-02,10000068,570,393333.22,380000,499998.96,9,4
2017-12-02,10000068,574,1600000,1600000,1600000,7,1
2017-12-02,10000068,577,62960,57900,64225,5,3
2017-12-02,10000068,578,92675.16,89998.99,93999.99,37,28
2017-12-02,10000068,580,64990,64990,64990,1,1
2017-12-02,10000068,585,499998.98,499998.98,499998.98,1,1
2017-12-02,10000068,586,444707.42,389414.83,500000,2,2
2017-12-02,10000068,592,140614.32,90000.06,195000,35,29
2017-12-02,10000068,593,360307.01,347369.37,382000,52,43
2017-12-02,10000068,594,347650.49,165080.06,424887.99,21,21
2017-12-02,10000068,597,410000,410000,410000,1,1
2017-12-02,10000068,598,335000,335000,335000,1,1
2017-12-02,10000068,602,340000,340000,340000,1,1
2017-12-02,10000068,603,380000,380000,380000,1,1
2017-12-02,10000068,605,415800,415800,415800,1,1
2017-12-02,10000068,606,2658.19,401,12849.5,37,29
2017-12-02,10000068,607,387680.94,214000.04,450000,44,44
2017-12-02,10000068,608,254662,210100,299999.99,50,44
2017-12-02,10000068,609,363814.73,310000,471444.19,3,3
2017-12-02,10000068,626,10031000,10000000,10500000,20,20
2017-12-02,10000068,627,7542307.69,5500000,9800000,13,11
2017-12-02,10000068,629,11999999,11999999,11999999,1,1
2017-12-02,10000068,638,170000000,170000000,170000000,1,1
2017-12-02,10000068,641,152000000,152000000,152000000,2,2
2017-12-02,10000068,645,140001010.99,140001010.99,140001010.99,1,1
2017-12-02,10000068,650,520000,520000,520000,106,40
2017-12-02,10000068,652,150000.01,150000.01,150000.01,1,1
2017-12-02,10000068,653,1000000,1000000,1000000,1,1
2017-12-02,10000068,654,1300000,1300000,1300000,1,1
2017-12-02,10000068,655,1016443.98,999999,1065777.92,4,4
2017-12-02,10000068,656,1272286.83,1004000,1490000,24,19
2017-12-02,10000068,657,1546036.18,1545000,1598400,17,17
2017-12-02,10000068,672,6244.61,750,11739.23,4,4
2017-12-02,10000068,689,2100000,2100000,2100000,2,1
2017-12-02,10000068,785,92720,92720,92720,3,3
2017-12-02,10000068,786,60000,60000,60000,2,2
2017-12-02,10000068,790,999960,999960,999960,1,1
2017-12-02,10000068,812,160000,160000,160000,1,1
2017-12-02,10000068,819,20000,20000,20000,1,1
2017-12-02,10000068,821,90000,90000,90000,1,1
2017-12-02,10000068,939,2525000,2525000,2525000,2,2
2017-12-02,10000068,945,2800000,2800000,2800000,2,2
2017-12-02,10000068,954,2725000,2725000,2725000,1,1
2017-12-02,10000068,967,50000,50000,50000,1,1
2017-12-02,10000068,972,82250000,82250000,82250000,1,1
2017-12-02,10000068,989,3425000,3425000,3425000,1,1
2017-12-02,10000068,992,11250000,11250000,11250000,1,1
2017-12-02,10000068,1067,316360,316360,316360,2,2
2017-12-02,10000068,1072,64500,64500,64500,1,1
2017-12-02,10000068,1099,599999.99,599999.99,599999.99,1,1
2017-12-02,10000068,1105,125000,125000,125000,1,1
2017-12-02,10000068,1106,395040,395040,395040,1,1
2017-12-02,10000068,1109,199680,199680,199680,1,1
2017-12-02,10000068,1116,410000,409999.99,410000,5,5
2017-12-02,10000068,1119,1200000,1200000,1200000,1,1
2017-12-02,10000068,1129,1530000,1529999.99,1530000,2,2
2017-12-02,10000068,1130,20000,20000,20000,7,7
2017-12-02,10000068,1131,30000,30000,30000,1,1
2017-12-02,10000068,1132,40000,40000,40000,6,6
2017-12-02,10000068,1133,50000,50000,50000,3,3
2017-12-02,10000068,1135,70000,70000,70000,3,3
2017-12-02,10000068,1136,80000,80000,80000,2,2
2017-12-02,10000068,1137,100000,100000,100000,8,8
2017-12-02,10000068,1139,110000,110000,110000,1,1
2017-12-02,10000068,1140,150000,150000,150000,1,1
2017-12-02,10000068,1142,225000,225000,225000,1,1
2017-12-02,10000068,1143,275000,275000,275000,1,1
2017-12-02,10000068,1144,325000,325000,325000,1,1
2017-12-02,10000068,1145,400000,400000,400000,4,4
2017-12-02,10000068,1146,200000,200000,200000,1,1
2017-12-02,10000068,1148,400000,400000,400000,1,1
2017-12-02,10000068,1152,800000,800000,800000,1,1
2017-12-02,10000068,1153,1000000,1000000,1000000,1,1
2017-12-02,10000068,1178,599999.99,599999.99,599999.99,3,3
2017-12-02,10000068,1182,19742.63,19670.94,19799.99,9,8
2017-12-02,10000068,1183,804140.19,773999,859998,14,12
2017-12-02,10000068,1185,52142.86,35000,55000,7,7
2017-12-02,10000068,1195,69371.69,56899,74979.94,29,22
2017-12-02,10000068,1196,1250000,1250000,1250000,1,1
2017-12-02,10000068,1197,26400,26400,26400,1,1
2017-12-02,10000068,1201,85614.53,59000,94998.89,13,3
2017-12-02,10000068,1202,3643.06,235.18,6497.98,10,5
2017-12-02,10000068,1204,49740,49740,49740,1,1
2017-12-02,10000068,1208,29440,29440,29440,1,1
2017-12-02,10000068,1214,5000000,5000000,5000000,1,1
2017-12-02,10000068,1216,180000,180000,180000,4,1
2017-12-02,10000068,1218,1182366.66,549899.99,1498600,3,3
2017-12-02,10000068,1224,42,42,42,198423,16
2017-12-02,10000068,1225,2900,2900,3000,971,3
2017-12-02,10000068,1226,489.98,489.98,489.98,3291,6
2017-12-02,10000068,1227,62.25,62.25,62.25,207272,39
2017-12-02,10000068,1228,15.15,15.15,15.15,4246189,138
2017-12-02,10000068,1230,13,13,13,24836661,280
2017-12-02,10000068,1236,799998.46,799997.92,799999,2,2
2017-12-02,10000068,1244,7043.35,787.8,15000,11,9
2017-12-02,10000068,1245,249980,249980,249980,1,1
2017-12-02,10000068,1264,99998.96,99998.96,99998.96,1,1
2017-12-02,10000068,1275,49740,49740,49740,1,1
2017-12-02,10000068,1284,5999,5999,5999,1,1
2017-12-02,10000068,1285,49740,49740,49740,1,1
2017-12-02,10000068,1294,6998,6998,6998,1,1
2017-12-02,10000068,1295,49740,49740,49740,1,1
2017-12-02,10000068,1296,599998.96,599998.96,599998.96,2,1
2017-12-02,10000068,1304,27633.43,27487,28000,7,3
2017-12-02,10000068,1306,634999.66,627500,649998.99,3,3
2017-12-02,10000068,1317,1747.18,1240,2988,82,30
2017-12-02,10000068,1318,16640,16640,16640,3,3
2017-12-02,10000068,1319,613647.52,598000,749998.9,71,22
2017-12-02,10000068,1333,20017.16,34.35,39999.96,2,2
2017-12-02,10000068,1334,125000,125000,125000,1,1
2017-12-02,10000068,1335,402750,375000,412000,4,2
2017-12-02,10000068,1353,33750,33750,33750,1,1
2017-12-02,10000068,1355,773748.71,773748.71,773748.71,6,1
2017-12-02,10000068,1403,19728.38,15985,55000,68,19
2017-12-02,10000068,1404,54380,54380,54380,1,1
2017-12-02,10000068,1405,857422.82,745745,999892.6,9,5
2017-12-02,10000068,1422,1299999,1299999,1299999,4,2
2017-12-02,10000068,1445,81453.76,77760,82274.6,11,9
2017-12-02,10000068,1447,749950,749950,749950,2,2
2017-12-02,10000068,1539,16812.48,16000,17499.95,16,9
2017-12-02,10000068,1541,1225750,1225750,1225750,15,5
2017-12-02,10000068,1808,79331.92,60291.85,117412.05,3,3
2017-12-02,10000068,1809,187420,187420,187420,1,1
2017-12-02,10000068,1810,13.96,13.96,13.96,100,1
2017-12-02,10000068,1811,150000,150000,150000,1,1
2017-12-02,10000068,1816,5,5,5,200,2
2017-12-02,10000068,1818,2,2,2,299,2
2017-12-02,10000068,1819,750000,750000,750000,1,1
2017-12-02,10000068,1824,11,11,11,100,1
2017-12-02,10000068,1825,800000,800000,800000,1,1
2017-12-02,10000068,1826,30.02,30.02,30.02,100,1
2017-12-02,10000068,1827,3000000,3000000,3000000,1,1
2017-12-02,10000068,1828,30.01,30.01,30.01,300,2
2017-12-02,10000068,1830,30.01,30.01,30.01,100,1
2017-12-02,10000068,1832,30.04,30.04,30.04,100,1
2017-12-02,10000068,1948,35000,35000,35000,1,1
2017-12-02,10000068,1952,1624999.75,1600000,1699999,4,3
2017-12-02,10000068,1957,42492.5,39985,45000,2,2
2017-12-02,10000068,1973,188998.94,188998.94,188998.94,1,1
2017-12-02,10000068,1977,42952.6,36980,44900,65,62
2017-12-02,10000068,1986,31099.5,26000,36199,2,2
2017-12-02,10000068,1987,1099999.99,1099999.99,1099999.99,7,3
2017-12-02,10000068,1998,116777.76,116777.76,116777.76,2,2
2017-12-02,10000068,2018,102429.89,60469.78,199999,7,5
2017-12-02,10000068,2024,1599998.99,1599998.99,1599998.99,1,1
2017-12-02,10000068,2032,636237.32,16303.87,757819,19,13
2017-12-02,10000068,2038,1519999.99,1399999.99,1549999.99,5,5
2017-12-02,10000068,2046,11349.28,9999.98,11950,62,56
2017-12-02,10000068,2047,50000,50000,50000,5,5
2017-12-02,10000068,2048,714274.46,125301.43,744000,37,20
2017-12-02,10000068,2108,34299.01,34299.01,34299.01,1,1
2017-12-02,10000068,2117,2343225,2343225,2343225,1,1
2017-12-02,10000068,2173,35133.15,34897.77,40000,54,13
2017-12-02,10000068,2174,1700000,1700000,1700000,1,1
2017-12-02,10000068,2175,1500000,1500000,1500000,2,1
2017-12-02,10000068,2183,34500,34000,44000,153,36
2017-12-02,10000068,2184,1800000,1800000,1800000,3,3
2017-12-02,10000068,2185,909000,718000,1100000,10,6
2017-12-02,10000068,2193,119999,119999,119999,10,1
2017-12-02,10000068,2194,6000000,6000000,6000000,1,1
2017-12-02,10000068,2203,2225,1948.48,2500,148,52
2017-12-02,10000068,2204,200000,200000,200000,3,3
2017-12-02,10000068,2205,510867.39,500000,549990,23,5
2017-12-02,10000068,2254,81000,81000,81000,5,3
2017-12-02,10000068,2272,5.99,5.99,5.99,50000,1
2017-12-02,10000068,2281,3062153.31,2955000,3150000,13,11
2017-12-02,10000068,2289,154320.69,154320.69,154320.69,1,1
2017-12-02,10000068,2291,246664.31,139995,299998.96,3,2
2017-12-02,10000068,2293,184906.25,179875,200000,4,4
2017-12-02,10000068,2295,136084.88,132264.65,137995,3,3
2017-12-02,10000068,2297,2599999,2599999,2599999,2,2
2017-12-02,10000068,2301,2699999,2699999,2699999,6,3
2017-12-02,10000068,2331,85317.87,84999,85636.73,2,2
2017-12-02,10000068,2333,1146665.99,1050000,1194998.99,3,3
2017-12-02,10000068,2341,1225000,1225000,1225000,6,1
2017-12-02,10000068,2348,101000.01,101000.01,101000.01,3608,2
2017-12-02,10000068,2349,139999.98,139999.98,139999.98,100,1
2017-12-02,10000068,2390,10,10,10,640,1
2017-12-02,10000068,2393,351,351,351,9440,1
2017-12-02,10000068,2395,851,851,851,9000,2
2017-12-02,10000068,2398,203.01,203.01,203.01,4000,1
2017-12-02,10000068,2399,511,511,511,5220,2
2017-12-02,10000068,2400,290.2,290.2,290.2,11540,1
2017-12-02,10000068,2403,7500000,7500000,7500000,9,9
2017-12-02,10000068,2404,1636363.62,1249999.82,1675000,11,2
2017-12-02,10000068,2406,1000000,1000000,1000000,13,13
2017-12-02,10000068,2410,1850000,1600000,1900000,6,2
2017-12-02,10000068,2444,71155.18,16300,89500,56,15
2017-12-02,10000068,2445,7000000,7000000,7000000,2,2
2017-12-02,10000068,2454,2500,2489.99,2500,1639,159
2017-12-02,10000068,2455,250000,250000,250000,15,15
2017-12-02,10000068,2456,470841.54,429999.94,499997.67,73,25
2017-12-02,10000068,2464,5181.71,3699.52,6199.99,70,20
2017-12-02,10000068,2465,300000,300000,300000,4,4
2017-12-02,10000068,2466,549986,549986,549986,2,1
2017-12-02,10000068,2476,74998.91,74998.91,74998.91,10,1
2017-12-02,10000068,2477,4000000,4000000,4000000,1,1
2017-12-02,10000068,2486,6699.99,6699.99,7220.01,332,46
2017-12-02,10000068,2487,400000,400000,400000,4,4
2017-12-02,10000068,2488,527235.01,470000,1250000,41,9
2017-12-02,10000068,2495,500000,500000,500000,14,14
2017-12-02,10000068,2505,500000,500000,500000,15,15
2017-12-02,10000068,2506,468.94,468.94,468.94,700,2
2017-12-02,10000068,2508,548.94,548.94,548.94,1000,1
2017-12-02,10000068,2510,648.93,648.93,648.93,1000,1
2017-12-02,10000068,2512,3.77,0.1,7.44,1000,6
2017-12-02,10000068,2524,81123.6,81000,82977.53,16,11
2017-12-02,10000068,2525,81000,81000,81000,5,3
2017-12-02,10000068,2530,187420,187420,187420,1,1
2017-12-02,10000068,2533,81000,81000,81000,1,1
2017-12-02,10000068,2534,81000,81000,81000,4,2
2017-12-02,10000068,2537,84663.34,26995.01,200000.01,3,3
2017-12-02,10000068,2538,187420,187420,187420,1,1
2017-12-02,10000068,2539,1666666.33,1600000,1799999,3,3
2017-12-02,10000068,2545,68821.73,46995,199782.11,7,4
2017-12-02,10000068,2546,187420,187420,187420,1,1
2017-12-02,10000068,2549,81000,81000,81000,10,5
2017-12-02,10000068,2550,81000,81000,81000,3,3
2017-12-02,10000068,2551,81000,81000,81000,2,2
2017-12-02,10000068,2553,1753776.8,1499999,2089999,5,4
2017-12-02,10000068,2603,3676.89,3000,5000,24,16
2017-12-02,10000068,2604,16640,16640,16640,2,2
2017-12-02,10000068,2605,410292.16,400000,499999,19,8
2017-12-02,10000068,2613,51.27,51.27,51.27,24,1
2017-12-02,10000068,2863,49999999.99,49999999.99,49999999.99,1,1
2017-12-02,10000068,2913,1999998.99,1999998.99,1999998.99,1,1
2017-12-02,10000068,2977,1499984.99,1499984.99,1499984.99,2,1
2017-12-02,10000068,2993,999999,999999,999999,1,1
2017-12-02,10000068,3057,5416665.88,5200000,5499998.98,18,3
2017-12-02,10000068,3074,989998.73,989998.73,989998.73,4,1
2017-12-02,10000068,3090,6099999,6099999,6099999,7,1
2017-12-02,10000068,3146,1975555.12,1894444,2299999.59,5,3
2017-12-02,10000068,3170,850000,850000,850000,2,1
2017-12-02,10000068,3178,793051.37,200050.02,868088.88,14,5
2017-12-02,10000068,3184,1600000,1600000,1600000,9,8
2017-12-02,10000068,3242,117777.77,117777.77,117777.77,2,2
2017-12-02,10000068,3244,1500000,1500000,1500000,2,2
2017-12-02,10000068,3256,9975000,9950000,10000000,2,2
2017-12-02,10000068,3296,55000,55000,55000,2,1
2017-12-02,10000068,3297,9000,9000,9000,12,4
2017-12-02,10000068,3300,20000,20000,20000,3,3
2017-12-02,10000068,3301,15261.33,2100,20000,16,16
2017-12-02,10000068,3302,20000,20000,20000,12,12
2017-12-02,10000068,3303,20000,20000,20000,13,13
2017-12-02,10000068,3304,100000,100000,100000,23,23
2017-12-02,10000068,3305,100000,100000,100000,4,4
2017-12-02,10000068,3306,100000,100000,100000,4,4
2017-12-02,10000068,3307,2000000,2000000,2000000,1,1
2017-12-02,10000068,3308,2000000,2000000,2000000,2,2
2017-12-02,10000068,3309,2000000,2000000,2000000,1,1
2017-12-02,10000068,3310,40000,40000,40000,4,4
2017-12-02,10000068,3311,76055,72110,80000,2,2
2017-12-02,10000068,3312,60000,60000,60000,1,1
2017-12-02,10000068,3315,1000000,1000000,1000000,3,3
2017-12-02,10000068,3316,70000,70000,70000,4,4
2017-12-02,10000068,3317,100000,100000,100000,3,3
2017-12-02,10000068,3318,80000,80000,80000,2,2
2017-12-02,10000068,3319,20000,20000,20000,1,1
2017-12-02,10000068,3320,10000,10000,10000,8,5
2017-12-02,10000068,3321,20000,20000,20000,5,5
2017-12-02,10000068,3322,25000,25000,25000,2,2
2017-12-02,10000068,3323,30000,30000,30000,6,6
2017-12-02,10000068,3324,100000,100000,100000,3,3
2017-12-02,10000068,3325,400000,400000,400000,3,2
2017-12-02,10000068,3326,350000,350000,350000,1,1
2017-12-02,10000068,3328,41503.75,40000,90000.01,32,32
2017-12-02,10000068,3329,40000,40000,40000,9,9
2017-12-02,10000068,3330,40000,40000,40000,10,10
2017-12-02,10000068,3331,40013.02,40000,40098.56,8,8
2017-12-02,10000068,3332,499218.75,475000,500000,32,32
2017-12-02,10000068,3333,500000,500000,500000,6,6
2017-12-02,10000068,3334,500000,500000,500000,5,5
2017-12-02,10000068,3335,500000,500000,500000,3,3
2017-12-02,10000068,3336,4000000,4000000,4000000,6,6
2017-12-02,10000068,3337,4000000,4000000,4000000,4,4
2017-12-02,10000068,3338,4000000,4000000,4000000,3,3
2017-12-02,10000068,3339,4000000,4000000,4000000,3,3
2017-12-02,10000068,3340,300000,300000,300000,4,4
2017-12-02,10000068,3341,300000,300000,300000,1,1
2017-12-02,10000068,3342,300000,300000,300000,1,1
2017-12-02,10000068,3343,300000,300000,300000,1,1
2017-12-02,10000068,3348,20000,20000,20000,18,17
2017-12-02,10000068,3349,75000,75000,75000,2,2
2017-12-02,10000068,3350,100000,100000,100000,4,4
2017-12-02,10000068,3351,400000,400000,400000,1,1
2017-12-02,10000068,3352,400000,400000,400000,1,1
2017-12-02,10000068,3354,2500000,2500000,2500000,1,1
2017-12-02,10000068,3355,20000,20000,20000,30,30
2017-12-02,10000068,3356,60000,60000,60000,17,17
2017-12-02,10000068,3357,180000,180000,180000,16,16
2017-12-02,10000068,3358,100000,100000,100000,6,6
2017-12-02,10000068,3359,200000,200000,200000,18,18
2017-12-02,10000068,3361,200000,200000,200000,13,13
2017-12-02,10000068,3363,20000,20000,20000,17,17
2017-12-02,10000068,3368,40000,40000,40000,2,2
2017-12-02,10000068,3380,19414.63,18829.26,20000,2,2
2017-12-02,10000068,3385,45095,1200,50000,20,20
2017-12-02,10000068,3386,10050,1100,19000,2,2
2017-12-02,10000068,3387,149375,145000,150000,8,8
2017-12-02,10000068,3388,123250,86000,250000,4,4
2017-12-02,10000068,3389,282857.14,280000,300000,7,7
2017-12-02,10000068,3393,25871.43,1100,30000,7,7
2017-12-02,10000068,3394,60000,60000,60000,1,1
2017-12-02,10000068,3395,80000,80000,80000,6,6
2017-12-02,10000068,3396,2000000,2000000,2000000,8,8
2017-12-02,10000068,3397,1000000,1000000,1000000,2,2
2017-12-02,10000068,3398,25000000,25000000,25000000,3,3
2017-12-02,10000068,3400,100000000,100000000,100000000,2,2
2017-12-02,10000068,3403,300000,300000,300000,8,8
2017-12-02,10000068,3405,25000,25000,25000,11,11
2017-12-02,10000068,3406,300000,300000,300000,8,8
2017-12-02,10000068,3408,15000000,15000000,15000000,1,1
2017-12-02,10000068,3409,350000,350000,350000,10,7
2017-12-02,10000068,3410,425277.78,5000,450000,18,18
2017-12-02,10000068,3412,315333.33,46000,450000,3,3
2017-12-02,10000068,3413,20000,20000,20000,1,1
2017-12-02,10000068,3416,32050.85,3500,35000,59,55
2017-12-02,10000068,3417,40000,40000,40000,3,3
2017-12-02,10000068,3418,170000,170000,170000,1,1
2017-12-02,10000068,3419,167416.67,167416.67,167416.67,1,1
2017-12-02,10000068,3420,209984.05,209952.15,210000,3,3
2017-12-02,10000068,3421,130000,130000,130000,14,14
2017-12-02,10000068,3422,80000,80000,80000,9,9
2017-12-02,10000068,3423,74500,70000,75000,20,20
2017-12-02,10000068,3425,84000,84000,84000,4,4
2017-12-02,10000068,3426,20000,20000,20000,3,3
2017-12-02,10000068,3427,120000,120000,120000,3,3
2017-12-02,10000068,3428,88000,88000,88000,2,2
2017-12-02,10000068,3429,100000,100000,100000,2,2
2017-12-02,10000068,3430,500000,500000,500000,3,3
2017-12-02,10000068,3431,75000,75000,75000,3,3
2017-12-02,10000068,3433,99666.67,95000,100000,15,15
2017-12-02,10000068,3434,80000,80000,80000,13,13
2017-12-02,10000068,3435,130000,110000,150000,2,2
2017-12-02,10000068,3436,15561.02,10000,18481.79,7,7
2017-12-02,10000068,3437,39400,37600,40000,4,4
2017-12-02,10000068,3438,40000,40000,40000,18,18
2017-12-02,10000068,3439,200000,200000,200000,4,4
2017-12-02,10000068,3440,220000,220000,220000,7,7
2017-12-02,10000068,3441,380000,380000,380000,8,8
2017-12-02,10000068,3442,500000,500000,500000,15,15
2017-12-02,10000068,3443,20000,20000,20000,3,3
2017-12-02,10000068,3444,100000,100000,100000,4,4
2017-12-02,10000068,3446,100000,100000,100000,17,17
2017-12-02,10000068,3447,7500000,7500000,7500000,2,2
2017-12-02,10000068,3449,19600,18000,20000,5,3
2017-12-02,10000068,3450,22500,22500,22500,3,3
2017-12-02,10000068,3451,30909.09,30000,40000,11,11
2017-12-02,10000068,3452,40000,40000,40000,24,24
2017-12-02,10000068,3453,20111.11,3000,25000,9,7
2017-12-02,10000068,3454,340000,340000,340000,3,3
2017-12-02,10000068,3455,30000,30000,30000,5,5
2017-12-02,10000068,3456,10000000,10000000,10000000,2,2
2017-12-02,10000068,3466,29243,29243,29243,2,1
2017-12-02,10000068,3467,33104.13,32156.19,35000,3,3
2017-12-02,10000068,3488,999900,999900,999900,3,3
2017-12-02,10000068,3496,1997970.85,1997689.91,1999989,9,4
2017-12-02,10000068,3504,3052885,3052885,3052885,1,1
2017-12-02,10000068,3528,77712.83,68000,87425.65,4,4
2017-12-02,10000068,3530,2022466.51,1999998.99,2044934.02,4,3
2017-12-02,10000068,3540,1173333,510000,2499999,3,3
2017-12-02,10000068,3551,24366.67,1100,36000,3,3
2017-12-02,10000068,3554,2000,2000,2000,1316,10
2017-12-02,10000068,3566,14222.93,11399.49,15000.01,14,11
2017-12-02,10000068,3568,1050000,1050000,1050000,2,2
2017-12-02,10000068,3643,119,119,119,54312,4
2017-12-02,10000068,3645,230.13,230.13,230.13,990,26
2017-12-02,10000068,3647,247.51,247.51,247.51,72806,7
2017-12-02,10000068,3651,112.23,100,121.84,11,11
2017-12-02,10000068,3673,55.05,0.1,110,20,2
2017-12-02,10000068,3683,247,247,247,4510,4
2017-12-02,10000068,3685,485,485,485,71700,2
2017-12-02,10000068,3687,770,770,770,411977,9
2017-12-02,10000068,3689,4126,4126,4126,570,2
2017-12-02,10000068,3699,5,5,5,10,1
2017-12-02,10000068,3703,1001,1001,1001,10,1
2017-12-02,10000068,3707,1001,1001,1001,30,2
2017-12-02,10000068,3713,3000.02,3000.02,3000.02,80,2
2017-12-02,10000068,3715,10,10,10,190,15
2017-12-02,10000068,3717,38,38,38,120,8
2017-12-02,10000068,3719,1001.02,1001.02,1001.02,16,2
2017-12-02,10000068,3756,56250502.36,47501006.04,64999998.67,2,2
2017-12-02,10000068,3771,10.01,10.01,10.01,105,18
2017-12-02,10000068,3777,500,500,500,87,8
2017-12-02,10000068,3810,1001,1001,1001,10,1
2017-12-02,10000068,3812,169.8,141.38,169.81,3843,21
2017-12-02,10000068,3814,17.96,3.5,27.6,50,3
2017-12-02,10000068,3822,1001,1001,1001,30,3
2017-12-02,10000068,3828,10000,10000,10000,1000,1
2017-12-02,10000068,3829,67599.66,35500,69999,35,17
2017-12-02,10000068,3830,209999.99,209999.99,209999.99,1,1
2017-12-02,10000068,3831,1012229.23,994499.17,1199998,13,10
2017-12-02,10000068,3839,57000,54000,60000,4,3
2017-12-02,10000068,3841,1559999.6,1500000,1799998,5,3
2017-12-02,10000068,3887,47755.7,36996.94,99998.99,13,11
2017-12-02,10000068,3888,1441110,1192220.5,1689999.5,4,4
2017-12-02,10000068,3893,41188500,40000000,44962000,5,5
2017-12-02,10000068,3894,40687500,34975000,46400000,2,2
2017-12-02,10000068,3895,36814333.33,36776000,36891000,3,3
2017-12-02,10000068,3987,1099996.88,1099996.88,1099996.88,1,1
2017-12-02,10000068,4025,32222.55,21010.52,90000,14,11
2017-12-02,10000068,4027,96111.24,46000.17,122500,18,15
2017-12-02,10000068,4247,31999,31999,31999,4000,1
2017-12-02,10000068,4250,3899999.98,3899999.98,3899999.98,1,1
2017-12-02,10000068,4254,1204999.99,1204999.99,1204999.99,1,1
2017-12-02,10000068,4258,1888990.99,1888990.99,1888990.99,2,2
2017-12-02,10000068,4308,55000000,50000000,60000000,2,2
2017-12-02,10000068,4312,22500,22500,22500,34000,7
2017-12-02,10000068,4358,5010.32,5010.32,5010.32,10,1
2017-12-02,10000068,4385,4500000,4500000,4500000,2,2
2017-12-02,10000068,4393,59064.14,57999.97,100000,39,29
2017-12-02,10000068,4395,546999.99,494999.99,598999.98,4,3
2017-12-02,10000068,4396,750000,750000,750000,1,1
2017-12-02,10000068,4399,9497499.49,9495000,9499998.98,2,2
2017-12-02,10000068,4403,445999.99,15000,600000,5,5
2017-12-02,10000068,4405,1608570.57,1590000,1616999,21,11
2017-12-02,10000068,4411,600000,600000,600000,4,4
2017-12-02,10000068,4435,56777.74,50000,61000.99,17,14
2017-12-02,10000068,4471,47498.5,40000,50000,14,6
2017-12-02,10000068,4477,703.03,103.03,1003.03,3,2
2017-12-02,10000068,4529,9911.1,1777.77,28888.88,20,9
2017-12-02,10000068,4531,19393.23,1008.7,37777.76,2,2
2017-12-02,10000068,4533,399999,399999,399999,9,8
2017-12-02,10000068,4569,49000,49000,49000,1,1
2017-12-02,10000068,4571,49000,49000,49000,1,1
2017-12-02,10000068,4573,289145.82,280000,343009.7,7,6
2017-12-02,10000068,4613,475000,475000,475000,1,1
2017-12-02,10000068,4787,33472.22,2000,47777.77,16,11
2017-12-02,10000068,4871,97522.91,95000,98784.36,3,3
2017-12-02,10000068,5009,387,387,387,3,2
2017-12-02,10000068,5011,867515,800000,935030,2,2
2017-12-02,10000068,5047,60000,60000,60000,1,1
2017-12-02,10000068,5051,60000,60000,60000,3,2
2017-12-02,10000068,5089,1700.09,1700.09,1700.09,2,2
2017-12-02,10000068,5091,100.01,100.01,100.01,1,1
2017-12-02,10000068,5093,1050.01,1050.01,1050.01,3,2
2017-12-02,10000068,5137,428.03,428.03,428.03,4,3
2017-12-02,10000068,5141,8136.2,888,9999,10,10
2017-12-02,10000068,5175,7.78,7.78,7.78,1,1
2017-12-02,10000068,5215,7.77,7.77,7.77,2,2
2017-12-02,10000068,5239,20268.06,19899.99,55355.65,91,45
2017-12-02,10000068,5245,38043.27,25999.99,77777.77,36,23
2017-12-02,10000068,5279,375.03,375.03,375.03,1,1
2017-12-02,10000068,5299,1000,1000,1000.01,4,4
2017-12-02,10000068,5301,3001,3001,3001.01,6,2
2017-12-02,10000068,5302,3147.5,1113.53,8249.49,8,8
2017-12-02,10000068,5319,334,334,334,2,2
2017-12-02,10000068,5320,1551,1551,1551,4,3
2017-12-02,10000068,5321,1201,1201,1201,7,6
2017-12-02,10000068,5322,2053,2053,2053,7,7
2017-12-02,10000068,5339,601,601,601,1,1
2017-12-02,10000068,5342,90.01,90.01,90.01,2,1
2017-12-02,10000068,5361,1965.45,1410,6409,9,7
2017-12-02,10000068,5363,1703.13,1301,4500,8,8
2017-12-02,10000068,5365,610,610,610.01,11,11
2017-12-02,10000068,5399,255.02,255.02,255.02,3,2
2017-12-02,10000068,5403,21457.34,1003.09,50003.05,11,5
2017-12-02,10000068,5405,8421.82,609.29,41804.65,13,11
2017-12-02,10000068,5439,1972.38,1639.05,4639.05,9,6
2017-12-02,10000068,5443,23718.65,12398.31,69000,5,4
2017-12-02,10000068,5445,3594.06,2001.07,9966,10,6
2017-12-02,10000068,5533,86943.72,86943.72,86943.72,20,7
2017-12-02,10000068,5599,112820.2,108641.5,116998.89,2,2
2017-12-02,10000068,5631,65624.98,100,74985.69,8,6
2017-12-02,10000068,5649,1000,1000,1000,1,1
2017-12-02,10000068,5693,399599.99,399599.99,399599.99,1,1
2017-12-02,10000068,5721,20200.02,20200.02,20200.02,1,1
2017-12-02,10000068,5723,2000.01,2000.01,2000.01,1,1
2017-12-02,10000068,5743,5000,5000,5000,1,1
2017-12-02,10000068,5745,4554.57,1310.02,10310.03,11,9
2017-12-02,10000068,5747,2766.01,766.01,6766.01,6,5
2017-12-02,10000068,5755,11600.02,11600.02,11600.02,1,1
2017-12-02,10000068,5757,35000,35000,35000,1,1
2017-12-02,10000068,5839,1940999.36,1823000.07,1999999,6,6
2017-12-02,10000068,5869,210,210,210,1,1
2017-12-02,10000068,5933,185000,180000,195000,3,2
2017-12-02,10000068,5945,3600.05,3600.05,3600.05,2,1
2017-12-02,10000068,5955,129000,129000,129000,2,2
2017-12-02,10000068,5971,23101.28,2111.01,45000,25,25
2017-12-02,10000068,5973,259594.44,153011.57,300000,39,30
2017-12-02,10000068,5975,35016.5,100,43999,6,5
2017-12-02,10000068,6001,54170.85,3005.24,88888,21,18
2017-12-02,10000068,6003,28712.75,2005.01,41993.32,14,14
2017-12-02,10000068,6005,12220.01,1675.76,21510.41,8,7
2017-12-02,10000068,6073,59392.57,2001.01,98833.31,17,7
2017-12-02,10000068,6131,11395.92,52.1,15000,22,11
2017-12-02,10000068,6135,67637.51,67637.51,67637.51,1,1
2017-12-02,10000068,6159,9668.58,360.01,18000,7,5
2017-12-02,10000068,6160,16662.34,5012.08,22500,19,11
2017-12-02,10000068,6173,80258.75,801,119888.99,8,7
2017-12-02,10000068,6176,401,401,401,3,3
2017-12-02,10000068,6296,2692.47,604.03,10002.02,9,9
2017-12-02,10000068,6325,89813.89,1850,177777.77,2,2
2017-12-02,10000068,6437,96600.59,96600.59,96600.59,2,2
2017-12-02,10000068,6439,25,25,25,1,1
2017-12-02,10000068,6441,97777.77,97777.77,97777.77,1,1
2017-12-02,10000068,6443,11,11,11,2,2
2017-12-02,10000068,6485,22.13,22.13,22.13,7,3
2017-12-02,10000068,6527,207,207,207,6,5
2017-12-02,10000068,6569,32363.75,13250.54,49995,26,25
2017-12-02,10000068,6631,777.77,777.77,777.77,5,3
2017-12-02,10000068,6637,5000.77,5000.77,5000.77,1,1
2017-12-02,10000068,6715,10.01,10.01,10.01,1,1
2017-12-02,10000068,6861,40000,40000,40000,1,1
2017-12-02,10000068,6925,50000,50000,50000,1,1
2017-12-02,10000068,6963,62000,62000,62000,1,1
2017-12-02,10000068,7173,320000,320000,320000,1,1
2017-12-02,10000068,7247,1310000.03,150000.08,1890000,3,2
2017-12-02,10000068,7249,2787.78,2787.78,2787.78,2,2
2017-12-02,10000068,7251,88457.01,38800,137777.77,9,7
2017-12-02,10000068,7253,338889.99,27787.77,377777.77,9,3
2017-12-02,10000068,7287,695000,695000,695000,282,20
2017-12-02,10000068,7289,123622.15,10000,145000,35,21
2017-12-02,10000068,7291,93533.65,36897.78,117777.77,14,10
2017-12-02,10000068,7293,96267.85,55500,97777.77,56,21
2017-12-02,10000068,7327,841319.14,527999.51,997978.96,6,4
2017-12-02,10000068,7367,1721111.11,1495000,2000000,9,5
2017-12-02,10000068,7369,162912.23,100000,249999,11,6
2017-12-02,10000068,7371,100800.28,98000,122998.46,17,6
2017-12-02,10000068,7373,175000,150000,200000,2,2
2017-12-02,10000068,7411,85000,70000,100000,2,2
2017-12-02,10000068,7447,1200000,600000,3000000,12,2
2017-12-02,10000068,7453,310100,310100,310100,4,4
2017-12-02,10000068,7489,71211.2,30000.5,96664.24,11,11
2017-12-02,10000068,7491,32819.44,24500,41138.88,4,3
2017-12-02,10000068,7493,85050,100,170000,4,4
2017-12-02,10000068,7535,661111.11,600000,777777.77,20,10
2017-12-02,10000068,7537,59471.86,1105,65000,14,5
2017-12-02,10000068,7539,20650.96,11500,29499.96,12,10
2017-12-02,10000068,7541,115512.46,110000,120000,9,7
2017-12-02,10000068,7581,171000,30000,210000,10,6
2017-12-02,10000068,7583,2030.99,2030.99,2030.99,8,3
2017-12-02,10000068,7585,281378.27,152756.54,410000,4,3
2017-12-02,10000068,7665,40000,40000,40000,1,1
2017-12-02,10000068,7703,500000,500000,500000,2,1
2017-12-02,10000068,7705,110000,110000,110000,1,1
2017-12-02,10000068,7707,86000,52000,120000,2,2
2017-12-02,10000068,7745,148000,148000,148000,1,1
2017-12-02,10000068,7783,1138000,1014000,1200000,3,2
2017-12-02,10000068,7785,270000,270000,270000,1,1
2017-12-02,10000068,7827,300000.15,200000,400000.3,2,2
2017-12-02,10000068,8007,80000,80000,80000,1,1
2017-12-02,10000068,8023,5,5,5,1,1
2017-12-02,10000068,8027,55000,55000,55000,2,2
2017-12-02,10000068,8089,449000,449000,449000,11,2
2017-12-02,10000068,8091,62827.91,22103.89,185000,8,4
2017-12-02,10000068,8103,5,5,5,1,1
2017-12-02,10000068,8175,37554.67,328,45000,6,5
2017-12-02,10000068,8177,24009.2,23,40000,5,4
2017-12-02,10000068,8225,72236.15,57944.6,77000,8,5
2017-12-02,10000068,8263,77001.66,5.05,115499.97,3,3
2017-12-02,10000068,8295,111,111,111,2,2
2017-12-02,10000068,8297,9554.95,111,18998.89,2,2
2017-12-02,10000068,8335,111,111,111,2,1
2017-12-02,10000068,8337,58109.45,99.6,67777.76,7,3
2017-12-02,10000068,8419,129989.98,129989.98,129989.98,1,1
2017-12-02,10000068,8427,152083.33,105000,167777.77,4,4
2017-12-02,10000068,8433,755000,515000,900000,6,6
2017-12-02,10000068,8517,3714899.19,2162000,4999998.37,10,10
2017-12-02,10000068,8521,300231.15,275000,429500,13,8
2017-12-02,10000068,8529,239035.74,198997.98,416146.93,4,4
2017-12-02,10000068,8531,4000.02,4000.02,4000.02,1,1
2017-12-02,10000068,8535,801.05,801.05,801.05,1,1
2017-12-02,10000068,8537,5887.82,5887.82,5887.82,3,3
2017-12-02,10000068,8579,511,511,511,1,1
2017-12-02,10000068,8748,69390,100,149000,10,8
2017-12-02,10000068,8865,39751.31,39000,40502.61,2,2
2017-12-02,10000068,8903,2500.02,2500.02,2500.02,1,1
2017-12-02,10000068,8905,75995,75995,75995,1,1
2017-12-02,10000068,9127,300000,300000,300000,1,1
2017-12-02,10000068,9207,3200000,3200000,3200000,4,1
2017-12-02,10000068,9371,250000,250000,250000,1,1
2017-12-02,10000068,9491,9000000,9000000,9000000,3,1
2017-12-02,10000068,9521,150,150,150.01,9,5
2017-12-02,10000068,9556,100,100,100,1,1
2017-12-02,10000068,9568,57747.77,57747.77,57747.77,1,1
2017-12-02,10000068,9580,70833.33,2777.77,138888.89,4,3
2017-12-02,10000068,9582,100.01,100.01,100.01,1,1
2017-12-02,10000068,9608,14999,108,29890,4,2
2017-12-02,10000068,9622,3250,3250,3250,2,2
2017-12-02,10000068,9632,268008.31,10101.26,299994.14,24,23
2017-12-02,10000068,9646,19498,19498,19498,3,2
2017-12-02,10000068,9660,50001,50001,50001,2,1
2017-12-02,10000068,9670,2001.01,2001.01,2001.01,2,2
2017-12-02,10000068,9680,11,11,11,1,1
2017-12-02,10000068,9728,100017,100017,100017,6,3
2017-12-02,10000068,9762,100016,100016,100016,4,2
2017-12-02,10000068,9784,2501.02,2501.02,2501.02,3,2
2017-12-02,10000068,9800,100104,100104,100104,1,1
2017-12-02,10000068,9826,80,80,300,147,27
2017-12-02,10000068,9832,2000,2000,2000,635,3
2017-12-02,10000068,9834,112250,112250,112250,104,2
2017-12-02,10000068,9836,12000,12000,12000,20,1
2017-12-02,10000068,9840,8001,8001,8001,630,2
2017-12-02,10000068,9848,97000,95899.98,97000,296,5
2017-12-02,10000068,9850,510.32,494.15,524.26,217880,22
2017-12-02,10000068,9852,51.2,46.89,53.84,180020,5
2017-12-02,10000068,9899,10449998.38,8400000,11474997.58,3,3
2017-12-02,10000068,9941,10999800,10999000,11000000,5,5
2017-12-02,10000068,9942,11666664.66,10999995.99,11999999,3,2
2017-12-02,10000068,9943,11000000,11000000,11000000,4,4
2017-12-02,10000068,9944,65650.64,49750,117777.77,26,16
2017-12-02,10000068,9956,10999999,10999999,10999999,1,1
2017-12-02,10000068,10039,4250,100,5000,20,19
2017-12-02,10000068,10040,3360,3360,3360,4,4
2017-12-02,10000068,10190,1327082.75,1199999,1499998.99,12,10
2017-12-02,10000068,10208,23849500,23849000,23850000,2,2
2017-12-02,10000068,10212,23749999,23749999,23749999,1,1
2017-12-02,10000068,10216,23812500,23800000,23900000,4,3
2017-12-02,10000068,10221,23700000,23500000,23900000,2,2
2017-12-02,10000068,10225,23950000,23900000,24000000,2,2
2017-12-02,10000068,10246,7290.25,6997.99,7999.99,93,30
2017-12-02,10000068,10247,19986000,19986000,19986000,2,2
2017-12-02,10000068,10250,1489368.88,1484993,1489993,8,5
2017-12-02,10000068,10630,30000,30000,30000,1,1
2017-12-02,10000068,10678,43400,37970.71,43499,174,73
2017-12-02,10000068,10679,499999.99,499999.99,499999.99,1,1
2017-12-02,10000068,10688,210774.03,209415.41,217777.77,5,3
2017-12-02,10000068,10690,169029.44,152216.56,177777.77,8,5
2017-12-02,10000068,10692,55535.47,100.05,55666.56,45,20
2017-12-02,10000068,10694,330451.6,300000,349999.96,31,9
2017-12-02,10000068,10836,99998.99,99998.99,99998.99,1,1
2017-12-02,10000068,10866,111.93,111.93,111.93,1,1
2017-12-02,10000068,10872,33600.01,600.01,66600,4,2
2017-12-02,10000068,10880,250000,250000,250000,1,1
2017-12-02,10000068,10998,21712.68,20000,22299,66,20
2017-12-02,10000068,11082,666666.67,500000,1000000,3,2
2017-12-02,10000068,11105,302688.89,220000,337999.99,15,12
2017-12-02,10000068,11129,9000,2251.06,12475,139,63
2017-12-02,10000068,11130,50000,50000,50000,10,10
2017-12-02,10000068,11132,14010.65,13977,15500,17,6
2017-12-02,10000068,11133,50000,50000,50000,1,1
2017-12-02,10000068,11134,56075,15500,144440,16,12
2017-12-02,10000068,11192,32000000,32000000,32000000,1,1
2017-12-02,10000068,11200,39999998.77,39999998.77,39999998.77,1,1
2017-12-02,10000068,11202,40500000,40500000,40500000,1,1
2017-12-02,10000068,11207,500000,500000,500000,12,12
2017-12-02,10000068,11237,124898,124898,124898,3,2
2017-12-02,10000068,11267,174910.45,174104.45,175000,10,10
2017-12-02,10000068,11269,717818.09,48000,850000,11,8
2017-12-02,10000068,11279,1999998.99,1999998.99,1999998.99,2,1
2017-12-02,10000068,11285,3699.93,3672.65,4000,12,3
2017-12-02,10000068,11287,5900,5900,5900,196,6
2017-12-02,10000068,11289,5700,5699,5700,122,10
2017-12-02,10000068,11293,77000,77000,77000,3,2
2017-12-02,10000068,11294,260000,260000,260000,1,1
2017-12-02,10000068,11295,174014.93,151029.89,196999.96,2,2
2017-12-02,10000068,11299,1299995.88,1299995.88,1299995.88,1,1
2017-12-02,10000068,11301,94499.96,94499.96,94499.96,2,2
2017-12-02,10000068,11303,137495,137495,137495,2,1
2017-12-02,10000068,11309,48320.78,31201.3,74000,5,4
2017-12-02,10000068,11311,28000.45,28000.45,28000.45,3,1
2017-12-02,10000068,11317,574600,550200,599000,2,2
2017-12-02,10000068,11319,435000,271000,599000,2,2
2017-12-02,10000068,11325,381669.93,13339.85,750000,4,2
2017-12-02,10000068,11327,435000.5,390001,480000,2,2
2017-12-02,10000068,11341,8248.57,7210,19999.99,35,20
2017-12-02,10000068,11343,5408.58,5000,5800.02,14,10
2017-12-02,10000068,11349,47244.81,13112.03,79000,5,5
2017-12-02,10000068,11351,99999,99999,99999,1,1
2017-12-02,10000068,11356,49960,49960,49960,1,1
2017-12-02,10000068,11358,124700,124700,124700,1,1
2017-12-02,10000068,11370,1815181.21,1700000,2626993.26,11,11
2017-12-02,10000068,11377,40500000,40500000,40500000,1,1
2017-12-02,10000068,11379,39999993,39999993,39999993,2,1
2017-12-02,10000068,11395,500000,500000,500000,5,5
2017-12-02,10000068,11433,9850000,9700000,10000000,2,2
2017-12-02,10000068,11441,10000000,10000000,10000000,1,1
2017-12-02,10000068,11442,10000000,10000000,10000000,2,2
2017-12-02,10000068,11443,10000000,10000000,10000000,2,2
2017-12-02,10000068,11444,8650000,7975000,10000000,3,3
2017-12-02,10000068,11445,5500000,5500000,5500000,1,1
2017-12-02,10000068,11446,10000000,10000000,10000000,4,4
2017-12-02,10000068,11447,10000000,10000000,10000000,2,2
2017-12-02,10000068,11449,10000000,10000000,10000000,2,2
2017-12-02,10000068,11450,6450001,100004,8000000,4,4
2017-12-02,10000068,11451,10000000,10000000,10000000,1,1
2017-12-02,10000068,11452,10000000,10000000,10000000,3,3
2017-12-02,10000068,11454,8666666.67,8000000,10000000,3,3
2017-12-02,10000068,11455,10000000,10000000,10000000,2,2
2017-12-02,10000068,11489,233888.89,230000,240000,9,3
2017-12-02,10000068,11529,10000000,10000000,10000000,3,3
2017-12-02,10000068,11561,575243.33,575240,575250,3,3
2017-12-02,10000068,11563,244291.86,165600,296993.22,22,19
2017-12-02,10000068,11566,119991.88,119870.13,120000,16,15
2017-12-02,10000068,11569,400000,400000,400000,1,1
2017-12-02,10000068,11572,400000,400000,400000,1,1
2017-12-02,10000068,11574,2000000,2000000,2000000,1,1
2017-12-02,10000068,11577,4406248.86,4349998.68,4499998.94,8,8
2017-12-02,10000068,11578,6579999,6499999,6899999,5,5
2017-12-02,10000068,11579,3500000,3500000,3500000,8,8
2017-12-02,10000068,11584,74999.5,74988.51,75000,23,23
2017-12-02,10000068,11613,99940,99940,99940,1,1
2017-12-02,10000068,11619,149960,149960,149960,1,1
2017-12-02,10000068,11621,99000,99000,99000,2,2
2017-12-02,10000068,11629,296960,296960,296960,1,1
2017-12-02,10000068,11632,200000,200000,200000,1,1
2017-12-02,10000068,11634,118400,118400,118400,1,1
2017-12-02,10000068,11646,2899998.99,2899998.99,2899998.99,2,2
2017-12-02,10000068,11857,586240,586240,586240,1,1
2017-12-02,10000068,11859,282640,282640,282640,1,1
2017-12-02,10000068,11870,282640,282640,282640,1,1
2017-12-02,10000068,11872,364560,364560,364560,1,1
2017-12-02,10000068,11873,364560,364560,364560,1,1
2017-12-02,10000068,11876,5862400,5862400,5862400,1,1
2017-12-02,10000068,11878,5862400,5862400,5862400,1,1
2017-12-02,10000068,11879,586240,586240,586240,1,1
2017-12-02,10000068,11880,5862400,5862400,5862400,1,1
2017-12-02,10000068,11881,5862400,5862400,5862400,1,1
2017-12-02,10000068,11882,5862400,5862400,5862400,1,1
2017-12-02,10000068,11883,5862400,5862400,5862400,1,1
2017-12-02,10000068,11884,5862400,5862400,5862400,1,1
2017-12-02,10000068,11885,5862400.01,5862400.01,5862400.01,1,1
2017-12-02,10000068,11886,5862400,5862400,5862400,1,1
2017-12-02,10000068,11887,282640,282640,282640,1,1
2017-12-02,10000068,11889,282640,282640,282640,1,1
2017-12-02,10000068,11890,282640,282640,282640,1,1
2017-12-02,10000068,11891,282640,282640,282640,1,1
2017-12-02,10000068,12023,320000000,320000000,320000000,1,1
2017-12-02,10000068,12044,35999999,35999999,35999999,1,1
2017-12-02,10000068,12052,399999,399999,399999,1,1
2017-12-02,10000068,12055,7909400,7909400,7909400,1,1
2017-12-02,10000068,12056,47950.7,38000,50000,14,14
2017-12-02,10000068,12057,322560,322560,322560,1,1
2017-12-02,10000068,12058,4299999,4299999,4299999,1,1
2017-12-02,10000068,12066,429571.43,310000,479000,7,6
2017-12-02,10000068,12068,3049999.82,1099999.63,5000000,2,2
2017-12-02,10000068,12084,11999999,11999999,11999999,1,1
2017-12-02,10000068,12092,1000000,1000000,1000000,5,5
2017-12-02,10000068,12093,4000000,4000000,4000000,2,2
2017-12-02,10000068,12095,4000000,4000000,4000000,1,1
2017-12-02,10000068,12096,28000000,28000000,28000000,1,1
2017-12-02,10000068,12180,375000,375000,375000,2,2
2017-12-02,10000068,12181,350000,350000,350000,2,2
2017-12-02,10000068,12182,325000,325000,325000,2,2
2017-12-02,10000068,12183,275000,275000,275000,2,2
2017-12-02,10000068,12184,250000,250000,250000,1,1
2017-12-02,10000068,12185,225000,225000,225000,1,1
2017-12-02,10000068,12186,200000,200000,200000,1,1
2017-12-02,10000068,12187,175000,175000,175000,3,3
2017-12-02,10000068,12188,150000,150000,150000,4,4
2017-12-02,10000068,12189,400000,400000,400000,2,2
2017-12-02,10000068,12190,125000,125000,125000,2,2
2017-12-02,10000068,12191,75000,75000,75000,7,7
2017-12-02,10000068,12192,100000,100000,100000,6,6
2017-12-02,10000068,12193,50000,50000,50000,4,4
2017-12-02,10000068,12194,300000,300000,300000,1,1
2017-12-02,10000068,12195,25000,25000,25000,5,5
2017-12-02,10000068,12196,300000,300000,300000,1,1
2017-12-02,10000068,12205,17000000,17000000,17000000,2,2
2017-12-02,10000068,12206,2999999,2999999,2999999,1,1
2017-12-02,10000068,12210,699999.8,500000,999999.5,5,3
2017-12-02,10000068,12211,3000000,3000000,3000000,1,1
2017-12-02,10000068,12212,9000000,9000000,9000000,1,1
2017-12-02,10000068,12243,1001,1001,1001,1,1
2017-12-02,10000068,12258,1975200,1975200,1975200,1,1
2017-12-02,10000068,12266,998400,998400,998400,2,2
2017-12-02,10000068,12274,120714.14,120000,124998.98,7,2
2017-12-02,10000068,12305,100000,100000,100000,33,31
2017-12-02,10000068,12344,119864.89,138.96,150000,10,9
2017-12-02,10000068,12365,120000,120000,120000,15,15
2017-12-02,10000068,12366,120000,120000,120000,18,18
2017-12-02,10000068,12367,120000,120000,120000,14,14
2017-12-02,10000068,12441,3800256,3200512,4400000,2,2
2017-12-02,10000068,12442,250000,250000,250000,1,1
2017-12-02,10000068,12484,5189995.47,5189995,5189995.94,2,2
2017-12-02,10000068,12485,4999908.08,4999908.07,4999908.08,2,2
2017-12-02,10000068,12486,4888666.33,3000000,5666000,6,6
2017-12-02,10000068,12487,5901620.73,5901620.73,5901620.73,1,1
2017-12-02,10000068,12529,480000,480000,480000,1,1
2017-12-02,10000068,12537,300000,300000,300000,1,1
2017-12-02,10000068,12538,23000,23000,23000,9,4
2017-12-02,10000068,12541,20000,20000,20000,1,1
2017-12-02,10000068,12612,83.96,83.96,83.96,22371,2
2017-12-02,10000068,12614,45,45,45,2500,1
2017-12-02,10000068,12620,45,45,45,503,4
2017-12-02,10000068,12625,119.99,119.99,119.99,20000,1
2017-12-02,10000068,12709,82997.99,82997.99,82997.99,1,1
2017-12-02,10000068,12743,209500000,209500000,209500000,1,1
2017-12-02,10000068,12785,97.75,97.75,97.75,3000,1
2017-12-02,10000068,12801,198.75,198.75,198.75,1,1
2017-12-02,10000068,12816,499998.98,499998.98,499998.98,5,1
2017-12-02,10000068,12820,499998.99,499998.99,499998.99,5,1
2017-12-02,10000068,12822,359998.99,359998.99,359998.99,6,1
2017-12-02,10000068,13001,2789993.66,2789993.66,2789993.66,1,1
2017-12-02,10000068,13003,2244999.2,2239999.4,2249999,2,2
2017-12-02,10000068,13219,13000000,13000000,13000000,1,1
2017-12-02,10000068,13267,126.03,126.03,126.03,10,1
2017-12-02,10000068,13278,99999.48,99998.43,100000,3,3
2017-12-02,10000068,13279,250000,250000,250000,16,16
2017-12-02,10000068,13283,15208.33,8250,50000,6,4
2017-12-02,10000068,13284,995000,995000,995000,1,1
2017-12-02,10000068,13286,34863.75,2500,44955,4,4
2017-12-02,10000068,13320,99999,99999,99999,1,1
2017-12-02,10000068,14069,1008999.94,1008999.94,1008999.94,1,1
2017-12-02,10000068,14272,50000,50000,50000,1,1
2017-12-02,10000068,14274,50000,50000,50000,1,1
2017-12-02,10000068,14276,287916.67,251666.67,300000,8,3
2017-12-02,10000068,14278,1245000,1245000,1245000,10,3
2017-12-02,10000068,14292,10,10,10,2,2
2017-12-02,10000068,15331,954,954,954,2783,338
2017-12-02,10000068,15508,39999.23,39999,45000,47,14
2017-12-02,10000068,15509,1600000,1600000,1600000,1,1
2017-12-02,10000068,15510,41522.4,34999.99,55000,56,18
2017-12-02,10000068,15511,1500000,1500000,1500000,1,1
2017-12-02,10000068,15587,2000.02,2000.02,2000.02,13,4
2017-12-02,10000068,15588,3000.02,3000.02,3000.02,10,10
2017-12-02,10000068,15590,4000.01,4000.01,4000.01,2,1
2017-12-02,10000068,15592,306006.27,306006.27,306006.27,3,1
2017-12-02,10000068,15593,30000,30000,30000,3,1
2017-12-02,10000068,15596,3000,3000,3000,277,30
2017-12-02,10000068,15597,7500.2,7500.2,7500.2,118,38
2017-12-02,10000068,15598,6434.78,5000,14000,46,11
2017-12-02,10000068,15599,20000.01,20000.01,20000.01,75,14
2017-12-02,10000068,15600,474008.85,381043.15,498000,39,4
2017-12-02,10000068,15601,650002.68,650002.68,650002.68,5,1
2017-12-02,10000068,15602,98166.67,67000,101000,12,4
2017-12-02,10000068,15607,3109.46,2250.02,4500,90,13
2017-12-02,10000068,15608,5392.31,3500.01,8000,52,9
2017-12-02,10000068,15609,7500.02,7500.02,7500.02,6,2
2017-12-02,10000068,15610,163032.17,163032.16,163032.17,19,3
2017-12-02,10000068,15611,20800.01,12500.01,30000,20,8
2017-12-02,10000068,15612,48053.11,35000,50000,108,11
2017-12-02,10000068,15613,208240.27,208240.17,208242,37,8
2017-12-02,10000068,15614,100000.01,100000.01,100000.01,19,4
2017-12-02,10000068,15615,2272727.27,2000000,2500000,33,2
2017-12-02,10000068,15625,1500.01,1500.01,1500.01,6,1
2017-12-02,10000068,15656,92226.32,91000,100000,58,4
2017-12-02,10000068,15669,2299000,2299000,2299000,49,1
2017-12-02,10000068,15992,20000.01,10000.02,25000,15,4
2017-12-02,10000068,15996,20000.2,20000,20000.2,63,19
2017-12-02,10000068,15999,34615.39,25000.01,50000,26,5
2017-12-02,10000068,16000,30000.01,30000.01,30000.01,11,4
2017-12-02,10000068,16002,20000.01,20000.01,20000.01,11,1
2017-12-02,10000068,16069,58666.83,8000.5,85000,9,9
2017-12-02,10000068,16118,40000,40000,40000,7,3
2017-12-02,10000068,16229,52000000,52000000,52000000,1,1
2017-12-02,10000068,16236,1499999.5,1499998.99,1500000,2,2
2017-12-02,10000068,16238,1350000,1350000,1350000,1,1
2017-12-02,10000068,16240,859342.11,601000,950000,38,30
2017-12-02,10000068,16273,250,250,250,3600,4
2017-12-02,10000068,16278,2496666.64,2494999.96,2500000,6,3
2017-12-02,10000068,16281,375000,375000,375000,5,5
2017-12-02,10000068,16297,68742.49,65000,69989.99,4,3
2017-12-02,10000068,16301,373208.81,220000,411511.01,5,4
2017-12-02,10000068,16303,945340.89,940000,948011.33,3,2
2017-12-02,10000068,16305,177777.77,177777.77,177777.77,1,1
2017-12-02,10000068,16307,127777.77,127777.77,127777.77,4,4
2017-12-02,10000068,16311,558000,98000,650000,6,6
2017-12-02,10000068,16331,89000,89000,89000,1,1
2017-12-02,10000068,16351,750000,750000,750000,1,1
2017-12-02,10000068,16359,196666.67,145000,300000,3,2
2017-12-02,10000068,16365,159000,159000,159000,2,1
2017-12-02,10000068,16367,305749.75,212499.5,399000,4,3
2017-12-02,10000068,16373,179999,179999,179999,1,1
2017-12-02,10000068,16375,381600,380000,490000,5,4
2017-12-02,10000068,16377,119000,119000,119000,1,1
2017-12-02,10000068,16381,114999.99,114999.99,114999.99,1,1
2017-12-02,10000068,16383,574500,499000,650000,4,3
2017-12-02,10000068,16391,1290000,1290000,1290000,1,1
2017-12-02,10000068,16399,16000,16000,16000,1,1
2017-12-02,10000068,16407,490000,490000,490000,1,1
2017-12-02,10000068,16423,2200000,2200000,2200000,1,1
2017-12-02,10000068,16433,3225.78,516.03,4000,9,7
2017-12-02,10000068,16435,4142.54,3000,5856.36,10,9
2017-12-02,10000068,16439,851.68,585.01,2185.01,6,6
2017-12-02,10000068,16441,69000,69000,69000,1,1
2017-12-02,10000068,16443,826.01,826.01,826.01,1,1
2017-12-02,10000068,16447,20000,20000,20000,1,1
2017-12-02,10000068,16449,49000,49000,49000,3,3
2017-12-02,10000068,16455,31244,31244,31244,1,1
2017-12-02,10000068,16457,5261102.05,5261102.05,5261102.05,1,1
2017-12-02,10000068,16467,660,660,660,1,1
2017-12-02,10000068,16497,266.64,266.64,266.64,1,1
2017-12-02,10000068,16505,45000,45000,45000,1,1
2017-12-02,10000068,16515,80118.09,80118.09,80118.09,1,1
2017-12-02,10000068,16519,379000,379000,379000,6,1
2017-12-02,10000068,16521,51,51,51,1,1
2017-12-02,10000068,16523,77777.77,77777.77,77777.77,4,1
2017-12-02,10000068,16527,200000.01,200000.01,200000.01,2,1
2017-12-02,10000068,16537,32190000,32190000,32190000,1,1
2017-12-02,10000068,16591,32000000,32000000,32000000,1,1
2017-12-02,10000068,16594,1500000,1500000,1500000,2,2
2017-12-02,10000068,16595,12500000,12500000,12500000,2,2
2017-12-02,10000068,16596,35000000,35000000,35000000,1,1
2017-12-02,10000068,16597,20000000,20000000,20000000,1,1
2017-12-02,10000068,16598,3500000,3500000,3500000,15,15
2017-12-02,10000068,16622,5000000,5000000,5000000,4,3
2017-12-02,10000068,17215,54285.71,20000,99999.99,21,11
2017-12-02,10000068,17218,10000,10000,10000,1,1
2017-12-02,10000068,17219,3000,3000,3000,15,2
2017-12-02,10000068,17264,2002,2002,2002,3,3
2017-12-02,10000068,17272,1,1,1,1,1
2017-12-02,10000068,17323,5000000,5000000,5000000,1,1
2017-12-02,10000068,17325,5000000,5000000,5000000,2,1
2017-12-02,10000068,17329,5000000,5000000,5000000,1,1
2017-12-02,10000068,17331,5000000,5000000,5000000,1,1
2017-12-02,10000068,17337,5000000,5000000,5000000,1,1
2017-12-02,10000068,17339,5000000,5000000,5000000,1,1
2017-12-02,10000068,17341,5000000,5000000,5000000,1,1
2017-12-02,10000068,17344,5000000,5000000,5000000,2,2
2017-12-02,10000068,17345,5000000,5000000,5000000,1,1
2017-12-02,10000068,17357,5000000,5000000,5000000,1,1
2017-12-02,10000068,17364,196550,196550,196550,1,1
2017-12-02,10000068,17366,46111.11,20000,50000,18,5
2017-12-02,10000068,17441,1850,1850,1850,1500,1
2017-12-02,10000068,17448,330,330,330,9025,9
2017-12-02,10000068,17449,300.03,300.03,300.03,2592,3
2017-12-02,10000068,17453,161.03,161.03,161.03,8339,4
2017-12-02,10000068,17455,57.02,56.95,57.03,6760869,246
2017-12-02,10000068,17456,59.02,59,59.07,4073469,123
2017-12-02,10000068,17459,42,42,42,16745,3
2017-12-02,10000068,17460,48.16,48.16,48.16,143,3
2017-12-02,10000068,17463,15.39,15.38,16.18,2933324,86
2017-12-02,10000068,17464,16.76,16.76,16.76,906447,66
2017-12-02,10000068,17470,12.51,12.5,12.55,7181170,157
2017-12-02,10000068,17471,13.01,13.01,13.03,4447095,82
2017-12-02,10000068,17476,30750000,30000000,31499999.99,2,2
2017-12-02,10000068,17478,23437000,22000000,24898500,8,8
2017-12-02,10000068,17480,21500000,21500000,21500000,1,1
2017-12-02,10000068,17482,1913349.56,1057586.92,1999998.99,19,12
2017-12-02,10000068,17765,81500,14000,95000,6,2
2017-12-02,10000068,17841,13150483.85,12550967.7,13750000,2,2
2017-12-02,10000068,17843,68166666.67,67000000,74500000,6,6
2017-12-02,10000068,17867,63.1,63.1,63.1,553034,40
2017-12-02,10000068,17868,67.05,67.05,67.05,317829,37
2017-12-02,10000068,17887,1250,1250,1250,10000,1
2017-12-02,10000068,17893,158635.75,158633,158638.51,4,4
2017-12-02,10000068,17894,122025.03,122025.03,122025.03,1,1
2017-12-02,10000068,17895,460003.6,460001,460008,5,4
2017-12-02,10000068,17912,4090769.42,4079994,4099000,31,10
2017-12-02,10000068,17938,17499.99,17499.99,17499.99,104,67
2017-12-02,10000068,17939,60000,60000,60000,1,1
2017-12-02,10000068,17940,471937.5,51000,500000,16,16
2017-12-02,10000068,18025,400000,400000,400000,2,2
2017-12-02,10000068,18037,800000,800000,800000,1,1
2017-12-02,10000068,18039,750000,750000,750000,1,1
2017-12-02,10000068,18041,700000,700000,700000,1,1
2017-12-02,10000068,18043,600000,600000,600000,1,1
2017-12-02,10000068,18045,550000,550000,550000,1,1
2017-12-02,10000068,18047,500000,500000,500000,1,1
2017-12-02,10000068,18049,450000,450000,450000,1,1
2017-12-02,10000068,18051,400000,400000,400000,2,2
2017-12-02,10000068,18052,79000,79000,79000,2,1
2017-12-02,10000068,18053,350000,350000,350000,2,2
2017-12-02,10000068,18056,54000,54000,54000,1,1
2017-12-02,10000068,18057,300000,300000,300000,1,1
2017-12-02,10000068,18058,35000,35000,35000,1,1
2017-12-02,10000068,18059,250000,250000,250000,2,2
2017-12-02,10000068,18061,200000,200000,200000,2,2
2017-12-02,10000068,18063,150000,150000,150000,2,2
2017-12-02,10000068,18065,650000,650000,650000,1,1
2017-12-02,10000068,18067,100000,100000,100000,2,2
2017-12-02,10000068,18068,6000000,6000000,6000000,2,1
2017-12-02,10000068,18612,295000,295000,295000,2,1
2017-12-02,10000068,18616,104999.97,104999.96,104999.99,12,2
2017-12-02,10000068,18618,199999,199999,199999,2,1
2017-12-02,10000068,18635,295499,295499,295499,2,1
2017-12-02,10000068,18637,277783,277783,277783,2,1
2017-12-02,10000068,18639,19065.82,2000,24900,18,14
2017-12-02,10000068,18692,30000000,30000000,30000000,1,1
2017-12-02,10000068,19029,92000000,92000000,92000000,1,1
2017-12-02,10000068,19325,34000000,34000000,34000000,1,1
2017-12-02,10000068,19400,11000,11000,11000,4,1
2017-12-02,10000068,19402,40000,40000,40000,2,1
2017-12-02,10000068,19404,152857.14,85000,180000,7,6
2017-12-02,10000068,19405,360000,360000,360000,7,3
2017-12-02,10000068,19406,577778.69,500004.12,600000,9,7
2017-12-02,10000068,19407,1171428.57,800000,1200000,14,11
2017-12-02,10000068,19408,2100000,2100000,2100000,7,6
2017-12-02,10000068,19416,43200000,43200000,43200000,2,1
2017-12-02,10000068,19418,61200000,61200000,61200000,1,1
2017-12-02,10000068,19421,133837000,133837000,133837000,3,2
2017-12-02,10000068,19660,30000,30000,30000,3,1
2017-12-02,10000068,19719,30000000,30000000,30000000,2,2
2017-12-02,10000068,19739,500000,500000,500000,6,1
2017-12-02,10000068,19759,200000,200000,200000,4,4
2017-12-02,10000068,19760,160000,160000,160000,2,2
2017-12-02,10000068,19761,1000000,1000000,1000000,3,3
2017-12-02,10000068,19766,800000,800000,800000,2,2
2017-12-02,10000068,19810,11.01,11.01,11.01,1,1
2017-12-02,10000068,19812,5.01,5.01,5.01,1,1
2017-12-02,10000068,19814,104,104,104,1,1
2017-12-02,10000068,19921,90000,90000,90000,5,5
2017-12-02,10000068,19922,600000,600000,600000,2,2
2017-12-02,10000068,19925,400,400,400.01,3,2
2017-12-02,10000068,19927,1115,1115,1115,1,1
2017-12-02,10000068,19929,465.55,410,909.98,9,7
2017-12-02,10000068,19931,602,602,602,1,1
2017-12-02,10000068,19937,2008.53,2007.06,2010,2,2
2017-12-02,10000068,19939,8016.33,8016.33,8016.33,1,1
2017-12-02,10000068,19942,777.89,754,800.01,9,8
2017-12-02,10000068,19944,2701,2701,2701,9,6
2017-12-02,10000068,19946,35775.75,2701,135000,4,4
2017-12-02,10000068,19952,53334.26,5001.39,150000,3,3
2017-12-02,10000068,20036,70,70,70,500,1
2017-12-02,10000068,20064,60000000,60000000,60000000,1,1
2017-12-02,10000068,20171,94053.05,94053.05,94053.05,10,1
2017-12-02,10000068,20187,1200000000,1200000000,1200000000,1,1
2017-12-02,10000068,20211,4100000,4100000,4100000,2,2
2017-12-02,10000068,20307,59.5,59.5,59.5,3000,1
2017-12-02,10000068,20312,1424999.5,1349999,1500000,2,2
2017-12-02,10000068,20314,225000,225000,225000,1,1
2017-12-02,10000068,20342,50000000,50000000,50000000,2,2
2017-12-02,10000068,20349,1100000,1100000,1100000,1,1
2017-12-02,10000068,20353,2500497.25,1001000,3999994.5,4,4
2017-12-02,10000068,20410,78897.5,75000,90000,68,5
2017-12-02,10000068,20412,55125.33,55124,55130,9,3
2017-12-02,10000068,20414,160000,160000,160000,50,1
2017-12-02,10000068,20415,138000,138000,138000,30,1
2017-12-02,10000068,20416,162120,162120,162120,8,1
2017-12-02,10000068,20417,50106,50106,50106,8,1
2017-12-02,10000068,20418,42003,42003,42003,11,2
2017-12-02,10000068,20419,150101.29,150099,150103,7,2
2017-12-02,10000068,20424,34797.64,31249,40000,25,6
2017-12-02,10000068,20433,2000000,2000000,2000000,1,1
2017-12-02,10000068,20494,100000,100000,100000,2,2
2017-12-02,10000068,20495,100000,100000,100000,2,2
2017-12-02,10000068,20507,226124775.79,226124775.79,226124775.79,1,1
2017-12-02,10000068,20525,158999997,158999997,158999997,1,1
2017-12-02,10000068,20527,75000000,75000000,75000000,1,1
2017-12-02,10000068,20532,158999999.96,158999999.96,158999999.96,1,1
2017-12-02,10000068,20533,400000000,400000000,400000000,1,1
2017-12-02,10000068,20963,760,760,760,11000,1
2017-12-02,10000068,21059,120000,120000,120000,24,24
2017-12-02,10000068,21071,177750,177750,177750,1,1
2017-12-02,10000068,21077,155000,155000,155000,1,1
2017-12-02,10000068,21084,374000,374000,374000,1,1
2017-12-02,10000068,21096,2185973.49,1876999.99,2494946.99,2,2
2017-12-02,10000068,21588,1,1,1,150,1
2017-12-02,10000068,21589,1,1,1,137,1
2017-12-02,10000068,21590,1,1,1,62,1
2017-12-02,10000068,21592,1,1,1,36,1
2017-12-02,10000068,21593,1,1,1,120,1
2017-12-02,10000068,21594,21.96,1,30,83,4
2017-12-02,10000068,21603,10000000,10000000,10000000,4,4
2017-12-02,10000068,21610,20000000,20000000,20000000,2,2
2017-12-02,10000068,21611,30000000,30000000,30000000,2,2
2017-12-02,10000068,21638,974999,974999,974999,5,1
2017-12-02,10000068,21667,23899997.96,23899997.96,23899997.96,1,1
2017-12-02,10000068,21718,50550,1100,100000,2,2
2017-12-02,10000068,21722,2750000,2500000,3000000,2,2
2017-12-02,10000068,21789,1799999,1799999,1799999,1,1
2017-12-02,10000068,21790,110000,100000,130000,3,3
2017-12-02,10000068,21791,116139.91,100000,148419.73,3,3
2017-12-02,10000068,21802,59999999,59999999,59999999,1,1
2017-12-02,10000068,21815,7045454.55,6500000,7700000,11,3
2017-12-02,10000068,21841,776999,776999,776999,2,1
2017-12-02,10000068,21853,126957.45,3000,190000,47,35
2017-12-02,10000068,21855,780.91,100.01,999,16,6
2017-12-02,10000068,21857,14773.35,380.01,23899.99,78,57
2017-12-02,10000068,21896,890,890,890,3000,1
2017-12-02,10000068,21898,328.55,328.55,328.55,1800,1
2017-12-02,10000068,21906,328.5,328.5,328.5,1800,1
2017-12-02,10000068,21924,328.55,328.55,328.55,1800,1
2017-12-02,10000068,22043,25000000,25000000,25000000,1,1
2017-12-02,10000068,22175,56586.77,49999.99,61999.99,65,47
2017-12-02,10000068,22176,332640,332640,332640,1,1
2017-12-02,10000068,22177,56353.94,50000,99999.99,78,55
2017-12-02,10000068,22178,332640,332640,332640,1,1
2017-12-02,10000068,22242,75000000,75000000,75000000,1,1
2017-12-02,10000068,22291,1297993,1297993,1297993,1,1
2017-12-02,10000068,22534,27849990,27849990,27849990,1,1
2017-12-02,10000068,22536,359999.96,299999.98,599999.88,5,4
2017-12-02,10000068,22541,9000000,9000000,9000000,1,1
2017-12-02,10000068,22542,33317.57,29999.99,37499.98,50,44
2017-12-02,10000068,22543,750000,750000,750000,1,1
2017-12-02,10000068,22544,484000000,469000000,499000000,2,2
2017-12-02,10000068,22546,362000000,362000000,362000000,1,1
2017-12-02,10000068,22548,180204010.99,180204010.99,180204010.99,1,1
2017-12-02,10000068,22551,28000000,28000000,28000000,4,4
2017-12-02,10000068,22552,1066666.67,1000000,1200000,6,5
2017-12-02,10000068,22578,80135.79,80000,85974.96,88,88
2017-12-02,10000068,22611,25500000,25500000,25500000,1,1
2017-12-02,10000068,22761,32000000,32000000,32000000,2,2
2017-12-02,10000068,22806,120000,120000,120000,13,13
2017-12-02,10000068,22807,120000,120000,120000,12,12
2017-12-02,10000068,22808,120000,120000,120000,13,12
2017-12-02,10000068,22809,120000,120000,120000,10,10
2017-12-02,10000068,22961,868.26,599.87,870,12000,3
2017-12-02,10000068,22977,1000,1000,1000,5000,2
2017-12-02,10000068,22991,950,950,950,1500,1
2017-12-02,10000068,22993,1209.86,1119.72,1300,1000,2
2017-12-02,10000068,23009,475,475,475,510311,9
2017-12-02,10000068,23025,1599.78,1599.78,1599.78,800,1
2017-12-02,10000068,23059,3200000,3200000,3200000,55,1
2017-12-02,10000068,23087,111490.69,95000,144472.08,3,3
2017-12-02,10000068,23121,179333.33,135000,268000,3,3
2017-12-02,10000068,23123,1699999,1699999,1699999,1,1
2017-12-02,10000068,23124,2990000,2990000,2990000,1,1
2017-12-02,10000068,23128,5800000,5800000,5800000,1,1
2017-12-02,10000068,23131,30042.46,7563.7,75000,3,3
2017-12-02,10000068,23135,250000,250000,250000,1,1
2017-12-02,10000068,23138,50038,50038,50038,1,1
2017-12-02,10000068,23141,60000,60000,60000,1,1
2017-12-02,10000068,23142,275.19,150.38,400,2,2
2017-12-02,10000068,23153,90000,90000,90000,1,1
2017-12-02,10000068,23155,521708.47,1562.7,1562000,3,3
2017-12-02,10000068,23158,113,113,113,16,1
2017-12-02,10000068,23159,86.8,86.8,86.8,7,1
2017-12-02,10000068,23163,1,1,1,251,6
2017-12-02,10000068,23164,1,1,1,246,8
2017-12-02,10000068,23165,1,1,1,96,3
2017-12-02,10000068,23166,500,500,500,12,1
2017-12-02,10000068,23167,27,27,27,56,2
2017-12-02,10000068,23169,200000,200000,200000,1,1
2017-12-02,10000068,23170,56333.33,25000,119000,3,2
2017-12-02,10000068,23527,292589.85,283500,319997.94,24,15
2017-12-02,10000068,23533,23895.76,17991.54,29799.98,2,2
2017-12-02,10000068,23559,179310.14,108777.78,193416.62,12,3
2017-12-02,10000068,23561,136363.64,125000,140000,11,3
2017-12-02,10000068,23563,150000,150000,150000,1,1
2017-12-02,10000068,23566,400000,400000,400000,6,6
2017-12-02,10000068,23594,450000,450000,450000,6,6
2017-12-02,10000068,23606,150000,150000,150000,28,26
2017-12-02,10000068,23618,50000,50000,50000,30,30
2017-12-02,10000068,23707,5535.04,5000,8999.99,30,6
2017-12-02,10000068,23708,1500000,1500000,1500000,1,1
2017-12-02,10000068,23709,59997.6,59997.55,59997.61,4,2
2017-12-02,10000068,23711,24562.31,24562.31,24562.31,1,1
2017-12-02,10000068,23731,13995.07,13995.07,13995.07,24,1
2017-12-02,10000068,23915,1533696590,1533696590,1533696590,1,1
2017-12-02,10000068,24241,50197.59,50000,70000,97,97
2017-12-02,10000068,24242,1000000,1000000,1000000,16,15
2017-12-02,10000068,24268,7500000,7500000,7500000,5,5
2017-12-02,10000068,24270,7500000,7500000,7500000,4,4
2017-12-02,10000068,24305,4726130.99,4726130.99,4726130.99,4,1
2017-12-02,10000068,24312,500000000,500000000,500000000,1,1
2017-12-02,10000068,24314,500000000,500000000,500000000,1,1
2017-12-02,10000068,24348,1363433.39,787500.06,1400000,14,13
2017-12-02,10000068,24349,90000,90000,90000,2,2
2017-12-02,10000068,24395,297041.33,252875,499998.99,6,5
2017-12-02,10000068,24427,1750000,1750000,1750000,1,1
2017-12-02,10000068,24438,1499992.88,1499992.88,1499992.88,1,1
2017-12-02,10000068,24471,147.76,147.76,147.76,5000,1
2017-12-02,10000068,24488,187.99,187.99,187.99,15500,3
2017-12-02,10000068,24490,298.86,298.86,298.86,10000,1
2017-12-02,10000068,24495,52.12,52.12,52.12,240,1
2017-12-02,10000068,24513,548.99,548.99,548.99,2500,1
2017-12-02,10000068,24531,634.47,634.47,634.47,1000,1
2017-12-02,10000068,24535,648.97,648.97,648.97,2500,1
2017-12-02,10000068,24571,10000000,10000000,10000000,1,1
2017-12-02,10000068,24624,20000000,20000000,20000000,3,3
2017-12-02,10000068,24625,20000000,20000000,20000000,4,4
2017-12-02,10000068,24698,47994999,47994999,47994999,1,1
2017-12-02,10000068,24700,46051500,42103000,50000000,2,2
2017-12-02,10000068,25235,150000,150000,150000,4,4
2017-12-02,10000068,25266,2241796.31,2058291.7,2790000,9,6
2017-12-02,10000068,25544,28999935.6,26499900,30999989,5,5
2017-12-02,10000068,25562,249600,249600,249600,1,1
2017-12-02,10000068,25565,49835,39505,55000,3,2
2017-12-02,10000068,25569,400,400,400,1,1
2017-12-02,10000068,25588,12522.59,12522.59,12522.59,166,31
2017-12-02,10000068,25589,4010.05,4010.05,4010.05,453,53
2017-12-02,10000068,25590,830030.8,830030.8,830030.8,1049,140
2017-12-02,10000068,25591,186000,180000.05,220000,2159,202
2017-12-02,10000068,25592,8897.55,8897.53,8897.55,54,22
2017-12-02,10000068,25593,11094.83,9800.09,11111.01,81,26
2017-12-02,10000068,25594,37528.27,34140.4,37580.4,66,28
2017-12-02,10000068,25595,22601.47,21019.89,23000,90,32
2017-12-02,10000068,25596,38000.05,38000.05,38000.05,1407,152
2017-12-02,10000068,25597,2287.08,2287.08,2287.08,688,138
2017-12-02,10000068,25598,5251.24,5251.24,5251.24,1159,123
2017-12-02,10000068,25599,886.21,886.21,886.21,1807,129
2017-12-02,10000068,25600,17165.02,17163.13,23544.97,1337,131
2017-12-02,10000068,25601,2030.24,2030.24,2030.24,2736,123
2017-12-02,10000068,25602,28999.99,28999.99,28999.99,23,3
2017-12-02,10000068,25603,37005.65,37005.65,37005.65,30,10
2017-12-02,10000068,25604,9000.09,9000.09,9000.09,427,111
2017-12-02,10000068,25605,40000.07,40000.07,40000.07,105,30
2017-12-02,10000068,25606,60700.13,60700.13,60700.13,156,8
2017-12-02,10000068,25610,728700.79,720000,750000,77,6
2017-12-02,10000068,25614,600009.01,600009.01,600009.01,11,1
2017-12-02,10000068,25616,4446,4446,4446,19,3
2017-12-02,10000068,25617,368655.63,162188,380000,96,3
2017-12-02,10000068,25618,13558.65,13557.01,13570,17,9
2017-12-02,10000068,25619,430812.58,258254.24,458254.26,17,4
2017-12-02,10000068,25620,41019.08,41019.08,41019.08,10,5
2017-12-02,10000068,25621,999999.88,999999,1000000,17,2
2017-12-02,10000068,25623,10552.17,10552.17,10552.17,7,3
2017-12-02,10000068,25625,2703000,2703000,2703000,1,1
2017-12-02,10000068,25707,20000,20000,20000,1,1
2017-12-02,10000068,25709,10,10,10,1,1
2017-12-02,10000068,25719,285000,285000,285000,1,1
2017-12-02,10000068,25736,8455520.32,8455520.32,8455520.32,1,1
2017-12-02,10000068,25739,450000,450000,450000,1,1
2017-12-02,10000068,25810,446000,430000,450000,5,5
2017-12-02,10000068,25811,449999.99,449999.95,450000,5,5
2017-12-02,10000068,25861,57999.98,50000,58992,130,91
2017-12-02,10000068,25862,332640,332640,332640,2,2
2017-12-02,10000068,25863,1000000,1000000,1000000,1,1
2017-12-02,10000068,25887,85113,85113,85113,19,1
2017-12-02,10000068,25894,11999667.3,11999500.95,12000000,6,4
2017-12-02,10000068,25912,4800000,4800000,4800000,2,1
2017-12-02,10000068,25918,9500000,9500000,9500000,1,1
2017-12-02,10000068,25919,1250000,1250000,1250000,1,1
2017-12-02,10000068,25948,5863332.95,5799999.5,5989999.86,3,3
2017-12-02,10000068,25980,1999998.97,1999998.97,1999998.97,1,1
2017-12-02,10000068,26000,10999998.96,10999998.96,10999998.96,1,1
2017-12-02,10000068,26088,8777777,8777777,8777777,1,1
2017-12-02,10000068,26224,56990000,56990000,56990000,2,2
2017-12-02,10000068,26252,58657.35,50000,60000,31,31
2017-12-02,10000068,26253,100000,100000,100000,8,8
2017-12-02,10000068,26254,20000.18,20000,20000.89,5,5
2017-12-02,10000068,26255,97367.41,96993.79,100000,11,11
2017-12-02,10000068,26256,100000,100000,100000,5,5
2017-12-02,10000068,26257,100000,100000,100000,1,1
2017-12-02,10000068,26259,97000,89500,100000,7,7
2017-12-02,10000068,26260,100000,100000,100000,1,1
2017-12-02,10000068,26261,100000,100000,100000,5,5
2017-12-02,10000068,26929,164733.13,119999,199089.99,15,13
2017-12-02,10000068,26930,125000,125000,125000,1,1
2017-12-02,10000068,26931,3499997.44,3499997.44,3499997.44,1,1
2017-12-02,10000068,27015,20000,20000,20000,240,240
2017-12-02,10000068,27102,1252900,1252900,1252900,1,1
2017-12-02,10000068,27119,2000000,2000000,2000000,1,1
2017-12-02,10000068,27127,1600000,1600000,1600000,1,1
2017-12-02,10000068,27175,1350000.03,1350000.03,1350000.03,1,1
2017-12-02,10000068,27321,485.68,485.68,485.68,100,1
2017-12-02,10000068,27327,486.58,486.58,486.58,100,1
2017-12-02,10000068,27333,485.58,485.58,485.58,200,1
2017-12-02,10000068,27361,579.78,579.78,579.78,340,2
2017-12-02,10000068,27381,1285.76,1285.76,1285.76,2240,2
2017-12-02,10000068,27387,582.87,582.87,582.87,240,1
2017-12-02,10000068,27395,3495,3495,3495,1000,1
2017-12-02,10000068,27401,1490,1490,1490,10000,1
2017-12-02,10000068,27419,1490,1490,1490,10000,1
2017-12-02,10000068,27423,2445.01,2445.01,2445.01,1200,1
2017-12-02,10000068,27429,2385.01,2385.01,2385.01,1200,1
2017-12-02,10000068,27902,100000,100000,100000,11,11
2017-12-02,10000068,27914,2400000.89,2400000.89,2400000.89,1,1
2017-12-02,10000068,27931,2000000,2000000,2000000,1,1
2017-12-02,10000068,27933,1000000,1000000,1000000,1,1
2017-12-02,10000068,28073,18500000,18500000,18500000,1,1
2017-12-02,10000068,28209,1999999,1999999,1999999,4,2
2017-12-02,10000068,28211,1249999,1249999,1249999,4,1
2017-12-02,10000068,28215,1599998.98,1599998.98,1599998.98,5,1
2017-12-02,10000068,28274,600000,600000,600000,1,1
2017-12-02,10000068,28300,36500000,36500000,36500000,4,1
2017-12-02,10000068,28361,2001.01,2001.01,2001.01,123,1
2017-12-02,10000068,28365,29000,29000,29000,77,2
2017-12-02,10000068,28366,2990000,2990000,2990000,45,2
2017-12-02,10000068,28374,500000000,500000000,500000000,1,1
2017-12-02,10000068,28430,1000,1000,1000,476,1
2017-12-02,10000068,28431,1499.98,1499.98,1499.98,4616,1
2017-12-02,10000068,28432,1000,1000,1000,2392,1
2017-12-02,10000068,28576,1066352.55,999000,1239995.94,47,26
2017-12-02,10000068,28578,819766,819766,819766,5,2
2017-12-02,10000068,28585,25000000,25000000,25000000,2,2
2017-12-02,10000068,28606,715050550.5,650101100.99,780000000,2,2
2017-12-02,10000068,28615,4000000,4000000,4000000,1,1
2017-12-02,10000068,28667,64000000,64000000,64000000,3,3
2017-12-02,10000068,28668,5000.18,5000.18,5000.18,881,10
2017-12-02,10000068,28756,39999999,39999999,39999999,1,1
2017-12-02,10000068,28758,37387499.75,35900000,38874999.5,4,4
2017-12-02,10000068,28879,1000000,1000000,1000000,1,1
2017-12-02,10000068,28880,5000000,5000000,5000000,3,3
2017-12-02,10000068,28999,21661.25,20000,34998.98,14,6
2017-12-02,10000068,29001,22545.92,20000,29999,12,6
2017-12-02,10000068,29009,24999.99,24999.99,24999.99,2,2
2017-12-02,10000068,29011,24899.4,24824,24999.93,7,3
2017-12-02,10000068,29013,29998.94,29998.94,29998.94,1,1
2017-12-02,10000068,29015,34999,34999,34999,1,1
2017-12-02,10000068,29029,100000000,100000000,100000000,1,1
2017-12-02,10000068,29248,315500,72000,400000,4,4
2017-12-02,10000068,29637,49250000,47000000,50000000,4,3
2017-12-02,10000068,30013,6000,6000,6000,1464,104
2017-12-02,10000068,30014,5000000,5000000,5000000,1,1
2017-12-02,10000068,30019,100000,100000,100000,1,1
2017-12-02,10000068,30022,330000,330000,330000,1,1
2017-12-02,10000068,30028,79186.57,69897.74,99999.93,67,11
2017-12-02,10000068,30222,100,100,100,300,1
2017-12-02,10000068,30251,5000,5000,5000,1,1
2017-12-02,10000068,30254,2000,2000,2000,3,1
2017-12-02,10000068,30311,256300,256300,256300,12,1
2017-12-02,10000068,30324,10000000,10000000,10000000,3,2
2017-12-02,10000068,30325,10000000,10000000,10000000,3,3
2017-12-02,10000068,30327,10000000,10000000,10000000,1,1
2017-12-02,10000068,30328,102.02,101.03,105,4,4
2017-12-02,10000068,30342,100.03,100.03,100.03,8,8
2017-12-02,10000068,30371,100.08,100.08,100.08,804,2
2017-12-02,10000068,30372,1200,1200,1200,1500,1
2017-12-02,10000068,30420,100,100,100,7,2
2017-12-02,10000068,30422,100.01,100.01,100.01,2,1
2017-12-02,10000068,30467,10000000,10000000,10000000,1,1
2017-12-02,10000068,30486,565866.67,560000,571000,15,2
2017-12-02,10000068,30488,493999.91,493000,494500,148,20
2017-12-02,10000068,30532,5000000,5000000,5000000,1,1
2017-12-02,10000068,30537,5000000,5000000,5000000,1,1
2017-12-02,10000068,30538,5000000,5000000,5000000,2,2
2017-12-02,10000068,30539,5000000,5000000,5000000,1,1
2017-12-02,10000068,30540,5000000,5000000,5000000,1,1
2017-12-02,10000068,30545,5000000,5000000,5000000,1,1
2017-12-02,10000068,30546,5000000,5000000,5000000,1,1
2017-12-02,10000068,30547,5000000,5000000,5000000,1,1
2017-12-02,10000068,30551,5000000,5000000,5000000,1,1
2017-12-02,10000068,30553,5000000,5000000,5000000,1,1
2017-12-02,10000068,30554,5000000,5000000,5000000,1,1
2017-12-02,10000068,30744,155714.29,150000,190000,7,3
2017-12-02,10000068,30745,436250.02,430000.02,480000.01,8,2
2017-12-02,10000068,30754,2000000,2000000,2000000,1,1
2017-12-02,10000068,30788,10000000,10000000,10000000,3,3
2017-12-02,10000068,30832,1496974.4,1494999.98,1500000,10,4
2017-12-02,10000068,30834,1698489.33,1690936,1700000,6,3
2017-12-02,10000068,30836,1137520.11,500040.21,1775000,2,2
2017-12-02,10000068,30839,100,100,100,11,6
2017-12-02,10000068,30987,449475.93,439000,459951.85,6,4
2017-12-02,10000068,31009,477197.79,418969.31,550000,9,7
2017-12-02,10000068,31011,2112489.68,1891090.85,2981744.75,25,7
2017-12-02,10000068,31017,24999500.95,24999500.95,24999500.95,2,2
2017-12-02,10000068,31033,888888,888888,888888,4,2
2017-12-02,10000068,31035,3294318.35,3294318.35,3294318.35,1,1
2017-12-02,10000068,31045,791745.15,750500.95,799993.99,6,3
2017-12-02,10000068,31047,2999998,2999998,2999998,3,1
2017-12-02,10000068,31051,11500398.69,11500398.69,11500398.69,1,1
2017-12-02,10000068,31053,35999500.95,35999500.95,35999500.95,1,1
2017-12-02,10000068,31055,2399780.19,1999450.48,2500000,5,5
2017-12-02,10000068,31056,1250000,1250000,1250000,1,1
2017-12-02,10000068,31057,8980000,8980000,8980000,3,2
2017-12-02,10000068,31059,21000000,21000000,21000000,2,1
2017-12-02,10000068,31063,659998.99,659998.99,659998.99,1,1
2017-12-02,10000068,31069,11500500.95,11500500.95,11500500.95,1,1
2017-12-02,10000068,31083,1056250,1000000,1224999.99,4,2
2017-12-02,10000068,31105,383749.33,383749.33,383749.33,17,4
2017-12-02,10000068,31106,125000,125000,125000,2,2
2017-12-02,10000068,31108,750000,750000,750000,1,1
2017-12-02,10000068,31117,300000,299999.99,300000,2,2
2017-12-02,10000068,31118,125000,125000,125000,3,3
2017-12-02,10000068,31119,1261818.08,1255000,1261999.98,11,8
2017-12-02,10000068,31120,750000,750000,750000,2,2
2017-12-02,10000068,31125,12460000,12400000,12480000,4,2
2017-12-02,10000068,31129,444444,444444,444444,1,1
2017-12-02,10000068,31130,125000,125000,125000,1,1
2017-12-02,10000068,31132,750000,750000,750000,1,1
2017-12-02,10000068,31142,125000,125000,125000,1,1
2017-12-02,10000068,31144,750000,750000,750000,1,1
2017-12-02,10000068,31153,243026.75,241849,244399.99,16,8
2017-12-02,10000068,31154,125000,125000,125000,2,2
2017-12-02,10000068,31155,1208930.5,1185000,1484733.73,27,5
2017-12-02,10000068,31156,750000,750000,750000,1,1
2017-12-02,10000068,31160,125000,125000,125000,2,2
2017-12-02,10000068,31162,750000,750000,750000,1,1
2017-12-02,10000068,31164,50000000,50000000,50000000,1,1
2017-12-02,10000068,31165,4484000,4484000,4484000,1,1
2017-12-02,10000068,31171,4295000,4295000,4295000,1,1
2017-12-02,10000068,31177,279507.27,278458,289999.99,11,2
2017-12-02,10000068,31178,125000,125000,125000,1,1
2017-12-02,10000068,31180,750000,750000,750000,1,1
2017-12-02,10000068,31183,7500000,7500000,7500000,1,1
2017-12-02,10000068,31190,125000,125000,125000,2,2
2017-12-02,10000068,31192,750000,750000,750000,1,1
2017-12-02,10000068,31201,163571.42,160000,184999.99,7,7
2017-12-02,10000068,31202,125000,125000,125000,1,1
2017-12-02,10000068,31203,939000,939000,939000,1,1
2017-12-02,10000068,31213,116122.65,114995.98,124999.99,67,30
2017-12-02,10000068,31214,125000,125000,125000,3,3
2017-12-02,10000068,31215,470901.47,470901.47,470901.47,1,1
2017-12-02,10000068,31220,3332998.26,3332998,3332998.79,3,3
2017-12-02,10000068,31226,127770.99,127770.99,127770.99,1,1
2017-12-02,10000068,31227,125000,125000,125000,1,1
2017-12-02,10000068,31229,750000,750000,750000,1,1
2017-12-02,10000068,31238,83818.13,77999.93,110000,11,8
2017-12-02,10000068,31239,125000,125000,125000,1,1
2017-12-02,10000068,31240,389999,389999,389999,1,1
2017-12-02,10000068,31246,8888888,8888888,8888888,1,1
2017-12-02,10000068,31251,125000,125000,125000,1,1
2017-12-02,10000068,31253,750000,750000,750000,1,1
2017-12-02,10000068,31262,249930,249930,249930,2,2
2017-12-02,10000068,31274,456564.99,313131,599998.97,2,2
2017-12-02,10000068,31310,333221.88,333221.88,333221.88,1,1
2017-12-02,10000068,31322,220000,220000,220000,2,2
2017-12-02,10000068,31323,125000,125000,125000,1,1
2017-12-02,10000068,31358,797909.15,750500.95,999999.91,11,8
2017-12-02,10000068,31360,3542378.27,3400000,5499999.99,8,6
2017-12-02,10000068,31361,750000,750000,750000,1,1
2017-12-02,10000068,31364,5999500.33,5999500,5999500.99,3,2
2017-12-02,10000068,31370,450257.18,293000,696999,33,16
2017-12-02,10000068,31371,125000,125000,125000,1,1
2017-12-02,10000068,31372,1696500.06,1495000,2199999.92,13,10
2017-12-02,10000068,31373,750000,750000,750000,1,1
2017-12-02,10000068,31376,8497498.92,4995000,11999997.83,2,2
2017-12-02,10000068,31378,14999500.95,14999500.95,14999500.95,2,2
2017-12-02,10000068,31383,125000,125000,125000,1,1
2017-12-02,10000068,31384,1692000,1692000,1692000,2,2
2017-12-02,10000068,31385,750000,750000,750000,1,1
2017-12-02,10000068,31395,125000,125000,125000,1,1
2017-12-02,10000068,31396,2499998.99,2499998.99,2499998.99,1,1
2017-12-02,10000068,31397,750000,750000,750000,1,1
2017-12-02,10000068,31407,125000,125000,125000,1,1
2017-12-02,10000068,31408,2831665.73,2799998.87,2990000,6,3
2017-12-02,10000068,31409,750000,750000,750000,1,1
2017-12-02,10000068,31430,199989.99,199989.99,199989.99,1,1
2017-12-02,10000068,31478,90100,90100,90100,2,2
2017-12-02,10000068,31502,1024999.99,1024999.99,1024999.99,1,1
2017-12-02,10000068,31526,1233332.65,1199999,1299999.96,3,3
2017-12-02,10000068,31532,3100000,3100000,3100000,1,1
2017-12-02,10000068,31538,1048999.89,1048999.87,1048999.94,9,8
2017-12-02,10000068,31546,9695000,9695000,9695000,1,1
2017-12-02,10000068,31550,299998.97,299998.97,299998.97,1,1
2017-12-02,10000068,31568,4995000.01,4995000.01,4995000.01,1,1
2017-12-02,10000068,31586,759999.49,520000,999998.98,2,2
2017-12-02,10000068,31598,899998.98,899998.98,899998.98,1,1
2017-12-02,10000068,31608,899998.98,899998.98,899998.98,1,1
2017-12-02,10000068,31620,999998.99,999998.99,999998.99,1,1
2017-12-02,10000068,31656,134570.29,133000,134999,14,3
2017-12-02,10000068,31657,125000,125000,125000,1,1
2017-12-02,10000068,31659,750000,750000,750000,1,1
2017-12-02,10000068,31668,218199,218199,218199,1,1
2017-12-02,10000068,31669,125000,125000,125000,1,1
2017-12-02,10000068,31671,750000,750000,750000,1,1
2017-12-02,10000068,31683,750000,750000,750000,1,1
2017-12-02,10000068,31693,125000,125000,125000,1,1
2017-12-02,10000068,31695,750000,750000,750000,1,1
2017-12-02,10000068,31705,125000,125000,125000,1,1
2017-12-02,10000068,31707,750000,750000,750000,1,1
2017-12-02,10000068,31716,97854.52,86388.89,199998.99,21,17
2017-12-02,10000068,31717,400000,400000,400000,1,1
2017-12-02,10000068,31718,448814.56,429999.98,499999,9,7
2017-12-02,10000068,31722,4916669.33,4250000,6250008,3,2
2017-12-02,10000068,31724,9750000,7000000,12500000,2,2
2017-12-02,10000068,31730,428887,428887,428887,2,2
2017-12-02,10000068,31740,117728,114878,119153,3,3
2017-12-02,10000068,31752,105607.07,103416.66,123000,14,12
2017-12-02,10000068,31754,500000,500000,500000,4,3
2017-12-02,10000068,31764,244098.56,224098.56,264098.55,2,2
2017-12-02,10000068,31788,476666.26,430999.95,539887.24,23,13
2017-12-02,10000068,31789,549999.98,549999.98,549999.98,1,1
2017-12-02,10000068,31790,2923209.53,2824994.45,3512500.01,14,10
2017-12-02,10000068,31794,11888861.31,11888861.31,11888861.31,2,2
2017-12-02,10000068,31796,23087500,22890000,23285000,2,2
2017-12-02,10000068,31800,258420.25,258420.25,258420.25,3,1
2017-12-02,10000068,31802,1821898.47,1821898.47,1821898.47,3,1
2017-12-02,10000068,31812,35599980,35599980,35599980,1,1
2017-12-02,10000068,31874,3936363.57,3500000,4699999.83,11,2
2017-12-02,10000068,31880,1316666.12,1300000,1349998.35,3,2
2017-12-02,10000068,31882,2400000,2400000,2400000,4,1
2017-12-02,10000068,31890,4385000,4385000,4385000,12,1
2017-12-02,10000068,31990,38891.92,38891.92,38891.92,240,1
2017-12-02,10000068,32006,156058.65,156058.65,156058.65,65,3
2017-12-02,10000068,32025,389243.86,318991.81,599999.99,4,4
2017-12-02,10000068,32027,1289999,1289999,1289999,2,2
2017-12-02,10000068,32033,534654,534654,534654,1,1
2017-12-02,10000068,32041,593092.79,588487.99,600000,5,4
2017-12-02,10000068,32043,3250000,3250000,3250000,3,3
2017-12-02,10000068,32047,38124999.99,38124999.99,38124999.99,1,1
2017-12-02,10000068,32057,379999,379999,379999,1,1
2017-12-02,10000068,32081,788998.99,788998.99,788998.99,1,1
2017-12-02,10000068,32083,3500000,3500000,3500000,1,1
2017-12-02,10000068,32459,100.02,100.02,100.02,3,3
2017-12-02,10000068,32772,549999.99,549999.99,549999.99,1,1
2017-12-02,10000068,32774,79998.88,79998.88,79998.91,13,3
2017-12-02,10000068,32782,0.28,0.28,0.28,200,1
2017-12-02,10000068,32787,18872.63,18299.99,19999.99,96,26
2017-12-02,10000068,32797,500000,500000,500000,3,3
2017-12-02,10000068,32817,1400000,1400000,1400000,2,1
2017-12-02,10000068,32819,1399999.98,1399999.98,1399999.98,1,1
2017-12-02,10000068,32820,750000,750000,750000,1,1
2017-12-02,10000068,32872,1291125.94,1250000,1350000,35,35
2017-12-02,10000068,32873,8242751,8242751,8242751,1,1
2017-12-02,10000068,32874,1599998.98,1599998.98,1599998.98,1,1
2017-12-02,10000068,32876,1444443.65,1444443.65,1444443.65,1,1
2017-12-02,10000068,32880,181381.85,120000,221000,97,86
2017-12-02,10000068,32881,5345000.11,5345000.11,5345000.11,1,1
2017-12-02,10000068,32918,40000,40000,40000,8,8
2017-12-02,10000068,32982,29986000,29986000,29986000,3,3
2017-12-02,10000068,32994,1000,1000,1000,90,1
2017-12-02,10000068,32999,200000,200000,200000,8,8
2017-12-02,10000068,33000,200000,200000,200000,7,7
2017-12-02,10000068,33001,200000,200000,200000,7,7
2017-12-02,10000068,33002,200000,200000,200000,6,6
2017-12-02,10000068,33003,400010.53,400000,400021.05,2,2
2017-12-02,10000068,33005,200000,200000,200000,1,1
2017-12-02,10000068,33007,100000,100000,100000,4,1
2017-12-02,10000068,33009,55000,55000,55000,4,1
2017-12-02,10000068,33011,29000,29000,29000,22,2
2017-12-02,10000068,33076,271553.73,269000,275000,22,12
2017-12-02,10000068,33078,1000000,1000000,1000000,14,14
2017-12-02,10000068,33091,100000,100000,100000,5,5
2017-12-02,10000068,33092,100000,100000,100000,4,4
2017-12-02,10000068,33093,70842.67,10000.5,100000,34,34
2017-12-02,10000068,33094,100000,100000,100000,5,5
2017-12-02,10000068,33095,1000000,1000000,1000000,3,3
2017-12-02,10000068,33096,1000000,1000000,1000000,5,5
2017-12-02,10000068,33097,1000000,1000000,1000000,13,12
2017-12-02,10000068,33098,1000000,1000000,1000000,4,4
2017-12-02,10000068,33101,1710237.58,1500,2140906.97,5,5
2017-12-02,10000068,33140,29899999.77,29899999.77,29899999.77,2,1
2017-12-02,10000068,33151,165000000,165000000,165000000,1,1
2017-12-02,10000068,33176,141801.75,137577.15,143209.95,4,4
2017-12-02,10000068,33178,154453.98,109908.95,198999,2,2
2017-12-02,10000068,33180,118321.86,115000,119982.84,24,13
2017-12-02,10000068,33195,3034.05,3034.05,3034.05,8,2
2017-12-02,10000068,33197,999999,999999,999999,1,1
2017-12-02,10000068,33201,1650000,1650000,1650000,1,1
2017-12-02,10000068,33270,40435.98,35655.02,49997.91,3,3
2017-12-02,10000068,33334,32865.01,32865.01,32865.01,400,1
2017-12-02,10000068,33360,27900,27900,27900,15000,1
2017-12-02,10000068,33399,5000000,5000000,5000000,5,4
2017-12-02,10000068,33407,36000000,36000000,36000000,2,2
2017-12-02,10000068,33467,3000000,3000000,3000000,1,1
2017-12-02,10000068,33468,65950000,63000000,68900000,2,2
2017-12-02,10000068,33474,2612500,2200000,4999999.99,6,6
2017-12-02,10000068,33475,9999068.6,9245000,12499999.99,24,19
2017-12-02,10000068,33517,1000000,1000000,1000000,1,1
2017-12-02,10000068,33539,150010.12,150010.12,150010.12,44,2
2017-12-02,10000068,33572,2999.99,2999.99,2999.99,102,2
2017-12-02,10000068,33577,301000.01,301000.01,301000.01,16,2
2017-12-02,10000068,33697,35499994.99,35499994.99,35499994.99,1,1
2017-12-02,10000068,33699,100000,99999.87,100000,27,27
2017-12-02,10000068,33822,32998.68,32998.68,32998.68,3,2
2017-12-02,10000068,33824,1400000,1400000,1400000,1,1
2017-12-02,10000068,33856,4000001,4000000,4000004,4,4
2017-12-02,10000068,33890,799998.98,799998.98,799998.98,3,1
2017-12-02,10000068,33892,3333500.95,3333500.95,3333500.95,3,1
2017-12-02,10000068,33894,3363796.36,3333500.95,4000000,22,2
2017-12-02,10000068,34038,15000000,15000000,15000000,1,1
2017-12-02,10000068,34102,269900000,269900000,269900000,1,1
2017-12-02,10000068,34133,1301000000,1301000000,1301000000,1,1
2017-12-02,10000068,34201,411947.51,161616.01,3365000,16,9
2017-12-02,10000068,34202,2432957.28,1966196.6,4300000,10,2
2017-12-02,10000068,34203,307481.34,202020.01,499999.99,15,9
2017-12-02,10000068,34204,1047813.59,850000,1290000,30,10
2017-12-02,10000068,34205,260000,165000,450000,6,6
2017-12-02,10000068,34206,231010,151515,350000,18,10
2017-12-02,10000068,34207,4500000,4500000,4500000,1,1
2017-12-02,10000068,34208,4200000,4200000,4200000,1,1
2017-12-02,10000068,34266,274999.97,274999.97,274999.97,1,1
2017-12-02,10000068,34267,125000,125000,125000,1,1
2017-12-02,10000068,34269,750000,750000,750000,1,1
2017-12-02,10000068,34363,500000,500000,500000,1,1
2017-12-02,10000068,34390,1000000,1000000,1000000,2,2
2017-12-02,10000068,34412,43000000,43000000,43000000,1,1
2017-12-02,10000068,34416,13000000,13000000,13000000,1,1
2017-12-02,10000068,34421,171000,171000,171000,1,1
2017-12-02,10000068,34533,1000000,1000000,1000000,2,2
2017-12-02,10000068,35656,87545.49,1000.13,129999.99,11,11
2017-12-02,10000068,35657,119999.99,119999.99,119999.99,1,1
2017-12-02,10000068,35658,17200.83,3001.24,19001.24,15,12
2017-12-02,10000068,35659,36112.01,5001.74,55000,9,7
2017-12-02,10000068,35660,5983.38,272.63,14549.5,5,3
2017-12-02,10000068,35680,1000000,1000000,1000000,2,2
2017-12-02,10000068,35683,85800000,85800000,85800000,1,1
2017-12-02,10000068,35685,1000000,1000000,1000000,3,3
2017-12-02,10000068,35788,70000,70000,70000,3,2
2017-12-02,10000068,35794,34495,34495,34495,13,4
2017-12-02,10000068,35795,19999,19999,19999,1,1
2017-12-02,10000068,35832,1149500000,1149000000,1150000000,2,2
2017-12-02,10000068,35894,450000000,450000000,450000000,1,1
2017-12-02,10000068,35899,37999999.99,37999999.99,37999999.99,1,1
2017-12-02,10000068,35922,76000000,76000000,76000000,2,2
2017-12-02,10000068,35925,59000000,59000000,59000000,1,1
2017-12-02,10000068,36912,11600000,11600000,11600000,1,1
2017-12-02,10000068,37450,620833.33,620833.33,620833.33,3,1
2017-12-02,10000068,37456,16500000,16500000,16500000,2,2
2017-12-02,10000068,37479,667926,340852,995000,2,2
2017-12-02,10000068,37544,601,601,601,1,1
2017-12-02,10000068,37545,1438.33,526,5999.99,6,5
2017-12-02,10000068,37608,1345000.26,1345000.25,1345000.26,16,15
2017-12-02,10000068,37610,1412500.15,1400000.16,1500000.16,20,16
2017-12-02,10000068,37611,1447272.74,1420000.01,1450000.01,11,11
2017-12-02,10000068,37796,5000000,5000000,5000000,1,1
2017-12-02,10000068,37798,5000000,5000000,5000000,1,1
2017-12-02,10000068,37799,5000000,5000000,5000000,1,1
2017-12-02,10000068,40328,4000000,4000000,4000000,1,1
2017-12-02,10000068,40519,316000001.03,316000001.03,316000001.03,1,1
2017-12-02,10000068,40520,796514583.33,791225000,813350000,36,26
2017-12-02,10000068,40573,100000000,100000000,100000000,1,1
2017-12-02,10000068,41031,6514.14,100,44999,7,6
2017-12-02,10000068,41032,776,276,1776,3,3
2017-12-02,10000068,41034,98029.49,89999.99,127807.81,21,14
2017-12-02,10000068,41056,400000,400000,400000,1,1
2017-12-02,10000068,41155,26666.33,25000,35000,6,3
2017-12-02,10000068,41489,30000,30000,30000,101,2
2017-12-02,10000068,41490,1107000,1107000,1107000,11,1
2017-12-02,10000068,41533,64000000,64000000,64000000,1,1
2017-12-02,10000068,42226,250001.08,250001.08,250001.08,1,1
2017-12-02,10000068,42244,59997500,59995000,60000000,2,2
2017-12-02,10000068,42528,965666.33,800000,1296999,3,2
2017-12-02,10000068,42529,1258000,1258000,1258000,1,1
2017-12-02,10000068,42696,999.99,999.99,999.99,3508,2
2017-12-02,10000068,43530,500000000,500000000,500000000,1,1
2017-12-02,10000068,43544,3500000,3500000,3500000,2,1
2017-12-02,10000068,43551,6999995,6999995,6999995,3,2
2017-12-02,10000068,43694,89800002.99,89800002.99,89800002.99,1,1
2017-12-02,10000068,43699,110000,110000,110000,2,1
2017-12-02,10000068,43702,80000,80000,80000,3,3
2017-12-02,10000068,43776,5999999.99,5999999.99,5999999.99,1,1
2017-12-02,10000068,43902,125000,125000,125000,1,1
2017-12-02,10000068,43904,750000,750000,750000,1,1
2017-12-02,10000068,43911,30000000,30000000,30000000,2,2
2017-12-02,10000068,43932,70000.02,70000.02,70000.02,1,1
2017-12-02,10000068,44067,250000000,250000000,250000000,1,1
2017-12-02,10000068,44913,40000000,40000000,40000000,1,1
2017-12-02,10000068,44945,150000000,150000000,150000000,1,1
2017-12-02,10000068,44948,75000000,75000000,75000000,1,1
2017-12-02,10000068,44992,3210055.52,3197637.51,3310069.17,14850,59
2017-12-02,10000068,45635,161285000,159200000,168875000,10,6
2017-12-02,10000068,45660,50000,50000,50000,4,1
2017-12-02,10000068,45662,25000,25000,25000,3,1
2017-12-02,10000068,45663,700000,700000,700000,1,1
2017-12-02,10000068,45737,900000,900000,900000,1,1
2017-12-02,10000068,45746,1000000,1000000,1000000,12,12
2017-12-02,10000068,45748,5000000,5000000,5000000,7,7
2017-12-02,10000068,45749,25000000,25000000,25000000,2,2
2017-12-02,10000068,45750,15000000,15000000,15000000,3,2
2017-12-02,10000068,45751,4000000,4000000,4000000,1,1
2017-12-02,10000068,45810,950000,950000,950000,1,1
2017-12-02,10000068,45869,100000,100000,100000,1,1
2017-12-02,10000068,45870,100000,100000,100000,1,1
2017-12-02,10000068,45907,560000,560000,560000,1,1
2017-12-02,10000068,45922,1,1,1,1,1
2017-12-02,10000068,45953,1499999,1499999,1499999,1,1
2017-12-02,10000068,45996,218181.87,100000.2,250000,11,5
2017-12-02,10000068,46001,394444,388888,400000,2,2
2017-12-02,10000068,46003,14000000,13999999.99,14000000,3,3
2017-12-02,10000068,46004,356667.04,325000.57,420000,3,3
2017-12-02,10000068,46006,20000000,20000000,20000000,1,1
2017-12-02,10000068,46008,1000001.4,2.1,3000000,3,2
2017-12-02,10000068,46050,1750000,1750000,1750000,1,1
2017-12-02,10000068,46152,10000000,10000000,10000000,3,3
2017-12-02,10000068,46153,15000000,15000000,15000000,2,2
2017-12-02,10000068,46154,20000000,20000000,20000000,2,2
2017-12-02,10000068,46155,25000000,25000000,25000000,1,1
2017-12-02,10000068,46156,30000000,30000000,30000000,1,1
2017-12-02,10000068,46159,15000000,15000000,15000000,39,3
2017-12-02,10000068,46167,10000000,10000000,10000000,1,1
2017-12-02,10000068,46169,10000000,10000000,10000000,1,1
2017-12-02,10000068,46170,10000000,10000000,10000000,1,1
2017-12-02,10000068,46177,10000000,10000000,10000000,1,1
2017-12-02,10000068,46178,10000000,10000000,10000000,4,1
2017-12-02,10000068,46179,10000000,10000000,10000000,1,1
2017-12-02,10000068,46180,10000000,10000000,10000000,1,1
2017-12-02,10000068,46183,10000000,10000000,10000000,1,1
2017-12-02,10000068,46205,20000000,20000000,20000000,1,1
2017-12-02,10000068,46206,20000000,20000000,20000000,1,1
2017-12-02,10000068,46209,20000000,20000000,20000000,1,1
2017-12-02,10000068,46212,20000000,20000000,20000000,1,1
2017-12-02,10000068,46350,10000000,10000000,10000000,1,1
2017-12-02,10000068,46352,10000000,10000000,10000000,1,1
2017-12-02,10000068,46357,10000000,10000000,10000000,1,1
2017-12-02,10000068,46359,10000000,10000000,10000000,1,1
2017-12-02,10000068,46361,10000000,10000000,10000000,1,1
2017-12-02,10000068,47029,20200000,20200000,20200000,1,1
2017-12-02,10000069,19,100,100,100,70,1
2017-12-02,10000069,20,419.94,419.94,419.94,32000,4
2017-12-02,10000069,34,4.76,4.76,4.76,2789462,19
2017-12-02,10000069,35,3.66,3.66,3.66,341108,16
2017-12-02,10000069,36,50,2.1,50,161695,15
2017-12-02,10000069,37,44.28,44.28,44.28,34270,9
2017-12-02,10000069,38,305,305,305,45490,14
2017-12-02,10000069,39,925,925,925,5253,3
2017-12-02,10000069,40,903.2,903.2,903.2,2208,5
2017-12-02,10000069,204,206.86,206.86,206.86,1100,2
2017-12-02,10000069,205,220,220,220,2000,1
2017-12-02,10000069,209,75,75,75,3000,1
2017-12-02,10000069,210,15,15,15,2000,1
2017-12-02,10000069,211,12,12,12,400,1
2017-12-02,10000069,212,19,19,19,2000,1
2017-12-02,10000069,213,12.5,12,13,4000,2
2017-12-02,10000069,220,14.99,14.99,14.99,1100,2
2017-12-02,10000069,222,100,100,100,61986,11
2017-12-02,10000069,227,10,10,10,100,1
2017-12-02,10000069,230,0.12,0.12,0.12,100,1
2017-12-02,10000069,239,5902.94,50,10000,17,3
2017-12-02,10000069,240,50,50,50,4,2
2017-12-02,10000069,242,50,50,50,4,2
2017-12-02,10000069,244,10000,10000,10000,1,1
2017-12-02,10000069,245,100,100,100,1,1
2017-12-02,10000069,246,19168.75,50,20000,24,4
2017-12-02,10000069,248,50,50,50,1,1
2017-12-02,10000069,263,200,200,200,188,6
2017-12-02,10000069,266,12,12,12,20000,1
2017-12-02,10000069,377,34400,19800,49000,2,2
2017-12-02,10000069,380,499714.28,466000,500000,7,6
2017-12-02,10000069,394,515510.64,51021.28,980000,2,2
2017-12-02,10000069,434,95475.1,94458.58,104199.78,5,5
2017-12-02,10000069,438,3258198.35,2874900,3759457.68,15,13
2017-12-02,10000069,439,48333.33,25000,95000,3,3
2017-12-02,10000069,440,4344498,1989005.01,5200000,4,4
2017-12-02,10000069,447,61666.67,30000.01,124999.99,3,3
2017-12-02,10000069,448,1886530.79,1879999.99,1994999.85,45,41
2017-12-02,10000069,451,37500,37500,37500,13,3
2017-12-02,10000069,453,37500,37500,37500,3,1
2017-12-02,10000069,482,1403078.67,1350000,1500000,8,5
2017-12-02,10000069,483,18675.15,18458.58,19000,5,3
2017-12-02,10000069,519,1427488.61,1280999.9,1998999.81,11,8
2017-12-02,10000069,526,55900,55000,56800,4,3
2017-12-02,10000069,527,1249844.36,1050210,1450000,29,27
2017-12-02,10000069,561,63237.33,24458.58,65000,23,4
2017-12-02,10000069,562,247199.88,130999.6,297000,10,2
2017-12-02,10000069,563,95000,95000,95000,16,2
2017-12-02,10000069,565,37499.98,37499.98,37499.98,4,1
2017-12-02,10000069,578,149800,149800,149800,1,1
2017-12-02,10000069,583,442695.44,435750,449461.31,6,6
2017-12-02,10000069,584,372500,349999.99,440000,4,4
2017-12-02,10000069,585,450000,450000,450000,1,1
2017-12-02,10000069,587,508951.88,504303.75,513600,2,2
2017-12-02,10000069,589,648999.99,648999.99,648999.99,1,1
2017-12-02,10000069,591,546000,546000,546000,25,1
2017-12-02,10000069,593,557253.12,515550,849999.99,16,14
2017-12-02,10000069,594,573600.05,420000.25,612000,5,5
2017-12-02,10000069,597,787749.95,609000,999999.9,8,4
2017-12-02,10000069,598,450000,450000,450000,2,1
2017-12-02,10000069,599,323945.75,323945.75,323945.75,10,1
2017-12-02,10000069,601,90000,80000,100000,2,2
2017-12-02,10000069,602,766583.25,550000,3000000,12,8
2017-12-02,10000069,603,429984.51,401100,584954.31,73,16
2017-12-02,10000069,605,550018.52,50055.55,800000,3,3
2017-12-02,10000069,608,477436.69,405150.55,518700,26,17
2017-12-02,10000069,609,383250,383250,383250,3,3
2017-12-02,10000069,621,11036375,10573500,12425000,8,8
2017-12-02,10000069,622,11500000,11500000,11500000,2,1
2017-12-02,10000069,623,11124821.41,10249642.81,12000000,2,2
2017-12-02,10000069,626,11595092.59,10517638.88,13750000,3,3
2017-12-02,10000069,627,10137500,9975000,10949999.99,6,6
2017-12-02,10000069,628,10975000,10950000,11000000,2,2
2017-12-02,10000069,629,11684057.97,11276086.95,12500000,3,3
2017-12-02,10000069,632,9249999.5,8999999,9500000,2,2
2017-12-02,10000069,634,8750000,7999999.99,9500000,2,2
2017-12-02,10000069,644,160000000,160000000,160000000,1,1
2017-12-02,10000069,652,4000000,4000000,4000000,1,1
2017-12-02,10000069,654,2400000,2400000,2400000,1,1
2017-12-02,10000069,655,1900000,1900000,1900000,1,1
2017-12-02,10000069,656,3750000,3750000,3750000,1,1
2017-12-02,10000069,672,107358.55,50000,203000,29,20
2017-12-02,10000069,811,150000,150000,150000,1,1
2017-12-02,10000069,813,180000,180000,180000,1,1
2017-12-02,10000069,814,140000,140000,140000,1,1
2017-12-02,10000069,1129,750000,750000,750000,1,1
2017-12-02,10000069,1136,80000,80000,80000,1,1
2017-12-02,10000069,1138,80000,80000,80000,1,1
2017-12-02,10000069,1139,110000,110000,110000,1,1
2017-12-02,10000069,1140,150000,150000,150000,1,1
2017-12-02,10000069,1141,175000,175000,175000,1,1
2017-12-02,10000069,1142,225000,225000,225000,1,1
2017-12-02,10000069,1143,275000,275000,275000,1,1
2017-12-02,10000069,1144,325000,325000,325000,1,1
2017-12-02,10000069,1183,727755.39,599999.99,919388.5,10,8
2017-12-02,10000069,1224,33.38,33.38,33.38,2116,1
2017-12-02,10000069,1227,447.99,447.99,447.99,20000,3
2017-12-02,10000069,1236,937998.99,840000,1299992.44,15,13
2017-12-02,10000069,1248,949999.99,949999.99,949999.99,2,1
2017-12-02,10000069,1266,199500,199500,199500,1,1
2017-12-02,10000069,1306,565617.46,409499.97,1499999,17,14
2017-12-02,10000069,1317,16800,16800,16800,15,1
2017-12-02,10000069,1319,824688.39,741000,844776.99,10,6
2017-12-02,10000069,1335,363541.96,278249.99,398798.98,32,9
2017-12-02,10000069,1355,835500.05,771000.11,899999.99,2,2
2017-12-02,10000069,1405,1075337.26,798000,1210111.11,28,13
2017-12-02,10000069,1422,1003999.85,1003999.85,1003999.85,1,1
2017-12-02,10000069,1447,845400,630000,989000,5,3
2017-12-02,10000069,1541,1132643.61,1121072.68,1150000,5,4
2017-12-02,10000069,1810,180,180,180,2000,1
2017-12-02,10000069,1822,12,12,12,2000,1
2017-12-02,10000069,1877,1966713.91,1455111.11,2400000.12,40,9
2017-12-02,10000069,1944,3999999.99,3999999.99,3999999.99,1,1
2017-12-02,10000069,1952,1409850,1395000,1439550,3,2
2017-12-02,10000069,1978,1600000,1600000,1600000,1,1
2017-12-02,10000069,1987,1102499.99,1102499.99,1102499.99,1,1
2017-12-02,10000069,1999,1540833.3,1233750,2479999.85,9,7
2017-12-02,10000069,2006,10750000,10750000,10750000,1,1
2017-12-02,10000069,2032,851346.07,750000,931538.22,6,6
2017-12-02,10000069,2046,19900.17,19219.95,33795.4,32,7
2017-12-02,10000069,2048,678710.66,620000,703449.92,98,84
2017-12-02,10000069,2109,1722865.98,1529898.62,1915833.33,2,2
2017-12-02,10000069,2117,2769000,2769000,2769000,1,1
2017-12-02,10000069,2161,375000,375000,375000,1,1
2017-12-02,10000069,2175,1324126.6,1299998.99,1499999.98,11,4
2017-12-02,10000069,2183,36942.31,31500,42500,26,4
2017-12-02,10000069,2185,1155827.87,980000,1199999,51,9
2017-12-02,10000069,2195,2594000.11,2594000.11,2594000.11,5,1
2017-12-02,10000069,2203,4804.64,110,9499,14,8
2017-12-02,10000069,2205,524999.97,524999.97,524999.97,162,28
2017-12-02,10000069,2254,81000,81000,81000,11,1
2017-12-02,10000069,2281,3496911.03,3255000,3999999.99,10,9
2017-12-02,10000069,2331,124999.99,124999.99,124999.99,5,1
2017-12-02,10000069,2364,1285643.48,697004.35,1354500,7,6
2017-12-02,10000069,2404,1402758.51,1199999.99,1410000,29,11
2017-12-02,10000069,2406,1000000,1000000,1000000,3,3
2017-12-02,10000069,2410,1530000,1370000,1570000,5,2
2017-12-02,10000069,2446,2275221.47,1980000,2398989.88,36,12
2017-12-02,10000069,2454,18635.06,4000,95000,81,16
2017-12-02,10000069,2456,413099.19,403619.96,435000,283,60
2017-12-02,10000069,2464,68970.71,100,95999,21,7
2017-12-02,10000069,2466,634011.38,616000,685299.95,50,7
2017-12-02,10000069,2478,1999999,1999999,1999999,12,1
2017-12-02,10000069,2486,6475.36,6000,20762.06,25,5
2017-12-02,10000069,2488,429449.96,429449.96,429449.96,242,34
2017-12-02,10000069,2495,500000,500000,500000,1,1
2017-12-02,10000069,2505,500000,500000,500000,2,2
2017-12-02,10000069,2506,10,10,10,100,1
2017-12-02,10000069,2512,14.49,14.49,14.49,16070,2
2017-12-02,10000069,2516,10,10,10,35720,3
2017-12-02,10000069,2517,50000,50000,50000,1,1
2017-12-02,10000069,2524,81000.01,81000.01,81000.01,6,2
2017-12-02,10000069,2525,81000,81000,81000,12,2
2017-12-02,10000069,2533,81000,81000,81000,16,2
2017-12-02,10000069,2534,81000,81000,81000,18,4
2017-12-02,10000069,2549,81000,81000,81000,5,1
2017-12-02,10000069,2550,81000,81000,81000,9,3
2017-12-02,10000069,2551,81000,81000,81000,5,1
2017-12-02,10000069,2553,1537500,1199999.99,1875000,2,2
2017-12-02,10000069,2567,2747985.39,2747985.39,2747985.39,3,1
2017-12-02,10000069,2575,1800000,1800000,1800000,1,1
2017-12-02,10000069,2603,15050,7249.99,17000,5,2
2017-12-02,10000069,2605,535570.89,434999.89,650000,34,27
2017-12-02,10000069,2613,200,200,200,4500,3
2017-12-02,10000069,2629,580,580,580,23000,3
2017-12-02,10000069,2679,198.85,198.85,198.85,15000,2
2017-12-02,10000069,2817,135,135,135,4600,2
2017-12-02,10000069,2873,1299999.27,1299999.27,1299999.27,2,1
2017-12-02,10000069,2881,664732.62,575000,698997.99,15,5
2017-12-02,10000069,2889,768403.48,150114.93,992499.5,8,4
2017-12-02,10000069,2897,1899999.99,1899999.99,1899999.99,4,1
2017-12-02,10000069,2905,830000,830000,830000,3,1
2017-12-02,10000069,2913,2040389.79,602151.38,2399949.4,10,3
2017-12-02,10000069,2921,1125037.89,250075.79,1999999.99,4,2
2017-12-02,10000069,2937,1713333.33,1699999.99,1720000,12,2
2017-12-02,10000069,2977,1409905.7,1210650,1799999.76,37,7
2017-12-02,10000069,3025,2222222.11,2222222.11,2222222.11,4,1
2017-12-02,10000069,3033,997500,997500,997500,22,4
2017-12-02,10000069,3041,659083.33,650000,677250,6,2
2017-12-02,10000069,3074,1178731.24,1065750,1399886.1,17,4
2017-12-02,10000069,3082,3250000,3250000,3250000,5,2
2017-12-02,10000069,3098,549901.23,525000,749111.11,18,4
2017-12-02,10000069,3130,1929900,1929900,1929900,5,1
2017-12-02,10000069,3146,1882212.5,1824900,2100000,48,6
2017-12-02,10000069,3162,654561.42,576449.95,848990.07,39,11
2017-12-02,10000069,3170,815933.32,713999.95,847000,30,10
2017-12-02,10000069,3178,1029375.61,944999.95,1100000,70,15
2017-12-02,10000069,3184,1600000,1600000,1600000,1,1
2017-12-02,10000069,3244,1744429.06,1699998.98,1826999.87,26,26
2017-12-02,10000069,3265,9250000,9250000,9250000,1,1
2017-12-02,10000069,3297,500000,500000,500000,2,1
2017-12-02,10000069,3303,1999999.98,1999999.98,1999999.98,1,1
2017-12-02,10000069,3304,100000,100000,100000,3,3
2017-12-02,10000069,3305,100000,100000,100000,1,1
2017-12-02,10000069,3306,100000,100000,100000,1,1
2017-12-02,10000069,3318,80000,80000,80000,1,1
2017-12-02,10000069,3321,20000,20000,20000,2,2
2017-12-02,10000069,3322,25000,25000,25000,1,1
2017-12-02,10000069,3324,100000,100000,100000,2,2
2017-12-02,10000069,3325,400000,400000,400000,1,1
2017-12-02,10000069,3326,350000,350000,350000,1,1
2017-12-02,10000069,3328,40000,40000,40000,1,1
2017-12-02,10000069,3331,40000,40000,40000,1,1
2017-12-02,10000069,3332,500000,500000,500000,1,1
2017-12-02,10000069,3334,500000,500000,500000,1,1
2017-12-02,10000069,3337,4000000,4000000,4000000,1,1
2017-12-02,10000069,3340,300000,300000,300000,2,2
2017-12-02,10000069,3342,300000,300000,300000,1,1
2017-12-02,10000069,3348,20000,20000,20000,3,3
2017-12-02,10000069,3349,75000,75000,75000,1,1
2017-12-02,10000069,3352,400000,400000,400000,1,1
2017-12-02,10000069,3354,2500000,2500000,2500000,2,2
2017-12-02,10000069,3355,20000,20000,20000,1,1
2017-12-02,10000069,3356,60000,60000,60000,1,1
2017-12-02,10000069,3357,180000,180000,180000,1,1
2017-12-02,10000069,3358,100000,100000,100000,1,1
2017-12-02,10000069,3359,200000,200000,200000,2,2
2017-12-02,10000069,3363,20000,20000,20000,1,1
2017-12-02,10000069,3387,150000,150000,150000,1,1
2017-12-02,10000069,3388,250000,250000,250000,1,1
2017-12-02,10000069,3392,20000,20000,20000,1,1
2017-12-02,10000069,3393,30000,30000,30000,2,2
2017-12-02,10000069,3394,60000,60000,60000,1,1
2017-12-02,10000069,3398,25000000,25000000,25000000,1,1
2017-12-02,10000069,3403,300000,300000,300000,1,1
2017-12-02,10000069,3405,25000,25000,25000,2,2
2017-12-02,10000069,3406,300000,300000,300000,1,1
2017-12-02,10000069,3409,350000,350000,350000,1,1
2017-12-02,10000069,3412,450000,450000,450000,1,1
2017-12-02,10000069,3416,35000,35000,35000,2,2
2017-12-02,10000069,3417,40000,40000,40000,2,2
2017-12-02,10000069,3418,170000,170000,170000,1,1
2017-12-02,10000069,3420,210000,210000,210000,1,1
2017-12-02,10000069,3421,130000,130000,130000,2,2
2017-12-02,10000069,3422,80000,80000,80000,4,4
2017-12-02,10000069,3423,75000,75000,75000,1,1
2017-12-02,10000069,3424,79000,79000,79000,1,1
2017-12-02,10000069,3425,84000,84000,84000,1,1
2017-12-02,10000069,3429,100000,100000,100000,1,1
2017-12-02,10000069,3431,75000,75000,75000,1,1
2017-12-02,10000069,3433,100000,100000,100000,3,3
2017-12-02,10000069,3434,80000,80000,80000,2,2
2017-12-02,10000069,3435,150000,150000,150000,1,1
2017-12-02,10000069,3436,20000,20000,20000,1,1
2017-12-02,10000069,3437,40000,40000,40000,1,1
2017-12-02,10000069,3438,40000,40000,40000,1,1
2017-12-02,10000069,3439,200000,200000,200000,2,2
2017-12-02,10000069,3441,380000,380000,380000,1,1
2017-12-02,10000069,3442,500000,500000,500000,3,3
2017-12-02,10000069,3446,100000,100000,100000,1,1
2017-12-02,10000069,3447,7500000,7500000,7500000,1,1
2017-12-02,10000069,3452,40000,40000,40000,2,2
2017-12-02,10000069,3456,10000000,10000000,10000000,2,2
2017-12-02,10000069,3496,2999500,2999500,2999500,1,1
2017-12-02,10000069,3528,199999.99,199999.99,199999.99,2,2
2017-12-02,10000069,3530,1649293.08,1619099.98,1659999.99,6,5
2017-12-02,10000069,3568,1354166.75,1260000,1400000,12,8
2017-12-02,10000069,3588,575400,575400,575400,1,1
2017-12-02,10000069,3756,30550070.44,30550070.44,30550070.44,1,1
2017-12-02,10000069,3812,0.04,0.04,0.04,10,1
2017-12-02,10000069,3829,41952.85,38458.58,44999.98,6,4
2017-12-02,10000069,3831,1083206.51,567771.72,1112999.93,17,14
2017-12-02,10000069,3839,72726.86,68458.58,89800,5,3
2017-12-02,10000069,3840,312420,312420,312420,1,1
2017-12-02,10000069,3841,1851333.27,1501499.95,2989999.92,15,9
2017-12-02,10000069,3887,296249.99,237499.98,354999.99,2,2
2017-12-02,10000069,3888,1344034.96,1199999,1594656.4,6,6
2017-12-02,10000069,3898,20160714.29,19925000,21500000,7,3
2017-12-02,10000069,4025,180996.66,36750,298987,44,29
2017-12-02,10000069,4027,118346.21,99225,239999.99,65,40
2017-12-02,10000069,4246,21303.45,21303.45,21303.45,2000,2
2017-12-02,10000069,4247,20999.99,20999.99,20999.99,20000,1
2017-12-02,10000069,4254,1101933.33,999999.99,1152900,3,3
2017-12-02,10000069,4383,3511111.11,3511111.11,3511111.11,2,2
2017-12-02,10000069,4385,4500000,4500000,4500000,2,2
2017-12-02,10000069,4391,275000.5,50001,500000,2,2
2017-12-02,10000069,4395,508500,500000,549000,4,3
2017-12-02,10000069,4405,1725867.08,1651124.99,1769999.95,32,19
2017-12-02,10000069,4435,20000,20000,20000,3,3
2017-12-02,10000069,4477,162195.55,20160,1004728.86,7,3
2017-12-02,10000069,4533,81335.05,2005.15,121000,3,2
2017-12-02,10000069,4573,950000,950000,950000,3,3
2017-12-02,10000069,4787,1000000,1000000,1000000,1,1
2017-12-02,10000069,4833,589718.48,131250,979998.2,13,10
2017-12-02,10000069,4871,1950000,1950000,1950000,1,1
2017-12-02,10000069,5011,438845.54,306250,571441.09,4,4
2017-12-02,10000069,5051,329999.99,329999.99,329999.99,1,1
2017-12-02,10000069,5141,94500,30000,330000,10,5
2017-12-02,10000069,5219,249999.95,249999.95,249999.95,2,2
2017-12-02,10000069,5239,369999.99,369999.99,369999.99,1,1
2017-12-02,10000069,5245,300000,300000,300000,2,1
2017-12-02,10000069,5301,1,1,1,1,1
2017-12-02,10000069,5302,30000,30000,30000,6,2
2017-12-02,10000069,5320,39416.67,25000,100000,12,5
2017-12-02,10000069,5321,62500,10000,80000,4,2
2017-12-02,10000069,5322,450000,450000,450000,1,1
2017-12-02,10000069,5363,100000,100000,100000,1,1
2017-12-02,10000069,5399,159999.99,100000,199999.99,5,5
2017-12-02,10000069,5403,75818.14,19162.5,198111.11,8,8
2017-12-02,10000069,5405,122307.54,100000,399999,13,8
2017-12-02,10000069,5439,92203.38,37294.17,204500.06,23,19
2017-12-02,10000069,5443,167129.74,100000,245000,22,17
2017-12-02,10000069,5445,73370.3,18900,92447.9,14,12
2017-12-02,10000069,5493,200000,200000,200000,1,1
2017-12-02,10000069,5533,120000,120000,120000,1,1
2017-12-02,10000069,5647,205995.45,205995.45,205995.45,1,1
2017-12-02,10000069,5839,1689390.92,811004.17,1699999,23,11
2017-12-02,10000069,5849,328750,157500,500000,2,2
2017-12-02,10000069,5945,599899.91,599899.91,599899.91,1,1
2017-12-02,10000069,5971,60300.3,50000,299999,28,17
2017-12-02,10000069,5973,544440.08,525000,550000,52,46
2017-12-02,10000069,5975,25016.14,14999.99,49564.56,8,8
2017-12-02,10000069,6001,77746.88,22000,749999.97,41,36
2017-12-02,10000069,6003,13340.82,500,19800,22,10
2017-12-02,10000069,6005,95859.64,29649.11,110000,5,5
2017-12-02,10000069,6073,550000,550000,550000,1,1
2017-12-02,10000069,6131,149000,149000,149000,1,1
2017-12-02,10000069,6159,90791.5,90791,90791.99,2,2
2017-12-02,10000069,6160,192988.27,98281.04,287695.51,4,4
2017-12-02,10000069,6176,5420,5420,5420,1,1
2017-12-02,10000069,6325,100000,100000,100000,1,1
2017-12-02,10000069,7287,504000,504000,504000,3,1
2017-12-02,10000069,7327,719000,719000,719000,6,1
2017-12-02,10000069,7579,2010744.95,1522500,2498989.89,6,2
2017-12-02,10000069,7581,110000,110000,110000,22,5
2017-12-02,10000069,7583,429000,429000,429000,3,1
2017-12-02,10000069,7619,1890000,1890000,1890000,5,1
2017-12-02,10000069,7703,1619000,1619000,1619000,7,1
2017-12-02,10000069,7709,750000,750000,750000,7,1
2017-12-02,10000069,8007,155000,155000,155000,5,1
2017-12-02,10000069,8025,200000,200000,200000,3,1
2017-12-02,10000069,8089,640390.86,434699.98,1188899.89,11,5
2017-12-02,10000069,8091,144000,144000,144000,7,1
2017-12-02,10000069,8225,82600,500,123650,3,3
2017-12-02,10000069,8263,537449.5,175000,899899,2,2
2017-12-02,10000069,8419,703000,703000,703000,2,1
2017-12-02,10000069,8433,611906.24,385000,715049.99,8,7
2017-12-02,10000069,8517,3951412.47,3560250,4425000,11,6
2017-12-02,10000069,8521,400000,400000,400000,2,1
2017-12-02,10000069,8529,299999,125000,999995,5,2
2017-12-02,10000069,8537,23000,23000,23000,3,1
2017-12-02,10000069,8748,8500.1,8500.1,8500.1,1,1
2017-12-02,10000069,9580,63000,63000,63000,1,1
2017-12-02,10000069,9632,1410000,230000,2000000,3,2
2017-12-02,10000069,9944,115499.89,94999.99,299999,10,4
2017-12-02,10000069,9950,3457499.8,2655000.04,3724999.72,4,2
2017-12-02,10000069,10155,12222498,11999999.99,12444996,4,2
2017-12-02,10000069,10156,32999999.98,32999999.98,32999999.98,1,1
2017-12-02,10000069,10190,1363176.71,1306199.98,1450000,65,34
2017-12-02,10000069,10208,21988676.99,21988676.99,21988676.99,1,1
2017-12-02,10000069,10221,24150000,24150000,24150000,1,1
2017-12-02,10000069,10250,1250000,1250000,1250000,10,1
2017-12-02,10000069,10629,59949.99,59949.99,59949.99,3,1
2017-12-02,10000069,10631,502642.28,453600,575000,94,14
2017-12-02,10000069,10680,873833.33,782249.97,900000,9,2
2017-12-02,10000069,10998,117992.11,87995,499987.46,29,9
2017-12-02,10000069,11082,2999999.98,2999999.98,2999999.98,1,1
2017-12-02,10000069,11083,4950000,4900000,5000000,2,2
2017-12-02,10000069,11105,411575.08,353000,499437.7,10,6
2017-12-02,10000069,11129,228322.11,80000,749999.49,9,5
2017-12-02,10000069,11132,301666.66,30000,437499.99,3,3
2017-12-02,10000069,11134,323236.94,224763.46,500000,6,6
2017-12-02,10000069,11188,36499999.99,36499999.99,36499999.99,1,1
2017-12-02,10000069,11190,31000000,31000000,31000000,2,1
2017-12-02,10000069,11196,52649000,52649000,52649000,1,1
2017-12-02,10000069,11198,39096000.21,35160000.35,45000000,5,5
2017-12-02,10000069,11202,40000000,40000000,40000000,1,1
2017-12-02,10000069,11207,500000,500000,500000,3,3
2017-12-02,10000069,11249,1049999.99,1049999.99,1049999.99,2,1
2017-12-02,10000069,11267,194999.99,194999.99,194999.99,3,1
2017-12-02,10000069,11269,871959.05,869400,875189.53,34,19
2017-12-02,10000069,11289,5500,5500,5500,108,6
2017-12-02,10000069,11309,279554.25,200000,334950,12,11
2017-12-02,10000069,11317,799999,799999,799999,1,1
2017-12-02,10000069,11325,1994999.99,1979999.94,2000000,4,2
2017-12-02,10000069,11327,650000,650000,650000,1,1
2017-12-02,10000069,11343,49000,49000,49000,1,1
2017-12-02,10000069,11351,101605.91,93212.79,109999.02,2,2
2017-12-02,10000069,11370,2140214.28,1741250,2199999.99,7,7
2017-12-02,10000069,11381,39900000,39900000,39900000,7,6
2017-12-02,10000069,11395,500000,500000,500000,1,1
2017-12-02,10000069,11489,152750,152750,152750,3,2
2017-12-02,10000069,11563,254951.97,220000,349999.92,13,12
2017-12-02,10000069,11566,120000,120000,120000,1,1
2017-12-02,10000069,11569,400000,400000,400000,1,1
2017-12-02,10000069,11572,400000,400000,400000,1,1
2017-12-02,10000069,11577,4665343.07,4340700,4989986.13,2,2
2017-12-02,10000069,11578,7431370.37,7147055.56,7999999.99,3,3
2017-12-02,10000069,11640,1399995.03,1399995.03,1399995.03,2,1
2017-12-02,10000069,11859,282640,282640,282640,1,1
2017-12-02,10000069,11889,282640,282640,282640,1,1
2017-12-02,10000069,11961,295000000,295000000,295000000,1,1
2017-12-02,10000069,12017,166003000.01,166003000.01,166003000.01,1,1
2017-12-02,10000069,12056,225000,225000,225000,1,1
2017-12-02,10000069,12058,3370663.57,3293883.14,3447444,4,4
2017-12-02,10000069,12092,1000000,1000000,1000000,2,1
2017-12-02,10000069,12095,5999999.99,4000000,9999999.98,3,3
2017-12-02,10000069,12201,8099999.5,8099999,8099999.99,2,2
2017-12-02,10000069,12204,5400000,5400000,5400000,1,1
2017-12-02,10000069,12205,18999997.99,18999997.99,18999997.99,1,1
2017-12-02,10000069,12206,3000000,3000000,3000000,3,3
2017-12-02,10000069,12207,9000000,9000000,9000000,1,1
2017-12-02,10000069,12208,8100000,8100000,8100000,1,1
2017-12-02,10000069,12211,8100000,8100000,8100000,2,2
2017-12-02,10000069,12259,4399999.99,4399999.99,4399999.99,1,1
2017-12-02,10000069,12267,4025000,3699999.99,4350000,2,2
2017-12-02,10000069,12274,696000,88000,1000000,6,2
2017-12-02,10000069,12305,100000,100000,100000,2,2
2017-12-02,10000069,12346,2022000,2022000,2022000,5,2
2017-12-02,10000069,12365,120000,120000,120000,1,1
2017-12-02,10000069,12366,120000,120000,120000,1,1
2017-12-02,10000069,12367,120000,120000,120000,1,1
2017-12-02,10000069,12486,8914285.71,8828571.43,8999999.99,2,2
2017-12-02,10000069,12487,4499999.99,4499999.99,4499999.99,1,1
2017-12-02,10000069,12543,2250,2250,2250,2,1
2017-12-02,10000069,12557,162496.63,99995.5,350000,8,4
2017-12-02,10000069,12559,10000,10000,10000,1,1
2017-12-02,10000069,12563,142566.83,59810,183945.25,12,4
2017-12-02,10000069,12565,118025,22100,150000,8,3
2017-12-02,10000069,12608,60,60,60,3549,3
2017-12-02,10000069,12612,60.01,50.14,84.91,150138,46
2017-12-02,10000069,12614,37.77,37.77,37.77,46614,21
2017-12-02,10000069,12618,37.98,36.75,43.17,7760,8
2017-12-02,10000069,12620,55,53,55,16395,7
2017-12-02,10000069,12625,50.4,50.4,50.4,5928,9
2017-12-02,10000069,12631,65.81,65.81,65.81,13621,6
2017-12-02,10000069,12633,65.9,65.9,65.9,9696,2
2017-12-02,10000069,12767,799.69,799.69,799.69,16000,2
2017-12-02,10000069,12773,199,199,199,3425,2
2017-12-02,10000069,12777,195,195,195,1944,1
2017-12-02,10000069,12785,82.17,82.17,82.17,12139,6
2017-12-02,10000069,12787,295,295,295,750,1
2017-12-02,10000069,12789,108.32,108.32,108.32,5413,3
2017-12-02,10000069,12791,300,300,300,750,1
2017-12-02,10000069,12805,180,180,180,2000,1
2017-12-02,10000069,12822,245000,245000,245000,5,2
2017-12-02,10000069,12826,225894.62,225894.62,225894.62,5,1
2017-12-02,10000069,13001,2900000,2600000,3200000,2,2
2017-12-02,10000069,13003,2617555.4,2436000,2700000,9,5
2017-12-02,10000069,13216,25000000,25000000,25000000,1,1
2017-12-02,10000069,13261,21999999.98,21999999.98,21999999.98,1,1
2017-12-02,10000069,13279,250000,250000,250000,1,1
2017-12-02,10000069,14295,1100000.02,1100000.02,1100000.02,2,2
2017-12-02,10000069,15331,388,388,388,16,3
2017-12-02,10000069,15466,3275624.83,3045000,4428749,6,4
2017-12-02,10000069,15479,4618055.56,3900000,8250000,36,14
2017-12-02,10000069,15480,16169448.29,15999995,17525074.6,9,2
2017-12-02,10000069,15510,49533.33,41800,65000,15,2
2017-12-02,10000069,15587,4500,4500,4500,4,2
2017-12-02,10000069,15588,8000,8000,8000,1,1
2017-12-02,10000069,15592,180000.45,180000.45,180000.45,41,1
2017-12-02,10000069,15593,1,1,1,1,1
2017-12-02,10000069,15594,800006.25,800006.25,800006.25,2,1
2017-12-02,10000069,15596,1,1,1,4,2
2017-12-02,10000069,15599,100,100,100,6,1
2017-12-02,10000069,15601,341000.04,341000.04,341000.04,5,1
2017-12-02,10000069,15602,30000,30000,30000,4,3
2017-12-02,10000069,15656,50000,50000,50000,10,2
2017-12-02,10000069,15729,42399999.87,42399999.87,42399999.87,1,1
2017-12-02,10000069,15739,32499427.14,32499427.14,32499427.14,2,2
2017-12-02,10000069,15887,60000000,60000000,60000000,1,1
2017-12-02,10000069,16002,30000,30000,30000,3,1
2017-12-02,10000069,16069,85000,85000,85000,2,2
2017-12-02,10000069,16227,54999999.99,54999999.98,54999999.99,3,2
2017-12-02,10000069,16236,1470000,1470000,1470000,2,2
2017-12-02,10000069,16238,1992769.87,1489155.3,2999999,3,2
2017-12-02,10000069,16240,1427901.57,1268558.06,1999500,9,9
2017-12-02,10000069,16242,1375249.89,1081500,1668999.78,4,4
2017-12-02,10000069,16272,390,390,390,21149,1
2017-12-02,10000069,16273,180,10.01,340,203575,42
2017-12-02,10000069,16274,999.95,999.95,999.95,140000,4
2017-12-02,10000069,16275,6436.91,6436.91,6436.91,2996,3
2017-12-02,10000069,16297,214315.53,129000,499999,19,4
2017-12-02,10000069,16311,246329.97,120000.01,498989.89,3,3
2017-12-02,10000069,16457,2730000,2730000,2730000,2,1
2017-12-02,10000069,16469,650000,650000,650000,1,1
2017-12-02,10000069,16497,600000,600000,600000,3,1
2017-12-02,10000069,16505,293999.97,293999.97,293999.97,1,1
2017-12-02,10000069,16521,350000,350000,350000,6,2
2017-12-02,10000069,16525,186000,130000,250000,15,3
2017-12-02,10000069,16527,341250,341250,341250,4,1
2017-12-02,10000069,16597,20000000,20000000,20000000,2,1
2017-12-02,10000069,16598,4200000,3500000,4899999.99,2,2
2017-12-02,10000069,16641,5400,5400,5400,8570,1
2017-12-02,10000069,16683,11425,11425,11425,14,1
2017-12-02,10000069,17192,2500000,2500000,2500000,1,1
2017-12-02,10000069,17366,345500,322000,500000,6,3
2017-12-02,10000069,17444,250.01,250.01,250.01,1546,1
2017-12-02,10000069,17452,150.01,150.01,150.01,8322,2
2017-12-02,10000069,17453,150.01,150.01,150.01,12801,2
2017-12-02,10000069,17455,38.08,38.08,38.08,12,1
2017-12-02,10000069,17459,39.16,39.16,39.16,14550,1
2017-12-02,10000069,17460,39.92,39.92,39.92,16666,1
2017-12-02,10000069,17470,10.17,10.17,10.17,38392,1
2017-12-02,10000069,17471,13.06,13.06,13.06,22016,2
2017-12-02,10000069,17482,2375000,2375000,2375000,2,1
2017-12-02,10000069,17619,17559558.03,17499999.94,17699899.83,12,8
2017-12-02,10000069,17647,999999.99,999999.99,999999.99,10,1
2017-12-02,10000069,17703,31132499.98,31132499.98,31132499.98,1,1
2017-12-02,10000069,17720,219999999,219999999,219999999,1,1
2017-12-02,10000069,17738,267229000,267229000,267229000,1,1
2017-12-02,10000069,17841,15528124.36,14999998.98,17000000,8,4
2017-12-02,10000069,17843,34090000,30450000,35000000,5,3
2017-12-02,10000069,17887,979.94,979.94,979.94,265000,3
2017-12-02,10000069,17889,899.99,899.99,899.99,231000,2
2017-12-02,10000069,17894,10000,10000,10000,1,1
2017-12-02,10000069,17912,4177777,4177777,4177777,2,1
2017-12-02,10000069,17928,41805000.01,41805000.01,41805000.01,1,1
2017-12-02,10000069,17938,44353.13,22400,49222.11,19,10
2017-12-02,10000069,18580,100000000,100000000,100000000,1,1
2017-12-02,10000069,18635,458458.58,458458.58,458458.58,50,2
2017-12-02,10000069,18639,90000,90000,90000,12,3
2017-12-02,10000069,18692,35000000,35000000,35000000,1,1
2017-12-02,10000069,19173,83024999.98,83024999.98,83024999.98,1,1
2017-12-02,10000069,19295,241200000,241200000,241200000,1,1
2017-12-02,10000069,19349,85000000,85000000,85000000,4,1
2017-12-02,10000069,19719,30000000,30000000,30000000,1,1
2017-12-02,10000069,19759,200000,200000,200000,1,1
2017-12-02,10000069,19760,160000,160000,160000,1,1
2017-12-02,10000069,19766,800000,800000,800000,1,1
2017-12-02,10000069,19806,1500000,1500000,1500000,1,1
2017-12-02,10000069,19814,354509.63,354509.63,354509.63,1,1
2017-12-02,10000069,19921,90000,90000,90000,1,1
2017-12-02,10000069,19922,1600000,600000,2599999.99,2,2
2017-12-02,10000069,19925,2000.62,2000.62,2000.62,1,1
2017-12-02,10000069,19929,800.06,800.06,800.06,1,1
2017-12-02,10000069,19931,85000,85000,85000,2,1
2017-12-02,10000069,20209,1000000,1000000,1000000,1,1
2017-12-02,10000069,20211,3000000,3000000,3000000,1,1
2017-12-02,10000069,20212,9000000,9000000,9000000,1,1
2017-12-02,10000069,20213,9000000,9000000,9000000,2,2
2017-12-02,10000069,20312,500000,500000,500000,1,1
2017-12-02,10000069,20347,632000,632000,632000,1,1
2017-12-02,10000069,20349,1499999.73,1499999.73,1499999.73,2,2
2017-12-02,10000069,20351,2899929.92,2899929.92,2899929.92,2,2
2017-12-02,10000069,20353,4233333.33,3750000,5199999.99,3,3
2017-12-02,10000069,20495,100000,100000,100000,1,1
2017-12-02,10000069,20526,75000000,75000000,75000000,1,1
2017-12-02,10000069,20961,3485.48,3485.48,3485.48,1000,1
2017-12-02,10000069,21059,120000,120000,120000,1,1
2017-12-02,10000069,21084,1,1,1,1,1
2017-12-02,10000069,21096,2739748.88,2150000,3499999.98,31,21
2017-12-02,10000069,21587,1,1,1,26,1
2017-12-02,10000069,21603,10000000,10000000,10000000,1,1
2017-12-02,10000069,21610,20000000,20000000,20000000,2,2
2017-12-02,10000069,21611,30000000,30000000,30000000,4,4
2017-12-02,10000069,21638,1498999.94,1498999.94,1498999.94,1,1
2017-12-02,10000069,21640,1104444.04,1048950,1300000,74,18
2017-12-02,10000069,21740,1299,1299,1299,1750,3
2017-12-02,10000069,21802,25000000,25000000,25000000,1,1
2017-12-02,10000069,21857,400,400,400,1,1
2017-12-02,10000069,21894,1189,1189,1189,2500,1
2017-12-02,10000069,21896,839.99,839.99,839.99,37351,6
2017-12-02,10000069,21898,319,319,319,5807,8
2017-12-02,10000069,21904,893,893,893,9407,4
2017-12-02,10000069,21906,799.99,799.99,799.99,21646,13
2017-12-02,10000069,21922,598.99,598.99,598.99,2000,2
2017-12-02,10000069,21924,567,530,567,4800,8
2017-12-02,10000069,22043,25000000,25000000,25000000,1,1
2017-12-02,10000069,22175,108076.19,69800,159111.11,7,6
2017-12-02,10000069,22177,69443.22,60000,75000,9,8
2017-12-02,10000069,22291,1282498.24,1250000,1339997,46,26
2017-12-02,10000069,22444,164004000.01,164004000.01,164004000.01,1,1
2017-12-02,10000069,22536,2399999.99,2399999.99,2399999.99,1,1
2017-12-02,10000069,22541,9000000,9000000,9000000,2,2
2017-12-02,10000069,22542,75744.34,48800,89216.51,3,3
2017-12-02,10000069,22552,1799999.99,100000,3499999.98,2,2
2017-12-02,10000069,22761,32000000,32000000,32000000,1,1
2017-12-02,10000069,22778,250000,250000,250000,50,1
2017-12-02,10000069,22806,120000,120000,120000,3,3
2017-12-02,10000069,22807,120000,120000,120000,3,3
2017-12-02,10000069,22808,120000,120000,120000,3,3
2017-12-02,10000069,22809,120000,120000,120000,3,3
2017-12-02,10000069,22961,520.8,519.9,520.8,9030,5
2017-12-02,10000069,22977,693,693,693,5502,4
2017-12-02,10000069,22993,1376.58,1376.58,1376.58,2000,1
2017-12-02,10000069,23009,550,446.08,565.3,120311,52
2017-12-02,10000069,23013,577.5,577.5,577.5,10480,2
2017-12-02,10000069,23015,305.67,305.67,305.67,71,1
2017-12-02,10000069,23019,798.82,798.82,798.82,1000,1
2017-12-02,10000069,23023,748,748,748,1960,3
2017-12-02,10000069,23025,661.5,661.5,699.67,58276,16
2017-12-02,10000069,23053,1331.11,1331.11,1331.11,750,1
2017-12-02,10000069,23071,339067.73,288750,598791.85,16,4
2017-12-02,10000069,23073,500000,500000,500000,2,1
2017-12-02,10000069,23079,543346.15,283500,565000,26,3
2017-12-02,10000069,23089,699864.09,595000,825701,11,2
2017-12-02,10000069,23566,3999998.99,3999998.99,3999998.99,1,1
2017-12-02,10000069,23594,450000,450000,450000,2,2
2017-12-02,10000069,23606,150000,150000,150000,4,4
2017-12-02,10000069,23618,50000,50000,50000,1,1
2017-12-02,10000069,23705,50000,50000,50000,1,1
2017-12-02,10000069,23707,61277.3,15398.61,95000,75,12
2017-12-02,10000069,23711,24000,24000,24000,5,1
2017-12-02,10000069,24241,50000,50000,50000,2,2
2017-12-02,10000069,24242,1666666.67,1000000,3000000,3,3
2017-12-02,10000069,24395,499999.97,499999.97,499999.97,2,1
2017-12-02,10000069,24417,2099999.99,2099999.99,2099999.99,1,1
2017-12-02,10000069,24427,1463568.3,1429999,1500000,51,6
2017-12-02,10000069,24471,100,100,100,33605,10
2017-12-02,10000069,24473,75,75,75,4098,2
2017-12-02,10000069,24475,71.99,71.99,71.99,6432,3
2017-12-02,10000069,24479,8,8,8,833,2
2017-12-02,10000069,24486,198.85,198.85,198.85,10000,1
2017-12-02,10000069,24488,248.92,248.92,248.92,20000,2
2017-12-02,10000069,24490,248.84,248.84,248.84,20000,1
2017-12-02,10000069,24492,169.56,169.56,169.56,10000,1
2017-12-02,10000069,24495,225,225,225,25599,9
2017-12-02,10000069,24497,110,99.95,137,5969,5
2017-12-02,10000069,24499,176.95,176.95,176.95,500,1
2017-12-02,10000069,24501,90.23,90.23,90.23,1100,2
2017-12-02,10000069,24507,494.87,494.87,494.87,2500,1
2017-12-02,10000069,24511,550,550,550,1500,2
2017-12-02,10000069,24521,1999.9,1999.9,1999.9,2000,1
2017-12-02,10000069,24571,10000000,10000000,10000000,1,1
2017-12-02,10000069,24688,239999999,239999999,239999999,1,1
2017-12-02,10000069,24700,65500000,65500000,65500000,1,1
2017-12-02,10000069,25266,2999999.99,2999999.99,2999999.99,3,3
2017-12-02,10000069,25349,28990000,28990000,28990000,5,5
2017-12-02,10000069,25563,2099999,2099999,2099999,1,1
2017-12-02,10000069,25565,150000,150000,150000,1,1
2017-12-02,10000069,25588,4134.69,2001.84,10000,60,12
2017-12-02,10000069,25589,1221.05,1221.05,1221.05,17,6
2017-12-02,10000069,25590,68868.98,42301.2,75000,32,3
2017-12-02,10000069,25591,95500.92,41001.84,150000,32,4
2017-12-02,10000069,25592,4591.76,101.16,5000,24,3
2017-12-02,10000069,25593,3155.26,3155.26,3155.26,2,1
2017-12-02,10000069,25594,29017.05,29017.05,29017.05,1,1
2017-12-02,10000069,25595,17001.23,17001.22,17001.23,6,2
2017-12-02,10000069,25596,17562.43,11956.03,20000,99,6
2017-12-02,10000069,25597,2195.17,886.2,2500,90,8
2017-12-02,10000069,25598,8016.18,8016.18,8016.18,155,7
2017-12-02,10000069,25599,1050.22,1050.22,1050.22,304,10
2017-12-02,10000069,25600,13226.97,13226.97,13226.97,175,10
2017-12-02,10000069,25601,5002.24,5002.24,5002.24,200,13
2017-12-02,10000069,25602,3001.72,3001.72,3001.72,5,1
2017-12-02,10000069,25604,2002.76,2002.75,2002.76,26,7
2017-12-02,10000069,25605,10516.24,10516.24,10516.24,3,1
2017-12-02,10000069,25606,32176.68,32176.68,32176.7,41,9
2017-12-02,10000069,25609,120000.36,120000.36,120000.36,5,2
2017-12-02,10000069,25611,501,501,501,3,1
2017-12-02,10000069,25616,8001.05,8001.05,8001.05,2,1
2017-12-02,10000069,25617,32001.83,32001.83,32001.83,7,1
2017-12-02,10000069,25623,100.04,100.04,100.04,3,1
2017-12-02,10000069,25718,4499999.99,3000000,5999999.98,2,2
2017-12-02,10000069,25719,100000,100000,100000,2,2
2017-12-02,10000069,25739,450000,450000,450000,1,1
2017-12-02,10000069,25810,450000,450000,450000,2,2
2017-12-02,10000069,25811,450000,450000,450000,2,2
2017-12-02,10000069,25861,93915.91,79222.11,97800,9,3
2017-12-02,10000069,25894,9899998.99,9899998.99,9899998.99,2,1
2017-12-02,10000069,26082,1499999.99,1499999.99,1499999.99,1,1
2017-12-02,10000069,26254,20000,20000,20000,2,2
2017-12-02,10000069,26255,100000,99999.99,100000,4,4
2017-12-02,10000069,26256,100000,100000,100000,1,1
2017-12-02,10000069,26257,100000,100000,100000,1,1
2017-12-02,10000069,26258,100000,100000,100000,1,1
2017-12-02,10000069,26259,100000,100000,100000,3,3
2017-12-02,10000069,26260,100000,100000,100000,1,1
2017-12-02,10000069,26261,100000,100000,100000,2,2
2017-12-02,10000069,26929,315555.55,96000,399999.99,18,6
2017-12-02,10000069,26931,3599999.97,2700000,4499999.94,2,2
2017-12-02,10000069,27116,209114999.86,209114999.86,209114999.86,1,1
2017-12-02,10000069,27143,1157666.66,798000,1337500,3,3
2017-12-02,10000069,27315,886.6,440,957,2762,3
2017-12-02,10000069,27321,790.9,790.9,790.9,1863,3
2017-12-02,10000069,27327,907.2,907.2,907.2,3799,5
2017-12-02,10000069,27333,973.11,973.11,975,11724,9
2017-12-02,10000069,27345,3211.08,3211.08,3211.08,10000,1
2017-12-02,10000069,27351,2399,2399,2399,12000,2
2017-12-02,10000069,27359,1385.87,1385.87,1385.87,1898,2
2017-12-02,10000069,27361,1020,1020,1020,27823,25
2017-12-02,10000069,27371,1200,1200,1200,6986,6
2017-12-02,10000069,27381,1147.97,1049.99,1176,14300,14
2017-12-02,10000069,27387,1176,1176,1176,12120,15
2017-12-02,10000069,27429,2278.65,2278.65,2278.65,2000,1
2017-12-02,10000069,27447,1596.84,1596.84,1596.84,3000,2
2017-12-02,10000069,27453,1600,1600,1600,3200,3
2017-12-02,10000069,27902,100000,100000,100000,2,2
2017-12-02,10000069,27911,12000000,12000000,12000000,1,1
2017-12-02,10000069,28073,8000000,8000000,8000000,2,2
2017-12-02,10000069,28164,4500000,4500000,4500000,1,1
2017-12-02,10000069,28211,1235428.57,1199000,1250000,7,2
2017-12-02,10000069,28213,1520000,1520000,1520000,5,1
2017-12-02,10000069,28215,1477840.64,1477840.64,1477840.64,5,1
2017-12-02,10000069,28282,1499989.89,1499989.89,1499989.89,3,1
2017-12-02,10000069,28334,1299,1299,1299,2000,2
2017-12-02,10000069,28336,498.75,498.75,498.75,500,1
2017-12-02,10000069,28374,500000000,500000000,500000000,1,1
2017-12-02,10000069,28578,1004000,1004000,1004000,1,1
2017-12-02,10000069,28615,4000000,4000000,4000000,3,2
2017-12-02,10000069,28668,28987,28199.95,29945.14,8867,83
2017-12-02,10000069,28676,1777193.81,1777193.81,1777193.81,22,1
2017-12-02,10000069,28756,65000000,60000000,70000000,2,2
2017-12-02,10000069,28879,3999999.99,3999999.99,3999999.99,1,1
2017-12-02,10000069,28880,7999999.98,7999999.98,7999999.98,1,1
2017-12-02,10000069,28999,12950,9000,16900,2,2
2017-12-02,10000069,29001,10240.3,9989.99,18000,32,3
2017-12-02,10000069,29005,16000,10000,20000,15,8
2017-12-02,10000069,29007,15333.33,15000,18500,6,4
2017-12-02,10000069,29009,194370.37,20000,461175.94,5,4
2017-12-02,10000069,29011,132410.12,98433.75,399999.96,22,9
2017-12-02,10000069,29013,10000,10000,10000,2,1
2017-12-02,10000069,29015,9928.57,9499.99,10000,7,3
2017-12-02,10000069,29029,100000000,100000000,100000000,1,1
2017-12-02,10000069,29248,558750,545000,600000,4,4
2017-12-02,10000069,29340,64250500,64250500,64250500,1,1
2017-12-02,10000069,30013,37044.77,7980,90111.11,71,7
2017-12-02,10000069,30028,90000,90000,90000,9,2
2017-12-02,10000069,30221,1,1,1,600,1
2017-12-02,10000069,30486,690000,577500,750000,23,2
2017-12-02,10000069,30488,558999.87,441000,775000,46,7
2017-12-02,10000069,30532,5000000,5000000,5000000,1,1
2017-12-02,10000069,30537,5000000,5000000,5000000,1,1
2017-12-02,10000069,30538,5000000,5000000,5000000,1,1
2017-12-02,10000069,30539,5000000,5000000,5000000,1,1
2017-12-02,10000069,30650,1500000,1500000,1500000,2,2
2017-12-02,10000069,30651,1500000,1500000,1500000,1,1
2017-12-02,10000069,30744,156000.02,156000.02,156000.02,24,2
2017-12-02,10000069,30745,410000.01,410000.01,410000.01,4,1
2017-12-02,10000069,30746,1220000.01,1220000.01,1220000.01,1,1
2017-12-02,10000069,30747,3520000.02,3520000.02,3520000.02,1,1
2017-12-02,10000069,30788,10000000,10000000,10000000,1,1
2017-12-02,10000069,30834,2217499.5,1435000,2999999,2,2
2017-12-02,10000069,30836,1625000,1625000,1625000,2,1
2017-12-02,10000069,30987,595021.46,554399.97,650000,27,14
2017-12-02,10000069,31009,487850.46,437933.88,580000,14,12
2017-12-02,10000069,31011,2485800.02,2195000,3000000,5,5
2017-12-02,10000069,31015,10200000,10200000,10200000,1,1
2017-12-02,10000069,31021,503716.13,434898.52,588364.82,47,6
2017-12-02,10000069,31023,2500000,2500000,2500000,1,1
2017-12-02,10000069,31033,511999.68,323999.99,699999.37,2,2
2017-12-02,10000069,31035,3000000,3000000,3000000,1,1
2017-12-02,10000069,31045,776702.1,761250,898000,29,13
2017-12-02,10000069,31047,3122111.11,2950500,4495000,18,8
2017-12-02,10000069,31053,45000000,45000000,45000000,1,1
2017-12-02,10000069,31055,3187827.39,2709000,4999964.35,6,3
2017-12-02,10000069,31059,25000000,25000000,25000000,2,1
2017-12-02,10000069,31063,604799.63,599999,612000,8,6
2017-12-02,10000069,31065,3344397.73,3291750,4450000,22,6
2017-12-02,10000069,31105,369999.69,249999.99,799999.47,5,4
2017-12-02,10000069,31117,749999.97,749999.97,749999.97,3,2
2017-12-02,10000069,31119,2978800,1998000,4450000,5,2
2017-12-02,10000069,31153,473833.33,230000,695000,6,3
2017-12-02,10000069,31159,515555.54,447999.99,599999.99,9,4
2017-12-02,10000069,31171,4697996.86,4697996.86,4697996.86,2,2
2017-12-02,10000069,31177,298599.39,225000,314999.86,20,16
2017-12-02,10000069,31179,1448999.95,1299999.89,1598000,2,2
2017-12-02,10000069,31183,4059875.9,3449999.99,5889503.64,4,4
2017-12-02,10000069,31213,324571.49,268000.11,399999.99,7,3
2017-12-02,10000069,31274,354999.98,250000,512499.96,5,5
2017-12-02,10000069,31276,2740000,2740000,2740000,3,1
2017-12-02,10000069,31322,644444.44,644444.44,644444.44,1,1
2017-12-02,10000069,31324,2000011,2000011,2000011,2,1
2017-12-02,10000069,31358,722276.17,655200,900000,42,21
2017-12-02,10000069,31360,4080749.48,4000000,4699998.94,8,7
2017-12-02,10000069,31364,4900000,4900000,4900000,4,2
2017-12-02,10000069,31366,34866160.67,26000000,43598988,6,4
2017-12-02,10000069,31370,356071.38,299999.99,699999.66,14,9
2017-12-02,10000069,31372,1426000,1314000,1650000,3,3
2017-12-02,10000069,31376,5150000,4800000,5500000,4,3
2017-12-02,10000069,31406,1000000,1000000,1000000,2,2
2017-12-02,10000069,31408,5114999.97,5114999.97,5114999.97,1,1
2017-12-02,10000069,31412,9200000,9200000,9200000,2,1
2017-12-02,10000069,31454,499999.99,499999.99,499999.99,2,2
2017-12-02,10000069,31478,499999.99,499999.99,499999.99,2,1
2017-12-02,10000069,31484,2205000,2205000,2205000,1,1
2017-12-02,10000069,31526,1252142.85,1050000,1900000,14,10
2017-12-02,10000069,31532,4505648.11,4500000,5766620.28,5,4
2017-12-02,10000069,31536,45799999,45799999,45799999,1,1
2017-12-02,10000069,31538,1320723.31,1025000,1378946.7,12,9
2017-12-02,10000069,31564,4770000,4770000,4770000,1,1
2017-12-02,10000069,31568,4000000,4000000,4000000,1,1
2017-12-02,10000069,31586,588268.29,390585.66,699995,8,5
2017-12-02,10000069,31598,483333.33,450000,549999.99,3,2
2017-12-02,10000069,31604,5500000,5500000,5500000,1,1
2017-12-02,10000069,31608,444111.11,444111.11,444111.11,1,1
2017-12-02,10000069,31614,6000000,6000000,6000000,1,1
2017-12-02,10000069,31620,745388.89,475000,895000,9,5
2017-12-02,10000069,31668,153666.67,118000,225000,3,2
2017-12-02,10000069,31680,145000,145000,145000,1,1
2017-12-02,10000069,31686,8500000,8500000,8500000,1,1
2017-12-02,10000069,31704,499999.33,499999.33,499999.33,1,1
2017-12-02,10000069,31716,96171.61,54000,98888.85,19,16
2017-12-02,10000069,31718,355805.12,269999.97,650000,9,7
2017-12-02,10000069,31722,3226273.31,2614500,12500000,17,8
2017-12-02,10000069,31724,10499999.84,10499999.84,10499999.84,1,1
2017-12-02,10000069,31752,171072.54,74827.9,315439.49,5,4
2017-12-02,10000069,31754,332373.22,297159.54,344111.11,4,3
2017-12-02,10000069,31788,531284.37,498852.95,605021.3,88,19
2017-12-02,10000069,31790,2308585.07,2173500,3216381.9,23,12
2017-12-02,10000069,31791,750000,750000,750000,1,1
2017-12-02,10000069,31794,7363332.12,7034999.9,9989989.89,9,9
2017-12-02,10000069,31803,750000,750000,750000,1,1
2017-12-02,10000069,31812,30999999.99,30999999.99,30999999.99,1,1
2017-12-02,10000069,31872,5000000,5000000,5000000,1,1
2017-12-02,10000069,31874,2900000,2900000,2900000,1,1
2017-12-02,10000069,31878,5000000.11,5000000.11,5000000.11,5,1
2017-12-02,10000069,31880,1500000,1500000,1500000,5,1
2017-12-02,10000069,31882,3117413.58,2750000,3484827.16,6,2
2017-12-02,10000069,31884,3400000,3400000,3400000,3,1
2017-12-02,10000069,31928,12448125,11996250,12900000,4,4
2017-12-02,10000069,31936,21500000,21500000,21500000,1,1
2017-12-02,10000069,31982,40272.75,32997.5,55325,89,3
2017-12-02,10000069,31990,100,100,100,9,1
2017-12-02,10000069,31998,110506.91,110506.91,110506.91,152,6
2017-12-02,10000069,32006,164190.47,130000,174997.94,1053,37
2017-12-02,10000069,32014,236250,236250,236250,566,21
2017-12-02,10000069,32043,3500000,3500000,3500000,1,1
2017-12-02,10000069,32772,647684,555450,810319.98,10,6
2017-12-02,10000069,32774,194111.11,194111.11,194111.11,1,1
2017-12-02,10000069,32780,1383681.9,1050000,1743000,14,5
2017-12-02,10000069,32787,69555.55,69111.11,69999.99,10,2
2017-12-02,10000069,32797,4999999.98,4999999.98,4999999.98,1,1
2017-12-02,10000069,32819,1499000,1499000,1499000,1,1
2017-12-02,10000069,32872,1550424.25,1426950,1600000,21,7
2017-12-02,10000069,32874,1563450,1563450,1563450,1,1
2017-12-02,10000069,32876,1937375,1499000,2000000,8,6
2017-12-02,10000069,32878,1359000,1359000,1359000,1,1
2017-12-02,10000069,32880,408442.83,381122.42,640000,27,11
2017-12-02,10000069,32993,1,1,1,300,1
2017-12-02,10000069,32994,1,1,1,300,1
2017-12-02,10000069,32995,1,1,1,300,1
2017-12-02,10000069,33076,336281.95,294000,400000,31,26
2017-12-02,10000069,33078,1000000,1000000,1000000,2,2
2017-12-02,10000069,33091,3000000,3000000,3000000,1,1
2017-12-02,10000069,33093,100000,100000,100000,1,1
2017-12-02,10000069,33094,100000,100000,100000,1,1
2017-12-02,10000069,33096,1000000,1000000,1000000,1,1
2017-12-02,10000069,33098,1000000,1000000,1000000,1,1
2017-12-02,10000069,33101,446531.25,345450,897500,8,8
2017-12-02,10000069,33153,234500000,220000000,249000000,2,2
2017-12-02,10000069,33176,250000,250000,250000,2,1
2017-12-02,10000069,33180,204171.42,169800,249999.99,7,2
2017-12-02,10000069,33332,46820.4,46820.4,46820.4,1073,14
2017-12-02,10000069,33360,4720,4720,4720,8,1
2017-12-02,10000069,33450,3299111.11,3299111.11,3299111.11,6,1
2017-12-02,10000069,33467,3000000,3000000,3000000,3,2
2017-12-02,10000069,33474,2326977.87,1995999,2981445.69,5,4
2017-12-02,10000069,33475,8133333.33,7499999.99,9400000,3,2
2017-12-02,10000069,33681,94000000,85000000,100000000,5,2
2017-12-02,10000069,33699,100000,100000,100000,1,1
2017-12-02,10000069,33816,66875000,66000000,69499999.99,4,4
2017-12-02,10000069,33856,4000000,4000000,4000000,1,1
2017-12-02,10000069,33890,1019974.19,951300,1100000,93,29
2017-12-02,10000069,33892,3044999.98,3044999.97,3044999.98,6,3
2017-12-02,10000069,33894,3893333.33,3750000,4180000,9,2
2017-12-02,10000069,33896,9344999.99,9344999.99,9344999.99,3,1
2017-12-02,10000069,33915,304500,304500,304500,1,1
2017-12-02,10000069,34205,150778.33,150778.33,150778.33,1,1
2017-12-02,10000069,34266,248000,248000,248000,1,1
2017-12-02,10000069,34327,35000000,35000000,35000000,1,1
2017-12-02,10000069,34390,1000000,1000000,1000000,1,1
2017-12-02,10000069,35656,107075,27300,300000,4,4
2017-12-02,10000069,35657,799999.99,799999.99,799999.99,1,1
2017-12-02,10000069,35658,253924.34,25000,375000,12,12
2017-12-02,10000069,35659,139099.1,78600,694984.89,22,15
2017-12-02,10000069,35660,146392.76,24000,168699.48,13,4
2017-12-02,10000069,35661,750000,750000,750000,5,1
2017-12-02,10000069,35680,4999999.86,4999999.86,4999999.86,1,1
2017-12-02,10000069,35683,59000000,59000000,59000000,1,1
2017-12-02,10000069,35685,1000000,1000000,1000000,2,2
2017-12-02,10000069,35771,1479440,1432500,1667200,5,3
2017-12-02,10000069,35788,900000,900000,900000,1,1
2017-12-02,10000069,35789,1785000,1785000,1785000,1,1
2017-12-02,10000069,35794,15000,15000,15000,3,3
2017-12-02,10000069,35795,14999.99,14999.99,14999.99,2,1
2017-12-02,10000069,36909,12500000,12500000,12500000,1,1
2017-12-02,10000069,36910,8497776.9,8497776.9,8497776.9,1,1
2017-12-02,10000069,36911,8950000,8950000,8950000,2,1
2017-12-02,10000069,37454,17200000,17200000,17200000,1,1
2017-12-02,10000069,37456,35000000.01,35000000.01,35000000.01,1,1
2017-12-02,10000069,37458,36162000,36162000,36162000,1,1
2017-12-02,10000069,37479,2500000,2500000,2500000,1,1
2017-12-02,10000069,37604,861027000,861027000,861027000,1,1
2017-12-02,10000069,37615,20000000,20000000,20000000,3,3
2017-12-02,10000069,40328,9880000,9880000,9880000,1,1
2017-12-02,10000069,40334,21499.75,19999,22000,4,2
2017-12-02,10000069,40335,15000,15000,15000,3,1
2017-12-02,10000069,40520,820228571.43,816800000,829800000,7,7
2017-12-02,10000069,41034,1344582.13,1344582.13,1344582.13,2,1
2017-12-02,10000069,41155,257499.99,14999.99,499999.99,2,2
2017-12-02,10000069,41490,1159609.53,1159609.53,1159609.53,242,3
2017-12-02,10000069,42526,1500000,1500000,1500000,3,1
2017-12-02,10000069,43702,80000,80000,80000,2,2
2017-12-02,10000069,43703,18000000,18000000,18000000,1,1
2017-12-02,10000069,44067,250000000,250000000,250000000,1,1
2017-12-02,10000069,44992,3120080.99,3120080.99,3120080.99,2186,11
2017-12-02,10000069,45595,56500000,56500000,56500000,1,1
2017-12-02,10000069,45613,50000000,50000000,50000000,1,1
2017-12-02,10000069,45635,174699999.99,174699999.99,174699999.99,1,1
2017-12-02,10000069,45746,1000000,1000000,1000000,4,4
2017-12-02,10000069,45748,5000000,5000000,5000000,4,4
2017-12-02,10000069,45749,25000000,25000000,25000000,3,3
2017-12-02,10000069,45750,15000000,15000000,15000000,2,2
2017-12-02,10000069,46001,2059992.59,1589989.89,2999998,3,3
2017-12-02,10000069,46002,8399999.8,7500000,9749999.5,5,3
2017-12-02,10000069,46003,29500000,29500000,29500000,2,1
2017-12-02,10000069,46004,3833333.33,1500000,4999999.99,3,3
2017-12-02,10000069,46005,8500000,8500000,8500000,2,1
2017-12-02,10000069,46008,4999999,4999999,4999999,1,1
2017-12-02,10000069,46152,10000000,10000000,10000000,2,2
2017-12-02,10000069,46153,15000000,15000000,15000000,3,3
2017-12-02,10000069,46154,20000000,20000000,20000000,2,2
2017-12-02,10000069,46155,25000000,25000000,25000000,2,2
2017-12-02,10000069,46156,30000000,30000000,30000000,1,1
2017-12-02,11000001,11566,220000,220000,220000,1,1
2017-12-02,11000001,12366,210000,210000,210000,1,1
2017-12-02,11000001,12367,215000,215000,215000,1,1
2017-12-02,11000001,32999,400000,400000,400000,1,1
2017-12-02,11000003,39,1001,1001,1001,115,1
2017-12-02,11000003,23057,2600000,2600000,2600000,23,1
2017-12-02,11000004,448,1300000,1300000,1300000,1,1
2017-12-02,11000004,620,6800000,6800000,6800000,1,1
2017-12-02,11000004,621,7000000,7000000,7000000,2,2
2017-12-02,11000004,638,115000000,115000000,115000000,1,1
2017-12-02,11000004,656,1150000,1150000,1150000,1,1
2017-12-02,11000004,9832,9025,9025,9025,4075,1
2017-12-02,11000004,11129,10000,10000,10000,9,1
2017-12-02,11000004,11178,24000000,24000000,24000000,1,1
2017-12-02,11000004,11182,22000000,22000000,22000000,1,1
2017-12-02,11000004,11196,22500000,22500000,22500000,1,1
2017-12-02,11000004,20308,60,60,60,12000,1
2017-12-02,11000004,22456,50000000,50000000,50000000,1,1
2017-12-02,11000004,25600,27014,27014,27014,100,1
2017-12-02,11000004,25601,3450,3450,3450,232,2
2017-12-02,11000004,25602,12375,12375,12375,15,1
2017-12-02,11000004,25605,38700,38700,38700,100,1
2017-12-02,11000004,30018,7100,7100,7100,7,2
2017-12-02,11000004,30019,3700,3700,3700,269,2
2017-12-02,11000004,30021,25000,25000,25000,370,2
2017-12-02,11000004,30022,100999.41,100999.41,100999.41,15,1
2017-12-02,11000004,30248,55000,55000,55000,20,2
2017-12-02,11000004,30251,4300,4300,4300,86,2
2017-12-02,11000004,30254,1900,1900,1900,731,2
2017-12-02,11000004,30258,58000,58000,58000,12,2
2017-12-02,11000004,30259,859999.82,859999.73,860000,41,2
2017-12-02,11000004,30305,10000,10000,10000,480,1
2017-12-02,11000004,30306,13600,13600,13600,1120,1
2017-12-02,11000004,30307,14100,14100,14100,1320,1
2017-12-02,11000004,30308,20000,20000,20000,1440,1
2017-12-02,11000004,30486,445999.99,445999.99,445999.99,12,1
2017-12-02,11000004,31083,635000,635000,635000,2,2
2017-12-02,11000004,32880,200000,200000,200000,6,1
2017-12-02,11000004,33468,50900000,50900000,50900000,1,1
2017-12-02,11000004,37458,26000000,26000000,26000000,1,1
2017-12-02,11000004,37481,67000000,67000000,67000000,1,1
2017-12-02,11000004,43530,825000,825000,825000,1,1
2017-12-02,11000004,45663,400000,400000,400000,69,2
2017-12-02,11000005,583,500000,500000,500000,1,1
2017-12-02,11000005,586,250000,250000,250000,1,1
2017-12-02,11000005,607,500000,500000,500000,1,1
2017-12-02,11000005,1223,3800,3800,3800,2082,2
2017-12-02,11000005,2454,10000,10000,10000,4,2
2017-12-02,11000005,3829,25000,25000,25000,1,1
2017-12-02,11000005,3841,1500000,1500000,1500000,1,1
2017-12-02,11000005,4310,55000000,55000000,55000000,1,1
2017-12-02,11000005,5971,50000,50000,50000,2,2
2017-12-02,11000005,5973,425000,425000,425000,1,1
2017-12-02,11000005,6131,40000,40000,40000,1,1
2017-12-02,11000005,9834,90598,90598,90598,141,2
2017-12-02,11000005,9848,88983,88983,88983,141,2
2017-12-02,11000005,10998,50000,50000,50000,2,1
2017-12-02,11000005,17938,133333.33,50000,300000,3,3
2017-12-02,11000005,22175,80000,80000,80000,2,2
2017-12-02,11000005,22177,80000,80000,80000,2,2
2017-12-02,11000005,27441,1500,1500,1500,3000,1
2017-12-02,11000005,28388,400000,400000,400000,7,1
2017-12-02,11000005,28422,5000,5000,5000,286,1
2017-12-02,11000005,30013,25000,25000,25000,40,3
2017-12-02,11000005,30375,8240.81,8240.81,8240.81,684,1
2017-12-02,11000005,30376,13564.86,13564.86,13564.86,976,2
2017-12-02,11000005,30377,55600,55600,55600,4084,1
2017-12-02,11000005,30378,52000,52000,52000,3758,1
2017-12-02,11000005,30744,180000,180000,180000,486,4
2017-12-02,11000005,30745,450000,450000,450000,400,5
2017-12-02,11000005,30746,1350000,1350000,1350000,118,5
2017-12-02,11000005,30747,4500000,4500000,4500000,41,4
2017-12-02,11000005,31600,1425000,1425000,1425000,2,2
2017-12-02,11000005,32006,150000,150000,150000,10,1
2017-12-02,11000007,639,170000000,170000000,170000000,1,1
2017-12-02,11000007,3256,12000000,12000000,12000000,2,1
2017-12-02,11000007,4051,23100,23100,23100,50,1
2017-12-02,11000007,4247,21000,21000,21000,11858,2
2017-12-02,11000007,9957,25000000,25000000,25000000,1,1
2017-12-02,11000007,12625,70,70,70,2000,1
2017-12-02,11000007,13242,35000000,35000000,35000000,1,1
2017-12-02,11000007,13244,24999999.99,24999999.99,24999999.99,3,3
2017-12-02,11000007,17715,210000000,210000000,210000000,1,1
2017-12-02,11000007,22778,180000,180000,180000,3,1
2017-12-02,11000007,23055,3300000,3300000,3300000,13,1
2017-12-02,11000007,23057,3300000,3300000,3300000,9,1
2017-12-02,11000007,24696,50000000,50000000,50000000,1,1
2017-12-02,11000007,27441,1500,1500,1500,600,1
2017-12-02,11000007,27447,1500,1500,1500,750,1
2017-12-02,11000007,30744,162000,162000,162000,10,1
2017-12-02,11000007,31998,58999.99,58999.99,58999.99,50,1
2017-12-02,11000007,41490,1050980.39,850000,1100000,51,4
2017-12-02,11000008,10998,22000,22000,22000,8,2
2017-12-02,11000008,30013,1500,1500,1500,32,1
2017-12-02,11000016,3645,400,400,400,228243,1
2017-12-02,11000016,28668,29000,29000,29000,550,1
2017-12-02,11000019,44,11688.05,11688.05,11688.05,7107,2
2017-12-02,11000019,3689,9306,9306,9306,5838,3
2017-12-02,11000019,9832,9504.04,9504.04,9504.04,7762,2
2017-12-02,11000019,17938,20000,20000,20000,2,2
2017-12-02,11000019,18044,145000,145000,145000,2,1
2017-12-02,11000019,18054,315000,315000,315000,2,1
2017-12-02,11000019,18064,175000,175000,175000,2,1
2017-12-02,11000019,22177,50000,50000,50000,1,1
2017-12-02,11000019,22778,100000,100000,100000,9,1
2017-12-02,11000019,24471,65,65,65,2500,1
2017-12-02,11000019,25266,2150000.02,2150000.02,2150000.02,2,1
2017-12-02,11000019,25812,4300000.02,4300000.02,4300000.02,2,1
2017-12-02,11000019,28576,900000,900000,900000,2,1
2017-12-02,11000019,30370,3500,3500,3500,3020,2
2017-12-02,11000019,30371,2200,2200,2200,2540,2
2017-12-02,11000019,30372,2700,2700,2700,3700,2
2017-12-02,11000019,30373,18200,18200,18200,3880,2
2017-12-02,11000019,30374,4900,4900,4900,3700,2
2017-12-02,11000019,30375,12600,12600,12600,1780,2
2017-12-02,11000019,30376,17100,17100,17100,6676,2
2017-12-02,11000019,30488,475000,475000,475000,42,1
2017-12-02,11000019,30744,190000,190000,190000,14,1
2017-12-02,11000019,33474,1750000,1750000,1750000,1,1
2017-12-02,11000021,22,4570.45,4570.45,4570.45,5720,8
2017-12-02,11000021,262,67584.57,67584.57,67584.57,8,1
2017-12-02,11000021,592,111111.11,111111.11,111111.11,1,1
2017-12-02,11000021,605,489527.28,489527.28,489527.28,1,1
2017-12-02,11000021,620,9000000,9000000,9000000,3,3
2017-12-02,11000021,641,172000000,172000000,172000000,1,1
2017-12-02,11000021,672,30000,30000,30000,3,3
2017-12-02,11000021,1223,4419.4,4419.4,4419.4,1500,2
2017-12-02,11000021,1236,800000,800000,800000,5,4
2017-12-02,11000021,1405,650000,450000,850000,2,2
2017-12-02,11000021,1999,1203399.98,1203399.98,1203399.98,1,1
2017-12-02,11000021,2048,550285.72,548571.43,550714.29,5,5
2017-12-02,11000021,2281,2968898,2968898,2968898,7,4
2017-12-02,11000021,2301,2400000,2400000,2400000,4,4
2017-12-02,11000021,2392,514.26,514.26,514.26,8660,1
2017-12-02,11000021,2446,1999999.99,1999999.99,1999999.99,4,2
2017-12-02,11000021,2456,419827.78,416900,420000,18,5
2017-12-02,11000021,2488,432000,432000,432000,40,2
2017-12-02,11000021,2605,258000,258000,258000,2,2
2017-12-02,11000021,3841,1368147,1368147,1368147,1,1
2017-12-02,11000021,4025,200000,200000,200000,2,1
2017-12-02,11000021,4051,20500,20500,20500,496,2
2017-12-02,11000021,4260,2500000,2500000,2500000,1,1
2017-12-02,11000021,4395,450000,450000,450000,4,4
2017-12-02,11000021,5439,25000,25000,25000,1,1
2017-12-02,11000021,6005,30000,30000,30000,3,3
2017-12-02,11000021,7447,659996.7,659996.7,659996.7,8,1
2017-12-02,11000021,8529,81000,81000,81000,3,3
2017-12-02,11000021,8585,33000,33000,33000,6,3
2017-12-02,11000021,8641,220000,220000,220000,3,3
2017-12-02,11000021,9836,9996.65,9996.65,9996.65,455,3
2017-12-02,11000021,10190,1950000,1950000,1950000,3,1
2017-12-02,11000021,11129,20000,20000,20000,1,1
2017-12-02,11000021,11370,1430000,1430000,1430000,1,1
2017-12-02,11000021,11578,6134996,4900000,7369992,2,2
2017-12-02,11000021,16240,1199999.99,1199999.99,1199999.99,1,1
2017-12-02,11000021,16495,120000,120000,120000,6,3
2017-12-02,11000021,17938,18500,12000,25000,2,2
2017-12-02,11000021,21740,1428.62,1428.62,1428.62,5000,1
2017-12-02,11000021,22175,74999,74999,74999,1,1
2017-12-02,11000021,28576,850000,850000,850000,3,1
2017-12-02,11000021,28756,35000000,35000000,35000000,1,1
2017-12-02,11000021,29248,400000,400000,400000,1,1
2017-12-02,11000021,30370,2888.8,2888.8,2888.8,1841,1
2017-12-02,11000021,30371,1100,1100,1100,3000,3
2017-12-02,11000021,30372,1700,1700,1700,21517,5
2017-12-02,11000021,30373,15492.47,15492.47,15492.47,10826,6
2017-12-02,11000021,30374,4320,4320,4320,8412,6
2017-12-02,11000021,30375,10893.47,10893.47,10893.47,13790,6
2017-12-02,11000021,30376,15343.62,15343.62,15343.62,22290,12
2017-12-02,11000021,30377,55955,55955,55955,19231,8
2017-12-02,11000021,30378,46108.81,46108.81,46108.81,676,2
2017-12-02,11000021,30486,480000,480000,480000,14,1
2017-12-02,11000021,30488,478823.53,478823.53,478823.53,8,1
2017-12-02,11000021,30744,180000,180000,180000,619,9
2017-12-02,11000021,30745,450000,450000,450000,374,4
2017-12-02,11000021,30746,1350000,1350000,1350000,116,1
2017-12-02,11000021,30747,4500000,4500000,4500000,19,1
2017-12-02,11000021,31360,3300000,3300000,3300000,3,3
2017-12-02,11000021,31528,6093999.95,6093999.95,6093999.95,1,1
2017-12-02,11000021,31754,287098.87,287098.87,287098.87,4,4
2017-12-02,11000021,31884,3000000,3000000,3000000,2,1
2017-12-02,11000021,32006,175000,175000,175000,10,1
2017-12-02,11000022,210,68,68,68,2000,1
2017-12-02,11000022,672,100000,100000,100000,1,1
2017-12-02,11000022,2185,972727.27,950000,1000000,11,2
2017-12-02,11000022,2446,2101009,2101009,2101009,4,1
2017-12-02,11000022,2456,1000000,1000000,1000000,10,1
2017-12-02,11000022,2534,120000,120000,120000,1,1
2017-12-02,11000022,8027,990000,990000,990000,4,1
2017-12-02,11000022,11134,100000,100000,100000,1,1
2017-12-02,11000022,11489,350000,350000,350000,4,2
2017-12-02,11000022,21638,1000000,1000000,1000000,5,1
2017-12-02,11000022,21896,998,998,998,1000,1
2017-12-02,11000022,21922,999,999,999,1000,1
2017-12-02,11000022,25589,4500,4500,4500,8,1
2017-12-02,11000022,25591,195000,195000,195000,37,1
2017-12-02,11000022,25596,38700,38700,38700,52,1
2017-12-02,11000022,25598,9200,9200,9200,42,1
2017-12-02,11000022,25599,860,860,860,69,1
2017-12-02,11000022,25600,28000,28000,28000,6,1
2017-12-02,11000022,25601,3400,3400,3400,32,1
2017-12-02,11000022,25604,12000,12000,12000,11,1
2017-12-02,11000022,25615,2600000,2600000,2600000,7,2
2017-12-02,11000022,25616,7600,7600,7600,15,1
2017-12-02,11000022,25617,365000,365000,365000,13,1
2017-12-02,11000022,25619,630000,630000,630000,15,1
2017-12-02,11000022,25620,40500,40500,40500,20,1
2017-12-02,11000022,27381,1300,1300,1300,3000,1
2017-12-02,11000022,27387,1100,1100,1100,3000,1
2017-12-02,11000022,28326,1099,1099,1099,1000,1
2017-12-02,11000022,28668,30000,30000,30000,600,1
2017-12-02,11000022,30013,90000,90000,90000,8,1
2017-12-02,11000022,30377,55000.1,55000.1,55000.1,100,1
2017-12-02,11000022,30744,184000,184000,184000,240,7
2017-12-02,11000022,30745,460000,460000,460000,405,6
2017-12-02,11000022,30746,1350000,1350000,1350000,138,2
2017-12-02,11000022,30747,4500000,4500000,4500000,557,3
2017-12-02,11000022,31884,2800000,2800000,2800000,5,1
2017-12-02,11000022,42832,3046,3046,3046,600,1
2017-12-02,11000022,42833,1050,1050,1050,600,1
2017-12-02,11000022,42834,2099.56,2099.56,2099.56,600,1
2017-12-02,11000022,42837,1250,1250,1250,500,1
2017-12-02,11000022,42838,1000,1000,1000,500,1
2017-12-02,11000022,42839,964.97,964.97,964.97,500,1
2017-12-02,11000022,42840,1000,1000,1000,500,1
2017-12-02,11000023,19,3900,3900,3900,3008,1
2017-12-02,11000023,22,3500,3500,3500,9046,2
2017-12-02,11000023,1225,3200,3200,3200,168,1
2017-12-02,11000023,2533,100000,100000,100000,2,2
2017-12-02,11000023,2534,100000,100000,100000,1,1
2017-12-02,11000023,17476,26000000,26000000,26000000,1,1
2017-12-02,11000023,22542,50000,50000,50000,1,1
2017-12-02,11000023,30488,400000,400000,400000,8,1
2017-12-02,11000023,30744,184000,184000,184000,122,1
2017-12-02,11000023,30745,460000,460000,460000,122,1
2017-12-02,11000023,30746,1380000,1380000,1380000,45,1
2017-12-02,11000023,30747,4600000,4600000,4600000,5,1
2017-12-02,11000024,482,1000000,1000000,1000000,2,1
2017-12-02,11000024,1248,1000000,1000000,1000000,4,1
2017-12-02,11000024,1999,1200000,1200000,1200000,3,1
2017-12-02,11000024,2032,600000,600000,600000,4,1
2017-12-02,11000024,2488,518390,518390,518390,15,4
2017-12-02,11000024,2559,1919978,1919978,1919978,2,1
2017-12-02,11000024,2571,1735190,1735190,1735190,2,1
2017-12-02,11000024,2647,232,232,232,80,1
2017-12-02,11000024,2889,650000,650000,650000,6,1
2017-12-02,11000024,3265,11111111,11111111,11111111,1,1
2017-12-02,11000024,3323,1,1,1,3,3
2017-12-02,11000024,3689,8127,8127,8127,2025,1
2017-12-02,11000024,4025,180000,180000,180000,1,1
2017-12-02,11000024,4247,22000,22000,22000,500,1
2017-12-02,11000024,9832,8280,8280,8280,100,1
2017-12-02,11000024,10250,1100000,1100000,1100000,10,1
2017-12-02,11000024,11129,17500,17500,17500,2,1
2017-12-02,11000024,11134,30000,30000,30000,1,1
2017-12-02,11000024,11577,5000000,5000000,5000000,1,1
2017-12-02,11000024,12608,78,78,78,2000,2
2017-12-02,11000024,12625,60,60,60,1000,1
2017-12-02,11000024,13003,2500000,2500000,2500000,1,1
2017-12-02,11000024,13261,29000000,29000000,29000000,1,1
2017-12-02,11000024,15463,3500000,3500000,3500000,4,1
2017-12-02,11000024,15464,9400000,9400000,9400000,6,2
2017-12-02,11000024,16467,100000,100000,100000,1,1
2017-12-02,11000024,17366,5,5,5,58,2
2017-12-02,11000024,17889,790,790,790,25000,3
2017-12-02,11000024,21640,1855555.56,1050000,2500000,9,2
2017-12-02,11000024,21896,842,842,842,4500,2
2017-12-02,11000024,22778,2000,2000,2000,30,1
2017-12-02,11000024,25715,1500000,1500000,1500000,5,1
2017-12-02,11000024,27127,1750000,1000000,2500000,2,2
2017-12-02,11000024,27143,1000000,1000000,1000000,1,1
2017-12-02,11000024,31788,300000,300000,300000,1,1
2017-12-02,11000024,31998,100000,100000,100000,15,1
2017-12-02,11000024,32006,148000,110000,300000,25,3
2017-12-02,11000024,33474,2000000,2000000,2000000,1,1
2017-12-02,11000024,33475,12000000.01,12000000.01,12000000.01,1,1
2017-12-02,11000024,35659,100000,100000,100000,5,1
2017-12-02,11000024,41489,8000,8000,8000,34,1
2017-12-02,11000025,1877,1500000,1500000,1500000,5,1
2017-12-02,11000025,2048,565000,565000,565000,1,1
2017-12-02,11000025,2185,1000000,1000000,1000000,8,2
2017-12-02,11000025,2488,500000,500000,500000,5,1
2017-12-02,11000025,2679,145,145,145,500,1
2017-12-02,11000025,4246,24000,24000,24000,37834,1
2017-12-02,11000025,13856,85,85,85,3300,1
2017-12-02,11000025,16275,7000,7000,7000,2500,1
2017-12-02,11000025,17366,30000,30000,30000,5,1
2017-12-02,11000025,24486,130,130,130,10600,3
2017-12-02,11000025,24488,155,155,155,6900,3
2017-12-02,11000025,24490,140,140,140,14100,4
2017-12-02,11000025,27401,1500,1500,1500,20000,1
2017-12-02,11000025,27405,1500,1500,1500,3100,2
2017-12-02,11000025,27419,1500,1500,1500,6600,1
2017-12-02,11000025,28668,28000,28000,28000,300,1
2017-12-02,11000025,28999,1000000,1000000,1000000,3,1
2017-12-02,11000025,29001,1000000,1000000,1000000,3,1
2017-12-02,11000025,31878,4000000,4000000,4000000,1,1
2017-12-02,11000027,2398,490,490,490,8700,1
2017-12-02,11000027,2399,620,620,620,7920,1
2017-12-02,11000027,2679,149.99,149.99,149.99,11000,2
2017-12-02,11000027,3779,850,850,850,15860,1
2017-12-02,11000027,9828,1200,1200,1200,8080,1
2017-12-02,11000027,24492,150,150,150,11000,2
2017-12-02,11000027,30018,6000,6000,6000,8,1
2017-12-02,11000027,30019,1500,1500,1500,124,2
2017-12-02,11000027,30021,23692.81,23692.81,23692.81,156,2
2017-12-02,11000027,30022,95000,95000,95000,5,2
2017-12-02,11000027,30024,4000,4000,4000,9,1
2017-12-02,11000027,30248,45000,45000,45000,5,1
2017-12-02,11000027,30251,4000,4000,4000,27,2
2017-12-02,11000027,30252,39714.29,39714.29,39714.29,4,1
2017-12-02,11000027,30254,1900,1900,1900,240,2
2017-12-02,11000027,30258,48000,48000,48000,5,1
2017-12-02,11000027,30268,30000,30000,30000,3,1
2017-12-02,11000027,30269,45000,45000,45000,1,1
2017-12-02,11000027,30270,31000,31000,31000,4,2
2017-12-02,11000027,30370,3338,3338,3338,1000,1
2017-12-02,11000027,30371,1952,1952,1952,3000,1
2017-12-02,11000027,30372,2224,2224,2224,1500,1
2017-12-02,11000027,30373,13619,13619,13619,3000,1
2017-12-02,11000027,30374,4390,4390,4390,1500,1
2017-12-02,11000027,30375,10878,10878,10878,12504,3
2017-12-02,11000027,30376,18587,18587,18587,10248,5
2017-12-02,11000027,30744,180000,180000,180000,406,5
2017-12-02,11000027,30745,450000,450000,450000,394,4
2017-12-02,11000027,30746,1350000,1350000,1350000,123,4
2017-12-02,11000027,30747,4500000,4500000,4500000,21,4
2017-12-02,11000027,45660,8000,8000,8000,31,2
2017-12-02,11000027,45661,5000,5000,5000,26,2
2017-12-02,11000027,45662,4500,4500,4500,29,1
2017-12-02,11000027,45663,85305.88,85305.88,85305.88,22,2
2017-12-02,11000028,44,11848,11848,11848,2420,1
2017-12-02,11000028,440,4400000,4400000,4400000,1,1
2017-12-02,11000028,1969,1600000,1600000,1600000,2,1
2017-12-02,11000028,9832,9089,9089,9089,2500,1
2017-12-02,11000028,10151,7000000,7000000,7000000,1,1
2017-12-02,11000028,10250,1000000,1000000,1000000,5,2
2017-12-02,11000028,15463,2300000,2300000,2300000,4,3
2017-12-02,11000028,15465,17000000,17000000,17000000,7,5
2017-12-02,11000028,21894,1099.95,1099.95,1099.95,5000,1
2017-12-02,11000028,21904,827.5,827.5,827.5,300,1
2017-12-02,11000028,22778,190000,190000,190000,12,1
2017-12-02,11000028,27920,999999.98,999999.98,999999.98,30,1
2017-12-02,11000028,28668,26897.92,26897.92,26897.92,1030,2
2017-12-02,11000028,29013,10500,10500,10500,5,2
2017-12-02,11000028,29015,10000,10000,10000,2,1
2017-12-02,11000028,29616,13198.06,13198.06,13198.06,1500,1
2017-12-02,11000028,29618,15069.56,15069.56,15069.56,3000,1
2017-12-02,11000028,29620,10420.81,10420.81,10420.81,1500,1
2017-12-02,11000028,29622,11878.88,11878.88,11878.88,1500,1
2017-12-02,11000028,30744,180000,180000,180000,366,4
2017-12-02,11000028,30745,451496.69,451496.69,451496.69,360,5
2017-12-02,11000028,30746,1363636.55,1363636.55,1363636.55,210,4
2017-12-02,11000028,30747,4544554.77,4544554.77,4544554.77,147,4
2017-12-02,11000028,30834,1329998.03,1329998.03,1329998.03,1,1
2017-12-02,11000028,33476,68242636.79,66485275.18,69999998.4,2,2
2017-12-02,11000028,41490,823999.91,823999.91,823999.91,10,1
2017-12-02,11000030,38,306.05,306.05,306.05,41,1
2017-12-02,11000030,39,955.39,955.39,955.39,1565,1
2017-12-02,11000030,44,12000,12000,12000,1945,1
2017-12-02,11000030,2446,2000000,2000000,2000000,10,1
2017-12-02,11000030,4051,22500,22500,22500,7251,2
2017-12-02,11000030,4246,22500,22500,22500,305,1
2017-12-02,11000030,4247,22500,22500,22500,215,1
2017-12-02,11000030,4312,22500,22500,22500,565,1
2017-12-02,11000030,9832,8300.06,8300.06,8300.06,1090,1
2017-12-02,11000030,31015,5500000,5500000,5500000,2,2
2017-12-02,11000030,31057,5500000,5500000,5500000,2,2
2017-12-02,11000030,31360,3000000,3000000,3000000,3,1
2017-12-02,11000031,34,6,6,6,34722,1
2017-12-02,11000031,35,10,10,10,5833,1
2017-12-02,11000031,37,65,65,65,325,2
2017-12-02,11000031,39,1100,1100,1100,28,1
2017-12-02,11000031,438,3559185.49,3559185.49,3559185.49,2,2
2017-12-02,11000031,439,280000,280000,280000,1,1
2017-12-02,11000031,440,5799999.92,5799999.92,5799999.92,1,1
2017-12-02,11000031,605,1498998.99,1498998.99,1498998.99,1,1
2017-12-02,11000031,607,1412500,1400000,1450000,4,4
2017-12-02,11000031,1319,1419998.76,1419998.76,1419998.76,4,2
2017-12-02,11000031,1405,2400000,2000000,3000000,5,2
2017-12-02,11000031,2038,2999998.01,2999998.01,2999998.01,1,1
2017-12-02,11000031,2048,549996.97,549993.94,549999.99,2,2
2017-12-02,11000031,2183,50000,50000,50000,7,1
2017-12-02,11000031,2205,599999.94,599999.94,599999.94,2,1
2017-12-02,11000031,2454,25000,25000,25000,15,1
2017-12-02,11000031,2456,581817.25,549998.97,900000,11,3
2017-12-02,11000031,2466,595548.85,591097.69,600000,4,4
2017-12-02,11000031,2488,484999.98,484999.97,484999.98,13,2
2017-12-02,11000031,2553,1595999.5,1595999.5,1595999.5,1,1
2017-12-02,11000031,2605,599224.81,598966.76,599998.99,8,4
2017-12-02,11000031,2629,739.75,739.75,739.75,2500,1
2017-12-02,11000031,3256,9746926.5,9746926.5,9746926.5,1,1
2017-12-02,11000031,3831,2499999.92,2499999.92,2499999.92,1,1
2017-12-02,11000031,3898,22999999.97,22999999.97,22999999.97,3,3
2017-12-02,11000031,4258,2662499.45,2325000,2999998.9,2,2
2017-12-02,11000031,5973,850000,500000,1200000,2,2
2017-12-02,11000031,10156,29000000.23,29000000.23,29000000.23,1,1
2017-12-02,11000031,10998,886862.49,94900,999999.99,8,4
2017-12-02,11000031,11129,480480,480480,480480,1,1
2017-12-02,11000031,11132,1000000,1000000,1000000,1,1
2017-12-02,11000031,11172,48999998.99,48999998.99,48999998.99,1,1
2017-12-02,11000031,11178,28000000,28000000,28000000,1,1
2017-12-02,11000031,11202,45684500,45684500,45684500,1,1
2017-12-02,11000031,11269,1199996.75,1199996.75,1199996.75,2,2
2017-12-02,11000031,11370,2749998.99,2749998.99,2749998.99,2,2
2017-12-02,11000031,11577,8999999.98,8999999.98,8999999.98,1,1
2017-12-02,11000031,11578,7499999.96,7499999.96,7499999.96,1,1
2017-12-02,11000031,11640,1999999,1999999,1999999,1,1
2017-12-02,11000031,12198,3699991.19,2900000,3899985,15,15
2017-12-02,11000031,12805,748.99,748.99,748.99,444,1
2017-12-02,11000031,13003,3003010.35,3003010.35,3003010.35,1,1
2017-12-02,11000031,15478,23000000.23,23000000.23,23000000.23,1,1
2017-12-02,11000031,16273,250,250,250,300,1
2017-12-02,11000031,17367,500000,500000,500000,1,1
2017-12-02,11000031,17765,800000,800000,800000,40,1
2017-12-02,11000031,17887,1320,1320,1320,10000,1
2017-12-02,11000031,17938,23973.99,23900,23998,4,4
2017-12-02,11000031,21640,1248035.23,1248035.23,1248035.23,12,2
2017-12-02,11000031,22175,489999.6,150000,999998.99,5,5
2017-12-02,11000031,22177,127999,127999,127999,3,3
2017-12-02,11000031,22778,209998.97,209998.97,209998.97,7,1
2017-12-02,11000031,23025,1200,1200,1200,5000,1
2017-12-02,11000031,23707,64997.99,64997.99,64997.99,5,1
2017-12-02,11000031,24507,729.4,729.4,729.4,6500,2
2017-12-02,11000031,24509,799.39,799.39,799.39,12000,2
2017-12-02,11000031,24511,629.31,629.31,629.31,10600,2
2017-12-02,11000031,25601,5000,5000,5000,80,1
2017-12-02,11000031,25861,212399.38,149900,249899,8,3
2017-12-02,11000031,26912,2999999.99,2999999.99,2999999.99,1,1
2017-12-02,11000031,27371,1447.99,1447.99,1447.99,201,1
2017-12-02,11000031,27387,1292.19,1292.19,1292.19,400,1
2017-12-02,11000031,27405,1899.95,1899.95,1899.95,8000,1
2017-12-02,11000031,27435,1599.32,1599.32,1599.32,3700,3
2017-12-02,11000031,27441,1281.97,1281.97,1281.97,4650,3
2017-12-02,11000031,27447,1499.21,1499.21,1499.21,16000,3
2017-12-02,11000031,27453,1599.9,1599.9,1599.9,5950,2
2017-12-02,11000031,28668,29978.94,29978.94,29978.94,523,5
2017-12-02,11000031,30013,6989.98,6989.98,6989.98,112,7
2017-12-02,11000031,30488,442999.97,440000,449999.91,80,7
2017-12-02,11000031,31153,749999.99,749999.99,749999.99,2,2
2017-12-02,11000031,31167,18500000,18500000,18500000,3,1
2017-12-02,11000031,31201,550000,550000,550000,3,3
2017-12-02,11000031,31213,619600,400000,674500,5,4
2017-12-02,11000031,31238,400000,400000,400000,7,7
2017-12-02,11000031,31876,4400000,4400000,4400000,1,1
2017-12-02,11000031,31884,4500000,4500000,4500000,3,3
2017-12-02,11000031,32006,139999.99,139999.99,139999.99,49,5
2017-12-02,11000031,32014,747529,747529,747529,10,1
2017-12-02,11000031,32880,2999999.99,2999999.99,2999999.99,1,1
2017-12-02,11000031,33011,199999.99,199999.99,199999.99,1,1
2017-12-02,11000031,33180,593773.34,60000.01,860660,3,3
2017-12-02,11000031,33197,2999997,2999997,2999997,1,1
2017-12-02,11000031,33199,2999998,2999998,2999998,1,1
2017-12-02,11000031,33201,4999996,4999996,4999996,1,1
2017-12-02,11000031,33474,2999996.96,2999996.95,2999996.96,2,2
2017-12-02,11000031,36911,9359886.29,9359886.29,9359886.29,1,1
2017-12-02,11000031,41490,3999999.96,3999999.96,3999999.96,3,1
2017-12-02,11000031,42694,5000,5000,5000,200,1
2017-12-02,11000031,42695,4998.99,4998.99,4998.99,350,1
2017-12-02,11000031,42696,4999.99,4999.99,4999.99,300,1
2017-12-02,11000031,42839,4998.99,4998.99,4998.99,300,1
2017-12-02,11000031,42840,5999.99,5999.99,5999.99,600,2
2017-12-02,11000031,43556,5999999,5999999,5999999,2,2
2017-12-02,11000031,44992,3000000,3000000,3000000,24,2
2017-12-02,11000031,45999,12200200,12200200,12200200,1,1
2017-12-02,11000031,46005,8299997.96,8299997.95,8299997.99,4,2
